187.964	113.333
190.563	109.111
193.16	101.111
195.757	98.6667
198.354	97.3333
200.948	90
203.543	94
206.136	85.7778
208.729	88.4444
211.321	88.6667
213.912	85.7778
216.502	82.8889
219.09	81.7778
221.679	77.1111
224.266	80.4444
226.853	76.8889
229.438	77.5556
232.023	75.7778
234.607	76.6667
237.19	74.8889
239.772	76
242.352	75.5556
244.934	75.1111
247.512	72.4444
250.092	72.4444
252.669	72.8889
255.247	75.5556
257.822	70.8889
260.397	69.1111
262.972	71.5556
265.545	72.6667
268.117	66.8889
270.69	66.2222
273.26	71.5556
275.829	72
278.4	74.8889
280.967	70.4444
283.534	70.2222
286.102	72.6667
288.667	72
291.231	70.2222
293.795	75.5556
296.359	77.1111
298.921	80.4445
301.482	79.5556
304.042	85.1111
306.603	88
309.161	88.6667
311.719	86.4444
314.276	89.7778
316.832	92.2222
319.388	88.2222
321.942	87.3333
324.496	86.6667
327.048	89.3333
329.6	87.3333
332.151	86.8889
334.701	91.1111
337.252	83.7778
339.8	80.4444
342.347	79.3333
344.894	71.7778
347.44	72
349.985	72.4444
352.529	75.3333
355.072	72.2222
357.615	74.6667
360.156	75.3333
362.697	82.6667
365.237	90.8889
367.776	104
370.315	114.889
372.852	115.111
375.389	97.3333
377.925	91.3333
380.46	80.8889
382.994	75.7778
385.527	79.1111
388.059	77.7778
390.591	76.8889
393.122	73.5556
395.65	81.1111
398.18	85.5556
400.708	94
403.235	101.111
405.762	101.333
408.288	93.7778
410.813	87.1111
413.335	83.3333
415.859	77.7778
418.381	72.6667
420.903	70
423.424	69.3333
425.942	72
428.462	69.5556
430.98	66.4444
433.498	65.7778
436.013	66.6667
438.529	70
441.044	66.8889
443.558	71.1111
446.07	75.3333
448.583	68
451.095	72.8889
453.604	75.1111
456.114	74.2222
458.624	74.4444
461.131	70.6667
463.638	71.1111
466.145	66.8889
468.65	70
471.155	67.7778
473.659	67.1111
476.162	65.5556
478.664	68.2222
481.165	70.2222
483.666	69.7778
486.165	70.6667
488.664	72.4444
491.162	68
493.66	69.5556
496.155	66.2222
498.651	65.5556
501.145	65.7778
503.64	66.2222
506.132	66.2222
508.625	65.1111
511.116	60.4444
513.608	62.6667
516.097	64.4444
518.586	65.3333
521.074	64.6667
523.562	64.4444
526.048	64
528.533	61.5556
531.019	60.6667
533.502	66
535.985	65.7778
538.468	57.3333
540.949	64
543.43	66.8889
545.91	64
548.389	61.7778
550.867	60.4444
553.345	64
555.821	65.7778
558.297	64.6667
560.771	64.4444
563.247	64.4444
565.72	64
568.192	58.6667
570.663	68.2222
573.135	65.3333
575.605	65.3333
578.074	62.2222
580.542	64.2222
583.01	69.3333
585.478	66.8889
587.943	67.7778
590.408	68.4444
592.873	74.8889
595.336	79.7778
597.799	90.6667
600.26	101.778
602.721	112.222
605.183	106.667
607.643	105.333
610.101	97.7778
612.559	91.5556
615.016	83.1111
617.472	77.3333
619.928	79.7778
622.382	74.4444
624.836	76.4445
627.289	76.8889
629.741	80
632.193	80.4444
634.644	80.2222
637.093	80.4444
639.543	78.4444
641.991	87.7778
644.438	98.8889
646.885	112.889
649.33	135.111
651.775	166
654.219	177.778
656.663	153.333
659.105	124.667
661.547	100
663.989	86
666.429	81.7778
668.867	82.4444
671.306	77.5556
673.744	72.2222
676.181	72
678.618	73.3333
681.052	74.8889
683.487	70.2222
685.921	69.7778
688.355	73.7778
690.786	70
693.218	69.3333
695.649	67.1111
698.079	71.5556
700.507	68.6667
702.935	70.8889
705.363	69.5556
707.789	72.6667
710.215	72
712.641	72.4444
715.064	69.1111
717.488	70.8889
719.91	71.5556
722.333	68.8889
724.754	73.1111
727.174	74
729.594	70
732.012	72.8889
734.43	72.4444
736.848	74.6667
739.263	74.2222
741.68	75.7778
744.094	76.6667
746.508	80.8889
748.921	82.6667
751.334	78.2222
753.745	80
756.157	78.2222
758.566	78.2222
760.975	73.3333
763.384	74.6667
765.791	77.5556
768.199	73.3333
770.604	69.7778
773.01	70
775.414	70.6667
777.818	72.8889
780.221	72.2222
782.623	70.6667
785.024	71.3333
787.426	69.5556
789.825	74.8889
792.224	76.8889
794.623	73.1111
797.02	77.7778
799.416	76.2222
801.812	80.6667
804.208	79.3333
806.602	90.6667
808.996	94.8889
811.388	99.5556
813.781	102.222
816.172	101.111
818.562	98
820.952	109.111
823.341	111.333
825.73	110.667
828.117	99.5555
830.503	93.1111
832.889	84.2222
835.274	77.1111
837.658	73.3333
840.042	75.5556
842.424	73.7778
844.807	70.8889
847.188	72.2222
849.569	79.5556
851.948	76.8889
854.327	76.6667
856.705	77.7778
859.083	80
861.459	83.5556
863.835	97.3333
866.21	114.889
868.584	129.333
870.958	120
873.331	106.889
875.703	96
878.074	93.5556
880.445	97.1111
882.814	96.2222
885.182	107.111
887.55	110.889
889.918	130.889
892.284	124
894.651	127.333
897.016	123.556
899.38	120.444
901.744	114.444
904.106	104.444
906.468	92.2222
908.829	87.7778
911.19	86.4444
913.55	81.7778
915.908	79.5556
918.267	78.8889
920.624	76.4444
922.982	79.3333
925.336	77.5556
927.692	76.6667
930.047	75.1111
932.399	80.4444
934.753	78
937.105	77.3333
939.456	82.8889
941.807	78.4444
944.157	81.3333
946.505	81.5556
948.854	84.2222
951.202	85.3333
953.548	85.1111
955.895	81.1111
958.24	80.4444
960.585	84
962.929	86
965.271	83.1111
967.614	87.3333
969.955	88.6667
972.296	95.3333
974.636	103.111
976.976	133.333
979.314	170.667
981.652	168.667
983.989	182.444
986.326	317.556
988.66	937.778
990.995	1638.89
993.329	1428.89
995.662	856.445
997.995	501.111
1000.33	320.444
1002.66	193.333
1004.99	147.778
1007.32	127.111
1009.65	117.778
1011.97	120.667
1014.3	118.222
1016.63	128.444
1018.95	141.778
1021.28	156
1023.6	183.333
1025.93	310.222
1028.25	830.222
1030.57	1421.56
1032.89	1224
1035.21	623.111
1037.53	275.778
1039.85	191.333
1042.17	155.778
1044.49	130
1046.81	120.444
1049.12	118.444
1051.44	114.667
1053.75	111.111
1056.07	114
1058.38	110.667
1060.69	114.889
1063	122.222
1065.31	126.889
1067.62	138.889
1069.93	136.667
1072.24	126
1074.55	118.222
1076.86	118.889
1079.16	122.444
1081.47	119.778
1083.77	110.444
1086.08	108.222
1088.38	104.889
1090.69	92.6667
1092.99	89.1111
1095.29	87.7778
1097.59	86
1099.89	85.5555
1102.19	90.2222
1104.49	87.1111
1106.78	88.2222
1109.08	87.7778
1111.38	87.3333
1113.67	85.3333
1115.97	87.5556
1118.26	89.3333
1120.55	88.8889
1122.85	89.3333
1125.14	93.3333
1127.43	91.1111
1129.72	93.5556
1132.01	98.4445
1134.3	105.778
1136.59	110.667
1138.87	118.444
1141.16	126.889
1143.45	130.222
1145.73	126.889
1148.02	122
1150.3	114.889
1152.59	106
1154.87	100.444
1157.15	93.3333
1159.43	93.1111
1161.71	94.2222
1163.99	96.4444
1166.27	96
1168.55	91.3333
1170.82	89.5556
1173.1	85.1111
1175.38	87.5556
1177.65	88.6667
1179.93	85.7778
1182.2	86.6667
1184.47	90.8889
1186.74	86.6667
1189.02	85.1111
1191.29	87.5556
1193.56	92.4444
1195.83	91.5556
1198.09	92.8889
1200.36	97.1111
1202.63	100.444
1204.9	110.222
1207.16	110.444
1209.43	127.556
1211.69	146.222
1213.95	180.667
1216.22	212.889
1218.48	210.222
1220.74	201.556
1223	168.889
1225.26	155.333
1227.52	144.889
1229.78	130.667
1232.04	121.556
1234.29	114.667
1236.55	106
1238.81	101.333
1241.06	98
1243.32	96.2222
1245.57	93.1111
1247.82	93.1111
1250.08	91.5556
1252.33	95.1111
1254.58	91.3333
1256.83	92.6667
1259.08	88.4444
1261.32	91.7778
1263.57	89.5555
1265.82	93.7778
1268.07	87.3333
1270.31	91.7778
1272.56	95.1111
1274.8	94.4444
1277.05	97.1111
1279.29	98.2222
1281.53	96
1283.77	101.111
1286.01	99.1111
1288.25	103.111
1290.49	100.444
1292.73	108.889
1294.97	113.333
1297.21	120
1299.44	126.444
1301.68	133.333
1303.92	132.222
1306.15	129.111
1308.38	121.778
1310.62	119.333
1312.85	111.778
1315.08	102.444
1317.31	101.778
1319.54	104.222
1321.77	97.3333
1324	92.4444
1326.23	96.6667
1328.46	92.2222
1330.68	94.8889
1332.91	90.8889
1335.13	88.8889
1337.36	93.3333
1339.58	88.2222
1341.81	93.3333
1344.03	94.2222
1346.25	92.2222
1348.47	95.7778
1350.69	93.7778
1352.91	96.2222
1355.13	96.8889
1357.35	95.5556
1359.57	95.5556
1361.78	94.2222
1364	98
1366.22	93.5556
1368.43	92.6667
1370.65	91.5556
1372.86	92
1375.07	90.8889
1377.28	92.6667
1379.5	93.3333
1381.71	96
1383.92	89.1111
1386.12	94.4444
1388.33	93.1111
1390.54	93.7778
1392.75	91.3333
1394.96	92
1397.16	88.4444
1399.37	92.8889
1401.57	97.1111
1403.78	96.4445
1405.98	92.4444
1408.18	98
1410.38	95.7778
1412.58	92.4444
1414.78	101.556
1416.98	101.333
1419.18	96.4444
1421.38	107.778
1423.58	112.667
1425.78	113.333
1427.97	125.778
1430.17	132.222
1432.36	140.889
1434.56	156.667
1436.75	165.778
1438.94	178.667
1441.13	176.667
1443.33	174.667
1445.52	175.333
1447.71	180.444
1449.9	181.778
1452.09	185.778
1454.27	190
1456.46	187.556
1458.65	177.111
1460.83	165.333
1463.02	159.556
1465.2	152.444
1467.39	146.667
1469.57	136.667
1471.75	129.556
1473.94	127.111
1476.12	122.222
1478.3	125.778
1480.48	136.444
1482.66	143.556
1484.84	132.889
1487.01	121.556
1489.19	117.556
1491.37	109.778
1493.54	104.444
1495.72	102.667
1497.89	104.222
1500.07	100.889
1502.24	100
1504.41	95.5556
1506.58	94.8889
1508.75	96.6667
1510.93	98.4444
1513.1	97.5556
1515.26	92.2222
1517.43	96
1519.6	94
1521.77	94.4444
1523.93	97.1111
1526.1	94.6667
1528.26	97.7778
1530.43	98.8889
1532.59	89.7778
1534.76	93.5556
1536.92	98.2222
1539.08	96
1541.24	95.3333
1543.4	99.7778
1545.56	99.1111
1547.72	99.3333
1549.88	102.444
1552.04	102.444
1554.19	105.556
1556.35	106
1558.51	108
1560.66	113.778
1562.81	120.667
1564.97	131.778
1567.12	140.667
1569.27	156.667
1571.43	176.222
1573.58	193.556
1575.73	193.778
1577.88	190.667
1580.02	195.333
1582.17	203.111
1584.32	189.111
1586.47	165.778
1588.61	162.222
1590.76	148
1592.91	143.333
1595.05	144.667
1597.19	149.111
1599.34	144.444
1601.48	133.556
1603.62	126
1605.76	120.889
1607.9	115.333
1610.04	107.111
1612.18	106.444
1614.32	105.111
1616.46	105.111
1618.59	105.333
1620.73	99.5556
1622.87	98
1625	95.1111
1627.14	98.8889
1629.27	97.7778
1631.4	101.111
1633.54	101.111
1635.67	97.5556
1637.8	97.3333
1639.93	96
1642.06	96.4444
1644.19	95.3333
1646.32	94.2222
1648.44	91.5556
1650.57	93.1111
1652.7	96.2222
1654.82	94
1656.95	93.3333
1659.07	93.1111
1661.2	93.5556
1663.32	92.8889
1665.44	94
1667.57	90.6667
1669.69	89.5556
1671.81	90.8889
1673.93	92.6667
1676.05	89.3333
1678.17	94.8889
1680.28	87.7778
1682.4	90
1684.52	91.3333
1686.64	94.8889
1688.75	93.7778
1690.87	90.6667
1692.98	95.7778
1695.09	93.3333
1697.21	92.6667
1699.32	93.1111
1701.43	94.4444
1703.54	92.6667
1705.65	95.3333
1707.76	95.3333
1709.87	93.7778
1711.98	91.7778
1714.09	96.2222
1716.19	91.3333
1718.3	92.6667
1720.41	91.3333
1722.51	96.4444
1724.62	96
1726.72	90
1728.82	94.2222
1730.93	92.8889
1733.03	90.8889
1735.13	89.7778
1737.23	91.1111
1739.33	100.222
1741.43	91.3333
1743.53	92
1745.63	94.2222
1747.72	94
1749.82	96.8889
1751.92	91.7778
1754.01	95.3333
1756.11	93.5556
1758.2	99.1111
1760.29	92
1762.39	91.7778
1764.48	93.5555
1766.57	94.2222
1768.66	95.1111
1770.75	94.2222
1772.84	90.8889
1774.93	88.8889
1777.02	95.7778
1779.11	96
1781.2	94.4444
1783.28	98.2222
1785.37	93.7778
1787.45	91.5556
1789.54	92.6667
1791.62	93.7778
1793.71	91.3333
1795.79	92.8889
1797.87	92.6667
1799.95	94.8889
1802.03	90
1804.11	96.2222
1806.19	95.5556
1808.27	98.8889
1810.35	95.1111
1812.43	96
1814.51	98.8889
1816.58	94.6667
1818.66	95.7778
1820.73	94.2222
1822.81	95.1111
1824.88	96.6667
1826.95	93.7778
1829.03	92.4444
1831.1	94.8889
1833.17	93.5556
1835.24	96.2222
1837.31	97.3333
1839.38	94.6667
1841.45	90
1843.52	93.7778
1845.59	99.1111
1847.65	94.8889
1849.72	94.8889
1851.78	93.3333
1853.85	94.8889
1855.91	96.2222
1857.98	90.2222
1860.04	92.8889
1862.1	93.5556
1864.17	99.1111
1866.23	95.1111
1868.29	98.6667
1870.35	98.8889
1872.41	94.4444
1874.47	102
1876.53	93.5556
1878.58	94.8889
1880.64	97.1111
1882.7	96.4444
1884.75	98.2222
1886.81	98.2222
1888.86	94
1890.92	98
1892.97	95.3333
1895.02	90.6667
1897.07	99.5556
1899.12	98
1901.17	97.3333
1903.23	97.5556
1905.27	100
1907.32	101.778
1909.37	95.5556
1911.42	100.222
1913.47	97.7778
1915.51	99.1111
1917.56	95.3333
1919.6	95.5556
1921.65	95.3333
1923.69	101.556
1925.74	97.3333
1927.78	96.4444
1929.82	101.111
1931.86	95.7778
1933.9	96
1935.94	100.444
1937.98	96.8889
1940.02	93.3333
1942.06	101.111
1944.1	96.2222
1946.14	99.3333
1948.17	97.3333
1950.21	99.1111
1952.24	96
1954.28	98
1956.31	102.444
1958.35	100.889
1960.38	93.1111
1962.41	97.5556
1964.44	100.889
1966.47	97.5556
1968.5	99.7778
1970.53	98.4444
1972.56	96.2222
1974.59	103.556
1976.62	95.3333
1978.65	98.8889
1980.67	98.2222
1982.7	98.8889
1984.73	95.5556
1986.75	99.7778
1988.78	96.4444
1990.8	97.5555
1992.82	99.5556
1994.85	98.8889
1996.87	99.5556
1998.89	99.1111
2000.91	98.4444
2002.93	100.667
2004.95	98.8889
2006.97	100.222
2008.99	101.556
2011	104.444
2013.02	98.4444
2015.04	102.222
2017.05	100.889
2019.07	94.6667
2021.08	106.667
2023.1	100.667
2025.11	100.667
2027.12	100.222
2029.14	101.556
2031.15	99.3333
2033.16	98.4444
2035.17	97.1111
2037.18	97.3333
2039.19	103.111
2041.2	98.4444
2043.2	98
2045.21	98.8889
2047.22	103.778
2049.22	101.778
2051.23	102
2053.24	103.333
2055.24	97.1111
2057.24	100
2059.25	101.333
2061.25	101.778
2063.25	100.444
2065.25	102.667
2067.25	100.889
2069.25	102.667
2071.25	103.333
2073.25	101.778
2075.25	103.333
2077.25	104.889
2079.25	99.3333
2081.24	105.778
2083.24	101.556
2085.23	100.889
2087.23	100.667
2089.22	99.5555
2091.22	102.444
2093.21	98.2222
2095.2	102
2097.19	103.778
2099.19	101.333
2101.18	98.4444
2103.17	104.667
2105.16	103.111
2107.14	102.222
2109.13	104.667
2111.12	97.7778
2113.11	103.111
2115.09	100.444
2117.08	101.111
2119.06	103.111
2121.05	100.444
2123.03	98.8889
2125.02	100.667
2127	103.111
2128.98	99.7778
2130.96	106.222
2132.95	103.111
2134.93	103.111
2136.91	104.889
2138.89	98
2140.87	106.667
2142.84	101.778
2144.82	105.778
2146.8	105.556
2148.77	101.778
2150.75	100.667
2152.73	101.778
2154.7	101.111
2156.68	106.444
2158.65	100
2160.62	105.333
2162.59	102.222
2164.57	107.778
2166.54	102.444
2168.51	105.111
2170.48	102.444
2172.45	107.111
2174.42	102.222
2176.38	102.889
2178.35	106.222
2180.32	107.556
2182.29	106.889
2184.25	104.667
2186.22	103.111
2188.18	104.667
2190.15	106.222
2192.11	104.222
2194.07	104
2196.03	104.889
2198	105.333
2199.96	105.778
2201.92	103.111
2203.88	106.222
2205.84	101.778
2207.8	104.667
2209.76	104.444
2211.71	107.111
2213.67	102.667
2215.63	108.222
2217.58	105.333
2219.54	105.333
2221.49	108.667
2223.45	107.778
2225.4	103.556
2227.36	107.556
2229.31	109.333
2231.26	108.667
2233.21	101.778
2235.16	105.111
2237.11	108
2239.06	102.667
2241.01	104.667
2242.96	104.667
2244.91	104.222
2246.86	104.667
2248.8	103.778
2250.75	105.778
2252.69	103.556
2254.64	107.778
2256.58	103.556
2258.53	110
2260.47	104.889
2262.41	108.444
2264.36	104.667
2266.3	105.778
2268.24	107.111
2270.18	104.889
2272.12	100
2274.06	107.333
2276	106.444
2277.94	100.444
2279.87	102.222
2281.81	104
2283.75	105.778
2285.68	104.889
2287.62	108
2289.55	107.111
2291.49	109.778
2293.42	106
2295.35	106.444
2297.29	110.889
2299.22	103.778
2301.15	106.667
2303.08	104.667
2305.01	108.667
2306.94	104.667
2308.87	109.778
2310.8	105.111
2312.73	105.778
2314.65	106.889
2316.58	108.667
2318.51	101.778
2320.43	103.778
2322.36	108.667
2324.28	103.111
2326.21	103.111
2328.13	103.556
2330.05	104.222
2331.98	108.889
2333.9	107.111
2335.82	103.333
2337.74	106.667
2339.66	106.222
2341.58	106.889
2343.5	105.778
2345.42	102.889
2347.33	106.889
2349.25	104
2351.17	110.222
2353.08	106.222
2355	108.667
2356.92	110
2358.83	103.778
2360.74	108.444
2362.66	107.778
2364.57	104.444
2366.48	109.556
2368.39	112.222
2370.31	109.556
2372.22	111.556
2374.13	116.667
2376.04	111.556
2377.94	114.667
2379.85	106
2381.76	114
2383.67	106.222
2385.57	108.667
2387.48	103.333
2389.39	106.444
2391.29	108.444
2393.2	105.111
2395.1	106
2397	104
2398.91	106.889
2400.81	105.111
2402.71	108.444
2404.61	105.778
2406.51	101.333
2408.41	108.444
2410.31	105.111
2412.21	104.889
2414.11	103.556
2416.01	106.667
2417.9	108.889
2419.8	106.889
2421.69	108
2423.59	104.444
2425.49	107.333
2427.38	106.889
2429.27	108
2431.17	112.444
2433.06	111.111
2434.95	109.333
2436.84	107.778
2438.73	114.222
2440.63	114.889
2442.52	112
2444.41	120.667
2446.29	113.333
2448.18	120
2450.07	120.667
2451.96	118.444
2453.84	115.111
