187.964	114.444
190.563	101.333
193.16	108.667
195.757	98.6667
198.354	98.6667
200.948	92.4444
203.543	92.6667
206.136	86.2222
208.729	86
211.321	85.3333
213.912	80.8889
216.502	84.6667
219.09	80.2222
221.679	78.8889
224.266	72.8889
226.853	76.4444
229.438	75.3333
232.023	76
234.607	74.2222
237.19	75.5556
239.772	74
242.352	75.1111
244.934	78.8889
247.512	72.2222
250.092	72.4444
252.669	74.6667
255.247	75.5556
257.822	71.1111
260.397	69.1111
262.972	74.6667
265.545	70.2222
268.117	72.2222
270.69	70.2222
273.26	69.3333
275.829	70
278.4	68.8889
280.967	71.3333
283.534	72.8889
286.102	72.4444
288.667	72.8889
291.231	73.3333
293.795	75.3333
296.359	80.6667
298.921	76
301.482	78.8889
304.042	81.3333
306.603	83.3333
309.161	86.8889
311.719	85.7778
314.276	87.7778
316.832	85.7778
319.388	90.2222
321.942	89.7778
324.496	85.5556
327.048	91.3333
329.6	85.3333
332.151	91.3333
334.701	89.5556
337.252	86.8889
339.8	85.5556
342.347	80.4445
344.894	74
347.44	73.3333
349.985	72.6667
352.529	72.8889
355.072	78.2222
357.615	79.1111
360.156	76.8889
362.697	79.7778
365.237	89.5556
367.776	103.333
370.315	113.778
372.852	116.222
375.389	95.7778
377.925	94.6667
380.46	82.8889
382.994	76.2222
385.527	74.6667
388.059	76
390.591	78.4445
393.122	78.6667
395.65	82.4444
398.18	84.2222
400.708	99.5555
403.235	101.111
405.762	100.444
408.288	94
410.813	86.6667
413.335	84.4444
415.859	74
418.381	75.3333
420.903	71.3333
423.424	77.7778
425.942	66.2222
428.462	66.6667
430.98	69.1111
433.498	66.2222
436.013	64.2222
438.529	68
441.044	68
443.558	68.8889
446.07	72.6667
448.583	73.7778
451.095	75.7778
453.604	72.8889
456.114	76
458.624	72.2222
461.131	72.2222
463.638	69.7778
466.145	68.2222
468.65	66.2222
471.155	70.4444
473.659	64.6667
476.162	69.1111
478.664	66.8889
481.165	68.6667
483.666	68.8889
486.165	68
488.664	66
491.162	67.3333
493.66	69.3333
496.155	66
498.651	67.3333
501.145	64.8889
503.64	66
506.132	63.7778
508.625	66.4444
511.116	61.3333
513.608	65.7778
516.097	69.7778
518.586	63.7778
521.074	66.6667
523.562	64
526.048	66
528.533	64
531.019	65.1111
533.502	64.6667
535.985	64.8889
538.468	63.5556
540.949	62.2222
543.43	62
545.91	62.4444
548.389	64
550.867	66
553.345	66.8889
555.821	66
558.297	68
560.771	66
563.247	65.3333
565.72	62.6667
568.192	62.4444
570.663	67.1111
573.135	68.2222
575.605	68.2222
578.074	65.3333
580.542	62.2222
583.01	66.4444
585.478	68
587.943	71.1111
590.408	71.3333
592.873	71.5556
595.336	74.2222
597.799	86.8889
600.26	98.6667
602.721	107.111
605.183	109.556
607.643	107.111
610.101	95.3333
612.559	88.6667
615.016	86.2222
617.472	74.6667
619.928	77.3333
622.382	74.6667
624.836	76.6667
627.289	76
629.741	73.7778
632.193	79.7778
634.644	77.3333
637.093	79.1111
639.543	85.7778
641.991	88.6667
644.438	99.7778
646.885	109.556
649.33	131.333
651.775	160.222
654.219	175.333
656.663	155.333
659.105	121.556
661.547	108.444
663.989	86.6667
666.429	84
668.867	79.3333
671.306	74.6667
673.744	72.2222
676.181	70
678.618	70.2222
681.052	73.5556
683.487	70.4445
685.921	72
688.355	69.3333
690.786	68.2222
693.218	68.2222
695.649	69.7778
698.079	72.8889
700.507	73.7778
702.935	72.4444
705.363	70.8889
707.789	70
710.215	74.6667
712.641	73.3333
715.064	74.2222
717.488	71.7778
719.91	66.4444
722.333	71.1111
724.754	68.4444
727.174	72.6667
729.594	73.3333
732.012	74.8889
734.43	71.3333
736.848	75.5556
739.263	74.8889
741.68	75.5555
744.094	80.4444
746.508	82
748.921	81.1111
751.334	79.7778
753.745	75.3333
756.157	74.4444
758.566	79.7778
760.975	75.1111
763.384	72
765.791	74.6667
768.199	70.4444
770.604	73.1111
773.01	72
775.414	71.1111
777.818	75.1111
780.221	68.8889
782.623	76.2222
785.024	73.5556
787.426	75.1111
789.825	76
792.224	77.5556
794.623	78.2222
797.02	78.2222
799.416	77.7778
801.812	78.8889
804.208	80.2222
806.602	88
808.996	91.3333
811.388	96.8889
813.781	94.8889
816.172	100.667
818.562	99.7778
820.952	106
823.341	116
825.73	105.778
828.117	98.8889
830.503	94
832.889	81.3333
835.274	80.2222
837.658	78.8889
840.042	72.4445
842.424	76.8889
844.807	78.6667
847.188	75.7778
849.569	75.7778
851.948	78.2222
854.327	75.7778
856.705	81.7778
859.083	84
861.459	86.8889
863.835	98
866.21	105.333
868.584	125.333
870.958	118.222
873.331	108
875.703	102.444
878.074	94.2222
880.445	96.8889
882.814	100
885.182	99.5556
887.55	105.778
889.918	129.556
892.284	126.444
894.651	130
897.016	124
899.38	119.556
901.744	112.667
904.106	103.333
906.468	92.6667
908.829	90.6667
911.19	84
913.55	81.3333
915.908	79.7778
918.267	78.4444
920.624	77.5556
922.982	75.5556
925.336	78.4444
927.692	76.6667
930.047	75.1111
932.399	80
934.753	80.8889
937.105	83.7778
939.456	80.6667
941.807	78.8889
944.157	81.1111
946.505	79.7778
948.854	84.2222
951.202	81.1111
953.548	82.2222
955.895	82.8889
958.24	82.6667
960.585	84.6667
962.929	80.6667
965.271	84.2222
967.614	86.4444
969.955	90.4445
972.296	94.6667
974.636	106
976.976	128
979.314	165.111
981.652	164.889
983.989	179.778
986.326	298.889
988.66	883.111
990.995	1627.56
993.329	1460.44
995.662	881.778
997.995	511.556
1000.33	324.667
1002.66	198.444
1004.99	144.222
1007.32	129.333
1009.65	119.778
1011.97	114.222
1014.3	123.333
1016.63	128
1018.95	133.778
1021.28	151.111
1023.6	176.444
1025.93	296.444
1028.25	803.778
1030.57	1411.33
1032.89	1248.67
1035.21	655.556
1037.53	286.444
1039.85	192
1042.17	152.444
1044.49	138
1046.81	121.778
1049.12	114
1051.44	111.556
1053.75	116.222
1056.07	111.111
1058.38	115.556
1060.69	112.222
1063	123.111
1065.31	129.111
1067.62	135.556
1069.93	135.333
1072.24	130.222
1074.55	118.444
1076.86	117.556
1079.16	118.667
1081.47	118.889
1083.77	114.889
1086.08	106.667
1088.38	98.2222
1090.69	97.3333
1092.99	94.8889
1095.29	89.7778
1097.59	92.4444
1099.89	83.7778
1102.19	84
1104.49	88.6667
1106.78	84
1109.08	87.3333
1111.38	89.3333
1113.67	89.1111
1115.97	84
1118.26	86.8889
1120.55	84.6667
1122.85	86.2222
1125.14	90.8889
1127.43	94.2222
1129.72	98
1132.01	98
1134.3	100.667
1136.59	112.444
1138.87	125.778
1141.16	132.889
1143.45	134
1145.73	131.333
1148.02	125.556
1150.3	118
1152.59	110
1154.87	100.222
1157.15	95.7778
1159.43	95.7778
1161.71	96
1163.99	97.5556
1166.27	95.7778
1168.55	93.3333
1170.82	88
1173.1	89.5556
1175.38	86.8889
1177.65	83.5556
1179.93	87.3333
1182.2	87.5555
1184.47	80.4445
1186.74	83.7778
1189.02	85.7778
1191.29	81.7778
1193.56	89.7778
1195.83	89.1111
1198.09	97.7778
1200.36	98.2222
1202.63	106
1204.9	109.333
1207.16	115.556
1209.43	124
1211.69	148
1213.95	185.333
1216.22	207.556
1218.48	210.889
1220.74	199.556
1223	173.778
1225.26	159.333
1227.52	145.778
1229.78	129.333
1232.04	120
1234.29	111.556
1236.55	111.333
1238.81	100.889
1241.06	96.2222
1243.32	88.6667
1245.57	94.2222
1247.82	96.2222
1250.08	95.5555
1252.33	96.2222
1254.58	92.8889
1256.83	94.6667
1259.08	87.5556
1261.32	90
1263.57	90.8889
1265.82	88
1268.07	89.5556
1270.31	89.7778
1272.56	92.4444
1274.8	92.4444
1277.05	91.7778
1279.29	94.6667
1281.53	100
1283.77	102.889
1286.01	99.5556
1288.25	102.667
1290.49	104.222
1292.73	106.667
1294.97	110.444
1297.21	120.889
1299.44	126.444
1301.68	134.667
1303.92	134.889
1306.15	131.778
1308.38	121.556
1310.62	119.556
1312.85	111.778
1315.08	106.222
1317.31	104.889
1319.54	98.6667
1321.77	96.6667
1324	93.7778
1326.23	92.8889
1328.46	90.4444
1330.68	92.6667
1332.91	89.3333
1335.13	95.1111
1337.36	93.3333
1339.58	91.5556
1341.81	91.7778
1344.03	94.2222
1346.25	95.3333
1348.47	93.3333
1350.69	90.8889
1352.91	93.3333
1355.13	94.2222
1357.35	95.5556
1359.57	96.4444
1361.78	93.1111
1364	96.4444
1366.22	93.7778
1368.43	91.7778
1370.65	93.7778
1372.86	91.5555
1375.07	94.4444
1377.28	94.4444
1379.5	92
1381.71	95.5556
1383.92	92.4445
1386.12	89.5556
1388.33	90.4444
1390.54	94.2222
1392.75	93.1111
1394.96	96.4444
1397.16	94
1399.37	90.4444
1401.57	95.3333
1403.78	96
1405.98	95.1111
1408.18	99.3333
1410.38	96
1412.58	95.7778
1414.78	97.7778
1416.98	100
1419.18	107.778
1421.38	103.111
1423.58	110.222
1425.78	114.222
1427.97	122.667
1430.17	134.889
1432.36	142.667
1434.56	155.556
1436.75	170.222
1438.94	167.111
1441.13	182.444
1443.33	181.333
1445.52	174.222
1447.71	180
1449.9	183.333
1452.09	183.778
1454.27	182.889
1456.46	179.556
1458.65	176
1460.83	167.778
1463.02	162.667
1465.2	154.222
1467.39	140.889
1469.57	134.667
1471.75	126.444
1473.94	128.222
1476.12	125.111
1478.3	130.222
1480.48	136
1482.66	142
1484.84	131.333
1487.01	122.222
1489.19	112.444
1491.37	108
1493.54	105.333
1495.72	103.556
1497.89	105.111
1500.07	97.1111
1502.24	99.7778
1504.41	98.8889
1506.58	95.1111
1508.75	97.5556
1510.93	95.1111
1513.1	104.222
1515.26	94.6667
1517.43	97.1111
1519.6	95.3333
1521.77	92.8889
1523.93	88.4444
1526.1	98.6667
1528.26	96.6667
1530.43	94.4444
1532.59	94.4444
1534.76	98.4444
1536.92	94
1539.08	97.1111
1541.24	96.4444
1543.4	101.778
1545.56	100.222
1547.72	105.556
1549.88	102.222
1552.04	100.444
1554.19	108.889
1556.35	104.667
1558.51	113.556
1560.66	115.778
1562.81	121.111
1564.97	129.556
1567.12	137.333
1569.27	149.111
1571.43	180.444
1573.58	190.667
1575.73	196.889
1577.88	191.556
1580.02	200
1582.17	193.778
1584.32	193.556
1586.47	172.444
1588.61	153.111
1590.76	149.111
1592.91	143.111
1595.05	144.667
1597.19	146.889
1599.34	148.222
1601.48	137.333
1603.62	122.222
1605.76	116.444
1607.9	110.667
1610.04	108.889
1612.18	105.778
1614.32	103.556
1616.46	102
1618.59	106
1620.73	103.111
1622.87	101.333
1625	103.333
1627.14	100.222
1629.27	98
1631.4	94
1633.54	96.6667
1635.67	99.5556
1637.8	92.8889
1639.93	97.5556
1642.06	95.7778
1644.19	95.5555
1646.32	96.4444
1648.44	97.3333
1650.57	94.2222
1652.7	91.7778
1654.82	90.2222
1656.95	97.7778
1659.07	89.3333
1661.2	94.2222
1663.32	94.8889
1665.44	92.4444
1667.57	98
1669.69	92.6667
1671.81	89.7778
1673.93	91.1111
1676.05	91.1111
1678.17	93.1111
1680.28	91.1111
1682.4	94.8889
1684.52	96.2222
1686.64	94.8889
1688.75	91.7778
1690.87	87.5556
1692.98	90.4444
1695.09	94.6667
1697.21	90.6667
1699.32	93.7778
1701.43	95.3333
1703.54	95.1111
1705.65	96
1707.76	92.8889
1709.87	91.3333
1711.98	88.8889
1714.09	93.5556
1716.19	94.8889
1718.3	92.4444
1720.41	92.2222
1722.51	92.8889
1724.62	91.5556
1726.72	91.7778
1728.82	89.1111
1730.93	96.2222
1733.03	96
1735.13	93.5556
1737.23	92.4444
1739.33	93.7778
1741.43	94.8889
1743.53	91.1111
1745.63	93.3333
1747.72	90.4444
1749.82	92.8889
1751.92	90.6667
1754.01	94.8889
1756.11	92.6667
1758.2	95.7778
1760.29	88.8889
1762.39	88.8889
1764.48	90
1766.57	94.2222
1768.66	96.4444
1770.75	92.6667
1772.84	92.8889
1774.93	98.2222
1777.02	96.8889
1779.11	92.8889
1781.2	91.7778
1783.28	93.7778
1785.37	100
1787.45	92
1789.54	94
1791.62	92.2222
1793.71	97.1111
1795.79	93.5556
1797.87	92.8889
1799.95	92.8889
1802.03	93.1111
1804.11	94.8889
1806.19	93.7778
1808.27	95.1111
1810.35	92.8889
1812.43	90.8889
1814.51	95.7778
1816.58	94.6667
1818.66	93.5556
1820.73	93.3333
1822.81	95.3333
1824.88	96.4444
1826.95	94.8889
1829.03	92.6667
1831.1	91.1111
1833.17	96.8889
1835.24	96.2222
1837.31	97.7778
1839.38	92.4444
1841.45	94.8889
1843.52	95.7778
1845.59	94.4444
1847.65	96.6667
1849.72	95.7778
1851.78	97.1111
1853.85	92.8889
1855.91	95.5556
1857.98	96.2222
1860.04	96
1862.1	93.5556
1864.17	93.1111
1866.23	98.4444
1868.29	96.2222
1870.35	93.3333
1872.41	97.3333
1874.47	96.6667
1876.53	98.2222
1878.58	96.2222
1880.64	91.5556
1882.7	94.4444
1884.75	96.2222
1886.81	96.4444
1888.86	96.4444
1890.92	94.2222
1892.97	98
1895.02	100.889
1897.07	97.5556
1899.12	98.2222
1901.17	94.2222
1903.23	98.4444
1905.27	95.5556
1907.32	95.7778
1909.37	96.8889
1911.42	100.444
1913.47	100.444
1915.51	99.7778
1917.56	100.667
1919.6	96
1921.65	96.8889
1923.69	98.8889
1925.74	97.3333
1927.78	94.8889
1929.82	100.667
1931.86	95.5556
1933.9	98
1935.94	98.2222
1937.98	99.5556
1940.02	97.7778
1942.06	98.4444
1944.1	101.778
1946.14	93.3333
1948.17	97.1111
1950.21	103.778
1952.24	99.5556
1954.28	100.889
1956.31	98.2222
1958.35	96.6667
1960.38	94.2222
1962.41	100.889
1964.44	93.7778
1966.47	96.6667
1968.5	95.5556
1970.53	102
1972.56	98.8889
1974.59	97.3333
1976.62	99.1111
1978.65	101.778
1980.67	98.8889
1982.7	100
1984.73	94.6667
1986.75	98.8889
1988.78	99.3333
1990.8	98.6667
1992.82	99.1111
1994.85	97.7778
1996.87	101.556
1998.89	101.556
2000.91	95.7778
2002.93	97.3333
2004.95	97.3333
2006.97	96.4445
2008.99	95.5556
2011	98.6667
2013.02	99.5556
2015.04	102.667
2017.05	101.778
2019.07	100.889
2021.08	103.778
2023.1	106
2025.11	103.111
2027.12	103.333
2029.14	100.889
2031.15	100.889
2033.16	99.1111
2035.17	101.333
2037.18	99.5556
2039.19	99.5555
2041.2	101.556
2043.2	102.222
2045.21	96
2047.22	98.6667
2049.22	100.667
2051.23	98.6667
2053.24	99.3333
2055.24	99.1111
2057.24	104.444
2059.25	99.3333
2061.25	98.6667
2063.25	99.7778
2065.25	100.667
2067.25	101.333
2069.25	99.7778
2071.25	100.889
2073.25	96.8889
2075.25	102.667
2077.25	101.111
2079.25	100.444
2081.24	98.2222
2083.24	101.556
2085.23	102.667
2087.23	102
2089.22	103.333
2091.22	102.889
2093.21	102.222
2095.2	98.4444
2097.19	98.8889
2099.19	103.111
2101.18	106.667
2103.17	104.889
2105.16	104.889
2107.14	106.889
2109.13	102
2111.12	102
2113.11	100
2115.09	103.111
2117.08	105.778
2119.06	100.667
2121.05	100.667
2123.03	105.111
2125.02	100.667
2127	99.5556
2128.98	100.667
2130.96	100.222
2132.95	101.556
2134.93	104
2136.91	103.333
2138.89	109.333
2140.87	102.889
2142.84	104.667
2144.82	101.333
2146.8	97.7778
2148.77	101.556
2150.75	103.111
2152.73	104.444
2154.7	104.222
2156.68	101.111
2158.65	105.111
2160.62	104
2162.59	101.556
2164.57	108
2166.54	101.778
2168.51	102.222
2170.48	105.333
2172.45	101.333
2174.42	102.444
2176.38	105.778
2178.35	108.222
2180.32	105.333
2182.29	106
2184.25	108.222
2186.22	104.444
2188.18	104
2190.15	110
2192.11	106.667
2194.07	108.444
2196.03	102.667
2198	106.222
2199.96	107.333
2201.92	102.222
2203.88	105.333
2205.84	99.7778
2207.8	105.333
2209.76	105.778
2211.71	103.778
2213.67	100.444
2215.63	102.889
2217.58	107.778
2219.54	106
2221.49	104.444
2223.45	107.111
2225.4	104.222
2227.36	106.222
2229.31	101.111
2231.26	102.889
2233.21	107.556
2235.16	102
2237.11	105.556
2239.06	112.667
2241.01	105.778
2242.96	107.333
2244.91	107.778
2246.86	106.667
2248.8	105.556
2250.75	108.444
2252.69	104.444
2254.64	107.556
2256.58	106.222
2258.53	107.778
2260.47	106.889
2262.41	106.667
2264.36	106
2266.3	102.889
2268.24	104.889
2270.18	105.333
2272.12	107.778
2274.06	99.5556
2276	103.556
2277.94	106.222
2279.87	104.667
2281.81	104.667
2283.75	107.333
2285.68	108.889
2287.62	108.889
2289.55	106.889
2291.49	107.556
2293.42	107.111
2295.35	108.667
2297.29	106.444
2299.22	104.444
2301.15	106.667
2303.08	106.667
2305.01	104.667
2306.94	105.778
2308.87	108
2310.8	106.444
2312.73	105.778
2314.65	106
2316.58	107.778
2318.51	106.889
2320.43	109.111
2322.36	107.111
2324.28	108.889
2326.21	102
2328.13	104.444
2330.05	103.556
2331.98	102.667
2333.9	107.111
2335.82	105.556
2337.74	103.111
2339.66	104.889
2341.58	102.889
2343.5	105.778
2345.42	104
2347.33	108.222
2349.25	109.778
2351.17	102.222
2353.08	105.778
2355	106.889
2356.92	108.889
2358.83	107.556
2360.74	107.556
2362.66	102.444
2364.57	104.667
2366.48	110
2368.39	112
2370.31	112.444
2372.22	109.556
2374.13	112.667
2376.04	115.111
2377.94	110.667
2379.85	113.556
2381.76	110.444
2383.67	105.556
2385.57	114.667
2387.48	112
2389.39	109.778
2391.29	107.111
2393.2	106.667
2395.1	106.889
2397	104
2398.91	107.333
2400.81	105.778
2402.71	108.444
2404.61	104.667
2406.51	101.556
2408.41	109.333
2410.31	106.222
2412.21	106
2414.11	104.222
2416.01	104.667
2417.9	109.111
2419.8	107.556
2421.69	107.778
2423.59	109.556
2425.49	107.556
2427.38	108.667
2429.27	111.111
2431.17	106.444
2433.06	111.556
2434.95	113.556
2436.84	111.556
2438.73	110.222
2440.63	110.444
2442.52	110.889
2444.41	116.667
2446.29	114.667
2448.18	115.556
2450.07	120.889
2451.96	122.667
2453.84	116.222
