187.964	1860.44
190.563	1850.89
193.16	1861.11
195.757	1875.11
198.354	1870.67
200.948	1888.67
203.543	1860.67
206.136	1876
208.729	1874.44
211.321	1871.78
213.912	1879.33
216.502	1860.22
219.09	1869.33
221.679	1853.33
224.266	1859.56
226.853	1875.11
229.438	1896.67
232.023	1920
234.607	1881.11
237.19	1904.89
239.772	1911.56
242.352	1911.33
244.934	1930.89
247.512	1934.67
250.092	1937.11
252.669	1914.44
255.247	1918.89
257.822	1932.22
260.397	1952
262.972	1924.67
265.545	1943.33
268.117	1944.89
270.69	1960.44
273.26	1931.56
275.829	1945.33
278.4	1956
280.967	1958.44
283.534	1977.56
286.102	1985.33
288.667	2007.11
291.231	1991.33
293.795	2001.56
296.359	2002.67
298.921	1984
301.482	1988.44
304.042	1994.44
306.603	2014
309.161	2000.89
311.719	2023.33
314.276	2031.11
316.832	2012.22
319.388	2023.33
321.942	2004.67
324.496	2018.22
327.048	2019.78
329.6	2029.78
332.151	2028.22
334.701	2040.67
337.252	2042.44
339.8	2048
342.347	2052
344.894	2052.67
347.44	2053.56
349.985	2079.56
352.529	2077.78
355.072	2081.78
357.615	2085.11
360.156	2086
362.697	2097.11
365.237	2097.56
367.776	2105.56
370.315	2119.33
372.852	2115.11
375.389	2112.67
377.925	2117.78
380.46	2108.44
382.994	2126.44
385.527	2120.44
388.059	2113.11
390.591	2123.33
393.122	2104.89
395.65	2094.67
398.18	2126
400.708	2135.78
403.235	2132
405.762	2125.33
408.288	2150.44
410.813	2155.78
413.335	2154.44
415.859	2180.22
418.381	2172.67
420.903	2216
423.424	2254.89
425.942	2278.44
428.462	2295.56
430.98	2236.22
433.498	2223.78
436.013	2186.89
438.529	2160.67
441.044	2167.33
443.558	2182.44
446.07	2169.78
448.583	2153.11
451.095	2169.78
453.604	2176
456.114	2164.44
458.624	2162
461.131	2148.44
463.638	2180.22
466.145	2177.56
468.65	2176
471.155	2200.67
473.659	2195.33
476.162	2200.44
478.664	2202.67
481.165	2194
483.666	2228.22
486.165	2204.22
488.664	2240.44
491.162	2239.11
493.66	2234.22
496.155	2249.11
498.651	2243.56
501.145	2207.11
503.64	2242.89
506.132	2209.33
508.625	2230.22
511.116	2182.89
513.608	2222.67
516.097	2219.11
518.586	2237.33
521.074	2236.67
523.562	2231.11
526.048	2219.78
528.533	2213.11
531.019	2241.33
533.502	2230
535.985	2231.78
538.468	2240.89
540.949	2229.11
543.43	2211.11
545.91	2246.89
548.389	2262
550.867	2257.33
553.345	2262.67
555.821	2257.56
558.297	2275.56
560.771	2268
563.247	2247.78
565.72	2288.89
568.192	2280
570.663	2266.22
573.135	2267.11
575.605	2286.22
578.074	2277.33
580.542	2267.56
583.01	2279.78
585.478	2280.67
587.943	2260
590.408	2249.33
592.873	2292
595.336	2272.22
597.799	2287.11
600.26	2254.22
602.721	2343.33
605.183	2341.11
607.643	2334.89
610.101	2306.44
612.559	2299.56
615.016	2292.44
617.472	2298.22
619.928	2311.78
622.382	2281.56
624.836	2314.67
627.289	2310.44
629.741	2326.44
632.193	2328.22
634.644	2305.33
637.093	2342.67
639.543	2338.22
641.991	2316.67
644.438	2339.11
646.885	2360.22
649.33	2371.56
651.775	2411.78
654.219	2421.33
656.663	2408.67
659.105	2345.11
661.547	2340.22
663.989	2316.22
666.429	2299.78
668.867	2304
671.306	2301.11
673.744	2286.67
676.181	2313.11
678.618	2298.44
681.052	2332.44
683.487	2312.44
685.921	2311.33
688.355	2323.33
690.786	2332.44
693.218	2326.89
695.649	2340.67
698.079	2352.67
700.507	2355.11
702.935	2330.22
705.363	2337.33
707.789	2359.11
710.215	2329.78
712.641	2364.67
715.064	2328.22
717.488	2360.44
719.91	2356.44
722.333	2353.78
724.754	2325.56
727.174	2332
729.594	2351.56
732.012	2335.11
734.43	2314.22
736.848	2330.44
739.263	2345.56
741.68	2321.11
744.094	2333.56
746.508	2326.22
748.921	2322.22
751.334	2312.22
753.745	2334.67
756.157	2326
758.566	2311.33
760.975	2334
763.384	2335.11
765.791	2319.33
768.199	2315.56
770.604	2356.67
773.01	2329.56
775.414	2351.33
777.818	2343.78
780.221	2342.89
782.623	2354
785.024	2350
787.426	2344.44
789.825	2346.89
792.224	2338.44
794.623	2380.67
797.02	2351.11
799.416	2372.67
801.812	2343.78
804.208	2360.89
806.602	2340.44
808.996	2348.44
811.388	2342.67
813.781	2348.44
816.172	2341.56
818.562	2367.56
820.952	2356.89
823.341	2337.11
825.73	2357.56
828.117	2354.44
830.503	2307.56
832.889	2328
835.274	2345.11
837.658	2332.44
840.042	2329.11
842.424	2345.78
844.807	2336.44
847.188	2362
849.569	2332.67
851.948	2335.33
854.327	2328.22
856.705	2339.78
859.083	2345.78
861.459	2335.78
863.835	2362.89
866.21	2360.89
868.584	2363.56
870.958	2355.11
873.331	2379.11
875.703	2362.44
878.074	2390.44
880.445	2392.44
882.814	2373.78
885.182	2403.33
887.55	2369.11
889.918	2379.78
892.284	2375.33
894.651	2358.67
897.016	2347.11
899.38	2375.11
901.744	2350.67
904.106	2339.56
906.468	2360.89
908.829	2350.67
911.19	2339.11
913.55	2353.78
915.908	2324
918.267	2340.67
920.624	2331.33
922.982	2308.22
925.336	2359.33
927.692	2328.89
930.047	2338.44
932.399	2343.56
934.753	2336.89
937.105	2332.89
939.456	2312.89
941.807	2347.56
944.157	2361.11
946.505	2336.22
948.854	2340.67
951.202	2328
953.548	2307.56
955.895	2361.11
958.24	2365.33
960.585	2341.33
962.929	2354.44
965.271	2338.89
967.614	2382.89
969.955	2375.11
972.296	2341.33
974.636	2361.11
976.976	2382.67
979.314	2438.22
981.652	2434.67
983.989	2431.33
986.326	2572.67
988.66	3193.11
990.995	3927.33
993.329	3757.78
995.662	3087.11
997.995	2651.33
1000.33	2486.22
1002.66	2418.67
1004.99	2359.56
1007.32	2388.67
1009.65	2368.44
1011.97	2363.11
1014.3	2368.67
1016.63	2392.22
1018.95	2397.78
1021.28	2421.11
1023.6	2413.78
1025.93	2573.78
1028.25	3000.44
1030.57	3616.67
1032.89	3467.33
1035.21	2872.22
1037.53	2520.22
1039.85	2430.22
1042.17	2414.44
1044.49	2428.67
1046.81	2406.44
1049.12	2392.44
1051.44	2377.11
1053.75	2384.22
1056.07	2383.56
1058.38	2367.33
1060.69	2384.22
1063	2386
1065.31	2395.11
1067.62	2401.56
1069.93	2385.78
1072.24	2403.33
1074.55	2362.67
1076.86	2357.11
1079.16	2357.78
1081.47	2364.89
1083.77	2343.33
1086.08	2337.11
1088.38	2332.44
1090.69	2333.11
1092.99	2341.56
1095.29	2340.67
1097.59	2345.78
1099.89	2347.78
1102.19	2352.44
1104.49	2347.11
1106.78	2356.44
1109.08	2367.78
1111.38	2360.22
1113.67	2370.22
1115.97	2331.78
1118.26	2364.44
1120.55	2370.89
1122.85	2372.67
1125.14	2370.67
1127.43	2381.33
1129.72	2340.22
1132.01	2377.33
1134.3	2388
1136.59	2372.22
1138.87	2397.11
1141.16	2398.22
1143.45	2371.78
1145.73	2403.33
1148.02	2405.56
1150.3	2391.11
1152.59	2381.33
1154.87	2362
1157.15	2367.78
1159.43	2360.22
1161.71	2358.67
1163.99	2349.11
1166.27	2354.67
1168.55	2342.44
1170.82	2370.89
1173.1	2332
1175.38	2335.78
1177.65	2355.78
1179.93	2348
1182.2	2327.33
1184.47	2328.67
1186.74	2342.44
1189.02	2334.89
1191.29	2362.67
1193.56	2340.67
1195.83	2353.33
1198.09	2342.22
1200.36	2344.22
1202.63	2360
1204.9	2331.56
1207.16	2363.11
1209.43	2372.22
1211.69	2388.22
1213.95	2430.22
1216.22	2438.22
1218.48	2442.89
1220.74	2446.22
1223	2431.11
1225.26	2399.78
1227.52	2373.56
1229.78	2361.33
1232.04	2353.78
1234.29	2354.44
1236.55	2328
1238.81	2330
1241.06	2328.44
1243.32	2324.44
1245.57	2330.44
1247.82	2339.78
1250.08	2330.89
1252.33	2338.89
1254.58	2346.22
1256.83	2330
1259.08	2319.56
1261.32	2344
1263.57	2331.78
1265.82	2313.56
1268.07	2323.11
1270.31	2322.22
1272.56	2324.89
1274.8	2324.22
1277.05	2326.89
1279.29	2300.67
1281.53	2306.67
1283.77	2331.11
1286.01	2308
1288.25	2304.89
1290.49	2302
1292.73	2310.44
1294.97	2302.22
1297.21	2295.56
1299.44	2309.78
1301.68	2289.11
1303.92	2300
1306.15	2307.33
1308.38	2288.67
1310.62	2295.56
1312.85	2314.89
1315.08	2281.78
1317.31	2301.78
1319.54	2293.11
1321.77	2286
1324	2323.11
1326.23	2289.56
1328.46	2327.33
1330.68	2295.33
1332.91	2316
1335.13	2282.44
1337.36	2294.67
1339.58	2312
1341.81	2289.33
1344.03	2291.33
1346.25	2298.22
1348.47	2307.78
1350.69	2291.56
1352.91	2307.78
1355.13	2276
1357.35	2294.67
1359.57	2302.44
1361.78	2278.44
1364	2310
1366.22	2291.33
1368.43	2306.89
1370.65	2288.67
1372.86	2276
1375.07	2309.11
1377.28	2265.56
1379.5	2264.44
1381.71	2297.11
1383.92	2270.89
1386.12	2297.78
1388.33	2278.22
1390.54	2298.67
1392.75	2289.11
1394.96	2269.56
1397.16	2281.56
1399.37	2270.44
1401.57	2269.56
1403.78	2281.78
1405.98	2274.44
1408.18	2261.11
1410.38	2283.11
1412.58	2277.56
1414.78	2287.56
1416.98	2275.11
1419.18	2266.44
1421.38	2266
1423.58	2286.22
1425.78	2308.89
1427.97	2284.22
1430.17	2273.33
1432.36	2298.89
1434.56	2320.22
1436.75	2327.33
1438.94	2333.33
1441.13	2359.11
1443.33	2346
1445.52	2348.44
1447.71	2356
1449.9	2361.11
1452.09	2382.67
1454.27	2377.56
1456.46	2404.22
1458.65	2361.33
1460.83	2353.56
1463.02	2334
1465.2	2324
1467.39	2312.44
1469.57	2293.56
1471.75	2300.67
1473.94	2295.78
1476.12	2330.22
1478.3	2297.11
1480.48	2313.56
1482.66	2307.11
1484.84	2306.89
1487.01	2299.33
1489.19	2291.56
1491.37	2292.89
1493.54	2268
1495.72	2249.11
1497.89	2260.44
1500.07	2261.56
1502.24	2237.11
1504.41	2248
1506.58	2258.44
1508.75	2252
1510.93	2230.44
1513.1	2248.89
1515.26	2238
1517.43	2234.22
1519.6	2231.33
1521.77	2242.89
1523.93	2236.22
1526.1	2231.56
1528.26	2243.33
1530.43	2227.33
1532.59	2214
1534.76	2220.89
1536.92	2203.33
1539.08	2210.67
1541.24	2238
1543.4	2198.67
1545.56	2217.78
1547.72	2240.67
1549.88	2236.67
1552.04	2255.33
1554.19	2234
1556.35	2228.22
1558.51	2220.67
1560.66	2236.22
1562.81	2239.56
1564.97	2275.11
1567.12	2264.44
1569.27	2277.56
1571.43	2283.11
1573.58	2315.33
1575.73	2319.56
1577.88	2328.89
1580.02	2325.11
1582.17	2330.89
1584.32	2313.11
1586.47	2295.11
1588.61	2274.22
1590.76	2268.44
1592.91	2259.78
1595.05	2260.44
1597.19	2262.89
1599.34	2261.78
1601.48	2243.33
1603.62	2238.22
1605.76	2204.44
1607.9	2220.44
1610.04	2210.67
1612.18	2196.44
1614.32	2204
1616.46	2187.56
1618.59	2194.22
1620.73	2200.67
1622.87	2202.44
1625	2201.78
1627.14	2190.89
1629.27	2191.11
1631.4	2170.44
1633.54	2178.44
1635.67	2162.44
1637.8	2160.89
1639.93	2178.22
1642.06	2162.22
1644.19	2162.44
1646.32	2167.33
1648.44	2160.67
1650.57	2156.89
1652.7	2130.44
1654.82	2156.89
1656.95	2151.11
1659.07	2149.33
1661.2	2146.89
1663.32	2181.78
1665.44	2173.11
1667.57	2160.44
1669.69	2146.22
1671.81	2146.67
1673.93	2142.67
1676.05	2154.44
1678.17	2140.22
1680.28	2152.89
1682.4	2169.33
1684.52	2162.89
1686.64	2136.44
1688.75	2150
1690.87	2148.67
1692.98	2160
1695.09	2161.33
1697.21	2154
1699.32	2132
1701.43	2128.89
1703.54	2132.89
1705.65	2142.22
1707.76	2142.44
1709.87	2152.89
1711.98	2146
1714.09	2130.67
1716.19	2131.78
1718.3	2137.56
1720.41	2146.22
1722.51	2124
1724.62	2114.67
1726.72	2111.11
1728.82	2133.11
1730.93	2102.44
1733.03	2097.33
1735.13	2110.22
1737.23	2100.44
1739.33	2091.56
1741.43	2085.78
1743.53	2109.33
1745.63	2112
1747.72	2084.22
1749.82	2099.78
1751.92	2078.22
1754.01	2076.22
1756.11	2083.33
1758.2	2067.56
1760.29	2077.33
1762.39	2082.44
1764.48	2094.22
1766.57	2086.22
1768.66	2060.44
1770.75	2064.67
1772.84	2063.78
1774.93	2077.33
1777.02	2055.11
1779.11	2076.67
1781.2	2065.11
1783.28	2061.11
1785.37	2052.22
1787.45	2061.56
1789.54	2057.78
1791.62	2067.11
1793.71	2068.67
1795.79	2052.22
1797.87	2058.89
1799.95	2058.89
1802.03	2081.33
1804.11	2067.33
1806.19	2070.67
1808.27	2056.89
1810.35	2051.78
1812.43	2051.33
1814.51	2054.89
1816.58	2054.89
1818.66	2052.89
1820.73	2049.56
1822.81	2058.67
1824.88	2050.89
1826.95	2024.44
1829.03	2046.22
1831.1	2050.22
1833.17	2020.67
1835.24	2028.44
1837.31	2026.22
1839.38	2019.56
1841.45	1999.33
1843.52	2002.22
1845.59	2023.11
1847.65	2028.67
1849.72	2016.22
1851.78	2026.44
1853.85	2002.44
1855.91	2004.44
1857.98	1989.11
1860.04	1990
1862.1	1980.44
1864.17	1984.67
1866.23	1986.22
1868.29	1986.22
1870.35	1985.33
1872.41	1972
1874.47	1980.89
1876.53	1982
1878.58	1979.78
1880.64	1977.78
1882.7	1974.44
1884.75	1973.11
1886.81	1972.67
1888.86	1978.67
1890.92	1970
1892.97	1985.33
1895.02	1986
1897.07	1955.33
1899.12	1971.56
1901.17	1964.44
1903.23	1968.22
1905.27	1962.89
1907.32	1970.22
1909.37	1962.44
1911.42	1959.33
1913.47	1974.22
1915.51	1955.78
1917.56	1957.56
1919.6	1933.56
1921.65	1959.56
1923.69	1970.89
1925.74	1954.67
1927.78	1935.56
1929.82	1922.89
1931.86	1956.22
1933.9	1950.67
1935.94	1916.89
1937.98	1911.33
1940.02	1916.67
1942.06	1922.67
1944.1	1913.11
1946.14	1890
1948.17	1912.89
1950.21	1918.67
1952.24	1894
1954.28	1906.67
1956.31	1892.44
1958.35	1889.11
1960.38	1910.67
1962.41	1880.44
1964.44	1873.33
1966.47	1886.89
1968.5	1894.22
1970.53	1863.78
1972.56	1895.11
1974.59	1877.56
1976.62	1864.44
1978.65	1861.78
1980.67	1870.22
1982.7	1864.44
1984.73	1858.67
1986.75	1864.44
1988.78	1848.44
1990.8	1860.44
1992.82	1842
1994.85	1872.44
1996.87	1852
1998.89	1845.11
2000.91	1828.44
2002.93	1854
2004.95	1859.11
2006.97	1851.78
2008.99	1844.67
2011	1847.33
2013.02	1846.89
2015.04	1851.78
2017.05	1855.33
2019.07	1838.89
2021.08	1830.44
2023.1	1850.44
2025.11	1840.89
2027.12	1837.56
2029.14	1834
2031.15	1848.44
2033.16	1836.44
2035.17	1806.44
2037.18	1821.11
2039.19	1814
2041.2	1831.56
2043.2	1818.44
2045.21	1836.89
2047.22	1827.33
2049.22	1822.22
2051.23	1845.56
2053.24	1815.11
2055.24	1804.89
2057.24	1802.89
2059.25	1799.78
2061.25	1775.11
2063.25	1790.44
2065.25	1784.89
2067.25	1785.11
2069.25	1794.44
2071.25	1796.22
2073.25	1805.78
2075.25	1782.67
2077.25	1780.67
2079.25	1778.44
2081.24	1766.67
2083.24	1781.56
2085.23	1751.11
2087.23	1767.56
2089.22	1773.11
2091.22	1753.33
2093.21	1762.89
2095.2	1776.44
2097.19	1746.44
2099.19	1751.33
2101.18	1743.56
2103.17	1757.11
2105.16	1759.33
2107.14	1732
2109.13	1742.44
2111.12	1742.67
2113.11	1744.44
2115.09	1746.89
2117.08	1726.89
2119.06	1740.22
2121.05	1729.33
2123.03	1708.67
2125.02	1726.89
2127	1705.33
2128.98	1733.56
2130.96	1704.44
2132.95	1720
2134.93	1716
2136.91	1724.89
2138.89	1726.67
2140.87	1710
2142.84	1702
2144.82	1703.56
2146.8	1682.89
2148.77	1698.89
2150.75	1687.56
2152.73	1674.67
2154.7	1684.44
2156.68	1692.89
2158.65	1664.44
2160.62	1675.33
2162.59	1662.67
2164.57	1666.22
2166.54	1668.89
2168.51	1646.89
2170.48	1653.33
2172.45	1662.22
2174.42	1661.56
2176.38	1643.11
2178.35	1637.56
2180.32	1645.78
2182.29	1636.89
2184.25	1651.11
2186.22	1641.56
2188.18	1655.33
2190.15	1633.78
2192.11	1634
2194.07	1628.89
2196.03	1632.22
2198	1616.67
2199.96	1610.67
2201.92	1615.33
2203.88	1610
2205.84	1620.67
2207.8	1609.56
2209.76	1613.33
2211.71	1613.78
2213.67	1594.89
2215.63	1598
2217.58	1601.56
2219.54	1608.89
2221.49	1598
2223.45	1584
2225.4	1587.78
2227.36	1596.44
2229.31	1595.78
2231.26	1571.56
2233.21	1576.67
2235.16	1580
2237.11	1579.11
2239.06	1568.44
2241.01	1573.56
2242.96	1578
2244.91	1554.89
2246.86	1585.56
2248.8	1541.11
2250.75	1547.33
2252.69	1559.56
2254.64	1552.22
2256.58	1562.89
2258.53	1551.56
2260.47	1540
2262.41	1530.44
2264.36	1539.11
2266.3	1543.33
2268.24	1536.67
2270.18	1542
2272.12	1544.22
2274.06	1519.11
2276	1523.78
2277.94	1526.67
2279.87	1512.89
2281.81	1524.89
2283.75	1530.67
2285.68	1534.22
2287.62	1493.11
2289.55	1498.89
2291.49	1488.67
2293.42	1505.56
2295.35	1482
2297.29	1480.44
2299.22	1484.89
2301.15	1480.67
2303.08	1484.67
2305.01	1469.56
2306.94	1475.33
2308.87	1475.33
2310.8	1457.33
2312.73	1467.78
2314.65	1462
2316.58	1479.78
2318.51	1464.44
2320.43	1445.78
2322.36	1470.67
2324.28	1460
2326.21	1438.89
2328.13	1464.89
2330.05	1450.67
2331.98	1455.11
2333.9	1426.22
2335.82	1447.78
2337.74	1456
2339.66	1423.56
2341.58	1427.33
2343.5	1425.11
2345.42	1434.89
2347.33	1444.67
2349.25	1434.67
2351.17	1426
2353.08	1427.33
2355	1409.78
2356.92	1406.89
2358.83	1402.22
2360.74	1413.78
2362.66	1405.78
2364.57	1409.33
2366.48	1410.22
2368.39	1398.22
2370.31	1418.89
2372.22	1416.22
2374.13	1417.56
2376.04	1367.78
2377.94	1383.56
2379.85	1377.11
2381.76	1380.89
2383.67	1373.56
2385.57	1380.44
2387.48	1355.78
2389.39	1362
2391.29	1383.56
2393.2	1382
2395.1	1366.22
2397	1344
2398.91	1346.44
2400.81	1364.67
2402.71	1350.89
2404.61	1360
2406.51	1330.22
2408.41	1360.22
2410.31	1356.67
2412.21	1331.33
2414.11	1358.44
2416.01	1341.33
2417.9	1328
2419.8	1335.11
2421.69	1338.22
2423.59	1337.56
2425.49	1310.89
2427.38	1326.22
2429.27	1333.56
2431.17	1332.67
2433.06	1334.89
2434.95	1330.44
2436.84	1313.33
2438.73	1329.11
2440.63	1326.67
2442.52	1310.89
2444.41	1332.22
2446.29	1330
2448.18	1329.78
2450.07	1295.56
2451.96	1307.33
2453.84	1302.89
