scanname Scan028
timestamp 2024-03-06 15:14:54
ccdbias 1033.718262
ccdgain 4.045375
sigmaread 10.387852
laserwavenum -0.268179
wavenumcorrection 0.058254
scancount 2
totalexposurems 3075
singleexposurems 3000
measurementstate Unknown
scanmode Auto
snr 40.829990 29.625402 21.695063
replacelist 0
peaks 9
434.833618 0.068289 0.000000 2.006704 0.000163
884.481750 0.411563 0.000000 31.070311 0.003879
1052.599243 0.139327 0.000000 4.325492 0.000598
1096.612549 0.141412 0.000000 4.060473 0.000594
1276.777954 0.085303 0.000000 1.263786 0.000310
1386.829712 0.063436 0.000000 0.231611 0.000033
1454.520020 0.192551 0.000000 2.627791 0.000731
1479.706177 0.103166 0.000000 0.567082 0.000176
2880.840332 0.403412 0.000000 0.055374 0.000858
finalresult GLS_Multiple 1
A8457	Ethanol	5.381281e-001
spectrum 2048
-92.417740 47.088703
-89.792534 47.326508
-87.169212 55.689281
-84.547775 53.067993
-81.928223 52.154438
-79.310562 54.616074
-76.694778 53.988033
-74.080872 56.452847
-71.468849 56.246567
-68.858704 50.781960
-66.250420 49.682625
-63.644016 48.416740
-61.039482 45.770996
-58.436813 41.845966
-55.836006 39.545010
-53.237068 38.019920
-50.639992 34.636280
-48.044769 32.450840
-45.451405 29.078074
-42.859901 26.449093
-40.270252 23.901531
-37.682449 20.881979
-35.096493 18.356520
-32.512390 16.250824
-29.930132 14.169397
-27.349710 12.247973
-24.771141 10.871442
-22.194414 9.399202
-19.619513 7.880998
-17.046450 5.954145
-14.475228 0.648408
-11.905837 0.222190
-9.338269 0.174709
-6.772529 0.176191
-4.208623 0.187515
-1.646542 0.199655
0.913725 0.209309
3.472172 0.207324
6.028793 0.279587
8.583597 0.944513
11.136594 1.396425
13.687778 1.383982
16.237144 1.287811
18.784702 1.231217
21.330463 1.179772
23.874414 1.182996
26.416557 1.178775
28.956900 1.130333
31.495447 1.186053
34.032196 1.266016
36.567158 1.168620
39.100311 1.132607
41.631680 1.169080
44.161259 1.136694
46.689037 1.222667
49.215046 1.056082
51.739277 1.008191
54.261719 1.071626
56.782375 1.080498
59.301243 1.071640
61.818352 0.995927
64.333687 0.930784
66.847229 0.863665
69.359016 0.847806
71.869026 0.830234
74.377289 0.918599
76.883774 0.911952
79.388481 0.837017
81.891441 0.803846
84.392654 0.898905
86.892075 0.914127
89.389755 0.829011
91.885689 0.807507
94.379868 0.804500
96.872299 0.764600
99.362968 0.784805
101.851898 0.744062
104.339088 0.635927
106.824532 0.625863
109.308228 0.613086
111.790184 0.598187
114.270416 0.436758
116.748901 0.481335
119.225655 0.545488
121.700684 0.413189
124.173965 0.300554
126.645515 0.305241
129.115356 0.242557
131.583450 0.184037
134.049835 0.148787
136.514511 0.127061
138.977463 0.117990
141.438690 0.106544
143.898193 0.089663
146.355957 0.084563
148.812057 0.077884
151.266418 0.070511
153.719101 0.067702
156.170059 0.063853
158.619308 0.063154
161.066864 0.060791
163.512695 0.058749
165.956848 0.056057
168.399277 0.054534
170.840027 0.051764
173.279099 0.052238
175.716461 0.051651
178.152130 0.050556
180.586090 0.047375
183.018417 0.047143
185.449005 0.047048
187.877930 0.042490
190.305161 0.043734
192.730728 0.044431
195.154617 0.042833
197.576828 0.040646
199.997360 0.041553
202.416199 0.039713
204.833359 0.039166
207.248886 0.039466
209.662720 0.038715
212.074921 0.037499
214.485428 0.036559
216.894287 0.036364
219.301437 0.035455
221.706970 0.035920
224.110840 0.035142
226.513046 0.033888
228.913620 0.035187
231.312531 0.034102
233.709778 0.033380
236.105392 0.033098
238.499344 0.032849
240.891617 0.034217
243.282272 0.033077
245.671295 0.033294
248.058685 0.033762
250.444427 0.032720
252.828537 0.033515
255.210999 0.032383
257.591797 0.031907
259.971008 0.033375
262.348572 0.033118
264.724487 0.031919
267.098816 0.032014
269.471497 0.033084
271.842560 0.031071
274.212006 0.030635
276.579803 0.030646
278.945984 0.030526
281.310577 0.030845
283.673523 0.030586
286.034851 0.028833
288.394592 0.028510
290.752716 0.029519
293.109222 0.027632
295.464111 0.029226
297.817383 0.027596
300.169098 0.027465
302.519196 0.026068
304.867706 0.026629
307.214569 0.026701
309.559845 0.027049
311.903534 0.027066
314.245605 0.025903
316.586121 0.024860
318.925049 0.024191
321.262360 0.025048
323.598114 0.024804
325.932220 0.024926
328.264801 0.024771
330.595795 0.024521
332.925171 0.024036
335.252991 0.024891
337.579224 0.024879
339.903870 0.024177
342.226959 0.024289
344.548462 0.025201
346.868439 0.025763
349.186798 0.024345
351.503571 0.023410
353.818787 0.024986
356.132446 0.023114
358.444550 0.024850
360.755066 0.022905
363.064026 0.023526
365.371460 0.023767
367.677338 0.025144
369.981628 0.024257
372.284332 0.023837
374.585541 0.024075
376.885193 0.024976
379.183258 0.023693
381.479797 0.025321
383.774780 0.025045
386.068237 0.023230
388.360199 0.024734
390.650513 0.024818
392.939331 0.025965
395.226624 0.025824
397.512360 0.025741
399.796478 0.027437
402.079163 0.029428
404.360291 0.028438
406.639893 0.031145
408.917969 0.031353
411.194550 0.032378
413.469543 0.037127
415.743042 0.040854
418.015015 0.042013
420.285431 0.047971
422.554382 0.050660
424.821777 0.054989
427.087646 0.059941
429.352051 0.063321
431.614899 0.066162
433.876160 0.069013
436.136017 0.068397
438.394318 0.065443
440.651123 0.062387
442.906403 0.058127
445.160217 0.054054
447.412537 0.049785
449.663330 0.047042
451.912598 0.043793
454.160400 0.040057
456.406677 0.038175
458.651459 0.035981
460.894775 0.034100
463.136566 0.031097
465.376862 0.031291
467.615692 0.030566
469.852997 0.027792
472.088806 0.027187
474.323151 0.025485
476.556030 0.024143
478.787384 0.026178
481.017273 0.024185
483.245697 0.024166
485.472656 0.024210
487.698120 0.023570
489.922089 0.023416
492.144592 0.022272
494.365631 0.022224
496.585205 0.021374
498.803284 0.022284
501.019897 0.021822
503.235046 0.021711
505.448730 0.021796
507.660950 0.021767
509.871674 0.021112
512.080994 0.021909
514.288818 0.022260
516.495239 0.021259
518.700195 0.019910
520.903625 0.021276
523.105591 0.022686
525.306152 0.020609
527.505249 0.021003
529.703003 0.022060
531.899109 0.020674
534.093872 0.020624
536.287170 0.021289
538.479065 0.020891
540.669495 0.021011
542.858398 0.021109
545.045959 0.022700
547.232056 0.018504
549.416626 0.021596
551.599915 0.019795
553.781677 0.020405
555.962036 0.020638
558.140930 0.020770
560.318420 0.019546
562.494446 0.021273
564.669067 0.019965
566.842285 0.020206
569.014160 0.019057
571.184448 0.021413
573.353394 0.019847
575.520813 0.020238
577.686890 0.021468
579.851563 0.021488
582.014832 0.018656
584.176697 0.021248
586.337097 0.020178
588.496033 0.020508
590.653687 0.020518
592.809875 0.019720
594.964600 0.020954
597.117981 0.019568
599.269958 0.019647
601.420532 0.020924
603.569641 0.021051
605.717407 0.020055
607.863770 0.018483
610.008667 0.021103
612.152161 0.019639
614.294312 0.020136
616.435120 0.020956
618.574402 0.019614
620.712463 0.021051
622.849060 0.020716
624.984131 0.020091
627.118042 0.021375
629.250427 0.020072
631.381409 0.018524
633.511108 0.020877
635.639221 0.021354
637.766235 0.021041
639.891663 0.021876
642.015869 0.022258
644.138428 0.021690
646.259827 0.021249
648.379761 0.019339
650.498352 0.020511
652.615601 0.020905
654.731445 0.020406
656.845947 0.020413
658.959106 0.021936
661.070740 0.021676
663.181152 0.020257
665.290222 0.018757
667.397888 0.020244
669.504150 0.019672
671.609009 0.019849
673.712585 0.021506
675.814880 0.020973
677.915649 0.020172
680.015076 0.019848
682.113220 0.020782
684.209961 0.018905
686.305420 0.020535
688.399597 0.021965
690.492188 0.022214
692.583618 0.020534
694.673706 0.021128
696.762329 0.020717
698.849670 0.022015
700.935730 0.020358
703.020325 0.020984
705.103638 0.021653
707.185547 0.020070
709.266235 0.020424
711.345459 0.021316
713.423340 0.019530
715.500000 0.022440
717.575317 0.020249
719.649231 0.020421
721.721924 0.020949
723.793152 0.020891
725.863098 0.020864
727.931763 0.020378
729.999084 0.020895
732.065063 0.020676
734.129761 0.021365
736.192993 0.021892
738.255005 0.020618
740.315735 0.021021
742.375061 0.022328
744.433167 0.021892
746.489807 0.021991
748.545227 0.021939
750.599365 0.020641
752.652161 0.021923
754.703674 0.021002
756.753784 0.021545
758.802673 0.021643
760.850220 0.022028
762.896423 0.022123
764.941406 0.020981
766.985046 0.022685
769.027344 0.022090
771.068420 0.022587
773.108093 0.022424
775.146545 0.021079
777.183594 0.022373
779.219360 0.023511
781.253906 0.021580
783.287170 0.023619
785.319092 0.022886
787.349731 0.022582
789.379089 0.022951
791.407227 0.023998
793.433960 0.023910
795.459473 0.026094
797.483643 0.025011
799.506531 0.025263
801.528137 0.025574
803.548523 0.026435
805.567566 0.026547
807.585327 0.027262
809.601868 0.025916
811.617126 0.025836
813.631042 0.027623
815.643616 0.026264
817.655029 0.026114
819.665100 0.026048
821.674072 0.028375
823.681519 0.026182
825.687927 0.028664
827.692932 0.027675
829.696594 0.028357
831.699158 0.028595
833.700256 0.028705
835.700317 0.029040
837.698914 0.030516
839.696411 0.031062
841.692566 0.029340
843.687561 0.031720
845.681152 0.035128
847.673523 0.035281
849.664673 0.035020
851.654602 0.037402
853.643127 0.037564
855.630554 0.040893
857.616577 0.043621
859.601501 0.048063
861.585083 0.050677
863.567444 0.056245
865.548584 0.063497
867.528381 0.073384
869.507080 0.087856
871.484375 0.109172
873.460571 0.139574
875.435425 0.182327
877.409119 0.241452
879.381470 0.308067
881.352661 0.372460
883.322510 0.413255
885.291321 0.413651
887.258667 0.376482
889.224915 0.314281
891.189880 0.244373
893.153564 0.184329
895.116150 0.140095
897.077393 0.107871
899.037476 0.088252
900.996216 0.073054
902.953857 0.063190
904.910217 0.056444
906.865479 0.050177
908.819336 0.047471
910.772095 0.043734
912.723450 0.039894
914.673767 0.039612
916.622742 0.034749
918.570618 0.034253
920.517151 0.033641
922.462463 0.032545
924.406677 0.032372
926.349670 0.032183
928.291443 0.029480
930.231812 0.030910
932.171143 0.028758
934.109192 0.030380
936.046204 0.029556
937.981812 0.028024
939.916321 0.028453
941.849487 0.028334
943.781677 0.026181
945.712463 0.027789
947.642151 0.026025
949.570557 0.024668
951.497864 0.028297
953.423706 0.025627
955.348572 0.025843
957.272278 0.026931
959.194641 0.025973
961.116028 0.025396
963.036011 0.025824
964.954834 0.025489
966.872498 0.024978
968.789063 0.024613
970.704224 0.025874
972.618408 0.025867
974.531250 0.025008
976.442993 0.026075
978.353455 0.027121
980.262878 0.025290
982.170959 0.027398
984.077881 0.025460
985.983704 0.028172
987.888245 0.026508
989.791809 0.026467
991.693970 0.029234
993.595032 0.027309
995.494873 0.028097
997.393677 0.028157
999.291138 0.030639
1001.187622 0.027966
1003.082581 0.029557
1004.976746 0.030355
1006.869507 0.031369
1008.761230 0.032077
1010.651733 0.033026
1012.540955 0.032807
1014.429199 0.034092
1016.316101 0.034191
1018.202026 0.035726
1020.086487 0.035747
1021.970093 0.038454
1023.852356 0.039810
1025.733643 0.043892
1027.613525 0.046020
1029.492432 0.050406
1031.370117 0.051370
1033.246704 0.054968
1035.122070 0.061035
1036.996216 0.064585
1038.869141 0.076379
1040.741089 0.085595
1042.611816 0.096166
1044.481323 0.107637
1046.349976 0.118078
1048.217041 0.127611
1050.083374 0.136356
1051.948242 0.138123
1053.812134 0.138576
1055.674805 0.134377
1057.536377 0.124103
1059.396729 0.111892
1061.255981 0.103862
1063.114014 0.093510
1064.971069 0.085695
1066.826904 0.082691
1068.681641 0.080768
1070.534912 0.076905
1072.387451 0.076058
1074.238770 0.076921
1076.088867 0.079451
1077.937866 0.078652
1079.785767 0.081837
1081.632446 0.088167
1083.478027 0.091956
1085.322510 0.098891
1087.165771 0.106870
1089.007935 0.113746
1090.849121 0.122479
1092.688965 0.131111
1094.527954 0.137960
1096.365601 0.142908
1098.202026 0.140166
1100.037598 0.133832
1101.871704 0.125042
1103.704956 0.113647
1105.536987 0.101256
1107.367798 0.089698
1109.197632 0.082748
1111.026367 0.079156
1112.854004 0.073390
1114.680420 0.069980
1116.505737 0.067744
1118.329956 0.065770
1120.153076 0.064241
1121.974976 0.063206
1123.796143 0.059616
1125.615723 0.058206
1127.434448 0.054690
1129.251953 0.053845
1131.068359 0.050853
1132.883667 0.046265
1134.697876 0.045559
1136.510986 0.041143
1138.323120 0.041459
1140.134033 0.038707
1141.943726 0.039153
1143.752441 0.037911
1145.559937 0.034823
1147.366699 0.036212
1149.171997 0.034413
1150.976196 0.034696
1152.779297 0.034168
1154.581421 0.033267
1156.382446 0.032055
1158.182373 0.033952
1159.981079 0.034839
1161.778687 0.030520
1163.575439 0.030807
1165.370850 0.030597
1167.165283 0.029971
1168.958618 0.028812
1170.750854 0.030314
1172.541992 0.029893
1174.332153 0.029333
1176.120972 0.029333
1177.908936 0.028787
1179.695557 0.029168
1181.481323 0.028688
1183.265991 0.028614
1185.049561 0.027884
1186.832031 0.029906
1188.613281 0.028062
1190.393555 0.030047
1192.172729 0.028587
1193.950806 0.028765
1195.728027 0.029944
1197.503906 0.028767
1199.278564 0.027193
1201.052612 0.029438
1202.825317 0.029424
1204.596924 0.028250
1206.367554 0.029701
1208.137207 0.029158
1209.905518 0.029968
1211.672974 0.029507
1213.439209 0.030104
1215.204468 0.031230
1216.968628 0.030834
1218.731567 0.031165
1220.493652 0.030464
1222.254517 0.031781
1224.014526 0.030493
1225.773438 0.032235
1227.531006 0.032066
1229.287842 0.032425
1231.043457 0.033027
1232.797974 0.035299
1234.551514 0.034826
1236.303955 0.036925
1238.055420 0.035714
1239.805542 0.039016
1241.554932 0.036007
1243.303101 0.034873
1245.050293 0.040385
1246.796265 0.038480
1248.541382 0.038405
1250.285278 0.040690
1252.028198 0.042641
1253.770142 0.041057
1255.510986 0.042537
1257.250732 0.045792
1258.989502 0.047091
1260.727173 0.049476
1262.463745 0.052603
1264.199341 0.055961
1265.933960 0.059292
1267.667358 0.065086
1269.399780 0.069943
1271.131348 0.075620
1272.861450 0.080581
1274.590820 0.084755
1276.319214 0.083404
1278.046265 0.084949
1279.772583 0.083301
1281.497559 0.078903
1283.221802 0.071891
1284.944702 0.067256
1286.666870 0.064971
1288.387817 0.060020
1290.107910 0.057526
1291.826782 0.055822
1293.544678 0.050660
1295.261475 0.052226
1296.977295 0.050806
1298.691895 0.048041
1300.405762 0.046639
1302.118408 0.047307
1303.830078 0.046395
1305.540894 0.045379
1307.250488 0.043052
1308.959106 0.044199
1310.666626 0.045824
1312.373169 0.046344
1314.078613 0.044318
1315.783203 0.045965
1317.486572 0.046579
1319.189087 0.046279
1320.890503 0.046457
1322.590942 0.047513
1324.290161 0.046329
1325.988647 0.045908
1327.686035 0.047844
1329.382202 0.046259
1331.077515 0.046391
1332.771729 0.046456
1334.465088 0.048989
1336.157349 0.049746
1337.848511 0.048497
1339.538696 0.048890
1341.228027 0.051096
1342.916138 0.049909
1344.603394 0.049391
1346.289429 0.049748
1347.974609 0.052139
1349.658569 0.048051
1351.341797 0.051771
1353.023804 0.050816
1354.704956 0.051928
1356.385254 0.049471
1358.064331 0.051674
1359.742310 0.051176
1361.419312 0.050731
1363.095581 0.053996
1364.770630 0.052694
1366.444458 0.053782
1368.117676 0.055876
1369.789795 0.055202
1371.460693 0.055091
1373.130981 0.057971
1374.799927 0.056775
1376.467896 0.058817
1378.134888 0.060833
1379.801270 0.062122
1381.466187 0.064532
1383.130249 0.062811
1384.793335 0.063286
1386.455200 0.062671
1388.116455 0.064916
1389.776611 0.062358
1391.435547 0.062662
1393.093750 0.061925
1394.750854 0.065306
1396.406860 0.063850
1398.062012 0.066161
1399.716187 0.063624
1401.369507 0.067072
1403.021362 0.065072
1404.672729 0.068429
1406.322754 0.066539
1407.972168 0.071821
1409.620239 0.067062
1411.267334 0.073194
1412.913818 0.071171
1414.558960 0.073957
1416.203369 0.074558
1417.846436 0.079119
1419.488892 0.078534
1421.130249 0.084240
1422.770508 0.081697
1424.409790 0.083951
1426.048218 0.087050
1427.685547 0.088540
1429.322021 0.090738
1430.957520 0.094899
1432.591919 0.098248
1434.225464 0.099015
1435.857910 0.103159
1437.489502 0.110719
1439.120239 0.115235
1440.749878 0.123645
1442.378296 0.130401
1444.005981 0.138390
1445.632690 0.151400
1447.258423 0.159539
1448.883057 0.170027
1450.506958 0.180247
1452.129639 0.186930
1453.751587 0.192953
1455.372437 0.192604
1456.992310 0.188477
1458.611206 0.179739
1460.229126 0.170906
1461.846069 0.156078
1463.462280 0.148638
1465.077393 0.133578
1466.691406 0.126574
1468.304688 0.115939
1469.916748 0.115754
1471.527954 0.103408
1473.138306 0.100525
1474.747803 0.098941
1476.355835 0.101104
1477.963379 0.102057
1479.569824 0.103564
1481.175293 0.103282
1482.779785 0.102365
1484.383423 0.097398
1485.985718 0.096752
1487.587524 0.092437
1489.188354 0.090206
1490.787964 0.086747
1492.386719 0.079474
1493.984741 0.074073
1495.581421 0.073649
1497.177368 0.071155
1498.772461 0.070240
1500.366333 0.065920
1501.959595 0.064474
1503.551636 0.062387
1505.142700 0.060904
1506.733032 0.058138
1508.322266 0.055465
1509.910645 0.056584
1511.498169 0.053899
1513.084473 0.054117
1514.669922 0.052227
1516.254639 0.052034
1517.838379 0.051793
1519.420776 0.051922
1521.002563 0.051854
1522.583496 0.048500
1524.163452 0.049833
1525.742188 0.048483
1527.320068 0.046971
1528.897339 0.043376
1530.473267 0.045821
1532.048340 0.045414
1533.622681 0.046860
1535.195923 0.043382
1536.768555 0.045563
1538.339600 0.046771
1539.910034 0.044832
1541.479736 0.042133
1543.048340 0.043831
1544.616089 0.041228
1546.182861 0.041472
1547.748535 0.039589
1549.313232 0.042631
1550.877319 0.043472
1552.440430 0.041615
1554.002563 0.040893
1555.563599 0.041752
1557.123901 0.039641
1558.683105 0.040975
1560.241699 0.040292
1561.799072 0.036655
1563.355591 0.037892
1564.911133 0.037604
1566.465698 0.039034
1568.019531 0.037485
1569.572388 0.038309
1571.124268 0.036334
1572.675293 0.037297
1574.225220 0.035919
1575.774292 0.035913
1577.322754 0.035781
1578.869751 0.033827
1580.416260 0.036996
1581.961792 0.035006
1583.506470 0.037667
1585.049683 0.033396
1586.592529 0.034674
1588.134277 0.037947
1589.675171 0.032070
1591.214966 0.030295
1592.754150 0.033529
1594.292114 0.034426
1595.829224 0.034555
1597.365601 0.033836
1598.901001 0.034368
1600.435547 0.035998
1601.968872 0.032429
1603.501587 0.035908
1605.033447 0.035498
1606.564209 0.032750
1608.093994 0.032492
1609.623047 0.035735
1611.151123 0.035543
1612.678101 0.032524
1614.204590 0.035651
1615.729858 0.034947
1617.254395 0.033028
1618.777588 0.032698
1620.300537 0.032554
1621.822266 0.034103
1623.343018 0.033800
1624.862793 0.032343
1626.382080 0.036438
1627.900024 0.033874
1629.417358 0.034867
1630.933472 0.032443
1632.448975 0.031736
1633.963623 0.033277
1635.477051 0.032798
1636.989746 0.032756
1638.501587 0.030367
1640.012573 0.032398
1641.522583 0.030936
1643.031494 0.030667
1644.539795 0.031373
1646.047119 0.033454
1647.553467 0.033707
1649.058838 0.032111
1650.563721 0.028575
1652.067505 0.034168
1653.570313 0.028930
1655.072144 0.029217
1656.573364 0.030241
1658.073608 0.030059
1659.572754 0.031485
1661.071045 0.029096
1662.568604 0.032799
1664.065063 0.033556
1665.560791 0.028121
1667.055542 0.031592
1668.549561 0.028383
1670.042603 0.027660
1671.534668 0.028908
1673.026123 0.031408
1674.516357 0.030036
1676.005859 0.029598
1677.494507 0.030638
1678.982178 0.028094
1680.469238 0.034294
1681.954956 0.031257
1683.440063 0.030183
1684.924438 0.030331
1686.407349 0.031196
1687.889893 0.031387
1689.371338 0.030463
1690.852051 0.028895
1692.331787 0.029835
1693.810791 0.034917
1695.288696 0.032529
1696.765991 0.029965
1698.241943 0.033020
1699.717529 0.029527
1701.191895 0.032028
1702.665649 0.028041
1704.138306 0.031859
1705.610352 0.030238
1707.081299 0.027219
1708.551147 0.030088
1710.020508 0.030320
1711.489014 0.031831
1712.956421 0.029155
1714.423096 0.032434
1715.888550 0.031607
1717.353638 0.030599
1718.817627 0.029839
1720.280762 0.033174
1721.742920 0.029304
1723.204468 0.029893
1724.665039 0.028321
1726.124390 0.029391
1727.583374 0.027652
1729.041260 0.029184
1730.498413 0.031961
1731.954346 0.029631
1733.409668 0.029537
1734.864258 0.031132
1736.317627 0.029518
1737.770386 0.029511
1739.222290 0.026749
1740.673218 0.028494
1742.123169 0.028315
1743.572632 0.029448
1745.020874 0.027628
1746.468628 0.027961
1747.915039 0.029703
1749.360962 0.027142
1750.805908 0.027931
1752.250000 0.028677
1753.693115 0.033012
1755.135376 0.029709
1756.576904 0.027276
1758.017578 0.025908
1759.457275 0.027005
1760.896240 0.029797
1762.334351 0.026834
1763.771484 0.028056
1765.207886 0.025959
1766.643433 0.025232
1768.078003 0.023229
1769.511719 0.025926
1770.944580 0.028639
1772.376831 0.027942
1773.808105 0.025676
1775.238159 0.027097
1776.667725 0.026020
1778.096680 0.027546
1779.524292 0.030628
1780.951050 0.028219
1782.377319 0.029181
1783.802734 0.025849
1785.226807 0.027197
1786.650513 0.027536
1788.073242 0.030999
1789.495117 0.025957
1790.916016 0.026048
1792.336304 0.024893
1793.755615 0.025403
1795.174072 0.024789
1796.591553 0.027220
1798.008423 0.028118
1799.424316 0.026739
1800.839233 0.026252
1802.253540 0.024914
1803.666992 0.025575
1805.079712 0.026563
1806.491211 0.028495
1807.902100 0.026315
1809.312134 0.026274
1810.721436 0.026376
1812.129395 0.023849
1813.537109 0.024947
1814.943848 0.025092
1816.349487 0.026920
1817.754395 0.024251
1819.158447 0.025889
1820.561890 0.024994
1821.964233 0.024106
1823.365967 0.024098
1824.766846 0.026654
1826.166748 0.026610
1827.565674 0.026288
1828.963989 0.027958
1830.361328 0.031282
1831.758057 0.022554
1833.153687 0.027786
1834.548706 0.022833
1835.942871 0.025864
1837.336060 0.026899
1838.728394 0.025717
1840.120117 0.025837
1841.510864 0.025696
1842.900879 0.027190
1844.289673 0.023819
1845.678101 0.026802
1847.065674 0.026208
1848.452026 0.027165
1849.837769 0.022424
1851.222900 0.024910
1852.606934 0.025214
1853.990112 0.021580
1855.372803 0.026482
1856.754150 0.026025
1858.135132 0.028366
1859.514893 0.026353
1860.894165 0.023700
1862.272583 0.026377
1863.650146 0.024146
1865.026733 0.025599
1866.402466 0.024922
1867.777466 0.024995
1869.151489 0.026079
1870.524902 0.025396
1871.897583 0.025174
1873.269287 0.023912
1874.640137 0.022072
1876.010254 0.026084
1877.379639 0.025475
1878.748169 0.023538
1880.115479 0.023767
1881.482422 0.027030
1882.848267 0.024232
1884.213623 0.024564
1885.577881 0.023878
1886.941284 0.024239
1888.304077 0.024931
1889.665894 0.025625
1891.027100 0.027876
1892.387329 0.024224
1893.746704 0.023983
1895.105225 0.021139
1896.463013 0.022730
1897.820068 0.023400
1899.176392 0.022663
1900.531616 0.024598
1901.886108 0.021737
1903.239990 0.024282
1904.593018 0.024347
1905.944824 0.026269
1907.296143 0.022487
1908.646851 0.024307
1909.996460 0.022460
1911.345093 0.022233
1912.693359 0.023116
1914.040527 0.021023
1915.386841 0.023892
1916.732422 0.023576
1918.077393 0.024825
1919.421509 0.024994
1920.764526 0.021856
1922.106934 0.021448
1923.448486 0.022339
1924.789551 0.022333
1926.129272 0.024449
1927.468506 0.021014
1928.806885 0.022572
1930.144531 0.022403
1931.481079 0.022687
1932.816895 0.021203
1934.152100 0.021396
1935.486328 0.019279
1936.819946 0.022039
1938.152588 0.025010
1939.484741 0.024402
1940.815796 0.022477
1942.146240 0.021121
1943.475708 0.022190
1944.804565 0.025893
1946.132080 0.021366
1947.459229 0.020844
1948.785767 0.021737
1950.111206 0.021619
1951.435791 0.019965
1952.759888 0.021602
1954.082886 0.019185
1955.405151 0.023395
1956.726807 0.019944
1958.047241 0.021121
1959.367432 0.022586
1960.686401 0.021039
1962.004883 0.023223
1963.322510 0.019231
1964.639404 0.023055
1965.955200 0.024768
1967.270264 0.023250
1968.584717 0.024335
1969.898315 0.023153
1971.210693 0.023625
1972.523071 0.022486
1973.834229 0.020984
1975.144531 0.025506
1976.454102 0.018717
1977.763062 0.020981
1979.071167 0.020563
1980.378174 0.022898
1981.684570 0.022798
1982.990479 0.021507
1984.295410 0.018127
1985.599243 0.024907
1986.902710 0.019461
1988.205200 0.016654
1989.506958 0.023397
1990.807861 0.020128
1992.107910 0.018813
1993.407227 0.023609
1994.705688 0.016751
1996.003662 0.023960
1997.300781 0.018822
1998.596924 0.023420
1999.892212 0.021322
2001.186890 0.019473
2002.480835 0.019397
2003.773926 0.018591
2005.066284 0.019092
2006.357788 0.023920
2007.648438 0.022338
2008.938477 0.016275
2010.227539 0.019369
2011.515991 0.020045
2012.803589 0.019311
2014.090576 0.020116
2015.376343 0.018131
2016.661865 0.019212
2017.946533 0.019326
2019.229858 0.019102
2020.512817 0.021525
2021.795166 0.020486
2023.076294 0.019973
2024.356934 0.018621
2025.636719 0.019241
2026.916016 0.019961
2028.194214 0.021645
2029.471680 0.016985
2030.748413 0.019852
2032.024414 0.022440
2033.299561 0.017422
2034.573975 0.018959
2035.847534 0.017261
2037.120483 0.018947
2038.392334 0.022268
2039.663818 0.024129
2040.934326 0.016410
2042.204346 0.018439
2043.473022 0.019172
2044.741333 0.019737
2046.008911 0.021081
2047.275391 0.014904
2048.541016 0.018913
2049.806152 0.019866
2051.070801 0.020735
2052.334473 0.017203
2053.596924 0.016646
2054.859131 0.018515
2056.120361 0.020842
2057.380859 0.015365
2058.640625 0.018290
2059.899658 0.018384
2061.157959 0.019069
2062.415283 0.016777
2063.672119 0.022088
2064.927979 0.018990
2066.183105 0.020032
2067.437500 0.020031
2068.691406 0.019110
2069.944092 0.019399
2071.196533 0.019462
2072.447510 0.017064
2073.697998 0.017774
2074.947998 0.025614
2076.197021 0.021345
2077.445313 0.017873
2078.692871 0.019960
2079.939697 0.017652
2081.185547 0.020741
2082.430908 0.018455
2083.675537 0.020814
2084.919189 0.020163
2086.161865 0.020940
2087.404053 0.018866
2088.645996 0.023336
2089.886719 0.018894
2091.126221 0.021043
2092.365723 0.018814
2093.604004 0.015993
2094.841797 0.019737
2096.078857 0.020536
2097.314697 0.019384
2098.550293 0.021109
2099.784912 0.016407
2101.018799 0.014341
2102.252197 0.019120
2103.484375 0.022641
2104.715820 0.021342
2105.947021 0.018137
2107.177246 0.019409
2108.406494 0.014422
2109.635010 0.013932
2110.862793 0.018080
2112.090088 0.015926
2113.316650 0.015926
2114.541992 0.024070
2115.766846 0.014554
2116.990967 0.012277
2118.214111 0.018772
2119.437012 0.016389
2120.659180 0.017783
2121.880371 0.017442
2123.100342 0.018053
2124.320068 0.021740
2125.539063 0.021733
2126.757568 0.021189
2127.974609 0.020041
2129.191162 0.017310
2130.406982 0.014493
2131.622314 0.015984
2132.836914 0.016892
2134.050537 0.018026
2135.263428 0.015016
2136.475586 0.020270
2137.686768 0.016468
2138.897705 0.017540
2140.107910 0.017259
2141.316895 0.020338
2142.525146 0.015361
2143.733154 0.018523
2144.940186 0.023047
2146.146240 0.016438
2147.351807 0.019500
2148.556641 0.018965
2149.760742 0.017309
2150.963623 0.020340
2152.166748 0.015716
2153.368408 0.015906
2154.569336 0.018911
2155.769531 0.019404
2156.969238 0.019290
2158.168213 0.019329
2159.365967 0.013515
2160.563477 0.014364
2161.760254 0.015681
2162.956299 0.022607
2164.151123 0.015521
2165.345703 0.015339
2166.539551 0.013472
2167.732666 0.021257
2168.924805 0.016004
2170.116211 0.015541
2171.307373 0.014951
2172.497314 0.021725
2173.686523 0.019725
2174.875000 0.019658
2176.062744 0.017109
2177.249756 0.019795
2178.436523 0.021399
2179.622070 0.017282
2180.807129 0.014269
2181.990967 0.015489
2183.174805 0.015598
2184.357422 0.013167
2185.539551 0.016508
2186.720215 0.017369
2187.901123 0.015896
2189.081299 0.014442
2190.260254 0.019659
2191.438477 0.014674
2192.616455 0.017600
2193.793213 0.016515
2194.968994 0.015714
2196.144531 0.016247
2197.319336 0.016494
2198.493652 0.016805
2199.666504 0.017026
2200.839111 0.015402
2202.010986 0.014615
2203.182373 0.019224
2204.352783 0.011274
2205.522461 0.021069
2206.691650 0.011966
2207.859619 0.019051
2209.027100 0.011318
2210.193848 0.021250
2211.360107 0.016098
2212.525146 0.016110
2213.689697 0.018046
2214.853760 0.018773
2216.017090 0.018733
2217.179443 0.016666
2218.341064 0.014500
2219.502441 0.017029
2220.662598 0.019396
2221.822266 0.017985
2222.981201 0.020443
2224.139404 0.017184
2225.296875 0.019707
2226.453369 0.013870
2227.609619 0.021180
2228.764648 0.019377
2229.919434 0.013328
2231.072998 0.018610
2232.226318 0.014203
2233.378662 0.021625
2234.530273 0.017680
2235.681396 0.015624
2236.831787 0.017734
2237.981445 0.016855
2239.130127 0.018190
2240.278564 0.014831
2241.426270 0.017182
2242.572754 0.014684
2243.718506 0.022024
2244.864258 0.021499
2246.008545 0.021545
2247.152588 0.023048
2248.295898 0.015484
2249.438232 0.022253
2250.580322 0.021179
2251.720947 0.019911
2252.861816 0.018492
2254.001221 0.021320
2255.140137 0.020394
2256.278564 0.014829
2257.416016 0.020880
2258.552734 0.023109
2259.688965 0.017821
2260.824219 0.009680
2261.958984 0.023596
2263.093018 0.016581
2264.226563 0.017743
2265.358887 0.017344
2266.490967 0.020508
2267.622314 0.015348
2268.752441 0.020790
2269.882324 0.026244
2271.011963 0.016796
2272.139893 0.015797
2273.267578 0.011847
2274.394775 0.018890
2275.520996 0.019301
2276.646729 0.017307
2277.771240 0.016116
2278.895752 0.020102
2280.019287 0.020092
2281.142090 0.022806
2282.264160 0.017346
2283.385498 0.013513
2284.506348 0.022283
2285.625977 0.022798
2286.745605 0.017131
2287.864014 0.017019
2288.981934 0.018395
2290.099365 0.020374
2291.215820 0.021335
2292.331787 0.014406
2293.447021 0.027431
2294.561279 0.012991
2295.675049 0.013810
2296.788330 0.023346
2297.900879 0.017615
2299.011963 0.015616
2300.123291 0.021896
2301.233398 0.018046
2302.343018 0.007882
2303.451904 0.020073
2304.560547 0.013603
2305.667725 0.012523
2306.774658 0.022836
2307.880859 0.017250
2308.986328 0.013296
2310.091309 0.021020
2311.195068 0.016145
2312.298584 0.020473
2313.401367 0.021002
2314.503418 0.019001
2315.604736 0.014779
2316.705322 0.016487
2317.805420 0.012077
2318.904785 0.016214
2320.003174 0.019538
2321.101074 0.015435
2322.198486 0.013640
2323.294678 0.014016
2324.390869 0.020322
2325.486084 0.023101
2326.580566 0.017283
2327.674316 0.016484
2328.767578 0.022955
2329.859863 0.016442
2330.951904 0.021543
2332.042725 0.016741
2333.133301 0.019218
2334.223145 0.021647
2335.312500 0.018168
2336.400391 0.013971
2337.488281 0.015526
2338.575195 0.013817
2339.661377 0.015056
2340.747314 0.012835
2341.832275 0.017360
2342.916748 0.016400
2344.000000 0.013883
2345.083252 0.012785
2346.165283 0.018366
2347.246826 0.014877
2348.327881 0.014752
2349.408447 0.017480
2350.487793 0.017681
2351.566895 0.011016
2352.645020 0.012213
2353.722656 0.016362
2354.799561 0.012506
2355.875488 0.014906
2356.951172 0.019877
2358.025879 0.015734
2359.100342 0.015299
2360.173584 0.012670
2361.246582 0.017727
2362.318848 0.013131
2363.390625 0.012384
2364.461182 0.012991
2365.531494 0.016831
2366.601318 0.010090
2367.670166 0.012807
2368.738037 0.015857
2369.805664 0.012849
2370.872559 0.011335
2371.938721 0.019073
2373.004150 0.013245
2374.068848 0.014295
2375.133301 0.018768
2376.196777 0.018407
2377.259521 0.009944
2378.321777 0.020701
2379.383545 0.013251
2380.444092 0.019826
2381.504395 0.013127
2382.564453 0.015987
2383.623047 0.019893
2384.681152 0.012835
2385.739014 0.015149
2386.795654 0.011768
2387.852051 0.020956
2388.907227 0.016073
2389.962402 0.010708
2391.016602 0.024016
2392.070068 0.017708
2393.123291 0.014715
2394.175781 0.018161
2395.227295 0.011819
2396.277832 0.018332
2397.328369 0.011184
2398.378174 0.013022
2399.427002 0.007787
2400.475342 0.014158
2401.522949 0.019456
2402.570313 0.012735
2403.616455 0.017745
2404.662109 0.014328
2405.707520 0.016814
2406.752197 0.018097
2407.795654 0.017265
2408.838867 0.018078
2409.881104 0.009279
2410.923096 0.023923
2411.964111 0.018432
2413.004639 0.017552
2414.044922 0.017362
2415.083740 0.017505
2416.122070 0.016055
2417.160400 0.015751
2418.197998 0.012326
2419.234375 0.009182
2420.270020 0.014919
2421.305420 0.011452
2422.340332 0.013137
2423.374512 0.011488
2424.407715 0.015425
2425.440674 0.018601
2426.472656 0.006025
2427.504150 0.014259
2428.535156 0.019881
2429.564941 0.015224
2430.594727 0.009362
2431.623291 0.024318
2432.651611 0.013909
2433.679443 0.013108
2434.706543 0.013481
2435.732422 0.016383
2436.758301 0.018394
2437.783447 0.014988
2438.807861 0.008708
2439.831299 0.010564
2440.854736 0.017380
2441.876953 0.014732
2442.899170 0.015275
2443.920166 0.011388
2444.940918 0.019558
2445.960693 0.017070
2446.979736 0.009851
2447.998535 0.012622
2449.016846 0.009422
2450.034180 0.010728
2451.051025 0.011996
2452.066650 0.009426
2453.082520 0.010643
2454.097412 0.017631
2455.111328 0.017971
2456.125244 0.020082
2457.138428 0.014016
2458.150146 0.019259
2459.161865 0.017492
2460.173340 0.010675
2461.183594 0.019589
2462.193115 0.009567
2463.202637 0.014783
2464.211182 0.015103
2465.219238 0.018062
2466.226318 0.015064
2467.232910 0.013136
2468.239258 0.012559
2469.244629 0.017985
2470.249023 0.013545
2471.253418 0.015065
2472.257080 0.010500
2473.260010 0.017927
2474.261963 0.020263
2475.263672 0.012200
2476.264893 0.012998
2477.265137 0.016457
2478.265137 0.014787
2479.264160 0.021696
2480.262939 0.015025
2481.260498 0.012190
2482.257813 0.010663
2483.254883 0.005749
2484.250977 0.020601
2485.246094 0.017571
2486.240723 0.009852
2487.235107 0.015755
2488.228271 0.014112
2489.221191 0.019361
2490.213867 0.016202
2491.205811 0.015638
2492.196777 0.013065
2493.187256 0.012450
2494.177490 0.019072
2495.166260 0.008978
2496.155273 0.014319
2497.143555 0.001974
2498.130615 0.010944
2499.117432 0.014346
2500.104004 0.014155
2501.089111 0.014535
2502.073975 0.016410
2503.058594 0.015477
2504.042236 0.017502
2505.025391 0.020427
2506.008057 0.008935
2506.989746 0.013144
2507.971680 0.012306
2508.951904 0.021376
2509.931885 0.007981
2510.911621 0.016432
2511.890381 0.014936
2512.868408 0.013384
2513.846436 0.006518
2514.823242 0.018768
2515.800049 0.013019
2516.775879 0.012573
2517.750732 0.007817
2518.725830 0.011440
2519.699707 0.009371
2520.672852 0.015968
2521.645752 0.012672
2522.618164 0.015861
2523.589600 0.015581
2524.560791 0.017603
2525.531006 0.006647
2526.501221 0.017125
2527.470215 0.015351
2528.438721 0.006195
2529.406982 0.009419
2530.374268 0.020477
2531.341064 0.011639
2532.307373 0.012828
2533.272705 0.024880
2534.238281 0.019455
2535.202637 0.015174
2536.166260 0.017544
2537.129883 0.019297
2538.092285 0.009429
2539.054199 0.023429
2540.015869 0.014171
2540.976807 0.023225
2541.937012 0.017856
2542.896729 0.012800
2543.855957 0.024732
2544.814453 0.022754
2545.772217 0.007859
2546.729492 0.011393
2547.686523 0.012602
2548.642578 0.014936
2549.597656 0.015233
2550.552979 0.014706
2551.507080 0.016854
2552.460938 0.009897
2553.414795 0.015639
2554.366943 0.017784
2555.319336 0.021759
2556.270264 0.014622
2557.221191 0.003010
2558.171875 0.029457
2559.121582 0.014798
2560.070557 0.019963
2561.019287 0.015725
2561.966797 0.015217
2562.914795 0.006367
2563.861572 0.017876
2564.807617 0.022319
2565.753662 0.014595
2566.698242 0.017135
2567.642578 0.014713
2568.586426 0.015091
2569.529541 0.019305
2570.472412 0.022942
2571.414795 0.012268
2572.356689 0.013363
2573.297852 0.012696
2574.237793 0.011989
2575.177490 0.013456
2576.116943 0.014515
2577.055664 0.011900
2577.993896 0.012770
2578.931396 0.018203
2579.868408 0.024384
2580.804688 0.017627
2581.740723 0.011968
2582.675781 0.018330
2583.611084 0.016670
2584.544922 0.013959
2585.478516 0.018987
2586.411865 0.017313
2587.343994 0.008452
2588.275391 0.006032
2589.207275 0.012431
2590.137451 0.018663
2591.068359 0.010712
2591.997559 0.015166
2592.926758 0.023968
2593.855469 0.018131
2594.783203 0.013872
2595.710449 0.005345
2596.637451 0.023778
2597.563477 0.010173
2598.488770 0.012592
2599.414063 0.022529
2600.338623 0.008502
2601.262939 0.014549
2602.186279 0.008781
2603.109131 0.017787
2604.031494 0.015279
2604.953125 0.023317
2605.873779 0.010973
2606.794922 0.014157
2607.714844 0.021102
2608.635010 0.012006
2609.553467 0.019127
2610.471680 0.015989
2611.390137 0.007249
2612.307129 0.015423
2613.223389 0.014424
2614.140137 0.005959
2615.055908 0.023451
2615.970703 0.017308
2616.885498 0.014789
2617.799561 0.011943
2618.713135 -0.000404
2619.625977 0.021135
2620.537354 0.020855
2621.449951 0.022663
2622.361084 0.018133
2623.271729 0.008206
2624.182129 0.015581
2625.091553 0.009301
2626.000244 0.017181
2626.908936 0.015001
2627.817139 0.021135
2628.725098 0.024353
2629.631348 0.012771
2630.537842 0.019358
2631.443848 0.006675
2632.348877 0.005296
2633.253174 0.010511
2634.157959 0.011183
2635.061279 0.027386
2635.964844 0.009949
2636.866943 0.019377
2637.768799 0.011855
2638.670410 0.015281
2639.571533 0.010632
2640.471924 0.010354
2641.372070 0.011482
2642.270996 0.015359
2643.169922 0.009781
2644.068604 0.021892
2644.966064 0.021613
2645.863525 0.019588
2646.759766 0.016231
2647.656006 0.013771
2648.551758 0.014788
2649.447021 0.020107
2650.341064 0.019426
2651.235596 0.007896
2652.128906 0.010858
2653.021484 0.017993
2653.914795 0.020974
2654.806396 0.015354
2655.697998 0.017495
2656.588623 0.019121
2657.478516 0.012687
2658.368896 0.007304
2659.257813 0.004581
2660.146484 0.005125
2661.035400 0.016498
2661.922607 0.014343
2662.810303 0.014566
2663.696777 0.011453
2664.582520 0.014779
2665.468994 0.012605
2666.353760 0.017088
2667.237793 0.023812
2668.122314 0.006974
2669.005859 0.025274
2669.888672 0.020953
2670.771484 0.015210
2671.653320 0.026099
2672.535156 0.023363
2673.416260 0.022307
2674.296143 0.009383
2675.176514 0.020293
2676.055664 0.025118
2676.934570 0.021928
2677.813232 0.025074
2678.691406 0.016607
2679.569092 0.019196
2680.445557 0.011922
2681.321777 0.022187
2682.197998 0.026862
2683.073486 0.019873
2683.948242 0.014436
2684.822998 0.020946
2685.696289 0.006729
2686.569824 0.026738
2687.442627 0.032440
2688.314697 0.033925
2689.187012 0.023958
2690.057861 0.020472
2690.928955 0.023183
2691.799316 0.005295
2692.669189 0.029568
2693.538330 0.015847
2694.407471 0.024353
2695.275635 0.028398
2696.143311 0.025710
2697.010986 0.028936
2697.877686 0.029550
2698.744629 0.034980
2699.609863 0.042232
2700.474854 0.031097
2701.340576 0.041944
2702.204834 0.046838
2703.068115 0.028269
2703.932129 0.033977
2704.794922 0.049302
2705.657227 0.044742
2706.519043 0.041205
2707.380371 0.056601
2708.241943 0.053972
2709.101807 0.038194
2709.961670 0.057075
2710.821777 0.041664
2711.680664 0.054172
2712.538818 0.037972
2713.396973 0.050396
2714.254395 0.053511
2715.111816 0.042597
2715.968262 0.051365
2716.823975 0.052547
2717.680176 0.039356
2718.535156 0.044206
2719.389404 0.044218
2720.243896 0.052278
2721.097412 0.048123
2721.951172 0.045822
2722.803467 0.058974
2723.656006 0.054543
2724.507813 0.058180
2725.359131 0.043564
2726.209473 0.047443
2727.060547 0.048275
2727.909912 0.036213
2728.759033 0.032367
2729.608398 0.041964
2730.457031 0.050282
2731.305176 0.042233
2732.152588 0.030401
2732.999268 0.030793
2733.846191 0.027223
2734.692139 0.043883
2735.537598 0.043077
2736.383057 0.043215
2737.227539 0.037172
2738.071777 0.028936
2738.915771 0.044241
2739.759033 0.034508
2740.602295 0.030956
2741.444580 0.057472
2742.286377 0.039540
2743.128174 0.047161
2743.968750 0.038159
2744.809326 0.030710
2745.649658 0.029472
2746.489014 0.043042
2747.328857 0.024841
2748.167236 0.044533
2749.005127 0.036116
2749.843750 0.032521
2750.680908 0.057560
2751.517578 0.038195
2752.354248 0.042930
2753.190186 0.041935
2754.025635 0.043989
2754.860840 0.054306
2755.695313 0.042420
2756.529785 0.043332
2757.363525 0.041584
2758.196777 0.026699
2759.029541 0.032584
2759.862061 0.036243
2760.693848 0.029464
2761.525635 0.055494
2762.356445 0.019608
2763.187500 0.027096
2764.017334 0.023929
2764.847412 0.036641
2765.676758 0.032031
2766.505127 0.036082
2767.333740 0.020939
2768.162109 0.031438
2768.989502 0.020773
2769.815918 0.018996
2770.643311 0.019266
2771.469238 0.031787
2772.295166 0.029368
2773.120850 0.023193
2773.945313 0.040442
2774.770020 0.041538
2775.594238 0.028888
2776.417480 0.026092
2777.240967 0.029201
2778.063477 0.021896
2778.885742 0.042070
2779.708008 0.028977
2780.529541 0.031224
2781.350830 0.036869
2782.171387 0.015889
2782.991455 0.047614
2783.811279 0.024808
2784.630615 0.029811
2785.449219 0.029139
2786.268311 0.027439
2787.086182 0.041085
2787.904053 0.028337
2788.721191 0.030280
2789.537842 0.017343
2790.354492 0.028588
2791.170166 0.037155
2791.985840 0.028583
2792.801270 0.019139
2793.615479 0.026228
2794.430176 0.026918
2795.244385 0.022230
2796.057617 0.024947
2796.871094 0.028903
2797.683350 0.034377
2798.495361 0.040308
2799.307617 0.036862
2800.118896 0.032181
2800.929932 0.041037
2801.740723 0.047365
2802.550781 0.026053
2803.360596 0.025189
2804.170166 0.051801
2804.979004 0.040081
2805.787842 0.029425
2806.596191 0.037931
2807.403564 0.029104
2808.211670 0.018307
2809.018066 0.032578
2809.824951 0.052611
2810.631348 0.039799
2811.436523 0.039359
2812.242188 0.040996
2813.047363 0.042668
2813.851807 0.061137
2814.656006 0.069955
2815.459717 0.040272
2816.263184 0.062478
2817.066406 0.034423
2817.868896 0.059406
2818.671143 0.052699
2819.472900 0.061970
2820.274170 0.071148
2821.075928 0.063994
2821.876221 0.077179
2822.677002 0.057248
2823.476807 0.075304
2824.276123 0.044180
2825.074951 0.071305
2825.874268 0.065520
2826.672363 0.072763
2827.470703 0.060700
2828.268066 0.069759
2829.065186 0.079429
2829.862305 0.049601
2830.658691 0.075351
2831.454346 0.077421
2832.250732 0.067729
2833.046143 0.082746
2833.840576 0.095740
2834.635498 0.065820
2835.429688 0.089572
2836.223877 0.096302
2837.017090 0.096871
2837.810303 0.088755
2838.603027 0.075522
2839.395508 0.103182
2840.187012 0.100452
2840.978760 0.099674
2841.770264 0.085687
2842.560791 0.104239
2843.351807 0.097103
2844.141846 0.108002
2844.931885 0.106505
2845.721191 0.092920
2846.510010 0.111567
2847.299316 0.119421
2848.087402 0.115702
2848.875244 0.123338
2849.663574 0.121052
2850.450195 0.114587
2851.237793 0.117825
2852.023926 0.150892
2852.810059 0.138531
2853.596436 0.157630
2854.381836 0.134678
2855.166748 0.140996
2855.951904 0.136791
2856.736084 0.132033
2857.519775 0.145840
2858.304199 0.152710
2859.087646 0.154497
2859.870605 0.170135
2860.653564 0.214506
2861.435547 0.192891
2862.217773 0.209434
2862.999268 0.190955
2863.780762 0.235360
2864.561768 0.194061
2865.342285 0.224247
2866.122803 0.229202
2866.903076 0.279728
2867.682617 0.276265
2868.462158 0.268298
2869.240967 0.295305
2870.019775 0.296501
2870.798096 0.307838
2871.575928 0.361090
2872.353516 0.318210
2873.130859 0.348897
2873.907959 0.370907
2874.684814 0.359785
2875.460938 0.390755
2876.236816 0.414174
2877.012939 0.376271
2877.788086 0.361458
2878.562988 0.399739
2879.338135 0.421543
2880.112305 0.398109
2880.886230 0.404984
2881.660400 0.404435
2882.433594 0.412204
2883.206787 0.401108
2883.979248 0.405518
2884.751953 0.374612
2885.524170 0.376787
2886.295898 0.375146
2887.067383 0.387533
2887.839355 0.388381
2888.609619 0.377820
2889.380615 0.355006
2890.150635 0.359036
2890.920654 0.341488
2891.690918 0.336051
2892.459229 0.356262
2893.228271 0.349636
2893.997314 0.322616
2894.765869 0.324618
2895.533936 0.327926
2896.302002 0.329342
2897.069580 0.321478
2897.836670 0.278768
2898.603516 0.293198
2899.370117 0.307651
2900.136719 0.287280
2900.902588 0.298946
2901.668701 0.296418
2902.433838 0.286870
2903.198975 0.282321
2903.964111 0.291156
2904.728760 0.293641
2905.492676 0.285808
2906.257080 0.259743
2907.020264 0.258675
2907.783447 0.260478
2908.547363 0.249678
2909.309814 0.259567
2910.072266 0.290768
2910.834717 0.279856
2911.596924 0.270921
2912.358887 0.274006
2913.120361 0.314098
2913.880859 0.291156
2914.642090 0.291105
spectrumdark 2048
-92.417740 4715.000000
-89.792534 4715.000000
-87.169212 4907.000000
-84.547775 4373.000000
-81.928223 4587.000000
-79.310562 4242.000000
-76.694778 4719.000000
-74.080872 4783.000000
-71.468849 4480.000000
-68.858704 4447.000000
-66.250420 4300.000000
-63.644016 4243.000000
-61.039482 4219.000000
-58.436813 4540.000000
-55.836006 4567.000000
-53.237068 4409.000000
-50.639992 4662.000000
-48.044769 4590.000000
-45.451405 4550.000000
-42.859901 4590.000000
-40.270252 4607.000000
-37.682449 4281.000000
-35.096493 4269.000000
-32.512390 4469.000000
-29.930132 4516.000000
-27.349710 4596.000000
-24.771141 4602.000000
-22.194414 4623.000000
-19.619513 4327.000000
-17.046450 4521.000000
-14.475228 4421.000000
-11.905837 4514.000000
-9.338269 4190.000000
-6.772529 4315.000000
-4.208623 4335.000000
-1.646542 4488.000000
0.913725 4636.000000
3.472172 4464.000000
6.028793 4510.000000
8.583597 4475.000000
11.136594 4305.000000
13.687778 4390.000000
16.237144 4653.000000
18.784702 4361.000000
21.330463 4318.000000
23.874414 4902.000000
26.416557 4206.000000
28.956900 5255.000000
31.495447 4891.000000
34.032196 4660.000000
36.567158 4345.000000
39.100311 4609.000000
41.631680 4619.000000
44.161259 4660.000000
46.689037 4296.000000
49.215046 4620.000000
51.739277 4792.000000
54.261719 4440.000000
56.782375 4333.000000
59.301243 4577.000000
61.818352 4746.000000
64.333687 4801.000000
66.847229 4733.000000
69.359016 4522.000000
71.869026 4394.000000
74.377289 4414.000000
76.883774 4398.000000
79.388481 4711.000000
81.891441 4321.000000
84.392654 4442.000000
86.892075 4601.000000
89.389755 4445.000000
91.885689 4771.000000
94.379868 4474.000000
96.872299 4261.000000
99.362968 4512.000000
101.851898 4639.000000
104.339088 4566.000000
106.824532 4062.000000
109.308228 4579.000000
111.790184 4356.000000
114.270416 4432.000000
116.748901 4493.000000
119.225655 4473.000000
121.700684 4739.000000
124.173965 4581.000000
126.645515 4502.000000
129.115356 4470.000000
131.583450 4527.000000
134.049835 4534.000000
136.514511 4598.000000
138.977463 4573.000000
141.438690 4369.000000
143.898193 4435.000000
146.355957 4461.000000
148.812057 4922.000000
151.266418 4606.000000
153.719101 4344.000000
156.170059 4738.000000
158.619308 4703.000000
161.066864 4582.000000
163.512695 4625.000000
165.956848 4437.000000
168.399277 4762.000000
170.840027 4584.000000
173.279099 4561.000000
175.716461 4796.000000
178.152130 4903.000000
180.586090 4496.000000
183.018417 4693.000000
185.449005 4500.000000
187.877930 4724.000000
190.305161 4643.000000
192.730728 4353.000000
195.154617 4364.000000
197.576828 4481.000000
199.997360 4636.000000
202.416199 4863.000000
204.833359 4556.000000
207.248886 4481.000000
209.662720 4647.000000
212.074921 4440.000000
214.485428 4763.000000
216.894287 4533.000000
219.301437 4171.000000
221.706970 4287.000000
224.110840 4364.000000
226.513046 4500.000000
228.913620 4651.000000
231.312531 4522.000000
233.709778 4447.000000
236.105392 4953.000000
238.499344 4885.000000
240.891617 4735.000000
243.282272 4684.000000
245.671295 4751.000000
248.058685 4439.000000
250.444427 4539.000000
252.828537 4744.000000
255.210999 4809.000000
257.591797 4784.000000
259.971008 4642.000000
262.348572 4694.000000
264.724487 4442.000000
267.098816 4739.000000
269.471497 4889.000000
271.842560 4556.000000
274.212006 4792.000000
276.579803 4402.000000
278.945984 4211.000000
281.310577 4211.000000
283.673523 4572.000000
286.034851 4497.000000
288.394592 4596.000000
290.752716 4656.000000
293.109222 4992.000000
295.464111 4657.000000
297.817383 4843.000000
300.169098 4733.000000
302.519196 4457.000000
304.867706 4410.000000
307.214569 5078.000000
309.559845 4610.000000
311.903534 4664.000000
314.245605 4595.000000
316.586121 4312.000000
318.925049 4568.000000
321.262360 4465.000000
323.598114 4252.000000
325.932220 4407.000000
328.264801 4478.000000
330.595795 4422.000000
332.925171 4747.000000
335.252991 4634.000000
337.579224 4587.000000
339.903870 4550.000000
342.226959 4472.000000
344.548462 4792.000000
346.868439 4408.000000
349.186798 4382.000000
351.503571 5066.000000
353.818787 5037.000000
356.132446 4565.000000
358.444550 4317.000000
360.755066 4702.000000
363.064026 4513.000000
365.371460 4663.000000
367.677338 4730.000000
369.981628 4819.000000
372.284332 4424.000000
374.585541 4528.000000
376.885193 4659.000000
379.183258 4469.000000
381.479797 4422.000000
383.774780 4534.000000
386.068237 5001.000000
388.360199 4438.000000
390.650513 4687.000000
392.939331 4581.000000
395.226624 4469.000000
397.512360 4683.000000
399.796478 4837.000000
402.079163 4987.000000
404.360291 4811.000000
406.639893 5175.000000
408.917969 4687.000000
411.194550 4684.000000
413.469543 5040.000000
415.743042 5816.000000
418.015015 6392.000000
420.285431 6435.000000
422.554382 6065.000000
424.821777 5016.000000
427.087646 4466.000000
429.352051 4745.000000
431.614899 5114.000000
433.876160 4351.000000
436.136017 4402.000000
438.394318 4310.000000
440.651123 4379.000000
442.906403 4261.000000
445.160217 4618.000000
447.412537 4168.000000
449.663330 4406.000000
451.912598 4443.000000
454.160400 4399.000000
456.406677 4701.000000
458.651459 4400.000000
460.894775 4546.000000
463.136566 4310.000000
465.376862 4271.000000
467.615692 4460.000000
469.852997 4484.000000
472.088806 4517.000000
474.323151 4290.000000
476.556030 4675.000000
478.787384 4694.000000
481.017273 4548.000000
483.245697 4739.000000
485.472656 4637.000000
487.698120 4776.000000
489.922089 4530.000000
492.144592 4533.000000
494.365631 4736.000000
496.585205 4795.000000
498.803284 4670.000000
501.019897 4712.000000
503.235046 4439.000000
505.448730 4538.000000
507.660950 4715.000000
509.871674 4564.000000
512.080994 4781.000000
514.288818 4367.000000
516.495239 4524.000000
518.700195 4603.000000
520.903625 4662.000000
523.105591 4346.000000
525.306152 4751.000000
527.505249 4801.000000
529.703003 4626.000000
531.899109 4786.000000
534.093872 4761.000000
536.287170 4920.000000
538.479065 4451.000000
540.669495 4476.000000
542.858398 4398.000000
545.045959 4379.000000
547.232056 4133.000000
549.416626 4208.000000
551.599915 4486.000000
553.781677 4245.000000
555.962036 4254.000000
558.140930 4639.000000
560.318420 4529.000000
562.494446 4477.000000
564.669067 4511.000000
566.842285 4610.000000
569.014160 4632.000000
571.184448 4383.000000
573.353394 4687.000000
575.520813 4736.000000
577.686890 4649.000000
579.851563 4652.000000
582.014832 4575.000000
584.176697 4483.000000
586.337097 4648.000000
588.496033 4772.000000
590.653687 4521.000000
592.809875 4207.000000
594.964600 4406.000000
597.117981 4773.000000
599.269958 4444.000000
601.420532 4323.000000
603.569641 4443.000000
605.717407 4920.000000
607.863770 4722.000000
610.008667 4537.000000
612.152161 4475.000000
614.294312 4619.000000
616.435120 4550.000000
618.574402 4570.000000
620.712463 4395.000000
622.849060 4324.000000
624.984131 4871.000000
627.118042 4662.000000
629.250427 4402.000000
631.381409 5610.000000
633.511108 4680.000000
635.639221 4239.000000
637.766235 5113.000000
639.891663 4906.000000
642.015869 5093.000000
644.138428 4636.000000
646.259827 4619.000000
648.379761 4707.000000
650.498352 4465.000000
652.615601 4731.000000
654.731445 4686.000000
656.845947 4282.000000
658.959106 4527.000000
661.070740 4846.000000
663.181152 4531.000000
665.290222 4504.000000
667.397888 4649.000000
669.504150 4451.000000
671.609009 4224.000000
673.712585 4542.000000
675.814880 4313.000000
677.915649 4291.000000
680.015076 4838.000000
682.113220 4617.000000
684.209961 4533.000000
686.305420 4588.000000
688.399597 5250.000000
690.492188 4588.000000
692.583618 4852.000000
694.673706 4623.000000
696.762329 4902.000000
698.849670 4477.000000
700.935730 4754.000000
703.020325 4697.000000
705.103638 4262.000000
707.185547 4630.000000
709.266235 4371.000000
711.345459 4633.000000
713.423340 4566.000000
715.500000 4614.000000
717.575317 4717.000000
719.649231 4699.000000
721.721924 4319.000000
723.793152 4625.000000
725.863098 4453.000000
727.931763 4360.000000
729.999084 4952.000000
732.065063 4415.000000
734.129761 4539.000000
736.192993 4711.000000
738.255005 4369.000000
740.315735 4757.000000
742.375061 4591.000000
744.433167 4639.000000
746.489807 4366.000000
748.545227 4467.000000
750.599365 4300.000000
752.652161 4782.000000
754.703674 4284.000000
756.753784 4380.000000
758.802673 4462.000000
760.850220 4529.000000
762.896423 4641.000000
764.941406 4430.000000
766.985046 5137.000000
769.027344 4666.000000
771.068420 4411.000000
773.108093 4560.000000
775.146545 4721.000000
777.183594 4634.000000
779.219360 4594.000000
781.253906 4551.000000
783.287170 4145.000000
785.319092 4587.000000
787.349731 4376.000000
789.379089 4244.000000
791.407227 4502.000000
793.433960 4535.000000
795.459473 4683.000000
797.483643 4486.000000
799.506531 4400.000000
801.528137 4757.000000
803.548523 4446.000000
805.567566 5058.000000
807.585327 4625.000000
809.601868 4402.000000
811.617126 4475.000000
813.631042 4774.000000
815.643616 4490.000000
817.655029 4462.000000
819.665100 4454.000000
821.674072 4699.000000
823.681519 4508.000000
825.687927 4641.000000
827.692932 4421.000000
829.696594 4420.000000
831.699158 4348.000000
833.700256 4442.000000
835.700317 4419.000000
837.698914 4518.000000
839.696411 4284.000000
841.692566 4317.000000
843.687561 4469.000000
845.681152 4463.000000
847.673523 4725.000000
849.664673 4857.000000
851.654602 4594.000000
853.643127 4491.000000
855.630554 4459.000000
857.616577 4443.000000
859.601501 4643.000000
861.585083 4338.000000
863.567444 4835.000000
865.548584 4527.000000
867.528381 4634.000000
869.507080 4603.000000
871.484375 5468.000000
873.460571 4876.000000
875.435425 4620.000000
877.409119 4673.000000
879.381470 4494.000000
881.352661 4526.000000
883.322510 4713.000000
885.291321 4577.000000
887.258667 4390.000000
889.224915 4397.000000
891.189880 4478.000000
893.153564 5171.000000
895.116150 4610.000000
897.077393 4393.000000
899.037476 4700.000000
900.996216 4482.000000
902.953857 4330.000000
904.910217 4673.000000
906.865479 4527.000000
908.819336 4769.000000
910.772095 4125.000000
912.723450 4266.000000
914.673767 4366.000000
916.622742 4563.000000
918.570618 4559.000000
920.517151 4208.000000
922.462463 4573.000000
924.406677 4437.000000
926.349670 4283.000000
928.291443 4687.000000
930.231812 4309.000000
932.171143 4532.000000
934.109192 4362.000000
936.046204 4495.000000
937.981812 4339.000000
939.916321 4514.000000
941.849487 4110.000000
943.781677 4529.000000
945.712463 4255.000000
947.642151 4340.000000
949.570557 4813.000000
951.497864 4557.000000
953.423706 4587.000000
955.348572 4578.000000
957.272278 4262.000000
959.194641 4740.000000
961.116028 4270.000000
963.036011 4862.000000
964.954834 4401.000000
966.872498 4385.000000
968.789063 4916.000000
970.704224 4462.000000
972.618408 4684.000000
974.531250 4511.000000
976.442993 4447.000000
978.353455 4445.000000
980.262878 4681.000000
982.170959 4461.000000
984.077881 4588.000000
985.983704 4416.000000
987.888245 4495.000000
989.791809 4968.000000
991.693970 4347.000000
993.595032 4542.000000
995.494873 4378.000000
997.393677 4436.000000
999.291138 4521.000000
1001.187622 4403.000000
1003.082581 4944.000000
1004.976746 4321.000000
1006.869507 4569.000000
1008.761230 4600.000000
1010.651733 4339.000000
1012.540955 4612.000000
1014.429199 4543.000000
1016.316101 4467.000000
1018.202026 4484.000000
1020.086487 4423.000000
1021.970093 4200.000000
1023.852356 4263.000000
1025.733643 4662.000000
1027.613525 4641.000000
1029.492432 4324.000000
1031.370117 4668.000000
1033.246704 4623.000000
1035.122070 4281.000000
1036.996216 4442.000000
1038.869141 4102.000000
1040.741089 4149.000000
1042.611816 4546.000000
1044.481323 4540.000000
1046.349976 4468.000000
1048.217041 4265.000000
1050.083374 4546.000000
1051.948242 4321.000000
1053.812134 4328.000000
1055.674805 4372.000000
1057.536377 4440.000000
1059.396729 4406.000000
1061.255981 4587.000000
1063.114014 4661.000000
1064.971069 4936.000000
1066.826904 4346.000000
1068.681641 4321.000000
1070.534912 4435.000000
1072.387451 4574.000000
1074.238770 4404.000000
1076.088867 4449.000000
1077.937866 4256.000000
1079.785767 4503.000000
1081.632446 5130.000000
1083.478027 4656.000000
1085.322510 4463.000000
1087.165771 4349.000000
1089.007935 4616.000000
1090.849121 4309.000000
1092.688965 4265.000000
1094.527954 4375.000000
1096.365601 5567.000000
1098.202026 4336.000000
1100.037598 4451.000000
1101.871704 4247.000000
1103.704956 4490.000000
1105.536987 4715.000000
1107.367798 4430.000000
1109.197632 4243.000000
1111.026367 4595.000000
1112.854004 4342.000000
1114.680420 4260.000000
1116.505737 4492.000000
1118.329956 4210.000000
1120.153076 4414.000000
1121.974976 4153.000000
1123.796143 4560.000000
1125.615723 4517.000000
1127.434448 4469.000000
1129.251953 4530.000000
1131.068359 4314.000000
1132.883667 4572.000000
1134.697876 4352.000000
1136.510986 4463.000000
1138.323120 4317.000000
1140.134033 4289.000000
1141.943726 4498.000000
1143.752441 4517.000000
1145.559937 4338.000000
1147.366699 4599.000000
1149.171997 4363.000000
1150.976196 4313.000000
1152.779297 4707.000000
1154.581421 4678.000000
1156.382446 4712.000000
1158.182373 4539.000000
1159.981079 4872.000000
1161.778687 4578.000000
1163.575439 4417.000000
1165.370850 4936.000000
1167.165283 4527.000000
1168.958618 4809.000000
1170.750854 4189.000000
1172.541992 5158.000000
1174.332153 4209.000000
1176.120972 4411.000000
1177.908936 8356.000000
1179.695557 4311.000000
1181.481323 4630.000000
1183.265991 4455.000000
1185.049561 4530.000000
1186.832031 4154.000000
1188.613281 4386.000000
1190.393555 4670.000000
1192.172729 4155.000000
1193.950806 4569.000000
1195.728027 4361.000000
1197.503906 4770.000000
1199.278564 4457.000000
1201.052612 4263.000000
1202.825317 4415.000000
1204.596924 4683.000000
1206.367554 4341.000000
1208.137207 4494.000000
1209.905518 4735.000000
1211.672974 4412.000000
1213.439209 4387.000000
1215.204468 4428.000000
1216.968628 4296.000000
1218.731567 4550.000000
1220.493652 4433.000000
1222.254517 4350.000000
1224.014526 4693.000000
1225.773438 4573.000000
1227.531006 4921.000000
1229.287842 4451.000000
1231.043457 4345.000000
1232.797974 4911.000000
1234.551514 4355.000000
1236.303955 4542.000000
1238.055420 4490.000000
1239.805542 4594.000000
1241.554932 4350.000000
1243.303101 4427.000000
1245.050293 4817.000000
1246.796265 4565.000000
1248.541382 4308.000000
1250.285278 4318.000000
1252.028198 4343.000000
1253.770142 4419.000000
1255.510986 4396.000000
1257.250732 4560.000000
1258.989502 4457.000000
1260.727173 4322.000000
1262.463745 4700.000000
1264.199341 4542.000000
1265.933960 4586.000000
1267.667358 4855.000000
1269.399780 4369.000000
1271.131348 4457.000000
1272.861450 4604.000000
1274.590820 4614.000000
1276.319214 4570.000000
1278.046265 4307.000000
1279.772583 4878.000000
1281.497559 4522.000000
1283.221802 4561.000000
1284.944702 4714.000000
1286.666870 4471.000000
1288.387817 4778.000000
1290.107910 4357.000000
1291.826782 4699.000000
1293.544678 4574.000000
1295.261475 4922.000000
1296.977295 4418.000000
1298.691895 4920.000000
1300.405762 4188.000000
1302.118408 4349.000000
1303.830078 4660.000000
1305.540894 4958.000000
1307.250488 4621.000000
1308.959106 4332.000000
1310.666626 4351.000000
1312.373169 4334.000000
1314.078613 4397.000000
1315.783203 4399.000000
1317.486572 4278.000000
1319.189087 4475.000000
1320.890503 4520.000000
1322.590942 4358.000000
1324.290161 4491.000000
1325.988647 4353.000000
1327.686035 4462.000000
1329.382202 4816.000000
1331.077515 4353.000000
1332.771729 4879.000000
1334.465088 4559.000000
1336.157349 4729.000000
1337.848511 4557.000000
1339.538696 4735.000000
1341.228027 4343.000000
1342.916138 4683.000000
1344.603394 4642.000000
1346.289429 4551.000000
1347.974609 4843.000000
1349.658569 4935.000000
1351.341797 4515.000000
1353.023804 4654.000000
1354.704956 4591.000000
1356.385254 4470.000000
1358.064331 4191.000000
1359.742310 4635.000000
1361.419312 4785.000000
1363.095581 4531.000000
1364.770630 4529.000000
1366.444458 4794.000000
1368.117676 4628.000000
1369.789795 4859.000000
1371.460693 4412.000000
1373.130981 4415.000000
1374.799927 4586.000000
1376.467896 4553.000000
1378.134888 4256.000000
1379.801270 4369.000000
1381.466187 4576.000000
1383.130249 4609.000000
1384.793335 4700.000000
1386.455200 4384.000000
1388.116455 4430.000000
1389.776611 4581.000000
1391.435547 4495.000000
1393.093750 4841.000000
1394.750854 4397.000000
1396.406860 4712.000000
1398.062012 4691.000000
1399.716187 4346.000000
1401.369507 4691.000000
1403.021362 4738.000000
1404.672729 4361.000000
1406.322754 4848.000000
1407.972168 4722.000000
1409.620239 4575.000000
1411.267334 4529.000000
1412.913818 4700.000000
1414.558960 4220.000000
1416.203369 4709.000000
1417.846436 4595.000000
1419.488892 4314.000000
1421.130249 4612.000000
1422.770508 4381.000000
1424.409790 4927.000000
1426.048218 4658.000000
1427.685547 4401.000000
1429.322021 4497.000000
1430.957520 4719.000000
1432.591919 5064.000000
1434.225464 4536.000000
1435.857910 4322.000000
1437.489502 4346.000000
1439.120239 4383.000000
1440.749878 4750.000000
1442.378296 4293.000000
1444.005981 4705.000000
1445.632690 4845.000000
1447.258423 4915.000000
1448.883057 4809.000000
1450.506958 4448.000000
1452.129639 5128.000000
1453.751587 4519.000000
1455.372437 4414.000000
1456.992310 4483.000000
1458.611206 4488.000000
1460.229126 4658.000000
1461.846069 4643.000000
1463.462280 4569.000000
1465.077393 4815.000000
1466.691406 4613.000000
1468.304688 4842.000000
1469.916748 4366.000000
1471.527954 4752.000000
1473.138306 4472.000000
1474.747803 4748.000000
1476.355835 4104.000000
1477.963379 4404.000000
1479.569824 4517.000000
1481.175293 4568.000000
1482.779785 4301.000000
1484.383423 4480.000000
1485.985718 4593.000000
1487.587524 4530.000000
1489.188354 4837.000000
1490.787964 4463.000000
1492.386719 4756.000000
1493.984741 4718.000000
1495.581421 4589.000000
1497.177368 4383.000000
1498.772461 4448.000000
1500.366333 4661.000000
1501.959595 4702.000000
1503.551636 4319.000000
1505.142700 4420.000000
1506.733032 4341.000000
1508.322266 4435.000000
1509.910645 4648.000000
1511.498169 4355.000000
1513.084473 4677.000000
1514.669922 4530.000000
1516.254639 4527.000000
1517.838379 4701.000000
1519.420776 4439.000000
1521.002563 4539.000000
1522.583496 4244.000000
1524.163452 4423.000000
1525.742188 4562.000000
1527.320068 4584.000000
1528.897339 4656.000000
1530.473267 4397.000000
1532.048340 4398.000000
1533.622681 4420.000000
1535.195923 4666.000000
1536.768555 4249.000000
1538.339600 4542.000000
1539.910034 4793.000000
1541.479736 4433.000000
1543.048340 4645.000000
1544.616089 4419.000000
1546.182861 4774.000000
1547.748535 4726.000000
1549.313232 4235.000000
1550.877319 4563.000000
1552.440430 4467.000000
1554.002563 4529.000000
1555.563599 4516.000000
1557.123901 4688.000000
1558.683105 4526.000000
1560.241699 4499.000000
1561.799072 4422.000000
1563.355591 4701.000000
1564.911133 4529.000000
1566.465698 4788.000000
1568.019531 4687.000000
1569.572388 4406.000000
1571.124268 4336.000000
1572.675293 4575.000000
1574.225220 4654.000000
1575.774292 4351.000000
1577.322754 4549.000000
1578.869751 4281.000000
1580.416260 4492.000000
1581.961792 4320.000000
1583.506470 4308.000000
1585.049683 4556.000000
1586.592529 4704.000000
1588.134277 4381.000000
1589.675171 4573.000000
1591.214966 4997.000000
1592.754150 4820.000000
1594.292114 4457.000000
1595.829224 4447.000000
1597.365601 4816.000000
1598.901001 4572.000000
1600.435547 4245.000000
1601.968872 4691.000000
1603.501587 4623.000000
1605.033447 4445.000000
1606.564209 4502.000000
1608.093994 4795.000000
1609.623047 4739.000000
1611.151123 4915.000000
1612.678101 4335.000000
1614.204590 4514.000000
1615.729858 4766.000000
1617.254395 4656.000000
1618.777588 4476.000000
1620.300537 4536.000000
1621.822266 4422.000000
1623.343018 4806.000000
1624.862793 4466.000000
1626.382080 4521.000000
1627.900024 4377.000000
1629.417358 4573.000000
1630.933472 4865.000000
1632.448975 4572.000000
1633.963623 4488.000000
1635.477051 4739.000000
1636.989746 4510.000000
1638.501587 4843.000000
1640.012573 4584.000000
1641.522583 4517.000000
1643.031494 4426.000000
1644.539795 4564.000000
1646.047119 4422.000000
1647.553467 4269.000000
1649.058838 4423.000000
1650.563721 4489.000000
1652.067505 4673.000000
1653.570313 4553.000000
1655.072144 4491.000000
1656.573364 4731.000000
1658.073608 4463.000000
1659.572754 4419.000000
1661.071045 4411.000000
1662.568604 4539.000000
1664.065063 4508.000000
1665.560791 4738.000000
1667.055542 4468.000000
1668.549561 4419.000000
1670.042603 4696.000000
1671.534668 4562.000000
1673.026123 4546.000000
1674.516357 4312.000000
1676.005859 4375.000000
1677.494507 4784.000000
1678.982178 4573.000000
1680.469238 4701.000000
1681.954956 4322.000000
1683.440063 4503.000000
1684.924438 4456.000000
1686.407349 4403.000000
1687.889893 4628.000000
1689.371338 4533.000000
1690.852051 4434.000000
1692.331787 4473.000000
1693.810791 4550.000000
1695.288696 4957.000000
1696.765991 4540.000000
1698.241943 4493.000000
1699.717529 4794.000000
1701.191895 4410.000000
1702.665649 4603.000000
1704.138306 4832.000000
1705.610352 4811.000000
1707.081299 4625.000000
1708.551147 4312.000000
1710.020508 4435.000000
1711.489014 4269.000000
1712.956421 4447.000000
1714.423096 5847.000000
1715.888550 4670.000000
1717.353638 5024.000000
1718.817627 4719.000000
1720.280762 4043.000000
1721.742920 4822.000000
1723.204468 4430.000000
1724.665039 4425.000000
1726.124390 5151.000000
1727.583374 4726.000000
1729.041260 5074.000000
1730.498413 4445.000000
1731.954346 4303.000000
1733.409668 4956.000000
1734.864258 4302.000000
1736.317627 4317.000000
1737.770386 4616.000000
1739.222290 4819.000000
1740.673218 4517.000000
1742.123169 4493.000000
1743.572632 4468.000000
1745.020874 4541.000000
1746.468628 4524.000000
1747.915039 4499.000000
1749.360962 4578.000000
1750.805908 5025.000000
1752.250000 4411.000000
1753.693115 5104.000000
1755.135376 4492.000000
1756.576904 4492.000000
1758.017578 4688.000000
1759.457275 4520.000000
1760.896240 4309.000000
1762.334351 4589.000000
1763.771484 4620.000000
1765.207886 4445.000000
1766.643433 4684.000000
1768.078003 4479.000000
1769.511719 4511.000000
1770.944580 4432.000000
1772.376831 5008.000000
1773.808105 4421.000000
1775.238159 4703.000000
1776.667725 4847.000000
1778.096680 4830.000000
1779.524292 4813.000000
1780.951050 4394.000000
1782.377319 4796.000000
1783.802734 4596.000000
1785.226807 5002.000000
1786.650513 4179.000000
1788.073242 4401.000000
1789.495117 4412.000000
1790.916016 4505.000000
1792.336304 4393.000000
1793.755615 4438.000000
1795.174072 4639.000000
1796.591553 4592.000000
1798.008423 4363.000000
1799.424316 4479.000000
1800.839233 4641.000000
1802.253540 4527.000000
1803.666992 4584.000000
1805.079712 4178.000000
1806.491211 4483.000000
1807.902100 4482.000000
1809.312134 4535.000000
1810.721436 4318.000000
1812.129395 4565.000000
1813.537109 4455.000000
1814.943848 4553.000000
1816.349487 4711.000000
1817.754395 4453.000000
1819.158447 4363.000000
1820.561890 4531.000000
1821.964233 4356.000000
1823.365967 4504.000000
1824.766846 4351.000000
1826.166748 4739.000000
1827.565674 4463.000000
1828.963989 4401.000000
1830.361328 4410.000000
1831.758057 4475.000000
1833.153687 4340.000000
1834.548706 4735.000000
1835.942871 4682.000000
1837.336060 4253.000000
1838.728394 4539.000000
1840.120117 4646.000000
1841.510864 4446.000000
1842.900879 4341.000000
1844.289673 4439.000000
1845.678101 4454.000000
1847.065674 4536.000000
1848.452026 4710.000000
1849.837769 4283.000000
1851.222900 4391.000000
1852.606934 4425.000000
1853.990112 4472.000000
1855.372803 4756.000000
1856.754150 4555.000000
1858.135132 4470.000000
1859.514893 4267.000000
1860.894165 4674.000000
1862.272583 4657.000000
1863.650146 4304.000000
1865.026733 4518.000000
1866.402466 4748.000000
1867.777466 4234.000000
1869.151489 4911.000000
1870.524902 4132.000000
1871.897583 4513.000000
1873.269287 4536.000000
1874.640137 4688.000000
1876.010254 4367.000000
1877.379639 5005.000000
1878.748169 4843.000000
1880.115479 4465.000000
1881.482422 5317.000000
1882.848267 4135.000000
1884.213623 4828.000000
1885.577881 4298.000000
1886.941284 4350.000000
1888.304077 4366.000000
1889.665894 4388.000000
1891.027100 4401.000000
1892.387329 4390.000000
1893.746704 4017.000000
1895.105225 4761.000000
1896.463013 4753.000000
1897.820068 4727.000000
1899.176392 4585.000000
1900.531616 4475.000000
1901.886108 4415.000000
1903.239990 4788.000000
1904.593018 4259.000000
1905.944824 4730.000000
1907.296143 4494.000000
1908.646851 4775.000000
1909.996460 4777.000000
1911.345093 4315.000000
1912.693359 4390.000000
1914.040527 4438.000000
1915.386841 4752.000000
1916.732422 4451.000000
1918.077393 4456.000000
1919.421509 4952.000000
1920.764526 4721.000000
1922.106934 4472.000000
1923.448486 4582.000000
1924.789551 4636.000000
1926.129272 4364.000000
1927.468506 4607.000000
1928.806885 4777.000000
1930.144531 4785.000000
1931.481079 4504.000000
1932.816895 4512.000000
1934.152100 4546.000000
1935.486328 4583.000000
1936.819946 4154.000000
1938.152588 4129.000000
1939.484741 4441.000000
1940.815796 4398.000000
1942.146240 4476.000000
1943.475708 4224.000000
1944.804565 4575.000000
1946.132080 4396.000000
1947.459229 4404.000000
1948.785767 4497.000000
1950.111206 4165.000000
1951.435791 4458.000000
1952.759888 4737.000000
1954.082886 4552.000000
1955.405151 4476.000000
1956.726807 4459.000000
1958.047241 4226.000000
1959.367432 4410.000000
1960.686401 4536.000000
1962.004883 4229.000000
1963.322510 4547.000000
1964.639404 4170.000000
1965.955200 4533.000000
1967.270264 4297.000000
1968.584717 4339.000000
1969.898315 4863.000000
1971.210693 4292.000000
1972.523071 4322.000000
1973.834229 4683.000000
1975.144531 4526.000000
1976.454102 4316.000000
1977.763062 4648.000000
1979.071167 5704.000000
1980.378174 4822.000000
1981.684570 4281.000000
1982.990479 4381.000000
1984.295410 4750.000000
1985.599243 4566.000000
1986.902710 4673.000000
1988.205200 4868.000000
1989.506958 4439.000000
1990.807861 4829.000000
1992.107910 4716.000000
1993.407227 4219.000000
1994.705688 4484.000000
1996.003662 4395.000000
1997.300781 4683.000000
1998.596924 4373.000000
1999.892212 4384.000000
2001.186890 4422.000000
2002.480835 4608.000000
2003.773926 4618.000000
2005.066284 4334.000000
2006.357788 4605.000000
2007.648438 4410.000000
2008.938477 4580.000000
2010.227539 4709.000000
2011.515991 4264.000000
2012.803589 4452.000000
2014.090576 4144.000000
2015.376343 4905.000000
2016.661865 4584.000000
2017.946533 4328.000000
2019.229858 4570.000000
2020.512817 4370.000000
2021.795166 4555.000000
2023.076294 4601.000000
2024.356934 4636.000000
2025.636719 5062.000000
2026.916016 4729.000000
2028.194214 4423.000000
2029.471680 4663.000000
2030.748413 4510.000000
2032.024414 4501.000000
2033.299561 4527.000000
2034.573975 4308.000000
2035.847534 5015.000000
2037.120483 4469.000000
2038.392334 4307.000000
2039.663818 4427.000000
2040.934326 4845.000000
2042.204346 4574.000000
2043.473022 4531.000000
2044.741333 4303.000000
2046.008911 4556.000000
2047.275391 4612.000000
2048.541016 4509.000000
2049.806152 4546.000000
2051.070801 4260.000000
2052.334473 4413.000000
2053.596924 4765.000000
2054.859131 4315.000000
2056.120361 4405.000000
2057.380859 4629.000000
2058.640625 4658.000000
2059.899658 4768.000000
2061.157959 4562.000000
2062.415283 4482.000000
2063.672119 4463.000000
2064.927979 4469.000000
2066.183105 4544.000000
2067.437500 4584.000000
2068.691406 4426.000000
2069.944092 4659.000000
2071.196533 4463.000000
2072.447510 4277.000000
2073.697998 4857.000000
2074.947998 4410.000000
2076.197021 4760.000000
2077.445313 4927.000000
2078.692871 4456.000000
2079.939697 4427.000000
2081.185547 4445.000000
2082.430908 4466.000000
2083.675537 4296.000000
2084.919189 4618.000000
2086.161865 4707.000000
2087.404053 4875.000000
2088.645996 4405.000000
2089.886719 4737.000000
2091.126221 4529.000000
2092.365723 4635.000000
2093.604004 4975.000000
2094.841797 4560.000000
2096.078857 4454.000000
2097.314697 4703.000000
2098.550293 4514.000000
2099.784912 4922.000000
2101.018799 4352.000000
2102.252197 4693.000000
2103.484375 4607.000000
2104.715820 4309.000000
2105.947021 4421.000000
2107.177246 4385.000000
2108.406494 4718.000000
2109.635010 4543.000000
2110.862793 4490.000000
2112.090088 4555.000000
2113.316650 4599.000000
2114.541992 4516.000000
2115.766846 4535.000000
2116.990967 4584.000000
2118.214111 4559.000000
2119.437012 4250.000000
2120.659180 4353.000000
2121.880371 4230.000000
2123.100342 4705.000000
2124.320068 4524.000000
2125.539063 4592.000000
2126.757568 4315.000000
2127.974609 4085.000000
2129.191162 4424.000000
2130.406982 4553.000000
2131.622314 4653.000000
2132.836914 4439.000000
2134.050537 4604.000000
2135.263428 4606.000000
2136.475586 4520.000000
2137.686768 4451.000000
2138.897705 4618.000000
2140.107910 4313.000000
2141.316895 4321.000000
2142.525146 4557.000000
2143.733154 4264.000000
2144.940186 4297.000000
2146.146240 4498.000000
2147.351807 4382.000000
2148.556641 4566.000000
2149.760742 4558.000000
2150.963623 4423.000000
2152.166748 4678.000000
2153.368408 4569.000000
2154.569336 4837.000000
2155.769531 4432.000000
2156.969238 4578.000000
2158.168213 4722.000000
2159.365967 4414.000000
2160.563477 4427.000000
2161.760254 4609.000000
2162.956299 4745.000000
2164.151123 4597.000000
2165.345703 4713.000000
2166.539551 4755.000000
2167.732666 4810.000000
2168.924805 4735.000000
2170.116211 4806.000000
2171.307373 4343.000000
2172.497314 4494.000000
2173.686523 4556.000000
2174.875000 4432.000000
2176.062744 4502.000000
2177.249756 4428.000000
2178.436523 4548.000000
2179.622070 4450.000000
2180.807129 4425.000000
2181.990967 4492.000000
2183.174805 4693.000000
2184.357422 4710.000000
2185.539551 4658.000000
2186.720215 4475.000000
2187.901123 4542.000000
2189.081299 4582.000000
2190.260254 4758.000000
2191.438477 5305.000000
2192.616455 4603.000000
2193.793213 4717.000000
2194.968994 4862.000000
2196.144531 4152.000000
2197.319336 4391.000000
2198.493652 4843.000000
2199.666504 4948.000000
2200.839111 4546.000000
2202.010986 4513.000000
2203.182373 4502.000000
2204.352783 4768.000000
2205.522461 4429.000000
2206.691650 4516.000000
2207.859619 4586.000000
2209.027100 4637.000000
2210.193848 5009.000000
2211.360107 5056.000000
2212.525146 4646.000000
2213.689697 4553.000000
2214.853760 5024.000000
2216.017090 4427.000000
2217.179443 4421.000000
2218.341064 4824.000000
2219.502441 4415.000000
2220.662598 4506.000000
2221.822266 4667.000000
2222.981201 4640.000000
2224.139404 4502.000000
2225.296875 4767.000000
2226.453369 4717.000000
2227.609619 4587.000000
2228.764648 4309.000000
2229.919434 4417.000000
2231.072998 4578.000000
2232.226318 4707.000000
2233.378662 4819.000000
2234.530273 4495.000000
2235.681396 4647.000000
2236.831787 4381.000000
2237.981445 4714.000000
2239.130127 4666.000000
2240.278564 4475.000000
2241.426270 4582.000000
2242.572754 4879.000000
2243.718506 4829.000000
2244.864258 4565.000000
2246.008545 4606.000000
2247.152588 4641.000000
2248.295898 4534.000000
2249.438232 4382.000000
2250.580322 4568.000000
2251.720947 4456.000000
2252.861816 4514.000000
2254.001221 4601.000000
2255.140137 4365.000000
2256.278564 4509.000000
2257.416016 4866.000000
2258.552734 4628.000000
2259.688965 4435.000000
2260.824219 4751.000000
2261.958984 4643.000000
2263.093018 4366.000000
2264.226563 4732.000000
2265.358887 4348.000000
2266.490967 4634.000000
2267.622314 4736.000000
2268.752441 4461.000000
2269.882324 4402.000000
2271.011963 4365.000000
2272.139893 4506.000000
2273.267578 4709.000000
2274.394775 4667.000000
2275.520996 4545.000000
2276.646729 4623.000000
2277.771240 5021.000000
2278.895752 4483.000000
2280.019287 4675.000000
2281.142090 4551.000000
2282.264160 4642.000000
2283.385498 4958.000000
2284.506348 4340.000000
2285.625977 4438.000000
2286.745605 4400.000000
2287.864014 4601.000000
2288.981934 4569.000000
2290.099365 4729.000000
2291.215820 4761.000000
2292.331787 4493.000000
2293.447021 4387.000000
2294.561279 4779.000000
2295.675049 4379.000000
2296.788330 4124.000000
2297.900879 4167.000000
2299.011963 4854.000000
2300.123291 4832.000000
2301.233398 4496.000000
2302.343018 4637.000000
2303.451904 4527.000000
2304.560547 4609.000000
2305.667725 4690.000000
2306.774658 4322.000000
2307.880859 4850.000000
2308.986328 4503.000000
2310.091309 4650.000000
2311.195068 4590.000000
2312.298584 4461.000000
2313.401367 4362.000000
2314.503418 4696.000000
2315.604736 4612.000000
2316.705322 4789.000000
2317.805420 5047.000000
2318.904785 4505.000000
2320.003174 4892.000000
2321.101074 4506.000000
2322.198486 4880.000000
2323.294678 4603.000000
2324.390869 4500.000000
2325.486084 4193.000000
2326.580566 4485.000000
2327.674316 4670.000000
2328.767578 4595.000000
2329.859863 4808.000000
2330.951904 4843.000000
2332.042725 4482.000000
2333.133301 4676.000000
2334.223145 4695.000000
2335.312500 4718.000000
2336.400391 4507.000000
2337.488281 4601.000000
2338.575195 4970.000000
2339.661377 4570.000000
2340.747314 4661.000000
2341.832275 4828.000000
2342.916748 4704.000000
2344.000000 4370.000000
2345.083252 4629.000000
2346.165283 5215.000000
2347.246826 4564.000000
2348.327881 4457.000000
2349.408447 4541.000000
2350.487793 4671.000000
2351.566895 4471.000000
2352.645020 4510.000000
2353.722656 4392.000000
2354.799561 4663.000000
2355.875488 4759.000000
2356.951172 4534.000000
2358.025879 4416.000000
2359.100342 4525.000000
2360.173584 4652.000000
2361.246582 4547.000000
2362.318848 4413.000000
2363.390625 4489.000000
2364.461182 4684.000000
2365.531494 4609.000000
2366.601318 4663.000000
2367.670166 4619.000000
2368.738037 4323.000000
2369.805664 4681.000000
2370.872559 4391.000000
2371.938721 4812.000000
2373.004150 4792.000000
2374.068848 4943.000000
2375.133301 4663.000000
2376.196777 4527.000000
2377.259521 4546.000000
2378.321777 4846.000000
2379.383545 4683.000000
2380.444092 4440.000000
2381.504395 4571.000000
2382.564453 4750.000000
2383.623047 4400.000000
2384.681152 4759.000000
2385.739014 4957.000000
2386.795654 4858.000000
2387.852051 4520.000000
2388.907227 4934.000000
2389.962402 4859.000000
2391.016602 4506.000000
2392.070068 4809.000000
2393.123291 4666.000000
2394.175781 4581.000000
2395.227295 4792.000000
2396.277832 4789.000000
2397.328369 4610.000000
2398.378174 4602.000000
2399.427002 4935.000000
2400.475342 4485.000000
2401.522949 4863.000000
2402.570313 4570.000000
2403.616455 4745.000000
2404.662109 4715.000000
2405.707520 4931.000000
2406.752197 4659.000000
2407.795654 4806.000000
2408.838867 4543.000000
2409.881104 4879.000000
2410.923096 4407.000000
2411.964111 4986.000000
2413.004639 4509.000000
2414.044922 4447.000000
2415.083740 4466.000000
2416.122070 4746.000000
2417.160400 4913.000000
2418.197998 4495.000000
2419.234375 4682.000000
2420.270020 4686.000000
2421.305420 4737.000000
2422.340332 4783.000000
2423.374512 4530.000000
2424.407715 4481.000000
2425.440674 4456.000000
2426.472656 4483.000000
2427.504150 4658.000000
2428.535156 4984.000000
2429.564941 4638.000000
2430.594727 4925.000000
2431.623291 4363.000000
2432.651611 4593.000000
2433.679443 4477.000000
2434.706543 4784.000000
2435.732422 4568.000000
2436.758301 4916.000000
2437.783447 4500.000000
2438.807861 5071.000000
2439.831299 4661.000000
2440.854736 4756.000000
2441.876953 4801.000000
2442.899170 4692.000000
2443.920166 4835.000000
2444.940918 4655.000000
2445.960693 4436.000000
2446.979736 4758.000000
2447.998535 4738.000000
2449.016846 5224.000000
2450.034180 4531.000000
2451.051025 4536.000000
2452.066650 4313.000000
2453.082520 4677.000000
2454.097412 4954.000000
2455.111328 4415.000000
2456.125244 4762.000000
2457.138428 4475.000000
2458.150146 4730.000000
2459.161865 4721.000000
2460.173340 4667.000000
2461.183594 4336.000000
2462.193115 4679.000000
2463.202637 5153.000000
2464.211182 4495.000000
2465.219238 4818.000000
2466.226318 4741.000000
2467.232910 4780.000000
2468.239258 4728.000000
2469.244629 4612.000000
2470.249023 4509.000000
2471.253418 4674.000000
2472.257080 4996.000000
2473.260010 4461.000000
2474.261963 4928.000000
2475.263672 4511.000000
2476.264893 4465.000000
2477.265137 4509.000000
2478.265137 4560.000000
2479.264160 4673.000000
2480.262939 5036.000000
2481.260498 4724.000000
2482.257813 4754.000000
2483.254883 5092.000000
2484.250977 4479.000000
2485.246094 4745.000000
2486.240723 4970.000000
2487.235107 4814.000000
2488.228271 4816.000000
2489.221191 4651.000000
2490.213867 5230.000000
2491.205811 4853.000000
2492.196777 4817.000000
2493.187256 4612.000000
2494.177490 4843.000000
2495.166260 4864.000000
2496.155273 4724.000000
2497.143555 4679.000000
2498.130615 4981.000000
2499.117432 4642.000000
2500.104004 4428.000000
2501.089111 4586.000000
2502.073975 4599.000000
2503.058594 4562.000000
2504.042236 4729.000000
2505.025391 4845.000000
2506.008057 4472.000000
2506.989746 4767.000000
2507.971680 4289.000000
2508.951904 4887.000000
2509.931885 4384.000000
2510.911621 5033.000000
2511.890381 4931.000000
2512.868408 5042.000000
2513.846436 5062.000000
2514.823242 4737.000000
2515.800049 4699.000000
2516.775879 5031.000000
2517.750732 4901.000000
2518.725830 4436.000000
2519.699707 4783.000000
2520.672852 4647.000000
2521.645752 4727.000000
2522.618164 4800.000000
2523.589600 4633.000000
2524.560791 4891.000000
2525.531006 4796.000000
2526.501221 4796.000000
2527.470215 4865.000000
2528.438721 5139.000000
2529.406982 4675.000000
2530.374268 4969.000000
2531.341064 4516.000000
2532.307373 4406.000000
2533.272705 4440.000000
2534.238281 5050.000000
2535.202637 4975.000000
2536.166260 4845.000000
2537.129883 4658.000000
2538.092285 4973.000000
2539.054199 4924.000000
2540.015869 4511.000000
2540.976807 4980.000000
2541.937012 4717.000000
2542.896729 4759.000000
2543.855957 5229.000000
2544.814453 4630.000000
2545.772217 5034.000000
2546.729492 5003.000000
2547.686523 4739.000000
2548.642578 4587.000000
2549.597656 4741.000000
2550.552979 4601.000000
2551.507080 4730.000000
2552.460938 4680.000000
2553.414795 4526.000000
2554.366943 4743.000000
2555.319336 4514.000000
2556.270264 4694.000000
2557.221191 4749.000000
2558.171875 4370.000000
2559.121582 4643.000000
2560.070557 4688.000000
2561.019287 4570.000000
2561.966797 4890.000000
2562.914795 6190.000000
2563.861572 5023.000000
2564.807617 4832.000000
2565.753662 4633.000000
2566.698242 4624.000000
2567.642578 4789.000000
2568.586426 5039.000000
2569.529541 4784.000000
2570.472412 4942.000000
2571.414795 4890.000000
2572.356689 4595.000000
2573.297852 5151.000000
2574.237793 4873.000000
2575.177490 4661.000000
2576.116943 4681.000000
2577.055664 4359.000000
2577.993896 5014.000000
2578.931396 4871.000000
2579.868408 4819.000000
2580.804688 4703.000000
2581.740723 4791.000000
2582.675781 4870.000000
2583.611084 4735.000000
2584.544922 4743.000000
2585.478516 4814.000000
2586.411865 4935.000000
2587.343994 5252.000000
2588.275391 5044.000000
2589.207275 4604.000000
2590.137451 4978.000000
2591.068359 5155.000000
2591.997559 4857.000000
2592.926758 4560.000000
2593.855469 4889.000000
2594.783203 5125.000000
2595.710449 4699.000000
2596.637451 4726.000000
2597.563477 4622.000000
2598.488770 4740.000000
2599.414063 4767.000000
2600.338623 4831.000000
2601.262939 4680.000000
2602.186279 4766.000000
2603.109131 4938.000000
2604.031494 4687.000000
2604.953125 4879.000000
2605.873779 4486.000000
2606.794922 4698.000000
2607.714844 4830.000000
2608.635010 4870.000000
2609.553467 4411.000000
2610.471680 4756.000000
2611.390137 4976.000000
2612.307129 4669.000000
2613.223389 4736.000000
2614.140137 4991.000000
2615.055908 4560.000000
2615.970703 4854.000000
2616.885498 4668.000000
2617.799561 4609.000000
2618.713135 4583.000000
2619.625977 4768.000000
2620.537354 4541.000000
2621.449951 4925.000000
2622.361084 4775.000000
2623.271729 4764.000000
2624.182129 4873.000000
2625.091553 4743.000000
2626.000244 4680.000000
2626.908936 5364.000000
2627.817139 4664.000000
2628.725098 4592.000000
2629.631348 4484.000000
2630.537842 4736.000000
2631.443848 5084.000000
2632.348877 4813.000000
2633.253174 4854.000000
2634.157959 4682.000000
2635.061279 4822.000000
2635.964844 5004.000000
2636.866943 4623.000000
2637.768799 5072.000000
2638.670410 4492.000000
2639.571533 4705.000000
2640.471924 4517.000000
2641.372070 4783.000000
2642.270996 4725.000000
2643.169922 4520.000000
2644.068604 4626.000000
2644.966064 4564.000000
2645.863525 4590.000000
2646.759766 4867.000000
2647.656006 4641.000000
2648.551758 4600.000000
2649.447021 4749.000000
2650.341064 4553.000000
2651.235596 4786.000000
2652.128906 4539.000000
2653.021484 4565.000000
2653.914795 4648.000000
2654.806396 5010.000000
2655.697998 4769.000000
2656.588623 4916.000000
2657.478516 4634.000000
2658.368896 5109.000000
2659.257813 4685.000000
2660.146484 4948.000000
2661.035400 4917.000000
2661.922607 5046.000000
2662.810303 4791.000000
2663.696777 4578.000000
2664.582520 4833.000000
2665.468994 4671.000000
2666.353760 4886.000000
2667.237793 4639.000000
2668.122314 4633.000000
2669.005859 4447.000000
2669.888672 4708.000000
2670.771484 4765.000000
2671.653320 4620.000000
2672.535156 4607.000000
2673.416260 5047.000000
2674.296143 4825.000000
2675.176514 4834.000000
2676.055664 4469.000000
2676.934570 4743.000000
2677.813232 4583.000000
2678.691406 4811.000000
2679.569092 4829.000000
2680.445557 4864.000000
2681.321777 4806.000000
2682.197998 4523.000000
2683.073486 4995.000000
2683.948242 5482.000000
2684.822998 4594.000000
2685.696289 4669.000000
2686.569824 4675.000000
2687.442627 4431.000000
2688.314697 4981.000000
2689.187012 4864.000000
2690.057861 4878.000000
2690.928955 4994.000000
2691.799316 4846.000000
2692.669189 4591.000000
2693.538330 4808.000000
2694.407471 5153.000000
2695.275635 4866.000000
2696.143311 4785.000000
2697.010986 4531.000000
2697.877686 4825.000000
2698.744629 5004.000000
2699.609863 4850.000000
2700.474854 4628.000000
2701.340576 4743.000000
2702.204834 4748.000000
2703.068115 4944.000000
2703.932129 5074.000000
2704.794922 4697.000000
2705.657227 4852.000000
2706.519043 4822.000000
2707.380371 4880.000000
2708.241943 4785.000000
2709.101807 5111.000000
2709.961670 4697.000000
2710.821777 4813.000000
2711.680664 4789.000000
2712.538818 4743.000000
2713.396973 5307.000000
2714.254395 5008.000000
2715.111816 4891.000000
2715.968262 4706.000000
2716.823975 4912.000000
2717.680176 4910.000000
2718.535156 4825.000000
2719.389404 4971.000000
2720.243896 4912.000000
2721.097412 5097.000000
2721.951172 4885.000000
2722.803467 4655.000000
2723.656006 4951.000000
2724.507813 4977.000000
2725.359131 4871.000000
2726.209473 4868.000000
2727.060547 4807.000000
2727.909912 5491.000000
2728.759033 4682.000000
2729.608398 4792.000000
2730.457031 4694.000000
2731.305176 4775.000000
2732.152588 5111.000000
2732.999268 4473.000000
2733.846191 6282.000000
2734.692139 5044.000000
2735.537598 4623.000000
2736.383057 4951.000000
2737.227539 4596.000000
2738.071777 4961.000000
2738.915771 4773.000000
2739.759033 4911.000000
2740.602295 4816.000000
2741.444580 4613.000000
2742.286377 4672.000000
2743.128174 4895.000000
2743.968750 4530.000000
2744.809326 5113.000000
2745.649658 5038.000000
2746.489014 4841.000000
2747.328857 4987.000000
2748.167236 5381.000000
2749.005127 5754.000000
2749.843750 4737.000000
2750.680908 4587.000000
2751.517578 4458.000000
2752.354248 4808.000000
2753.190186 4890.000000
2754.025635 5031.000000
2754.860840 4784.000000
2755.695313 4628.000000
2756.529785 4596.000000
2757.363525 4981.000000
2758.196777 4626.000000
2759.029541 4837.000000
2759.862061 4824.000000
2760.693848 4709.000000
2761.525635 4999.000000
2762.356445 4789.000000
2763.187500 5019.000000
2764.017334 4484.000000
2764.847412 4891.000000
2765.676758 4638.000000
2766.505127 4836.000000
2767.333740 4852.000000
2768.162109 5409.000000
2768.989502 4815.000000
2769.815918 4916.000000
2770.643311 5062.000000
2771.469238 4742.000000
2772.295166 4916.000000
2773.120850 4700.000000
2773.945313 4530.000000
2774.770020 4665.000000
2775.594238 4854.000000
2776.417480 4820.000000
2777.240967 5081.000000
2778.063477 4749.000000
2778.885742 4592.000000
2779.708008 4864.000000
2780.529541 5261.000000
2781.350830 4767.000000
2782.171387 5223.000000
2782.991455 5046.000000
2783.811279 4986.000000
2784.630615 4683.000000
2785.449219 5143.000000
2786.268311 5054.000000
2787.086182 4637.000000
2787.904053 4649.000000
2788.721191 4939.000000
2789.537842 5038.000000
2790.354492 4801.000000
2791.170166 4711.000000
2791.985840 5230.000000
2792.801270 5395.000000
2793.615479 5029.000000
2794.430176 4798.000000
2795.244385 5628.000000
2796.057617 5089.000000
2796.871094 4832.000000
2797.683350 4999.000000
2798.495361 5186.000000
2799.307617 4658.000000
2800.118896 4927.000000
2800.929932 4585.000000
2801.740723 5091.000000
2802.550781 5004.000000
2803.360596 5069.000000
2804.170166 4951.000000
2804.979004 4947.000000
2805.787842 5078.000000
2806.596191 4681.000000
2807.403564 6054.000000
2808.211670 4939.000000
2809.018066 5156.000000
2809.824951 4914.000000
2810.631348 4920.000000
2811.436523 5017.000000
2812.242188 4570.000000
2813.047363 5161.000000
2813.851807 5326.000000
2814.656006 4950.000000
2815.459717 5011.000000
2816.263184 5809.000000
2817.066406 4852.000000
2817.868896 5388.000000
2818.671143 5441.000000
2819.472900 4852.000000
2820.274170 4811.000000
2821.075928 4892.000000
2821.876221 5105.000000
2822.677002 5003.000000
2823.476807 5109.000000
2824.276123 4908.000000
2825.074951 4968.000000
2825.874268 4919.000000
2826.672363 5147.000000
2827.470703 5036.000000
2828.268066 5078.000000
2829.065186 4941.000000
2829.862305 6464.000000
2830.658691 5116.000000
2831.454346 4406.000000
2832.250732 4952.000000
2833.046143 4867.000000
2833.840576 4774.000000
2834.635498 5232.000000
2835.429688 4874.000000
2836.223877 4873.000000
2837.017090 4910.000000
2837.810303 4704.000000
2838.603027 4894.000000
2839.395508 5172.000000
2840.187012 4871.000000
2840.978760 4936.000000
2841.770264 7653.000000
2842.560791 5250.000000
2843.351807 5165.000000
2844.141846 4967.000000
2844.931885 4776.000000
2845.721191 4744.000000
2846.510010 4670.000000
2847.299316 4590.000000
2848.087402 5008.000000
2848.875244 5289.000000
2849.663574 4876.000000
2850.450195 5446.000000
2851.237793 4893.000000
2852.023926 4866.000000
2852.810059 5159.000000
2853.596436 4829.000000
2854.381836 4876.000000
2855.166748 4819.000000
2855.951904 5342.000000
2856.736084 5256.000000
2857.519775 5355.000000
2858.304199 5166.000000
2859.087646 5046.000000
2859.870605 4752.000000
2860.653564 4808.000000
2861.435547 5103.000000
2862.217773 5040.000000
2862.999268 4785.000000
2863.780762 4920.000000
2864.561768 5014.000000
2865.342285 5071.000000
2866.122803 5168.000000
2866.903076 5222.000000
2867.682617 5029.000000
2868.462158 5029.000000
2869.240967 4564.000000
2870.019775 5125.000000
2870.798096 4844.000000
2871.575928 4800.000000
2872.353516 5426.000000
2873.130859 5217.000000
2873.907959 4782.000000
2874.684814 5229.000000
2875.460938 4893.000000
2876.236816 4920.000000
2877.012939 5244.000000
2877.788086 5521.000000
2878.562988 5352.000000
2879.338135 5770.000000
2880.112305 5609.000000
2880.886230 5585.000000
2881.660400 5452.000000
2882.433594 5194.000000
2883.206787 5093.000000
2883.979248 5236.000000
2884.751953 5159.000000
2885.524170 5337.000000
2886.295898 5688.000000
2887.067383 5004.000000
2887.839355 4922.000000
2888.609619 5334.000000
2889.380615 4919.000000
2890.150635 4876.000000
2890.920654 5068.000000
2891.690918 5305.000000
2892.459229 4985.000000
2893.228271 5220.000000
2893.997314 5056.000000
2894.765869 6500.000000
2895.533936 5370.000000
2896.302002 5114.000000
2897.069580 5125.000000
2897.836670 5224.000000
2898.603516 5658.000000
2899.370117 5094.000000
2900.136719 5253.000000
2900.902588 5028.000000
2901.668701 5146.000000
2902.433838 4954.000000
2903.198975 4934.000000
2903.964111 5087.000000
2904.728760 5141.000000
2905.492676 4936.000000
2906.257080 7241.000000
2907.020264 5377.000000
2907.783447 5084.000000
2908.547363 5052.000000
2909.309814 4741.000000
2910.072266 5366.000000
2910.834717 5451.000000
2911.596924 4998.000000
2912.358887 4920.000000
2913.120361 5183.000000
2913.880859 5052.000000
2914.642090 5052.000000
