scanname Scan036
timestamp 2024-03-06 17:00:57
ccdbias 1042.312988
ccdgain 4.045375
sigmaread 10.387852
laserwavenum -0.585173
wavenumcorrection -0.258740
scancount 5
totalexposurems 12075
singleexposurems 3000
measurementstate Unknown
scanmode Auto
snr 104.358971 14.151451 5.496268
replacelist 0
peaks 23
250.761429 1.420308 0.000000 0.845738 0.000031
374.274841 0.296712 0.000000 0.432921 0.000059
379.500244 0.300748 0.000000 0.379558 0.000020
521.545227 0.256243 0.000000 3.972316 0.000578
620.103760 0.223099 0.000000 0.180898 0.000034
646.114319 0.252770 0.000000 2.127912 0.000407
738.319031 0.248243 0.000000 0.636071 0.000092
813.863831 0.285603 0.000000 0.897209 0.000289
840.075012 0.296715 0.000000 0.522659 0.000093
858.281677 0.358160 0.000000 5.065029 0.001010
892.319519 0.301072 0.000000 1.609410 0.000430
931.454346 0.325342 0.000000 1.386060 0.000413
1003.013184 0.313656 0.000000 8.057852 0.001699
1030.111816 0.244226 0.000000 0.533462 0.000171
1111.380493 0.305721 0.000000 3.080772 0.000830
1163.797119 0.268141 0.000000 0.290638 0.000170
1243.279175 0.338620 0.000000 1.059017 0.000329
1326.228271 0.395916 0.000000 1.491813 0.000710
1347.008545 0.457068 0.000000 3.940457 0.001522
1395.732666 0.462363 0.000000 0.609766 0.000544
1439.361694 0.321761 0.000000 0.057158 0.000054
1596.634644 0.334081 0.000000 1.002837 0.000530
2330.231689 0.158406 0.000000 0.163366 0.000670
finalresult GLS_NoMatch 0
spectrum 2048
-92.100746 2.618819
-89.475540 2.632044
-86.852219 19.944553
-84.230782 128.820313
-81.611229 168.737747
-78.993568 187.589798
-76.377785 189.788727
-73.763878 206.839493
-71.151855 213.323776
-68.541710 193.883667
-65.933426 190.995087
-63.327023 187.980927
-60.722488 179.532242
-58.119820 165.279617
-55.519012 156.934021
-52.920074 151.602844
-50.322998 138.601364
-47.727776 130.068558
-45.134411 116.687859
-42.542908 106.079155
-39.953259 95.785873
-37.365456 83.613503
-34.779499 73.437698
-32.195396 65.066628
-29.613138 56.742794
-27.032717 48.976677
-24.454147 43.484535
-21.877420 37.509205
-19.302519 31.500666
-16.729456 23.776150
-14.158234 2.576467
-11.588842 0.876469
-9.021275 0.673055
-6.455535 0.642123
-3.891629 0.628238
-1.329548 0.625983
1.230719 0.643545
3.789166 0.659699
6.345787 0.935487
8.900592 3.211838
11.453588 3.591880
14.004772 3.684806
16.554138 3.705197
19.101696 3.722951
21.647457 3.707591
24.191408 3.740904
26.733551 3.784341
29.273893 3.812713
31.812441 3.685028
34.349190 3.620723
36.884151 3.663657
39.417305 3.493945
41.948673 3.624457
44.478252 3.417426
47.006031 3.360548
49.532040 3.415136
52.056271 3.219157
54.578712 3.425867
57.099369 3.193932
59.618237 3.005080
62.135345 3.106177
64.650681 3.107799
67.164223 2.925094
69.676010 2.746610
72.186020 2.984433
74.694283 2.962888
77.200768 2.936303
79.705475 3.050428
82.208435 2.841361
84.709648 2.770599
87.209068 2.643814
89.706749 2.673733
92.202682 2.800653
94.696861 2.682243
97.189293 2.518366
99.679962 2.063420
102.168892 2.270112
104.656082 2.113786
107.141525 2.188692
109.625221 2.120994
112.107178 2.186293
114.587410 1.980952
117.065895 1.741612
119.542648 1.736301
122.017677 1.714930
124.490959 1.616810
126.962509 1.611560
129.432358 1.424138
131.900452 1.366144
134.366837 1.316807
136.831512 1.276188
139.294464 1.276217
141.755692 1.238170
144.215195 1.187234
146.672958 1.171550
149.129059 1.151880
151.583420 1.121948
154.036102 1.083592
156.487061 1.062680
158.936310 1.030775
161.383865 1.006792
163.829697 0.971685
166.273849 0.941544
168.716278 0.917865
171.157028 0.882462
173.596100 0.865282
176.033463 0.856780
178.469131 0.853254
180.903091 0.846166
183.335419 0.862423
185.766006 0.880690
188.194931 0.901402
190.622162 0.914424
193.047729 0.933813
195.471619 0.952821
197.893829 0.971215
200.314362 0.983450
202.733200 0.999770
205.150360 1.020821
207.565887 1.027353
209.979721 1.039423
212.391922 1.056269
214.802429 1.050789
217.211288 1.063670
219.618439 1.063461
222.023972 1.064059
224.427841 1.059038
226.830048 1.048981
229.230621 1.043497
231.629532 1.031591
234.026779 1.016635
236.422394 1.000116
238.816345 0.986720
241.208618 0.969669
243.599274 0.948833
245.988297 0.928869
248.375687 0.911869
250.761429 0.889275
253.145538 0.864552
255.528000 0.845900
257.908783 0.823955
260.287994 0.804603
262.665558 0.783563
265.041473 0.764961
267.415802 0.742243
269.788483 0.725512
272.159546 0.705290
274.528992 0.684154
276.896790 0.661471
279.262970 0.639790
281.627563 0.620872
283.990509 0.594968
286.351837 0.577801
288.711578 0.551636
291.069702 0.532202
293.426208 0.514030
295.781097 0.498961
298.134369 0.479151
300.486084 0.465366
302.836182 0.447868
305.184692 0.437325
307.531555 0.427702
309.876831 0.415132
312.220520 0.402016
314.562592 0.397731
316.903107 0.384181
319.242035 0.380850
321.579346 0.375369
323.915100 0.370347
326.249207 0.363369
328.581787 0.357254
330.912781 0.354048
333.242157 0.351405
335.569977 0.345589
337.896210 0.340892
340.220856 0.336103
342.543945 0.332021
344.865448 0.326412
347.185425 0.322082
349.503784 0.322414
351.820557 0.314304
354.135773 0.310219
356.449432 0.309350
358.761536 0.304429
361.072052 0.303436
363.381012 0.300896
365.688446 0.298670
367.994324 0.298241
370.298615 0.293856
372.601318 0.298306
374.902527 0.296063
377.202179 0.297792
379.500244 0.296740
381.796783 0.292569
384.091766 0.290758
386.385223 0.286203
388.677185 0.283881
390.967499 0.280485
393.256317 0.276822
395.543610 0.275515
397.829346 0.274010
400.113464 0.273374
402.396149 0.270969
404.677277 0.270813
406.956879 0.266804
409.234955 0.266173
411.511536 0.263770
413.786530 0.264650
416.060028 0.258671
418.332001 0.257170
420.602417 0.252903
422.871368 0.249716
425.138763 0.252189
427.404633 0.249174
429.669037 0.251190
431.931885 0.247588
434.193146 0.248745
436.453003 0.245370
438.711304 0.249505
440.968109 0.242221
443.223389 0.244045
445.477203 0.239024
447.729523 0.242020
449.980316 0.240899
452.229584 0.241047
454.477386 0.238268
456.723663 0.237982
458.968445 0.234082
461.211761 0.231943
463.453552 0.233771
465.693848 0.233494
467.932678 0.236440
470.169983 0.230862
472.405792 0.231504
474.640137 0.229722
476.873016 0.229937
479.104370 0.228573
481.334259 0.230410
483.562683 0.230465
485.789642 0.225314
488.015106 0.229255
490.239075 0.229957
492.461578 0.229321
494.682617 0.228921
496.902191 0.227237
499.120270 0.231521
501.336884 0.228748
503.552032 0.227032
505.765717 0.227548
507.977936 0.225442
510.188660 0.228752
512.397949 0.227553
514.605774 0.229935
516.812195 0.240748
519.017151 0.252677
521.220581 0.256340
523.422546 0.255499
525.623108 0.246623
527.822205 0.232915
530.019958 0.224134
532.216064 0.222117
534.410828 0.221890
536.604126 0.224318
538.796021 0.219293
540.986450 0.217720
543.175354 0.220330
545.362915 0.221571
547.549011 0.224148
549.733582 0.222258
551.916870 0.220456
554.098633 0.221576
556.278992 0.222580
558.457886 0.218444
560.635376 0.221424
562.811401 0.217109
564.986023 0.219121
567.159241 0.217042
569.331116 0.216594
571.501404 0.217930
573.670349 0.216939
575.837769 0.221360
578.003845 0.219990
580.168518 0.218253
582.331787 0.212906
584.493652 0.215883
586.654053 0.215365
588.812988 0.217104
590.970642 0.215756
593.126831 0.217665
595.281555 0.214679
597.434937 0.213346
599.586914 0.214333
601.737488 0.214813
603.886597 0.216203
606.034363 0.214922
608.180725 0.213389
610.325623 0.223754
612.469116 0.221122
614.611267 0.223116
616.752075 0.224023
618.891357 0.222422
621.029419 0.221494
623.166016 0.222411
625.301086 0.223161
627.434998 0.220161
629.567383 0.220832
631.698364 0.224339
633.828064 0.224319
635.956177 0.227622
638.083191 0.232589
640.208618 0.239006
642.332825 0.244834
644.455383 0.253375
646.576782 0.254912
648.696716 0.247601
650.815308 0.243036
652.932556 0.234754
655.048401 0.227556
657.162903 0.223227
659.276062 0.221180
661.387695 0.216673
663.498108 0.217957
665.607178 0.219353
667.714844 0.216826
669.821106 0.215884
671.925964 0.215559
674.029541 0.216686
676.131836 0.211882
678.232605 0.212901
680.332031 0.211988
682.430176 0.212610
684.526917 0.210911
686.622375 0.214619
688.716553 0.214676
690.809143 0.213744
692.900574 0.211109
694.990662 0.215937
697.079285 0.211629
699.166626 0.215218
701.252686 0.215281
703.337280 0.215492
705.420593 0.214878
707.502502 0.217760
709.583191 0.220015
711.662415 0.219260
713.740295 0.216371
715.816956 0.219140
717.892273 0.221755
719.966187 0.220433
722.038879 0.222337
724.110107 0.232824
726.180054 0.233414
728.248718 0.238517
730.316040 0.242745
732.382019 0.244219
734.446716 0.248226
736.509949 0.247010
738.571960 0.247854
740.632690 0.248282
742.692017 0.246463
744.750122 0.246316
746.806763 0.243922
748.862183 0.245016
750.916321 0.240740
752.969116 0.240337
755.020630 0.240695
757.070740 0.243235
759.119629 0.245030
761.167175 0.243547
763.213379 0.238849
765.258362 0.238061
767.302002 0.235263
769.344299 0.235742
771.385376 0.234709
773.425049 0.232262
775.463501 0.230083
777.500549 0.234147
779.536316 0.234162
781.570862 0.235337
783.604126 0.234079
785.636047 0.234959
787.666687 0.239281
789.696045 0.239498
791.724182 0.243627
793.750916 0.240560
795.776428 0.247653
797.800598 0.250358
799.823486 0.255597
801.845093 0.260981
803.865479 0.265147
805.884521 0.269285
807.902283 0.274564
809.918823 0.282445
811.934082 0.284546
813.947998 0.285280
815.960571 0.283565
817.971985 0.281174
819.982056 0.274874
821.991028 0.277769
823.998474 0.273735
826.004883 0.278247
828.009888 0.281973
830.013550 0.288096
832.016113 0.288332
834.017212 0.293487
836.017273 0.296005
838.015869 0.298292
840.013367 0.298081
842.009521 0.293518
844.004517 0.295772
845.998108 0.298280
847.990479 0.300895
849.981628 0.310709
851.971558 0.320969
853.960083 0.336412
855.947510 0.348987
857.933533 0.358576
859.918457 0.359183
861.902039 0.346749
863.884399 0.323873
865.865540 0.312488
867.845337 0.293458
869.824036 0.285673
871.801331 0.278409
873.777527 0.275430
875.752380 0.276212
877.726074 0.276253
879.698425 0.278637
881.669617 0.283060
883.639465 0.280979
885.608276 0.286681
887.575623 0.290855
889.541870 0.297713
891.506836 0.302138
893.470520 0.300616
895.433105 0.296970
897.394348 0.287562
899.354431 0.281272
901.313171 0.273842
903.270813 0.267148
905.227173 0.257602
907.182434 0.257669
909.136292 0.258420
911.089050 0.261545
913.040405 0.263207
914.990723 0.269731
916.939697 0.271927
918.887573 0.279968
920.834106 0.285596
922.779419 0.291558
924.723633 0.310747
926.666626 0.316080
928.608398 0.322036
930.548767 0.323611
932.488098 0.322637
934.426147 0.323745
936.363159 0.317763
938.298767 0.311692
940.233276 0.303390
942.166443 0.291815
944.098633 0.290245
946.029419 0.281127
947.959106 0.277478
949.887512 0.275839
951.814819 0.269373
953.740662 0.269508
955.665527 0.263820
957.589233 0.263650
959.511597 0.259021
961.432983 0.255983
963.352966 0.254546
965.271790 0.250252
967.189453 0.248846
969.106018 0.243849
971.021179 0.240974
972.935364 0.235964
974.848206 0.233439
976.759949 0.236008
978.670410 0.229797
980.579834 0.229018
982.487915 0.226875
984.394836 0.230344
986.300659 0.229143
988.205200 0.232084
990.108765 0.235195
992.010925 0.238069
993.911987 0.242037
995.811829 0.249641
997.710632 0.265933
999.608093 0.290892
1001.504578 0.313650
1003.399536 0.315999
1005.293701 0.303963
1007.186462 0.277651
1009.078186 0.255018
1010.968689 0.240075
1012.857910 0.232888
1014.746155 0.224445
1016.633057 0.227463
1018.518982 0.226793
1020.403442 0.227232
1022.287048 0.234902
1024.169312 0.237437
1026.050659 0.241615
1027.930542 0.244246
1029.809448 0.246290
1031.687134 0.240548
1033.563721 0.241018
1035.439087 0.241062
1037.313232 0.240411
1039.186157 0.236607
1041.058105 0.234316
1042.928833 0.231307
1044.798340 0.229334
1046.666992 0.227547
1048.534058 0.225014
1050.400391 0.228873
1052.265259 0.223696
1054.129150 0.225367
1055.991821 0.222490
1057.853394 0.220951
1059.713745 0.223565
1061.572998 0.223795
1063.431030 0.223724
1065.288086 0.221421
1067.143921 0.218823
1068.998657 0.219667
1070.851929 0.221568
1072.704468 0.219645
1074.555786 0.222157
1076.405884 0.223233
1078.254883 0.226083
1080.102783 0.230695
1081.949463 0.230875
1083.795044 0.229068
1085.639526 0.230739
1087.482788 0.231522
1089.324951 0.235715
1091.166138 0.234314
1093.005981 0.236114
1094.844971 0.242836
1096.682617 0.240007
1098.519043 0.246046
1100.354614 0.250104
1102.188721 0.259438
1104.021973 0.268094
1105.854004 0.280601
1107.684814 0.295100
1109.514648 0.299775
1111.343384 0.308312
1113.171021 0.303096
1114.997437 0.294321
1116.822754 0.281175
1118.646973 0.270790
1120.470093 0.261769
1122.291992 0.255836
1124.113159 0.245344
1125.932739 0.241271
1127.751465 0.240361
1129.568970 0.233315
1131.385376 0.232409
1133.200684 0.237093
1135.014893 0.233895
1136.828003 0.237027
1138.640137 0.239444
1140.451050 0.242277
1142.260742 0.241407
1144.069458 0.245963
1145.876953 0.246269
1147.683716 0.250160
1149.489014 0.248898
1151.293213 0.255853
1153.096313 0.254844
1154.898438 0.260854
1156.699463 0.262422
1158.499390 0.264801
1160.298096 0.267528
1162.095703 0.265812
1163.892456 0.268078
1165.687866 0.267009
1167.482300 0.265464
1169.275635 0.265917
1171.067871 0.256548
1172.859009 0.256484
1174.649170 0.246969
1176.437988 0.244203
1178.225952 0.243529
1180.012573 0.238649
1181.798340 0.238116
1183.583008 0.233686
1185.366577 0.233214
1187.149048 0.234485
1188.930298 0.233309
1190.710571 0.230709
1192.489746 0.234689
1194.267822 0.234562
1196.045044 0.233466
1197.820923 0.233850
1199.595581 0.236942
1201.369629 0.240960
1203.142334 0.241002
1204.913940 0.240090
1206.684570 0.237821
1208.454224 0.240391
1210.222534 0.239414
1211.989990 0.242106
1213.756226 0.249105
1215.521484 0.249962
1217.285645 0.253912
1219.048584 0.251867
1220.810669 0.257991
1222.571533 0.263646
1224.331543 0.265872
1226.090454 0.275887
1227.848022 0.282899
1229.604858 0.292037
1231.360474 0.304091
1233.114990 0.308928
1234.868530 0.313509
1236.620972 0.327515
1238.372437 0.331699
1240.122559 0.332372
1241.871948 0.334692
1243.620117 0.342445
1245.367310 0.337322
1247.113281 0.333891
1248.858398 0.327816
1250.602295 0.318831
1252.345215 0.324324
1254.087158 0.319037
1255.828003 0.312370
1257.567749 0.306861
1259.306519 0.302968
1261.044189 0.299346
1262.780762 0.293730
1264.516357 0.290491
1266.250977 0.285620
1267.984375 0.290694
1269.716797 0.290068
1271.448364 0.282188
1273.178467 0.285970
1274.907837 0.279001
1276.636230 0.277538
1278.363281 0.278729
1280.089600 0.272952
1281.814575 0.276693
1283.538818 0.278294
1285.261719 0.277907
1286.983887 0.282620
1288.704834 0.277419
1290.424927 0.284509
1292.143799 0.288902
1293.861694 0.283750
1295.578491 0.288609
1297.294312 0.294803
1299.008911 0.291092
1300.722778 0.290541
1302.435425 0.299903
1304.147095 0.301041
1305.857910 0.305735
1307.567505 0.309921
1309.276123 0.314032
1310.983643 0.322990
1312.690186 0.326303
1314.395630 0.338398
1316.100220 0.343265
1317.803589 0.358604
1319.506104 0.363550
1321.207520 0.380453
1322.907959 0.384840
1324.607178 0.393164
1326.305664 0.398335
1328.003052 0.394185
1329.699219 0.386455
1331.394531 0.380155
1333.088745 0.373023
1334.782104 0.374738
1336.474365 0.374555
1338.165527 0.383115
1339.855713 0.396629
1341.545044 0.412397
1343.233154 0.435213
1344.920410 0.446544
1346.606445 0.460985
1348.291626 0.455403
1349.975586 0.441206
1351.658813 0.424880
1353.340820 0.405230
1355.021973 0.386961
1356.702271 0.383236
1358.381348 0.376403
1360.059326 0.376921
1361.736328 0.374096
1363.412598 0.371956
1365.087646 0.380558
1366.761475 0.386234
1368.434692 0.386510
1370.106812 0.394189
1371.777710 0.390273
1373.447998 0.399048
1375.116943 0.403403
1376.784912 0.401637
1378.451904 0.409573
1380.118286 0.419994
1381.783203 0.421757
1383.447266 0.422383
1385.110352 0.430567
1386.772217 0.440238
1388.433472 0.442349
1390.093628 0.447642
1391.752563 0.450298
1393.410767 0.457450
1395.067871 0.465359
1396.723877 0.460103
1398.379028 0.462130
1400.033203 0.450102
1401.686523 0.451606
1403.338379 0.440582
1404.989746 0.430512
1406.639771 0.415323
1408.289185 0.411065
1409.937256 0.399699
1411.584351 0.390712
1413.230835 0.381717
1414.875977 0.375738
1416.520386 0.363588
1418.163452 0.350474
1419.805908 0.349581
1421.447266 0.344934
1423.087524 0.335245
1424.726807 0.330352
1426.365234 0.324390
1428.002563 0.320506
1429.639038 0.317437
1431.274536 0.316137
1432.908936 0.322798
1434.542480 0.323133
1436.174927 0.322496
1437.806519 0.320011
1439.437256 0.322385
1441.066895 0.319461
1442.695313 0.327431
1444.322998 0.319322
1445.949707 0.320414
1447.575439 0.316751
1449.200073 0.313497
1450.823975 0.315526
1452.446655 0.310030
1454.068604 0.316302
1455.689453 0.304161
1457.309326 0.302781
1458.928223 0.303187
1460.546143 0.297467
1462.163086 0.298930
1463.779297 0.294400
1465.394409 0.292275
1467.008423 0.290655
1468.621704 0.285223
1470.233765 0.282999
1471.844971 0.277540
1473.455322 0.274955
1475.064819 0.277400
1476.672852 0.281187
1478.280396 0.274899
1479.886841 0.275741
1481.492310 0.276200
1483.096802 0.280115
1484.700439 0.280947
1486.302734 0.271430
1487.904541 0.279419
1489.505371 0.282564
1491.104980 0.276937
1492.703735 0.275517
1494.301758 0.272385
1495.898438 0.276122
1497.494385 0.268105
1499.089478 0.273618
1500.683350 0.275347
1502.276611 0.270679
1503.868652 0.274831
1505.459717 0.272186
1507.050049 0.271561
1508.639282 0.277073
1510.227661 0.269306
1511.815186 0.265537
1513.401489 0.273297
1514.986938 0.278452
1516.571655 0.271894
1518.155396 0.269290
1519.737793 0.281630
1521.319580 0.271934
1522.900513 0.280608
1524.480469 0.274990
1526.059204 0.272875
1527.637085 0.272818
1529.214355 0.274918
1530.790283 0.274348
1532.365356 0.273639
1533.939697 0.274105
1535.512939 0.273160
1537.085571 0.275973
1538.656616 0.270399
1540.227051 0.271418
1541.796753 0.272739
1543.365356 0.268636
1544.933105 0.266790
1546.499878 0.270048
1548.065552 0.271461
1549.630249 0.270597
1551.194336 0.271438
1552.757446 0.276470
1554.319580 0.272159
1555.880615 0.278059
1557.440918 0.275487
1559.000122 0.274880
1560.558716 0.272593
1562.116089 0.273418
1563.672607 0.273624
1565.228149 0.268766
1566.782715 0.280647
1568.336548 0.279404
1569.889404 0.280678
1571.441284 0.281081
1572.992310 0.289928
1574.542236 0.293526
1576.091309 0.293323
1577.639771 0.293972
1579.186768 0.295779
1580.733276 0.299861
1582.278809 0.297297
1583.823486 0.291017
1585.366699 0.296531
1586.909546 0.304715
1588.451294 0.309944
1589.992188 0.313655
1591.531982 0.317957
1593.071167 0.329892
1594.609131 0.335507
1596.146240 0.330154
1597.682617 0.332933
1599.218018 0.330492
1600.752563 0.324149
1602.285889 0.319587
1603.818604 0.305813
1605.350464 0.303902
1606.881226 0.292433
1608.411011 0.289937
1609.940063 0.275787
1611.468140 0.280961
1612.995117 0.278571
1614.521606 0.277582
1616.046875 0.269889
1617.571411 0.269034
1619.094604 0.269574
1620.617554 0.269913
1622.139282 0.273722
1623.660034 0.271966
1625.179810 0.263557
1626.699097 0.268923
1628.217041 0.271583
1629.734375 0.273244
1631.250488 0.270116
1632.765991 0.268042
1634.280640 0.264886
1635.794067 0.271328
1637.306763 0.264921
1638.818604 0.266658
1640.329590 0.266470
1641.839600 0.261223
1643.348511 0.258954
1644.856812 0.260170
1646.364136 0.258117
1647.870483 0.250735
1649.375854 0.258337
1650.880737 0.253564
1652.384521 0.248126
1653.887329 0.246204
1655.389160 0.243698
1656.890381 0.237516
1658.390625 0.235289
1659.889771 0.230351
1661.388062 0.235668
1662.885620 0.224235
1664.382080 0.221915
1665.877808 0.226777
1667.372559 0.223647
1668.866577 0.226465
1670.359619 0.213105
1671.851685 0.220484
1673.343140 0.223322
1674.833374 0.221093
1676.322876 0.218594
1677.811523 0.212369
1679.299194 0.215562
1680.786255 0.213254
1682.271973 0.217959
1683.757080 0.213526
1685.241455 0.213195
1686.724365 0.212785
1688.206909 0.211324
1689.688354 0.210563
1691.169067 0.208153
1692.648804 0.206133
1694.127808 0.201319
1695.605713 0.200944
1697.083008 0.206391
1698.558960 0.208303
1700.034546 0.203499
1701.508911 0.205253
1702.982666 0.208956
1704.455322 0.206409
1705.927368 0.200824
1707.398315 0.206464
1708.868164 0.205411
1710.337524 0.203873
1711.806030 0.204198
1713.273438 0.204118
1714.740112 0.204127
1716.205566 0.197878
1717.670654 0.199221
1719.134644 0.195504
1720.597778 0.200028
1722.059937 0.199848
1723.521484 0.198418
1724.982056 0.198282
1726.441406 0.197412
1727.900391 0.197115
1729.358276 0.196635
1730.815430 0.195456
1732.271362 0.187183
1733.726685 0.200883
1735.181274 0.191536
1736.634644 0.201160
1738.087402 0.194843
1739.539307 0.197264
1740.990234 0.194297
1742.440186 0.197121
1743.889648 0.191672
1745.337891 0.196984
1746.785645 0.193073
1748.232056 0.188714
1749.677979 0.195594
1751.122925 0.188624
1752.567017 0.188713
1754.010132 0.184252
1755.452393 0.190573
1756.893921 0.190660
1758.334595 0.196449
1759.774292 0.190525
1761.213257 0.190507
1762.651367 0.184245
1764.088501 0.190621
1765.524902 0.191456
1766.960449 0.185624
1768.395020 0.188726
1769.828735 0.186188
1771.261597 0.191489
1772.693848 0.182553
1774.125122 0.190854
1775.555176 0.186288
1776.984741 0.181455
1778.413696 0.189562
1779.841309 0.190546
1781.268066 0.183143
1782.694336 0.184748
1784.119751 0.181348
1785.543823 0.189493
1786.967529 0.188071
1788.390259 0.185831
1789.812134 0.184957
1791.233032 0.186648
1792.653320 0.177480
1794.072632 0.185956
1795.491089 0.186734
1796.908569 0.183826
1798.325439 0.188523
1799.741333 0.185541
1801.156250 0.179035
1802.570557 0.186161
1803.984009 0.179463
1805.396729 0.182848
1806.808228 0.189689
1808.219116 0.182473
1809.629150 0.182738
1811.038452 0.184048
1812.446411 0.184600
1813.854126 0.181530
1815.260864 0.185543
1816.666504 0.182707
1818.071411 0.185036
1819.475464 0.180752
1820.878906 0.184309
1822.281250 0.186250
1823.682983 0.188539
1825.083862 0.182576
1826.483765 0.179907
1827.882690 0.182366
1829.281006 0.181138
1830.678345 0.185994
1832.075073 0.182578
1833.470703 0.182870
1834.865723 0.177775
1836.259888 0.184621
1837.653076 0.184949
1839.045410 0.177128
1840.437134 0.178316
1841.827881 0.181717
1843.217896 0.177238
1844.606689 0.188696
1845.995117 0.176901
1847.382690 0.180527
1848.769043 0.177487
1850.154785 0.179566
1851.539917 0.187726
1852.923950 0.177528
1854.307129 0.178329
1855.689819 0.172785
1857.071167 0.176526
1858.452148 0.182350
1859.831909 0.179681
1861.211182 0.177353
1862.589600 0.175273
1863.967163 0.182891
1865.343750 0.181062
1866.719482 0.180687
1868.094482 0.177367
1869.468506 0.177525
1870.841919 0.176749
1872.214600 0.174475
1873.586304 0.177868
1874.957153 0.173893
1876.327271 0.181381
1877.696655 0.166789
1879.065186 0.176024
1880.432495 0.177336
1881.799438 0.185477
1883.165283 0.179204
1884.530640 0.176993
1885.894897 0.177201
1887.258301 0.178514
1888.621094 0.174427
1889.982910 0.178704
1891.344116 0.174615
1892.704346 0.181722
1894.063721 0.184315
1895.422241 0.176055
1896.780029 0.176172
1898.137085 0.179652
1899.493408 0.164540
1900.848633 0.178062
1902.203125 0.177955
1903.557007 0.169533
1904.910034 0.176241
1906.261841 0.173186
1907.613159 0.169763
1908.963867 0.165614
1910.313477 0.171188
1911.662109 0.169755
1913.010376 0.168157
1914.357544 0.168929
1915.703857 0.178902
1917.049438 0.178175
1918.394409 0.171405
1919.738525 0.168542
1921.081543 0.176743
1922.423950 0.174185
1923.765503 0.163443
1925.106567 0.168965
1926.446289 0.182384
1927.785522 0.176448
1929.123901 0.180533
1930.461548 0.168767
1931.798096 0.179024
1933.133911 0.177994
1934.469116 0.177019
1935.803345 0.167059
1937.136963 0.166585
1938.469604 0.167286
1939.801758 0.165550
1941.132813 0.176229
1942.463257 0.174012
1943.792725 0.168581
1945.121582 0.170082
1946.449097 0.170147
1947.776245 0.169410
1949.102783 0.174914
1950.428223 0.171421
1951.752808 0.176381
1953.076904 0.170242
1954.399902 0.169504
1955.722168 0.170469
1957.043823 0.165976
1958.364258 0.167675
1959.684448 0.172713
1961.003418 0.165955
1962.321899 0.171266
1963.639526 0.165428
1964.956421 0.166420
1966.272217 0.171117
1967.587280 0.166443
1968.901733 0.163536
1970.215332 0.172934
1971.527710 0.168735
1972.840088 0.168618
1974.151245 0.168022
1975.461548 0.165915
1976.771118 0.167507
1978.080078 0.168451
1979.388184 0.160643
1980.695190 0.167499
1982.001587 0.161243
1983.307495 0.167318
1984.612427 0.160963
1985.916260 0.162679
1987.219727 0.167707
1988.522217 0.167974
1989.823975 0.168885
1991.124878 0.165651
1992.424927 0.163636
1993.724243 0.168266
1995.022705 0.164801
1996.320679 0.162294
1997.617798 0.158658
1998.913940 0.161441
2000.209229 0.158791
2001.503906 0.162645
2002.797852 0.163354
2004.090942 0.165248
2005.383301 0.163235
2006.674805 0.171325
2007.965454 0.167607
2009.255493 0.165236
2010.544556 0.166809
2011.833008 0.153626
2013.120605 0.159476
2014.407593 0.166067
2015.693359 0.166927
2016.978882 0.154384
2018.263550 0.164564
2019.546875 0.165293
2020.829834 0.156483
2022.112183 0.151060
2023.393311 0.155445
2024.673950 0.162305
2025.953735 0.154222
2027.233032 0.155986
2028.511230 0.158193
2029.788696 0.153161
2031.065430 0.158815
2032.341431 0.159614
2033.616577 0.163238
2034.890991 0.163286
2036.164551 0.152360
2037.437500 0.156819
2038.709351 0.154881
2039.980835 0.162561
2041.251343 0.159008
2042.521362 0.157855
2043.790039 0.152274
2045.058350 0.156331
2046.325928 0.159979
2047.592407 0.164759
2048.858154 0.157433
2050.123291 0.150502
2051.387939 0.158024
2052.651611 0.157638
2053.914063 0.162564
2055.176270 0.157696
2056.437500 0.157821
2057.697998 0.161824
2058.957764 0.158460
2060.216797 0.162228
2061.475098 0.162642
2062.732422 0.160561
2063.989258 0.155663
2065.245117 0.153017
2066.500244 0.158268
2067.754639 0.158356
2069.008545 0.155901
2070.261230 0.155024
2071.513672 0.159824
2072.764648 0.158024
2074.015137 0.156480
2075.265137 0.160099
2076.514160 0.165836
2077.762451 0.153056
2079.010010 0.154645
2080.256836 0.150847
2081.502686 0.164728
2082.748047 0.159484
2083.992676 0.157715
2085.236328 0.162803
2086.479004 0.167229
2087.721191 0.168933
2088.963135 0.159385
2090.203857 0.161834
2091.443359 0.168800
2092.682861 0.171610
2093.921143 0.151989
2095.158936 0.157385
2096.395996 0.163500
2097.631836 0.171243
2098.867432 0.166233
2100.102051 0.152986
2101.335938 0.172648
2102.569336 0.151121
2103.801514 0.164704
2105.032959 0.171838
2106.264160 0.168891
2107.494385 0.168739
2108.723633 0.180467
2109.952148 0.164400
2111.179932 0.169162
2112.407227 0.160789
2113.633789 0.169307
2114.859131 0.175779
2116.083984 0.166958
2117.308105 0.167037
2118.531250 0.172357
2119.754150 0.174983
2120.976318 0.177831
2122.197510 0.167169
2123.417480 0.177693
2124.637207 0.168876
2125.856201 0.168306
2127.074707 0.169791
2128.291748 0.178133
2129.508301 0.170354
2130.724121 0.166471
2131.939453 0.168136
2133.154053 0.165657
2134.367676 0.175343
2135.580566 0.170933
2136.792725 0.181802
2138.003906 0.176035
2139.214844 0.167166
2140.425049 0.165759
2141.634033 0.166297
2142.842285 0.164555
2144.050293 0.172789
2145.257324 0.165974
2146.463379 0.169594
2147.668945 0.165748
2148.873779 0.159100
2150.077881 0.166101
2151.280762 0.166711
2152.483887 0.168539
2153.685547 0.165711
2154.886475 0.156856
2156.086670 0.169279
2157.286377 0.161001
2158.485352 0.164178
2159.683105 0.163005
2160.880615 0.167884
2162.077393 0.156446
2163.273438 0.169248
2164.468262 0.169813
2165.662842 0.167449
2166.856689 0.166501
2168.049805 0.165279
2169.241943 0.160720
2170.433350 0.163649
2171.624512 0.163168
2172.814453 0.160270
2174.003662 0.156800
2175.192139 0.157136
2176.379883 0.158178
2177.566895 0.160974
2178.753662 0.166562
2179.939209 0.150749
2181.124268 0.151774
2182.308105 0.165069
2183.491943 0.153773
2184.674561 0.155400
2185.856689 0.156825
2187.037354 0.162548
2188.218262 0.151337
2189.398438 0.157025
2190.577393 0.158521
2191.755615 0.151342
2192.933594 0.159988
2194.110352 0.146708
2195.286133 0.151017
2196.461670 0.150552
2197.636475 0.149513
2198.810791 0.153179
2199.983643 0.151567
2201.156250 0.140822
2202.328125 0.147814
2203.499512 0.147451
2204.669922 0.144122
2205.839600 0.139805
2207.008789 0.143391
2208.176758 0.155021
2209.344238 0.145380
2210.510986 0.146804
2211.677246 0.160005
2212.842285 0.143639
2214.006836 0.144560
2215.170898 0.149231
2216.334229 0.150692
2217.496582 0.158866
2218.658203 0.150509
2219.819580 0.148467
2220.979736 0.150949
2222.139404 0.154169
2223.298340 0.139251
2224.456543 0.150299
2225.614014 0.140165
2226.770508 0.147946
2227.926758 0.145471
2229.081787 0.146983
2230.236572 0.142511
2231.390137 0.142785
2232.543457 0.144596
2233.695801 0.154154
2234.847412 0.143061
2235.998535 0.147584
2237.148926 0.149666
2238.298584 0.154755
2239.447266 0.147214
2240.595703 0.148766
2241.743408 0.147004
2242.889893 0.136717
2244.035645 0.139420
2245.181396 0.152496
2246.325684 0.140947
2247.469727 0.139566
2248.613037 0.141803
2249.755371 0.151685
2250.897461 0.142388
2252.038086 0.149129
2253.178955 0.146682
2254.318359 0.145032
2255.457275 0.145296
2256.595703 0.141334
2257.733154 0.155962
2258.869873 0.140728
2260.006104 0.146932
2261.141357 0.143700
2262.276123 0.148598
2263.410156 0.144432
2264.543701 0.150922
2265.676025 0.153897
2266.808105 0.131870
2267.939453 0.145438
2269.069580 0.139534
2270.199463 0.138559
2271.329102 0.141797
2272.457031 0.138596
2273.584717 0.142232
2274.711914 0.151123
2275.838135 0.138745
2276.963867 0.141514
2278.088379 0.134820
2279.212891 0.142059
2280.336426 0.152550
2281.459229 0.145973
2282.581299 0.140924
2283.702637 0.138793
2284.823486 0.152019
2285.943115 0.137312
2287.062744 0.144047
2288.181152 0.138699
2289.299072 0.136620
2290.416504 0.136248
2291.532959 0.130874
2292.648926 0.138626
2293.764160 0.144335
2294.878418 0.144264
2295.992188 0.138022
2297.105469 0.135857
2298.218018 0.155295
2299.329102 0.146433
2300.440430 0.147986
2301.550537 0.151039
2302.660156 0.155896
2303.769043 0.140739
2304.877686 0.141761
2305.984863 0.139584
2307.091797 0.143434
2308.197998 0.141285
2309.303467 0.142916
2310.408447 0.140408
2311.512207 0.141023
2312.615723 0.147883
2313.718506 0.146638
2314.820557 0.136385
2315.921875 0.139349
2317.022461 0.139202
2318.122559 0.140644
2319.221924 0.142861
2320.320313 0.133261
2321.418213 0.150978
2322.515625 0.147106
2323.611816 0.151106
2324.708008 0.141134
2325.803223 0.144474
2326.897705 0.145340
2327.991455 0.161056
2329.084717 0.146424
2330.177002 0.164860
2331.269043 0.160905
2332.359863 0.158334
2333.450439 0.140786
2334.540283 0.157849
2335.629639 0.133309
2336.717529 0.142620
2337.805420 0.131187
2338.892334 0.134040
2339.978516 0.144007
2341.064453 0.138237
2342.149414 0.138803
2343.233887 0.142515
2344.317139 0.139737
2345.400391 0.142921
2346.482422 0.142893
2347.563965 0.137712
2348.645020 0.131459
2349.725586 0.140071
2350.804932 0.150988
2351.884033 0.147857
2352.962158 0.147804
2354.039795 0.139308
2355.116699 0.143590
2356.192627 0.142925
2357.268311 0.136808
2358.343018 0.141064
2359.417480 0.137380
2360.490723 0.147664
2361.563721 0.141584
2362.635986 0.136939
2363.707764 0.140331
2364.778320 0.124522
2365.848633 0.133776
2366.918457 0.141416
2367.987305 0.149926
2369.055176 0.141345
2370.122803 0.137620
2371.189697 0.124517
2372.255859 0.150623
2373.321289 0.150279
2374.385986 0.146076
2375.450439 0.137491
2376.513916 0.133741
2377.576660 0.148081
2378.638916 0.134679
2379.700684 0.148721
2380.761230 0.144033
2381.821533 0.140970
2382.881592 0.145810
2383.940186 0.136490
2384.998291 0.139509
2386.056152 0.133735
2387.112793 0.131721
2388.169189 0.141620
2389.224365 0.123764
2390.279541 0.125460
2391.333740 0.143418
2392.387207 0.134341
2393.440430 0.144751
2394.492920 0.140577
2395.544434 0.148039
2396.594971 0.139962
2397.645508 0.142181
2398.695313 0.140295
2399.744141 0.131156
2400.792480 0.126283
2401.840088 0.142003
2402.887451 0.137359
2403.933594 0.137283
2404.979248 0.149470
2406.024658 0.134957
2407.069336 0.129977
2408.112793 0.131319
2409.156006 0.127088
2410.198242 0.140991
2411.240234 0.130581
2412.281250 0.129659
2413.321777 0.123501
2414.362061 0.130764
2415.400879 0.123998
2416.439209 0.122964
2417.477539 0.141305
2418.515137 0.131327
2419.551514 0.142500
2420.587158 0.136459
2421.622559 0.136597
2422.657471 0.137984
2423.691650 0.134499
2424.724854 0.147197
2425.757813 0.137723
2426.789795 0.134241
2427.821289 0.124081
2428.852295 0.138506
2429.882080 0.142307
2430.911865 0.129929
2431.940430 0.130863
2432.968750 0.138232
2433.996582 0.140581
2435.023682 0.152090
2436.049561 0.137505
2437.075439 0.129041
2438.100586 0.129518
2439.125000 0.145193
2440.148438 0.133744
2441.171875 0.138948
2442.194092 0.132402
2443.216309 0.134363
2444.237305 0.148709
2445.258057 0.134085
2446.277832 0.141902
2447.296875 0.126192
2448.315674 0.136784
2449.333984 0.126964
2450.351318 0.127057
2451.368164 0.123769
2452.383789 0.140457
2453.399658 0.144714
2454.414551 0.134831
2455.428467 0.139140
2456.442383 0.117899
2457.455566 0.138492
2458.467285 0.139353
2459.479004 0.123464
2460.490479 0.143875
2461.500732 0.123009
2462.510254 0.131983
2463.519775 0.114757
2464.528320 0.129628
2465.536377 0.151444
2466.543457 0.148125
2467.550049 0.133684
2468.556396 0.129686
2469.561768 0.135026
2470.566162 0.149372
2471.570557 0.137455
2472.574219 0.137438
2473.577148 0.133601
2474.579102 0.132939
2475.580811 0.135427
2476.582031 0.157015
2477.582275 0.131369
2478.582275 0.118677
2479.581299 0.145467
2480.580078 0.137718
2481.577637 0.130796
2482.574951 0.145211
2483.572021 0.141674
2484.568115 0.127899
2485.563232 0.136249
2486.557861 0.138219
2487.552246 0.141107
2488.545410 0.129079
2489.538330 0.122719
2490.531006 0.137366
2491.522949 0.124206
2492.513916 0.128373
2493.504395 0.123121
2494.494629 0.136062
2495.483398 0.118389
2496.472412 0.123338
2497.460693 0.132827
2498.447754 0.121079
2499.434570 0.136041
2500.421143 0.142739
2501.406250 0.138086
2502.391113 0.148487
2503.375732 0.133061
2504.359375 0.123730
2505.342529 0.141162
2506.325195 0.133827
2507.306885 0.142549
2508.288818 0.127881
2509.269043 0.135208
2510.249023 0.137412
2511.228760 0.141520
2512.207520 0.144932
2513.185547 0.137469
2514.163574 0.123124
2515.140381 0.125433
2516.117188 0.136282
2517.093018 0.137881
2518.067871 0.143979
2519.042969 0.119697
2520.016846 0.135776
2520.989990 0.131388
2521.962891 0.134879
2522.935303 0.120093
2523.906738 0.126272
2524.877930 0.128945
2525.848145 0.123126
2526.818359 0.130305
2527.787354 0.128770
2528.755859 0.139724
2529.724121 0.135853
2530.691406 0.126623
2531.658203 0.129692
2532.624512 0.140883
2533.589844 0.134175
2534.555420 0.124624
2535.519775 0.117957
2536.483398 0.127280
2537.447021 0.146073
2538.409424 0.111012
2539.371338 0.117034
2540.333008 0.142833
2541.293945 0.125984
2542.254150 0.133409
2543.213867 0.130054
2544.173096 0.128723
2545.131592 0.121007
2546.089355 0.113487
2547.046631 0.122065
2548.003662 0.120420
2548.959717 0.111255
2549.914795 0.134377
2550.870117 0.123462
2551.824219 0.136016
2552.778076 0.124602
2553.731934 0.129768
2554.684082 0.122458
2555.636475 0.127805
2556.587402 0.123688
2557.538330 0.121831
2558.489014 0.119512
2559.438721 0.129569
2560.387695 0.122786
2561.336426 0.136605
2562.283936 0.135156
2563.231934 0.076770
2564.178711 0.134607
2565.124756 0.136312
2566.070801 0.145229
2567.015381 0.142830
2567.959717 0.131938
2568.903564 0.117493
2569.846680 0.138371
2570.789551 0.133252
2571.731934 0.137187
2572.673828 0.133400
2573.614990 0.123083
2574.554932 0.136111
2575.494629 0.139042
2576.434082 0.110693
2577.372803 0.132545
2578.311035 0.129808
2579.248535 0.124134
2580.185547 0.118856
2581.121826 0.124567
2582.057861 0.128950
2582.992920 0.137002
2583.928223 0.120802
2584.862061 0.137122
2585.795654 0.132083
2586.729004 0.123194
2587.661133 0.129946
2588.592529 0.142873
2589.524414 0.150115
2590.454590 0.152752
2591.385498 0.136278
2592.314697 0.129094
2593.243896 0.132900
2594.172607 0.119351
2595.100342 0.126899
2596.027588 0.131794
2596.954590 0.115476
2597.880615 0.131389
2598.805908 0.130735
2599.731201 0.140992
2600.655762 0.142915
2601.580078 0.139542
2602.503418 0.131588
2603.426270 0.124380
2604.348633 0.125445
2605.270264 0.131015
2606.190918 0.135285
2607.112061 0.118708
2608.031982 0.121924
2608.952148 0.157127
2609.870605 0.128390
2610.788818 0.128567
2611.707275 0.142088
2612.624268 0.118636
2613.540527 0.124124
2614.457275 0.128054
2615.373047 0.125119
2616.287842 0.133235
2617.202637 0.139692
2618.116699 0.126539
2619.030273 0.141264
2619.943115 0.134350
2620.854492 0.144222
2621.767090 0.122813
2622.678223 0.116024
2623.588867 0.138958
2624.499268 0.132847
2625.408691 0.121328
2626.317383 0.140200
2627.226074 0.118773
2628.134277 0.118798
2629.042236 0.126745
2629.948486 0.121185
2630.854980 0.123114
2631.760986 0.133769
2632.666016 0.136159
2633.570313 0.118703
2634.475098 0.133624
2635.378418 0.153674
2636.281982 0.123509
2637.184082 0.124096
2638.085938 0.113409
2638.987549 0.119106
2639.888672 0.128730
2640.789063 0.134173
2641.689209 0.121994
2642.588135 0.133495
2643.487061 0.134917
2644.385742 0.129203
2645.283203 0.143079
2646.180664 0.144606
2647.076904 0.120799
2647.973145 0.142302
2648.868896 0.130652
2649.764160 0.107716
2650.658203 0.125192
2651.552734 0.121449
2652.446045 0.129299
2653.338623 0.127662
2654.231934 0.113000
2655.123535 0.123969
2656.015137 0.113933
2656.905762 0.120146
2657.795654 0.115612
2658.686035 0.128893
2659.574951 0.140157
2660.463623 0.120875
2661.352539 0.131416
2662.239746 0.112307
2663.127441 0.124814
2664.013916 0.113386
2664.899658 0.120957
2665.786133 0.120033
2666.670898 0.128235
2667.554932 0.148068
2668.439453 0.139778
2669.322998 0.121724
2670.205811 0.147700
2671.088623 0.126999
2671.970459 0.128421
2672.852295 0.140476
2673.733398 0.113045
2674.613281 0.124860
2675.493652 0.104491
2676.372803 0.134874
2677.251709 0.122890
2678.130371 0.145673
2679.008545 0.111749
2679.886230 0.147635
2680.762695 0.129412
2681.638916 0.137684
2682.515137 0.112004
2683.390625 0.132646
2684.265381 0.117073
2685.140137 0.135111
2686.013428 0.124813
2686.886963 0.123541
2687.759766 0.141217
2688.631836 0.134076
2689.504150 0.139672
2690.375000 0.119395
2691.246094 0.132849
2692.116455 0.113340
2692.986328 0.138372
2693.855469 0.125772
2694.724609 0.117929
2695.592773 0.124117
2696.460449 0.100655
2697.328125 0.112211
2698.194824 0.144037
2699.061768 0.135188
2699.927002 0.134268
2700.791992 0.119149
2701.657715 0.128878
2702.521973 0.121575
2703.385254 0.136098
2704.249268 0.119511
2705.112061 0.109447
2705.974365 0.137278
2706.836182 0.118212
2707.697510 0.120805
2708.559082 0.143078
2709.418945 0.116279
2710.278809 0.109903
2711.138916 0.146928
2711.997803 0.151273
2712.855957 0.120726
2713.714111 0.136839
2714.571533 0.153546
2715.428955 0.126258
2716.285400 0.107509
2717.141113 0.129320
2717.997314 0.143455
2718.852295 0.140468
2719.706543 0.118995
2720.561035 0.133942
2721.414551 0.135260
2722.268311 0.134549
2723.120605 0.147262
2723.973145 0.130902
2724.824951 0.122940
2725.676270 0.127916
2726.526611 0.119305
2727.377686 0.133980
2728.227051 0.124034
2729.076172 0.161837
2729.925537 0.150197
2730.774170 0.131857
2731.622314 0.132832
2732.469727 0.104559
2733.316406 0.131667
2734.163330 0.134171
2735.009277 0.117493
2735.854736 0.132614
2736.700195 0.153215
2737.544678 0.137915
2738.388916 0.107242
2739.232910 0.143464
2740.076172 0.111785
2740.919434 0.123454
2741.761719 0.171480
2742.603516 0.141967
2743.445313 0.143369
2744.285889 0.115046
2745.126465 0.083546
2745.966797 0.077699
2746.806152 0.115869
2747.645996 0.140960
2748.484375 0.135536
2749.322266 0.106996
2750.160889 0.118664
2750.998047 0.112592
2751.834717 0.142202
2752.671387 0.117420
2753.507324 0.104346
2754.342773 0.111254
2755.177979 0.159955
2756.012451 0.127851
2756.846924 0.128414
2757.680664 0.148428
2758.513916 0.128313
2759.346680 0.128736
2760.179199 0.144165
2761.010986 0.118059
2761.842773 0.125975
2762.673584 0.133820
2763.504639 0.093220
2764.334473 0.105449
2765.164551 0.124173
2765.993896 0.119351
2766.822266 0.132849
2767.650879 0.136105
2768.479248 0.114790
2769.306641 0.122974
2770.133057 0.119193
2770.960449 0.139051
2771.786377 0.123592
2772.612305 0.134463
2773.437988 0.114711
2774.262451 0.132221
2775.087158 0.147158
2775.911377 0.145489
2776.734619 0.125619
2777.558105 0.104530
2778.380615 0.137539
2779.202881 0.117074
2780.025146 0.120139
2780.846680 0.104570
2781.667969 0.123596
2782.488525 0.141515
2783.308594 0.138802
2784.128418 0.110996
2784.947754 0.126964
2785.766357 0.098345
2786.585449 0.130066
2787.403320 0.110993
2788.221191 0.134818
2789.038330 0.103295
2789.854980 0.125468
2790.671631 0.114568
2791.487305 0.152701
2792.302979 0.113687
2793.118408 0.146233
2793.932617 0.098031
2794.747314 0.140233
2795.561523 0.158881
2796.374756 0.133271
2797.188232 0.117584
2798.000488 0.108641
2798.812500 0.140086
2799.624756 0.123910
2800.436035 0.144926
2801.247070 0.123780
2802.057861 0.128690
2802.867920 0.120158
2803.677734 0.150685
2804.487305 0.105630
2805.296143 0.122055
2806.104980 0.120643
2806.913330 0.159221
2807.720703 0.102093
2808.528809 0.137070
2809.335205 0.128937
2810.142090 0.120936
2810.948486 0.164144
2811.753662 0.122574
2812.559326 0.138931
2813.364502 0.127550
2814.168945 0.127955
2814.973145 0.130705
2815.776855 0.137248
2816.580322 0.109162
2817.383545 0.117458
2818.186035 0.170266
2818.988281 0.133158
2819.790039 0.182362
2820.591309 0.141587
2821.393066 0.102154
2822.193359 0.119818
2822.994141 0.139408
2823.793945 0.156641
2824.593262 0.157299
2825.392090 0.127713
2826.191406 0.142775
2826.989502 0.166841
2827.787842 0.145875
2828.585205 0.145207
2829.382324 0.140681
2830.179443 0.094965
2830.975830 0.146947
2831.771484 0.155345
2832.567871 0.135207
2833.363281 0.167770
2834.157715 0.133325
2834.952637 0.159848
2835.746826 0.131678
2836.541016 0.163815
2837.334229 0.131377
2838.127441 0.167790
2838.920166 0.182127
2839.712646 0.146627
2840.504150 0.140580
2841.295898 0.158855
2842.087402 0.207616
2842.877930 0.176146
2843.668945 0.120729
2844.458984 0.149183
2845.249023 0.194782
2846.038330 0.166374
2846.827148 0.162397
2847.616455 0.181353
2848.404541 0.146205
2849.192383 0.180122
2849.980713 0.153032
2850.767334 0.148086
2851.554932 0.188839
2852.341064 0.157545
2853.127197 0.162600
2853.913574 0.177735
2854.698975 0.169823
2855.483887 0.162212
2856.269043 0.195263
2857.053223 0.159462
2857.836914 0.177709
2858.621338 0.177349
2859.404785 0.195012
2860.187744 0.194324
2860.970703 0.183746
2861.752686 0.162521
2862.534912 0.222920
2863.316406 0.171639
2864.097900 0.159888
2864.878906 0.182811
2865.659424 0.188379
2866.439941 0.178300
2867.220215 0.157401
2867.999756 0.160773
2868.779297 0.208039
2869.558105 0.199266
2870.336914 0.230965
2871.115234 0.183264
2871.893066 0.221656
2872.670654 0.208691
2873.447998 0.190255
2874.225098 0.184591
2875.001953 0.218277
2875.778076 0.214230
2876.553955 0.212607
2877.330078 0.189554
2878.105225 0.217271
2878.880127 0.258654
2879.655273 0.177537
2880.429443 0.211196
2881.203369 0.167707
2881.977539 0.224121
2882.750732 0.215728
2883.523926 0.178742
2884.296387 0.200357
2885.069092 0.206320
2885.841309 0.197149
2886.613037 0.202897
2887.384521 0.172046
2888.156494 0.228206
2888.926758 0.186456
2889.697754 0.232981
2890.467773 0.192226
2891.237793 0.148460
2892.008057 0.151727
2892.776367 0.203494
2893.545410 0.222658
2894.314453 0.217467
2895.083008 0.167236
2895.851074 0.235678
2896.619141 0.218167
2897.386719 0.211632
2898.153809 0.192718
2898.920654 0.188399
2899.687256 0.194856
2900.453857 0.231014
2901.219727 0.214690
2901.985840 0.189888
2902.750977 0.195771
2903.516113 0.234157
2904.281250 0.230486
2905.045898 0.217226
2905.809814 0.164818
2906.574219 0.301737
2907.337402 0.227434
2908.100586 0.243744
2908.864502 0.197080
2909.626953 0.250353
2910.389404 0.223644
2911.151855 0.237878
2911.914063 0.245483
2912.676025 0.252584
2913.437500 0.285194
2914.197998 0.268957
2914.959229 0.268910
spectrumdark 2048
-92.100746 15595.000000
-89.475540 15595.000000
-86.852219 16410.000000
-84.230782 14558.000000
-81.611229 14922.000000
-78.993568 13766.000000
-76.377785 15943.000000
-73.763878 15878.000000
-71.151855 14790.000000
-68.541710 14428.000000
-65.933426 13925.000000
-63.327023 13796.000000
-60.722488 13651.000000
-58.119820 14558.000000
-55.519012 14985.000000
-52.920074 14469.000000
-50.322998 15486.000000
-47.727776 15248.000000
-45.134411 14859.000000
-42.542908 15060.000000
-39.953259 15106.000000
-37.365456 14119.000000
-34.779499 13823.000000
-32.195396 14711.000000
-29.613138 14878.000000
-27.032717 15300.000000
-24.454147 15091.000000
-21.877420 15611.000000
-19.302519 14013.000000
-16.729456 14590.000000
-14.158234 14722.000000
-11.588842 14673.000000
-9.021275 13735.000000
-6.455535 13953.000000
-3.891629 14342.000000
-1.329548 14735.000000
1.230719 15132.000000
3.789166 14456.000000
6.345787 14760.000000
8.900592 14546.000000
11.453588 14114.000000
14.004772 14241.000000
16.554138 15417.000000
19.101696 14428.000000
21.647457 13986.000000
24.191408 16448.000000
26.733551 13748.000000
29.273893 17416.000000
31.812441 16404.000000
34.349190 15543.000000
36.884151 14205.000000
39.417305 15264.000000
41.948673 15187.000000
44.478252 15437.000000
47.006031 14097.000000
49.532040 15162.000000
52.056271 15883.000000
54.578712 14445.000000
57.099369 14176.000000
59.618237 15130.000000
62.135345 15883.000000
64.650681 15821.000000
67.164223 15629.000000
69.676010 14934.000000
72.186020 14370.000000
74.694283 14500.000000
77.200768 14372.000000
79.705475 15532.000000
82.208435 13801.000000
84.709648 14523.000000
87.209068 15201.000000
89.706749 14666.000000
92.202682 15780.000000
94.696861 14610.000000
97.189293 13780.000000
99.679962 14928.000000
102.168892 15461.000000
104.656082 15090.000000
107.141525 13144.000000
109.625221 15191.000000
112.107178 14067.000000
114.587410 14450.000000
117.065895 14755.000000
119.542648 14814.000000
122.017677 15593.000000
124.490959 15097.000000
126.962509 14756.000000
129.432358 14623.000000
131.900452 14978.000000
134.366837 14873.000000
136.831512 15206.000000
139.294464 15081.000000
141.755692 14322.000000
144.215195 14558.000000
146.672958 14627.000000
149.129059 16500.000000
151.583420 15113.000000
154.036102 14426.000000
156.487061 15769.000000
158.936310 15986.000000
161.383865 15203.000000
163.829697 15471.000000
166.273849 14481.000000
168.716278 15582.000000
171.157028 15123.000000
173.596100 15167.000000
176.033463 16129.000000
178.469131 16351.000000
180.903091 14858.000000
183.335419 15481.000000
185.766006 14839.000000
188.194931 15521.000000
190.622162 15447.000000
193.047729 14436.000000
195.471619 14305.000000
197.893829 14752.000000
200.314362 15440.000000
202.733200 16248.000000
205.150360 14867.000000
207.565887 14720.000000
209.979721 15419.000000
212.391922 14493.000000
214.802429 15683.000000
217.211288 14893.000000
219.618439 13528.000000
222.023972 14111.000000
224.427841 14289.000000
226.830048 14784.000000
229.230621 15462.000000
231.629532 14937.000000
234.026779 14646.000000
236.422394 16582.000000
238.816345 16357.000000
241.208618 15727.000000
243.599274 15440.000000
245.988297 15879.000000
248.375687 14749.000000
250.761429 15400.000000
253.145538 15836.000000
255.528000 16249.000000
257.908783 15989.000000
260.287994 15711.000000
262.665558 16060.000000
265.041473 15113.000000
267.415802 16262.000000
269.788483 16680.000000
272.159546 15239.000000
274.528992 15960.000000
276.896790 14374.000000
279.262970 13812.000000
281.627563 13612.000000
283.990509 15206.000000
286.351837 14797.000000
288.711578 15165.000000
291.069702 15460.000000
293.426208 16752.000000
295.781097 15660.000000
298.134369 16248.000000
300.486084 15712.000000
302.836182 14651.000000
305.184692 14722.000000
307.531555 16974.000000
309.876831 15282.000000
312.220520 15761.000000
314.562592 15122.000000
316.903107 13958.000000
319.242035 15011.000000
321.579346 14759.000000
323.915100 13768.000000
326.249207 14494.000000
328.581787 14686.000000
330.912781 14708.000000
333.242157 15903.000000
335.569977 15437.000000
337.896210 15339.000000
340.220856 14934.000000
342.543945 14760.000000
344.865448 16147.000000
347.185425 14696.000000
349.503784 14303.000000
351.820557 17116.000000
354.135773 17045.000000
356.449432 14962.000000
358.761536 14295.000000
361.072052 15391.000000
363.381012 14723.000000
365.688446 15568.000000
367.994324 15856.000000
370.298615 16005.000000
372.601318 14423.000000
374.902527 14691.000000
377.202179 15431.000000
379.500244 14693.000000
381.796783 14734.000000
384.091766 15136.000000
386.385223 16624.000000
388.677185 14595.000000
390.967499 15564.000000
393.256317 15202.000000
395.543610 14623.000000
397.829346 15681.000000
400.113464 16997.000000
402.396149 18175.000000
404.677277 17182.000000
406.956879 18621.000000
409.234955 16080.000000
411.511536 16512.000000
413.786530 20010.000000
416.060028 24782.000000
418.332001 27068.000000
420.602417 26312.000000
422.871368 22995.000000
425.138763 17839.000000
427.404633 15134.000000
429.669037 15767.000000
431.931885 17151.000000
434.193146 14344.000000
436.453003 14525.000000
438.711304 14228.000000
440.968109 14389.000000
443.223389 13892.000000
445.477203 15506.000000
447.729523 13334.000000
449.980316 14379.000000
452.229584 14546.000000
454.477386 14338.000000
456.723663 15643.000000
458.968445 14438.000000
461.211761 14971.000000
463.453552 14035.000000
465.693848 13937.000000
467.932678 14730.000000
470.169983 14802.000000
472.405792 14928.000000
474.640137 14105.000000
476.873016 15545.000000
479.104370 15790.000000
481.334259 14843.000000
483.562683 15584.000000
485.789642 15554.000000
488.015106 15961.000000
490.239075 15103.000000
492.461578 14930.000000
494.682617 15668.000000
496.902191 15855.000000
499.120270 15519.000000
501.336884 15577.000000
503.552032 14384.000000
505.765717 14969.000000
507.977936 15666.000000
510.188660 15011.000000
512.397949 15913.000000
514.605774 14405.000000
516.812195 14781.000000
519.017151 15071.000000
521.220581 15791.000000
523.422546 14312.000000
525.623108 15624.000000
527.822205 16062.000000
530.019958 15884.000000
532.216064 16438.000000
534.410828 16437.000000
536.604126 17018.000000
538.796021 14905.000000
540.986450 14930.000000
543.175354 14672.000000
545.362915 14499.000000
547.549011 13407.000000
549.733582 13795.000000
551.916870 14781.000000
554.098633 13913.000000
556.278992 13857.000000
558.457886 15378.000000
560.635376 14801.000000
562.811401 15056.000000
564.986023 14770.000000
567.159241 15417.000000
569.331116 15196.000000
571.501404 14342.000000
573.670349 15749.000000
575.837769 15514.000000
578.003845 15557.000000
580.168518 15694.000000
582.331787 15091.000000
584.493652 14954.000000
586.654053 15469.000000
588.812988 15977.000000
590.970642 14559.000000
593.126831 13761.000000
595.281555 14578.000000
597.434937 15912.000000
599.586914 14705.000000
601.737488 14194.000000
603.886597 14680.000000
606.034363 16479.000000
608.180725 15554.000000
610.325623 15000.000000
612.469116 14614.000000
614.611267 15430.000000
616.752075 15181.000000
618.891357 15197.000000
621.029419 14648.000000
623.166016 14014.000000
625.301086 16304.000000
627.434998 15694.000000
629.567383 14187.000000
631.698364 18990.000000
633.828064 15431.000000
635.956177 13993.000000
638.083191 17607.000000
640.208618 17065.000000
642.332825 17831.000000
644.455383 16137.000000
646.576782 15677.000000
648.696716 15552.000000
650.815308 14692.000000
652.932556 15615.000000
655.048401 15513.000000
657.162903 13937.000000
659.276062 15089.000000
661.387695 16238.000000
663.498108 15180.000000
665.607178 14666.000000
667.714844 15451.000000
669.821106 14524.000000
671.925964 13640.000000
674.029541 15192.000000
676.131836 14091.000000
678.232605 13999.000000
680.332031 16261.000000
682.430176 15299.000000
684.526917 14762.000000
686.622375 15421.000000
688.716553 18323.000000
690.809143 16398.000000
692.900574 17305.000000
694.990662 16273.000000
697.079285 16708.000000
699.166626 15051.000000
701.252686 15892.000000
703.337280 15681.000000
705.420593 13899.000000
707.502502 15558.000000
709.583191 14471.000000
711.662415 15227.000000
713.740295 14929.000000
715.816956 15350.000000
717.892273 15232.000000
719.966187 15309.000000
722.038879 14759.000000
724.110107 15339.000000
726.180054 14522.000000
728.248718 14389.000000
730.316040 16539.000000
732.382019 14594.000000
734.446716 14969.000000
736.509949 15684.000000
738.571960 14496.000000
740.632690 15889.000000
742.692017 15519.000000
744.750122 15372.000000
746.806763 14439.000000
748.862183 14758.000000
750.916321 13872.000000
752.969116 16140.000000
755.020630 13984.000000
757.070740 14308.000000
759.119629 14647.000000
761.167175 14872.000000
763.213379 15402.000000
765.258362 14537.000000
767.302002 17369.000000
769.344299 15501.000000
771.385376 14619.000000
773.425049 15067.000000
775.463501 15637.000000
777.500549 15358.000000
779.536316 15309.000000
781.570862 14497.000000
783.604126 13769.000000
785.636047 15261.000000
787.666687 14280.000000
789.696045 13808.000000
791.724182 14787.000000
793.750916 15060.000000
795.776428 15883.000000
797.800598 14827.000000
799.823486 14439.000000
801.845093 15904.000000
803.865479 14830.000000
805.884521 17178.000000
807.902283 15491.000000
809.918823 14262.000000
811.934082 14361.000000
813.947998 16058.000000
815.960571 14710.000000
817.971985 14677.000000
819.982056 14684.000000
821.991028 15586.000000
823.998474 14767.000000
826.004883 15354.000000
828.009888 14309.000000
830.013550 14655.000000
832.016113 14292.000000
834.017212 14657.000000
836.017273 14347.000000
838.015869 15007.000000
840.013367 14030.000000
842.009521 14061.000000
844.004517 14768.000000
845.998108 14926.000000
847.990479 16185.000000
849.981628 16386.000000
851.971558 15521.000000
853.960083 14918.000000
855.947510 14663.000000
857.933533 14513.000000
859.918457 15595.000000
861.902039 13981.000000
863.884399 16124.000000
865.865540 14938.000000
867.845337 15283.000000
869.824036 15595.000000
871.801331 18873.000000
873.777527 16807.000000
875.752380 15778.000000
877.726074 16033.000000
879.698425 14793.000000
881.669617 14809.000000
883.639465 15719.000000
885.608276 15173.000000
887.575623 14467.000000
889.541870 14430.000000
891.506836 14885.000000
893.470520 17422.000000
895.433105 15203.000000
897.394348 14487.000000
899.354431 15627.000000
901.313171 14889.000000
903.270813 14062.000000
905.227173 15599.000000
907.182434 15023.000000
909.136292 15872.000000
911.089050 13401.000000
913.040405 13836.000000
914.990723 14417.000000
916.939697 14981.000000
918.887573 14964.000000
920.834106 13669.000000
922.779419 15071.000000
924.723633 14413.000000
926.666626 14047.000000
928.608398 15353.000000
930.548767 14383.000000
932.488098 14903.000000
934.426147 14387.000000
936.363159 14889.000000
938.298767 14398.000000
940.233276 14837.000000
942.166443 13384.000000
944.098633 14926.000000
946.029419 14069.000000
947.959106 14072.000000
949.887512 15992.000000
951.814819 15210.000000
953.740662 15020.000000
955.665527 15068.000000
957.589233 14031.000000
959.511597 15858.000000
961.432983 13679.000000
963.352966 16261.000000
965.271790 14680.000000
967.189453 14296.000000
969.106018 16407.000000
971.021179 14576.000000
972.935364 15578.000000
974.848206 14823.000000
976.759949 14666.000000
978.670410 14530.000000
980.579834 15317.000000
982.487915 14830.000000
984.394836 15012.000000
986.300659 14676.000000
988.205200 14918.000000
990.108765 16839.000000
992.010925 14605.000000
993.911987 15018.000000
995.811829 14460.000000
997.710632 14502.000000
999.608093 15157.000000
1001.504578 14307.000000
1003.399536 17093.000000
1005.293701 14277.000000
1007.186462 15258.000000
1009.078186 15545.000000
1010.968689 14257.000000
1012.857910 15315.000000
1014.746155 15058.000000
1016.633057 14591.000000
1018.518982 14886.000000
1020.403442 14407.000000
1022.287048 13525.000000
1024.169312 13743.000000
1026.050659 15658.000000
1027.930542 15397.000000
1029.809448 14366.000000
1031.687134 15507.000000
1033.563721 15448.000000
1035.439087 14151.000000
1037.313232 14129.000000
1039.186157 13452.000000
1041.058105 13614.000000
1042.928833 14956.000000
1044.798340 14911.000000
1046.666992 14716.000000
1048.534058 13870.000000
1050.400391 15055.000000
1052.265259 14102.000000
1054.129150 14091.000000
1055.991821 14269.000000
1057.853394 14334.000000
1059.713745 14425.000000
1061.572998 15336.000000
1063.431030 15446.000000
1065.288086 16416.000000
1067.143921 14462.000000
1068.998657 14180.000000
1070.851929 14622.000000
1072.704468 15317.000000
1074.555786 14642.000000
1076.405884 14859.000000
1078.254883 13843.000000
1080.102783 14507.000000
1081.949463 17363.000000
1083.795044 15393.000000
1085.639526 14570.000000
1087.482788 14292.000000
1089.324951 15006.000000
1091.166138 14068.000000
1093.005981 13857.000000
1094.844971 14481.000000
1096.682617 19094.000000
1098.519043 14124.000000
1100.354614 14527.000000
1102.188721 13812.000000
1104.021973 14977.000000
1105.854004 15627.000000
1107.684814 14335.000000
1109.514648 13912.000000
1111.343384 15218.000000
1113.171021 14284.000000
1114.997437 13941.000000
1116.822754 14597.000000
1118.646973 13668.000000
1120.470093 14514.000000
1122.291992 13847.000000
1124.113159 14978.000000
1125.932739 14984.000000
1127.751465 14571.000000
1129.568970 15068.000000
1131.385376 14137.000000
1133.200684 14964.000000
1135.014893 14415.000000
1136.828003 14746.000000
1138.640137 14254.000000
1140.451050 13855.000000
1142.260742 14807.000000
1144.069458 14943.000000
1145.876953 14263.000000
1147.683716 15396.000000
1149.489014 14421.000000
1151.293213 14185.000000
1153.096313 15668.000000
1154.898438 15644.000000
1156.699463 15674.000000
1158.499390 15233.000000
1160.298096 16602.000000
1162.095703 15082.000000
1163.892456 14462.000000
1165.687866 16483.000000
1167.482300 14962.000000
1169.275635 15915.000000
1171.067871 13656.000000
1172.859009 17286.000000
1174.649170 13832.000000
1176.437988 14478.000000
1178.225952 29771.000000
1180.012573 14208.000000
1181.798340 14949.000000
1183.583008 14698.000000
1185.366577 14974.000000
1187.149048 13567.000000
1188.930298 14382.000000
1190.710571 15606.000000
1192.489746 13644.000000
1194.267822 15108.000000
1196.045044 14454.000000
1197.820923 15907.000000
1199.595581 14611.000000
1201.369629 14095.000000
1203.142334 14615.000000
1204.913940 15530.000000
1206.684570 14258.000000
1208.454224 15064.000000
1210.222534 15976.000000
1211.989990 14465.000000
1213.756226 14326.000000
1215.521484 14623.000000
1217.285645 13922.000000
1219.048584 15059.000000
1220.810669 14380.000000
1222.571533 14240.000000
1224.331543 15448.000000
1226.090454 15148.000000
1227.848022 16361.000000
1229.604858 14637.000000
1231.360474 14182.000000
1233.114990 16502.000000
1234.868530 14398.000000
1236.620972 15223.000000
1238.372437 14797.000000
1240.122559 15399.000000
1241.871948 14423.000000
1243.620117 14349.000000
1245.367310 16311.000000
1247.113281 15075.000000
1248.858398 14284.000000
1250.602295 14182.000000
1252.345215 14436.000000
1254.087158 14121.000000
1255.828003 14306.000000
1257.567749 15039.000000
1259.306519 14579.000000
1261.044189 14157.000000
1262.780762 15673.000000
1264.516357 14984.000000
1266.250977 15196.000000
1267.984375 16056.000000
1269.716797 14377.000000
1271.448364 14700.000000
1273.178467 15218.000000
1274.907837 15374.000000
1276.636230 14957.000000
1278.363281 14035.000000
1280.089600 16350.000000
1281.814575 14923.000000
1283.538818 14865.000000
1285.261719 15618.000000
1286.983887 14749.000000
1288.704834 15849.000000
1290.424927 14268.000000
1292.143799 15630.000000
1293.861694 15086.000000
1295.578491 16419.000000
1297.294312 14600.000000
1299.008911 16439.000000
1300.722778 13625.000000
1302.435425 14328.000000
1304.147095 15661.000000
1305.857910 16711.000000
1307.567505 15253.000000
1309.276123 13976.000000
1310.983643 14234.000000
1312.690186 14347.000000
1314.395630 14347.000000
1316.100220 14393.000000
1317.803589 14190.000000
1319.506104 14917.000000
1321.207520 14875.000000
1322.907959 14331.000000
1324.607178 14857.000000
1326.305664 14271.000000
1328.003052 14906.000000
1329.699219 16255.000000
1331.394531 14223.000000
1333.088745 16353.000000
1334.782104 14964.000000
1336.474365 15726.000000
1338.165527 14957.000000
1339.855713 15685.000000
1341.545044 14320.000000
1343.233154 15597.000000
1344.920410 15662.000000
1346.606445 15772.000000
1348.291626 17373.000000
1349.975586 17588.000000
1351.658813 15529.000000
1353.340820 15740.000000
1355.021973 15356.000000
1356.702271 14645.000000
1358.381348 13462.000000
1360.059326 15041.000000
1361.736328 15947.000000
1363.412598 15182.000000
1365.087646 15047.000000
1366.761475 15795.000000
1368.434692 15534.000000
1370.106812 16398.000000
1371.777710 14543.000000
1373.447998 14508.000000
1375.116943 14972.000000
1376.784912 15168.000000
1378.451904 13843.000000
1380.118286 14480.000000
1381.783203 15346.000000
1383.447266 15448.000000
1385.110352 15646.000000
1386.772217 14277.000000
1388.433472 14599.000000
1390.093628 15180.000000
1391.752563 14806.000000
1393.410767 16015.000000
1395.067871 14501.000000
1396.723877 15873.000000
1398.379028 15615.000000
1400.033203 14320.000000
1401.686523 15673.000000
1403.338379 15881.000000
1404.989746 14405.000000
1406.639771 16311.000000
1408.289185 15887.000000
1409.937256 14682.000000
1411.584351 14952.000000
1413.230835 15489.000000
1414.875977 13645.000000
1416.520386 15805.000000
1418.163452 15278.000000
1419.805908 14151.000000
1421.447266 15468.000000
1423.087524 14393.000000
1424.726807 16416.000000
1426.365234 15481.000000
1428.002563 14489.000000
1429.639038 14836.000000
1431.274536 15564.000000
1432.908936 17406.000000
1434.542480 14988.000000
1436.174927 14112.000000
1437.806519 14354.000000
1439.437256 14542.000000
1441.066895 15955.000000
1442.695313 13858.000000
1444.322998 15530.000000
1445.949707 15783.000000
1447.575439 16428.000000
1449.200073 16312.000000
1450.823975 14818.000000
1452.446655 17471.000000
1454.068604 15058.000000
1455.689453 14606.000000
1457.309326 14867.000000
1458.928223 14681.000000
1460.546143 15536.000000
1462.163086 15308.000000
1463.779297 15189.000000
1465.394409 16221.000000
1467.008423 15260.000000
1468.621704 15971.000000
1470.233765 14290.000000
1471.844971 15621.000000
1473.455322 14688.000000
1475.064819 15677.000000
1476.672852 13222.000000
1478.280396 14529.000000
1479.886841 15084.000000
1481.492310 15238.000000
1483.096802 14140.000000
1484.700439 14743.000000
1486.302734 15244.000000
1487.904541 14887.000000
1489.505371 16056.000000
1491.104980 14819.000000
1492.703735 15781.000000
1494.301758 15621.000000
1495.898438 15174.000000
1497.494385 14483.000000
1499.089478 14855.000000
1500.683350 15409.000000
1502.276611 15728.000000
1503.868652 14071.000000
1505.459717 14601.000000
1507.050049 14103.000000
1508.639282 14387.000000
1510.227661 15538.000000
1511.815186 14165.000000
1513.401489 15430.000000
1514.986938 14724.000000
1516.571655 14976.000000
1518.155396 15526.000000
1519.737793 14611.000000
1521.319580 15161.000000
1522.900513 13771.000000
1524.480469 14735.000000
1526.059204 15190.000000
1527.637085 15025.000000
1529.214355 14984.000000
1530.790283 14302.000000
1532.365356 14425.000000
1533.939697 14586.000000
1535.512939 15411.000000
1537.085571 13891.000000
1538.656616 15492.000000
1540.227051 16503.000000
1541.796753 15310.000000
1543.365356 16136.000000
1544.933105 14873.000000
1546.499878 16216.000000
1548.065552 15672.000000
1549.630249 13932.000000
1551.194336 15270.000000
1552.757446 14853.000000
1554.319580 14893.000000
1555.880615 15023.000000
1557.440918 15480.000000
1559.000122 15133.000000
1560.558716 15035.000000
1562.116089 14456.000000
1563.672607 15727.000000
1565.228149 14978.000000
1566.782715 16092.000000
1568.336548 15536.000000
1569.889404 14517.000000
1571.441284 14274.000000
1572.992310 15209.000000
1574.542236 15239.000000
1576.091309 14218.000000
1577.639771 15180.000000
1579.186768 13755.000000
1580.733276 14925.000000
1582.278809 14177.000000
1583.823486 14377.000000
1585.366699 14884.000000
1586.909546 15598.000000
1588.451294 14566.000000
1589.992188 14889.000000
1591.531982 16444.000000
1593.071167 16074.000000
1594.609131 14835.000000
1596.146240 14697.000000
1597.682617 15934.000000
1599.218018 15251.000000
1600.752563 13954.000000
1602.285889 15404.000000
1603.818604 15628.000000
1605.350464 14471.000000
1606.881226 14823.000000
1608.411011 15996.000000
1609.940063 16054.000000
1611.468140 16347.000000
1612.995117 14188.000000
1614.521606 15025.000000
1616.046875 15902.000000
1617.571411 15422.000000
1619.094604 14543.000000
1620.617554 15094.000000
1622.139282 14548.000000
1623.660034 15994.000000
1625.179810 14679.000000
1626.699097 14957.000000
1628.217041 14382.000000
1629.734375 15198.000000
1631.250488 16284.000000
1632.765991 15038.000000
1634.280640 14782.000000
1635.794067 15579.000000
1637.306763 14892.000000
1638.818604 16159.000000
1640.329590 15090.000000
1641.839600 14975.000000
1643.348511 14441.000000
1644.856812 15052.000000
1646.364136 14660.000000
1647.870483 14074.000000
1649.375854 14286.000000
1650.880737 14615.000000
1652.384521 15816.000000
1653.887329 15049.000000
1655.389160 14736.000000
1656.890381 15800.000000
1658.390625 14584.000000
1659.889771 14565.000000
1661.388062 14525.000000
1662.885620 15250.000000
1664.382080 15007.000000
1665.877808 15570.000000
1667.372559 15009.000000
1668.866577 14290.000000
1670.359619 15499.000000
1671.851685 14860.000000
1673.343140 14972.000000
1674.833374 13998.000000
1676.322876 14284.000000
1677.811523 15875.000000
1679.299194 15002.000000
1680.786255 15698.000000
1682.271973 14036.000000
1683.757080 14843.000000
1685.241455 14713.000000
1686.724365 14709.000000
1688.206909 15433.000000
1689.688354 14960.000000
1691.169067 14433.000000
1692.648804 14712.000000
1694.127808 15223.000000
1695.605713 16782.000000
1697.083008 14838.000000
1698.558960 15105.000000
1700.034546 16051.000000
1701.508911 14630.000000
1702.982666 15344.000000
1704.455322 16183.000000
1705.927368 16057.000000
1707.398315 15162.000000
1708.868164 14070.000000
1710.337524 14638.000000
1711.806030 14015.000000
1713.273438 14493.000000
1714.740112 20424.000000
1716.205566 15570.000000
1717.670654 16920.000000
1719.134644 15731.000000
1720.597778 13252.000000
1722.059937 15894.000000
1723.521484 14643.000000
1724.982056 14340.000000
1726.441406 17309.000000
1727.900391 15703.000000
1729.358276 17191.000000
1730.815430 14761.000000
1732.271362 14368.000000
1733.726685 16760.000000
1735.181274 14269.000000
1736.634644 14128.000000
1738.087402 15563.000000
1739.539307 16012.000000
1740.990234 14810.000000
1742.440186 14913.000000
1743.889648 14833.000000
1745.337891 14981.000000
1746.785645 15050.000000
1748.232056 14949.000000
1749.677979 15109.000000
1751.122925 16857.000000
1752.567017 14560.000000
1754.010132 17698.000000
1755.452393 14965.000000
1756.893921 14889.000000
1758.334595 15433.000000
1759.774292 14935.000000
1761.213257 14174.000000
1762.651367 15237.000000
1764.088501 15105.000000
1765.524902 14504.000000
1766.960449 15577.000000
1768.395020 14704.000000
1769.828735 14905.000000
1771.261597 14593.000000
1772.693848 16757.000000
1774.125122 14555.000000
1775.555176 15726.000000
1776.984741 16410.000000
1778.413696 16111.000000
1779.841309 16348.000000
1781.268066 14678.000000
1782.694336 16394.000000
1784.119751 15458.000000
1785.543823 17090.000000
1786.967529 13860.000000
1788.390259 14777.000000
1789.812134 14727.000000
1791.233032 14926.000000
1792.653320 14421.000000
1794.072632 14643.000000
1795.491089 15496.000000
1796.908569 15556.000000
1798.325439 14423.000000
1799.741333 14718.000000
1801.156250 15375.000000
1802.570557 14753.000000
1803.984009 15311.000000
1805.396729 13633.000000
1806.808228 14679.000000
1808.219116 14801.000000
1809.629150 15169.000000
1811.038452 14124.000000
1812.446411 15140.000000
1813.854126 14699.000000
1815.260864 14973.000000
1816.666504 15787.000000
1818.071411 14582.000000
1819.475464 14374.000000
1820.878906 15028.000000
1822.281250 14257.000000
1823.682983 14730.000000
1825.083862 14420.000000
1826.483765 15730.000000
1827.882690 14886.000000
1829.281006 14736.000000
1830.678345 14747.000000
1832.075073 14721.000000
1833.470703 14346.000000
1834.865723 15654.000000
1836.259888 15773.000000
1837.653076 14094.000000
1839.045410 14978.000000
1840.437134 15495.000000
1841.827881 14716.000000
1843.217896 14354.000000
1844.606689 14521.000000
1845.995117 14773.000000
1847.382690 15145.000000
1848.769043 15883.000000
1850.154785 13943.000000
1851.539917 14253.000000
1852.923950 14616.000000
1854.307129 14650.000000
1855.689819 16178.000000
1857.071167 15080.000000
1858.452148 14877.000000
1859.831909 14073.000000
1861.211182 15711.000000
1862.589600 15594.000000
1863.967163 14074.000000
1865.343750 14917.000000
1866.719482 15846.000000
1868.094482 13937.000000
1869.468506 16518.000000
1870.841919 13484.000000
1872.214600 15014.000000
1873.586304 15123.000000
1874.957153 15714.000000
1876.327271 14423.000000
1877.696655 16962.000000
1879.065186 16102.000000
1880.432495 14681.000000
1881.799438 18106.000000
1883.165283 13416.000000
1884.530640 16011.000000
1885.894897 13946.000000
1887.258301 14133.000000
1888.621094 14384.000000
1889.982910 14421.000000
1891.344116 14522.000000
1892.704346 14474.000000
1894.063721 13059.000000
1895.422241 15818.000000
1896.780029 15757.000000
1898.137085 15838.000000
1899.493408 15418.000000
1900.848633 14816.000000
1902.203125 14670.000000
1903.557007 16165.000000
1904.910034 13931.000000
1906.261841 15873.000000
1907.613159 14731.000000
1908.963867 16020.000000
1910.313477 16017.000000
1911.662109 14292.000000
1913.010376 14549.000000
1914.357544 14645.000000
1915.703857 15915.000000
1917.049438 14552.000000
1918.394409 14709.000000
1919.738525 16782.000000
1921.081543 15672.000000
1922.423950 14728.000000
1923.765503 15130.000000
1925.106567 15351.000000
1926.446289 14355.000000
1927.785522 15176.000000
1929.123901 15926.000000
1930.461548 15873.000000
1931.798096 14899.000000
1933.133911 14791.000000
1934.469116 14932.000000
1935.803345 15028.000000
1937.136963 13547.000000
1938.469604 13528.000000
1939.801758 14844.000000
1941.132813 14491.000000
1942.463257 14575.000000
1943.792725 13770.000000
1945.121582 15302.000000
1946.449097 14395.000000
1947.776245 14360.000000
1949.102783 14846.000000
1950.428223 13504.000000
1951.752808 14538.000000
1953.076904 15803.000000
1954.399902 14999.000000
1955.722168 14913.000000
1957.043823 14766.000000
1958.364258 13725.000000
1959.684448 14685.000000
1961.003418 14855.000000
1962.321899 13926.000000
1963.639526 14993.000000
1964.956421 13541.000000
1966.272217 14844.000000
1967.587280 14312.000000
1968.901733 14374.000000
1970.215332 15996.000000
1971.527710 14211.000000
1972.840088 14389.000000
1974.151245 15470.000000
1975.461548 15155.000000
1976.771118 14124.000000
1978.080078 15361.000000
1979.388184 15917.000000
1980.695190 16103.000000
1982.001587 14116.000000
1983.307495 14406.000000
1984.612427 15818.000000
1985.916260 15256.000000
1987.219727 15530.000000
1988.522217 16142.000000
1989.823975 14781.000000
1991.124878 16122.000000
1992.424927 15538.000000
1993.724243 13651.000000
1995.022705 14663.000000
1996.320679 14484.000000
1997.617798 15627.000000
1998.913940 14644.000000
2000.209229 14557.000000
2001.503906 14572.000000
2002.797852 15273.000000
2004.090942 15145.000000
2005.383301 14206.000000
2006.674805 15292.000000
2007.965454 14807.000000
2009.255493 15013.000000
2010.544556 15714.000000
2011.833008 14089.000000
2013.120605 14747.000000
2014.407593 13503.000000
2015.693359 16468.000000
2016.978882 15374.000000
2018.263550 14090.000000
2019.546875 14991.000000
2020.829834 14591.000000
2022.112183 15250.000000
2023.393311 15408.000000
2024.673950 15416.000000
2025.953735 17152.000000
2027.233032 15972.000000
2028.511230 14683.000000
2029.788696 15374.000000
2031.065430 14841.000000
2032.341431 14999.000000
2033.616577 14965.000000
2034.890991 14017.000000
2036.164551 16835.000000
2037.437500 14782.000000
2038.709351 14402.000000
2039.980835 14855.000000
2041.251343 15890.000000
2042.521362 15183.000000
2043.790039 14981.000000
2045.058350 14370.000000
2046.325928 15015.000000
2047.592407 15142.000000
2048.858154 14829.000000
2050.123291 15060.000000
2051.387939 14046.000000
2052.651611 14629.000000
2053.914063 15915.000000
2055.176270 14127.000000
2056.437500 14752.000000
2057.697998 15528.000000
2058.957764 15604.000000
2060.216797 15928.000000
2061.475098 15089.000000
2062.732422 14718.000000
2063.989258 14852.000000
2065.245117 15005.000000
2066.500244 15128.000000
2067.754639 15320.000000
2069.008545 14626.000000
2070.261230 15447.000000
2071.513672 14600.000000
2072.764648 13947.000000
2074.015137 16295.000000
2075.265137 14692.000000
2076.514160 15996.000000
2077.762451 16517.000000
2079.010010 14835.000000
2080.256836 14594.000000
2081.502686 14664.000000
2082.748047 14822.000000
2083.992676 14096.000000
2085.236328 15466.000000
2086.479004 15754.000000
2087.721191 16363.000000
2088.963135 14659.000000
2090.203857 15741.000000
2091.443359 15122.000000
2092.682861 15313.000000
2093.921143 16720.000000
2095.158936 15213.000000
2096.395996 14845.000000
2097.631836 15691.000000
2098.867432 15032.000000
2100.102051 16370.000000
2101.335938 14107.000000
2102.569336 15925.000000
2103.801514 15624.000000
2105.032959 14107.000000
2106.264160 14526.000000
2107.494385 14481.000000
2108.723633 15617.000000
2109.952148 14880.000000
2111.179932 14814.000000
2112.407227 15152.000000
2113.633789 15025.000000
2114.859131 15205.000000
2116.083984 14947.000000
2117.308105 15022.000000
2118.531250 15085.000000
2119.754150 13727.000000
2120.976318 14556.000000
2122.197510 13856.000000
2123.417480 15689.000000
2124.637207 15177.000000
2125.856201 15338.000000
2127.074707 14249.000000
2128.291748 13181.000000
2129.508301 14573.000000
2130.724121 14916.000000
2131.939453 15541.000000
2133.154053 14689.000000
2134.367676 15365.000000
2135.580566 15337.000000
2136.792725 14834.000000
2138.003906 14521.000000
2139.214844 15351.000000
2140.425049 14297.000000
2141.634033 14274.000000
2142.842285 14830.000000
2144.050293 13865.000000
2145.257324 14520.000000
2146.463379 14696.000000
2147.668945 14508.000000
2148.873779 15262.000000
2150.077881 15088.000000
2151.280762 14439.000000
2152.483887 15417.000000
2153.685547 15062.000000
2154.886475 16181.000000
2156.086670 14562.000000
2157.286377 15216.000000
2158.485352 15635.000000
2159.683105 14834.000000
2160.880615 14551.000000
2162.077393 15229.000000
2163.273438 15882.000000
2164.468262 15153.000000
2165.662842 15439.000000
2166.856689 15687.000000
2168.049805 16051.000000
2169.241943 15855.000000
2170.433350 15985.000000
2171.624512 14012.000000
2172.814453 15088.000000
2174.003662 15277.000000
2175.192139 14819.000000
2176.379883 14805.000000
2177.566895 14610.000000
2178.753662 14594.000000
2179.939209 14920.000000
2181.124268 14440.000000
2182.308105 14656.000000
2183.491943 15667.000000
2184.674561 15422.000000
2185.856689 15427.000000
2187.037354 14688.000000
2188.218262 14854.000000
2189.398438 15022.000000
2190.577393 15806.000000
2191.755615 17912.000000
2192.933594 15191.000000
2194.110352 15632.000000
2195.286133 16330.000000
2196.461670 13611.000000
2197.636475 14440.000000
2198.810791 16274.000000
2199.983643 16711.000000
2201.156250 15211.000000
2202.328125 14833.000000
2203.499512 15049.000000
2204.669922 15863.000000
2205.839600 14827.000000
2207.008789 14784.000000
2208.176758 15210.000000
2209.344238 15318.000000
2210.510986 16929.000000
2211.677246 16877.000000
2212.842285 15594.000000
2214.006836 15200.000000
2215.170898 16929.000000
2216.334229 14625.000000
2217.496582 14465.000000
2218.658203 16002.000000
2219.819580 14586.000000
2220.979736 15058.000000
2222.139404 15562.000000
2223.298340 15797.000000
2224.456543 14841.000000
2225.614014 16006.000000
2226.770508 15818.000000
2227.926758 15386.000000
2229.081787 14208.000000
2230.236572 14414.000000
2231.390137 15348.000000
2232.543457 15550.000000
2233.695801 16390.000000
2234.847412 14930.000000
2235.998535 15411.000000
2237.148926 14463.000000
2238.298584 15569.000000
2239.447266 15633.000000
2240.595703 14821.000000
2241.743408 14908.000000
2242.889893 16368.000000
2244.035645 16229.000000
2245.181396 15424.000000
2246.325684 15394.000000
2247.469727 15490.000000
2248.613037 15027.000000
2249.755371 14281.000000
2250.897461 15267.000000
2252.038086 14767.000000
2253.178955 14967.000000
2254.318359 15240.000000
2255.457275 14504.000000
2256.595703 14666.000000
2257.733154 16333.000000
2258.869873 15543.000000
2260.006104 14575.000000
2261.141357 15534.000000
2262.276123 15366.000000
2263.410156 14024.000000
2264.543701 15664.000000
2265.676025 14400.000000
2266.808105 15388.000000
2267.939453 15806.000000
2269.069580 14908.000000
2270.199463 14763.000000
2271.329102 14311.000000
2272.457031 14862.000000
2273.584717 15574.000000
2274.711914 15590.000000
2275.838135 15077.000000
2276.963867 15494.000000
2278.088379 16890.000000
2279.212891 14903.000000
2280.336426 15564.000000
2281.459229 15060.000000
2282.581299 15592.000000
2283.702637 16485.000000
2284.823486 14217.000000
2285.943115 14858.000000
2287.062744 14429.000000
2288.181152 15285.000000
2289.299072 15209.000000
2290.416504 15700.000000
2291.532959 15926.000000
2292.648926 14934.000000
2293.764160 14741.000000
2294.878418 15845.000000
2295.992188 14355.000000
2297.105469 13600.000000
2298.218018 13381.000000
2299.329102 16259.000000
2300.440430 16249.000000
2301.550537 14764.000000
2302.660156 15128.000000
2303.769043 14993.000000
2304.877686 15213.000000
2305.984863 15499.000000
2307.091797 14209.000000
2308.197998 16488.000000
2309.303467 14782.000000
2310.408447 15632.000000
2311.512207 15138.000000
2312.615723 14772.000000
2313.718506 14205.000000
2314.820557 15828.000000
2315.921875 15380.000000
2317.022461 16041.000000
2318.122559 16919.000000
2319.221924 14681.000000
2320.320313 16530.000000
2321.418213 14791.000000
2322.515625 16235.000000
2323.611816 15058.000000
2324.708008 15048.000000
2325.803223 13901.000000
2326.897705 14890.000000
2327.991455 15626.000000
2329.084717 15358.000000
2330.177002 15961.000000
2331.269043 16236.000000
2332.359863 14732.000000
2333.450439 15543.000000
2334.540283 15668.000000
2335.629639 15725.000000
2336.717529 15306.000000
2337.805420 15491.000000
2338.892334 16756.000000
2339.978516 15071.000000
2341.064453 15375.000000
2342.149414 16131.000000
2343.233887 15752.000000
2344.317139 14305.000000
2345.400391 15405.000000
2346.482422 17674.000000
2347.563965 15020.000000
2348.645020 14705.000000
2349.725586 15122.000000
2350.804932 15281.000000
2351.884033 14586.000000
2352.962158 14824.000000
2354.039795 14376.000000
2355.116699 15435.000000
2356.192627 15849.000000
2357.268311 15096.000000
2358.343018 14570.000000
2359.417480 15042.000000
2360.490723 15358.000000
2361.563721 15365.000000
2362.635986 14512.000000
2363.707764 14831.000000
2364.778320 15501.000000
2365.848633 15403.000000
2366.918457 15345.000000
2367.987305 15113.000000
2369.055176 14111.000000
2370.122803 15424.000000
2371.189697 14531.000000
2372.255859 16067.000000
2373.321289 15797.000000
2374.385986 16614.000000
2375.450439 15529.000000
2376.513916 15032.000000
2377.576660 15024.000000
2378.638916 16300.000000
2379.700684 15511.000000
2380.761230 14799.000000
2381.821533 15066.000000
2382.881592 15805.000000
2383.940186 14618.000000
2384.998291 15881.000000
2386.056152 16832.000000
2387.112793 16195.000000
2388.169189 14973.000000
2389.224365 16725.000000
2390.279541 16265.000000
2391.333740 15147.000000
2392.387207 16181.000000
2393.440430 15563.000000
2394.492920 15275.000000
2395.544434 15987.000000
2396.594971 15950.000000
2397.645508 15189.000000
2398.695313 15205.000000
2399.744141 16452.000000
2400.792480 14888.000000
2401.840088 16197.000000
2402.887451 14965.000000
2403.933594 15585.000000
2404.979248 15756.000000
2406.024658 16717.000000
2407.069336 15537.000000
2408.112793 16181.000000
2409.156006 15225.000000
2410.198242 16250.000000
2411.240234 14709.000000
2412.281250 17908.000000
2413.321777 15064.000000
2414.362061 14785.000000
2415.400879 14884.000000
2416.439209 15962.000000
2417.477539 16455.000000
2418.515137 14840.000000
2419.551514 15250.000000
2420.587158 15599.000000
2421.622559 15770.000000
2422.657471 15983.000000
2423.691650 14949.000000
2424.724854 14886.000000
2425.757813 14760.000000
2426.789795 14604.000000
2427.821289 15576.000000
2428.852295 16834.000000
2429.882080 15392.000000
2430.911865 16407.000000
2431.940430 14560.000000
2432.968750 15054.000000
2433.996582 14625.000000
2435.023682 15962.000000
2436.049561 15073.000000
2437.075439 16575.000000
2438.100586 14763.000000
2439.125000 17042.000000
2440.148438 15407.000000
2441.171875 15704.000000
2442.194092 16093.000000
2443.216309 15521.000000
2444.237305 15999.000000
2445.258057 15500.000000
2446.277832 14751.000000
2447.296875 15824.000000
2448.315674 15800.000000
2449.333984 17597.000000
2450.351318 15021.000000
2451.368164 15049.000000
2452.383789 13986.000000
2453.399658 15522.000000
2454.414551 16528.000000
2455.428467 14447.000000
2456.442383 16090.000000
2457.455566 14871.000000
2458.467285 15834.000000
2459.479004 15648.000000
2460.490479 15294.000000
2461.500732 14392.000000
2462.510254 15336.000000
2463.519775 17530.000000
2464.528320 14727.000000
2465.536377 15918.000000
2466.543457 15583.000000
2467.550049 15951.000000
2468.556396 15744.000000
2469.561768 15353.000000
2470.566162 14766.000000
2471.570557 15566.000000
2472.574219 16688.000000
2473.577148 14781.000000
2474.579102 16476.000000
2475.580811 14918.000000
2476.582031 14503.000000
2477.582275 14871.000000
2478.582275 15145.000000
2479.581299 15840.000000
2480.580078 16959.000000
2481.577637 15466.000000
2482.574951 15444.000000
2483.572021 17112.000000
2484.568115 14913.000000
2485.563232 15737.000000
2486.557861 16485.000000
2487.552246 16250.000000
2488.545410 16014.000000
2489.538330 15573.000000
2490.531006 17605.000000
2491.522949 16270.000000
2492.513916 16047.000000
2493.504395 15460.000000
2494.494629 16166.000000
2495.483398 16264.000000
2496.472412 15723.000000
2497.460693 15163.000000
2498.447754 16714.000000
2499.434570 15404.000000
2500.421143 14568.000000
2501.406250 15214.000000
2502.391113 15412.000000
2503.375732 15046.000000
2504.359375 15833.000000
2505.342529 16170.000000
2506.325195 14491.000000
2507.306885 15862.000000
2508.288818 13915.000000
2509.269043 16513.000000
2510.249023 14332.000000
2511.228760 16979.000000
2512.207520 16606.000000
2513.185547 16869.000000
2514.163574 16883.000000
2515.140381 15718.000000
2516.117188 15414.000000
2517.093018 16847.000000
2518.067871 16143.000000
2519.042969 14665.000000
2520.016846 15702.000000
2520.989990 15503.000000
2521.962891 15701.000000
2522.935303 16265.000000
2523.906738 15520.000000
2524.877930 16562.000000
2525.848145 15852.000000
2526.818359 15929.000000
2527.787354 16313.000000
2528.755859 17314.000000
2529.724121 15538.000000
2530.691406 16723.000000
2531.658203 14865.000000
2532.624512 14624.000000
2533.589844 14807.000000
2534.555420 17210.000000
2535.519775 16702.000000
2536.483398 16162.000000
2537.447021 15554.000000
2538.409424 16724.000000
2539.371338 16823.000000
2540.333008 14701.000000
2541.293945 16844.000000
2542.254150 15667.000000
2543.213867 15667.000000
2544.173096 17763.000000
2545.131592 15415.000000
2546.089355 17029.000000
2547.046631 16457.000000
2548.003662 15660.000000
2548.959717 15148.000000
2549.914795 15694.000000
2550.870117 15048.000000
2551.824219 15932.000000
2552.778076 15627.000000
2553.731934 14923.000000
2554.684082 15838.000000
2555.636475 15105.000000
2556.587402 15414.000000
2557.538330 15698.000000
2558.489014 14438.000000
2559.438721 15443.000000
2560.387695 15811.000000
2561.336426 15133.000000
2562.283936 16248.000000
2563.231934 21259.000000
2564.178711 17021.000000
2565.124756 15991.000000
2566.070801 15381.000000
2567.015381 15385.000000
2567.959717 15875.000000
2568.903564 16987.000000
2569.846680 15623.000000
2570.789551 16753.000000
2571.731934 16408.000000
2572.673828 15160.000000
2573.614990 17256.000000
2574.554932 16275.000000
2575.494629 15405.000000
2576.434082 15664.000000
2577.372803 14147.000000
2578.311035 16958.000000
2579.248535 16306.000000
2580.185547 16310.000000
2581.121826 15631.000000
2582.057861 16033.000000
2582.992920 16490.000000
2583.928223 16053.000000
2584.862061 15675.000000
2585.795654 16091.000000
2586.729004 16639.000000
2587.661133 17681.000000
2588.592529 16799.000000
2589.524414 15187.000000
2590.454590 16581.000000
2591.385498 17413.000000
2592.314697 15947.000000
2593.243896 15267.000000
2594.172607 16451.000000
2595.100342 17528.000000
2596.027588 15486.000000
2596.954590 16014.000000
2597.880615 15360.000000
2598.805908 15666.000000
2599.731201 15701.000000
2600.655762 16038.000000
2601.580078 15479.000000
2602.503418 15934.000000
2603.426270 16555.000000
2604.348633 15603.000000
2605.270264 16420.000000
2606.190918 14568.000000
2607.112061 15603.000000
2608.031982 16316.000000
2608.952148 16106.000000
2609.870605 14571.000000
2610.788818 15830.000000
2611.707275 16356.000000
2612.624268 15353.000000
2613.540527 15952.000000
2614.457275 16662.000000
2615.373047 15333.000000
2616.287842 16274.000000
2617.202637 15482.000000
2618.116699 15074.000000
2619.030273 14877.000000
2619.943115 16009.000000
2620.854492 15091.000000
2621.767090 16450.000000
2622.678223 15985.000000
2623.588867 15800.000000
2624.499268 16248.000000
2625.408691 15824.000000
2626.317383 15738.000000
2627.226074 18282.000000
2628.134277 15599.000000
2629.042236 15271.000000
2629.948486 14898.000000
2630.854980 15858.000000
2631.760986 16930.000000
2632.666016 16008.000000
2633.570313 16189.000000
2634.475098 15573.000000
2635.378418 16392.000000
2636.281982 16806.000000
2637.184082 15376.000000
2638.085938 17204.000000
2638.987549 14985.000000
2639.888672 15765.000000
2640.789063 14781.000000
2641.689209 15935.000000
2642.588135 15763.000000
2643.487061 14833.000000
2644.385742 15542.000000
2645.283203 15127.000000
2646.180664 15158.000000
2647.076904 16249.000000
2647.973145 15364.000000
2648.868896 15147.000000
2649.764160 16132.000000
2650.658203 15248.000000
2651.552734 15815.000000
2652.446045 14947.000000
2653.338623 14961.000000
2654.231934 15706.000000
2655.123535 16894.000000
2656.015137 15975.000000
2656.905762 16566.000000
2657.795654 15453.000000
2658.686035 17236.000000
2659.574951 15439.000000
2660.463623 16410.000000
2661.352539 16514.000000
2662.239746 17017.000000
2663.127441 15982.000000
2664.013916 15130.000000
2664.899658 16321.000000
2665.786133 15236.000000
2666.670898 16283.000000
2667.554932 15513.000000
2668.439453 15365.000000
2669.322998 14949.000000
2670.205811 15682.000000
2671.088623 15877.000000
2671.970459 15252.000000
2672.852295 15089.000000
2673.733398 17277.000000
2674.613281 16180.000000
2675.493652 16305.000000
2676.372803 14908.000000
2677.251709 15877.000000
2678.130371 15141.000000
2679.008545 16181.000000
2679.886230 16057.000000
2680.762695 16060.000000
2681.638916 16079.000000
2682.515137 15140.000000
2683.390625 16747.000000
2684.265381 18667.000000
2685.140137 15265.000000
2686.013428 15374.000000
2686.886963 15477.000000
2687.759766 14668.000000
2688.631836 16784.000000
2689.504150 16227.000000
2690.375000 16302.000000
2691.246094 16122.000000
2692.116455 15950.000000
2692.986328 15174.000000
2693.855469 16045.000000
2694.724609 17400.000000
2695.592773 16282.000000
2696.460449 15984.000000
2697.328125 14998.000000
2698.194824 16149.000000
2699.061768 16874.000000
2699.927002 16402.000000
2700.791992 15331.000000
2701.657715 16062.000000
2702.521973 15903.000000
2703.385254 16479.000000
2704.249268 16975.000000
2705.112061 15777.000000
2705.974365 16309.000000
2706.836182 16071.000000
2707.697510 16578.000000
2708.559082 15941.000000
2709.418945 17360.000000
2710.278809 15761.000000
2711.138916 16033.000000
2711.997803 15869.000000
2712.855957 15866.000000
2713.714111 18082.000000
2714.571533 16864.000000
2715.428955 16368.000000
2716.285400 15759.000000
2717.141113 16455.000000
2717.997314 16263.000000
2718.852295 16062.000000
2719.706543 16527.000000
2720.561035 16702.000000
2721.414551 17101.000000
2722.268311 16233.000000
2723.120605 15631.000000
2723.973145 16479.000000
2724.824951 16945.000000
2725.676270 16409.000000
2726.526611 16451.000000
2727.377686 16117.000000
2728.227051 18803.000000
2729.076172 15386.000000
2729.925537 15941.000000
2730.774170 15772.000000
2731.622314 15864.000000
2732.469727 17329.000000
2733.316406 14792.000000
2734.163330 21751.000000
2735.009277 17180.000000
2735.854736 15433.000000
2736.700195 16582.000000
2737.544678 15114.000000
2738.388916 16629.000000
2739.232910 15842.000000
2740.076172 16865.000000
2740.919434 16213.000000
2741.761719 14871.000000
2742.603516 15539.000000
2743.445313 16411.000000
2744.285889 14981.000000
2745.126465 17345.000000
2745.966797 17019.000000
2746.806152 16381.000000
2747.645996 16561.000000
2748.484375 18281.000000
2749.322266 19713.000000
2750.160889 15652.000000
2750.998047 15335.000000
2751.834717 14536.000000
2752.671387 16189.000000
2753.507324 16427.000000
2754.342773 16999.000000
2755.177979 15795.000000
2756.012451 15646.000000
2756.846924 15293.000000
2757.680664 16686.000000
2758.513916 15277.000000
2759.346680 16225.000000
2760.179199 16131.000000
2761.010986 15733.000000
2761.842773 16883.000000
2762.673584 15999.000000
2763.504639 16943.000000
2764.334473 14915.000000
2765.164551 16629.000000
2765.993896 15441.000000
2766.822266 16217.000000
2767.650879 15889.000000
2768.479248 18405.000000
2769.306641 15859.000000
2770.133057 16303.000000
2770.960449 16876.000000
2771.786377 15689.000000
2772.612305 16448.000000
2773.437988 15708.000000
2774.262451 15083.000000
2775.087158 15566.000000
2775.911377 16216.000000
2776.734619 15906.000000
2777.558105 17250.000000
2778.380615 15785.000000
2779.202881 15386.000000
2780.025146 16120.000000
2780.846680 17973.000000
2781.667969 15820.000000
2782.488525 17862.000000
2783.308594 17197.000000
2784.128418 16772.000000
2784.947754 15520.000000
2785.766357 17479.000000
2786.585449 17122.000000
2787.403320 15712.000000
2788.221191 15549.000000
2789.038330 16560.000000
2789.854980 16704.000000
2790.671631 16049.000000
2791.487305 15561.000000
2792.302979 17704.000000
2793.118408 18550.000000
2793.932617 16908.000000
2794.747314 15996.000000
2795.561523 19169.000000
2796.374756 16915.000000
2797.188232 16181.000000
2798.000488 16802.000000
2798.812500 17297.000000
2799.624756 15448.000000
2800.436035 16449.000000
2801.247070 15157.000000
2802.057861 17219.000000
2802.867920 16508.000000
2803.677734 16969.000000
2804.487305 16870.000000
2805.296143 16551.000000
2806.104980 16787.000000
2806.913330 15613.000000
2807.720703 20968.000000
2808.528809 16087.000000
2809.335205 17304.000000
2810.142090 16479.000000
2810.948486 16169.000000
2811.753662 16906.000000
2812.559326 15048.000000
2813.364502 17488.000000
2814.168945 17931.000000
2814.973145 16763.000000
2815.776855 16994.000000
2816.580322 19895.000000
2817.383545 16077.000000
2818.186035 18267.000000
2818.988281 18579.000000
2819.790039 16170.000000
2820.591309 16219.000000
2821.393066 16173.000000
2822.193359 17398.000000
2822.994141 16684.000000
2823.793945 17143.000000
2824.593262 16357.000000
2825.392090 16688.000000
2826.191406 16457.000000
2826.989502 17435.000000
2827.787842 16969.000000
2828.585205 16973.000000
2829.382324 16566.000000
2830.179443 22369.000000
2830.975830 17347.000000
2831.771484 14357.000000
2832.567871 16610.000000
2833.363281 16092.000000
2834.157715 16061.000000
2834.952637 17520.000000
2835.746826 16525.000000
2836.541016 16497.000000
2837.334229 16556.000000
2838.127441 15569.000000
2838.920166 16067.000000
2839.712646 17591.000000
2840.504150 16525.000000
2841.295898 16639.000000
2842.087402 19000.000000
2842.877930 17988.000000
2843.668945 17437.000000
2844.458984 16500.000000
2845.249023 15825.000000
2846.038330 15669.000000
2846.827148 15332.000000
2847.616455 15197.000000
2848.404541 16991.000000
2849.192383 17853.000000
2849.980713 16529.000000
2850.767334 18581.000000
2851.554932 16441.000000
2852.341064 16442.000000
2853.127197 17410.000000
2853.913574 16289.000000
2854.698975 16553.000000
2855.483887 15982.000000
2856.269043 18059.000000
2857.053223 17810.000000
2857.836914 18252.000000
2858.621338 17387.000000
2859.404785 16826.000000
2860.187744 15834.000000
2860.970703 16401.000000
2861.752686 17233.000000
2862.534912 17089.000000
2863.316406 15899.000000
2864.097900 16614.000000
2864.878906 16733.000000
2865.659424 17033.000000
2866.439941 17283.000000
2867.220215 17823.000000
2867.999756 16965.000000
2868.779297 16775.000000
2869.558105 15321.000000
2870.336914 17303.000000
2871.115234 16241.000000
2871.893066 16232.000000
2872.670654 18166.000000
2873.447998 17989.000000
2874.225098 16012.000000
2875.001953 17895.000000
2875.778076 16489.000000
2876.553955 16729.000000
2877.330078 17868.000000
2878.105225 18817.000000
2878.880127 18502.000000
2879.655273 20569.000000
2880.429443 19551.000000
2881.203369 19682.000000
2881.977539 18757.000000
2882.750732 17979.000000
2883.523926 17621.000000
2884.296387 18071.000000
2885.069092 17407.000000
2885.841309 18361.000000
2886.613037 19611.000000
2887.384521 17121.000000
2888.156494 16795.000000
2888.926758 18293.000000
2889.697754 16291.000000
2890.467773 16445.000000
2891.237793 17188.000000
2892.008057 17830.000000
2892.776367 16703.000000
2893.545410 17875.000000
2894.314453 16980.000000
2895.083008 22621.000000
2895.851074 18211.000000
2896.619141 17407.000000
2897.386719 17271.000000
2898.153809 17310.000000
2898.920654 19481.000000
2899.687256 17351.000000
2900.453857 17597.000000
2901.219727 16975.000000
2901.985840 17347.000000
2902.750977 16647.000000
2903.516113 16511.000000
2904.281250 17123.000000
2905.045898 17575.000000
2905.809814 16505.000000
2906.574219 25345.000000
2907.337402 18299.000000
2908.100586 17089.000000
2908.864502 16989.000000
2909.626953 15717.000000
2910.389404 18382.000000
2911.151855 18720.000000
2911.914063 16885.000000
2912.676025 16546.000000
2913.437500 17461.000000
2914.197998 16763.000000
2914.959229 16763.000000
