scanname Scan018
timestamp 2024-03-06 13:46:05
ccdbias 977.720703
ccdgain 4.045375
sigmaread 10.387852
laserwavenum -0.617907
wavenumcorrection -0.291474
scancount 2
totalexposurems 3075
singleexposurems 3000
measurementstate Unknown
scanmode Auto
snr 40.770897 30.038479 22.047312
replacelist 1
429 26277.000000 4639.000000
peaks 11
434.414032 0.069252 0.000000 2.708171 0.000210
884.456726 0.412229 0.000000 29.386555 0.003715
1052.506470 0.142775 0.000000 4.480225 0.000619
1096.885986 0.142818 0.000000 4.260510 0.000621
1276.787842 0.086666 0.000000 1.688421 0.000370
1344.369385 0.050956 0.000000 0.193151 0.000028
1386.693359 0.064184 0.000000 0.208251 0.000045
1454.756470 0.194149 0.000000 2.874869 0.000788
1481.519897 0.102486 0.000000 0.670417 0.000192
2873.480713 0.401387 0.000000 0.157515 0.000788
2882.128906 0.412668 0.000000 0.129992 0.001030
finalresult GLS_Multiple 1
A8458	Ethanol	5.203367e-001
spectrum 2048
-92.068016 0.610391
-89.442810 0.613473
-86.819489 11.193004
-84.198051 36.684242
-81.578499 45.817116
-78.960838 47.998898
-76.345055 48.735756
-73.731148 53.382900
-71.119125 54.374321
-68.508980 49.293797
-65.900696 48.549603
-63.294289 47.838684
-60.689754 45.581680
-58.087086 41.952114
-55.486279 39.807911
-52.887341 38.443138
-50.290264 35.164490
-47.695042 32.921291
-45.101677 29.548073
-42.510174 26.896511
-39.920525 24.295464
-37.332722 21.185801
-34.746765 18.621729
-32.162663 16.485884
-29.580404 14.366868
-26.999983 12.404523
-24.421413 11.035840
-21.844687 9.526254
-19.269785 7.999257
-16.696722 6.049797
-14.125500 0.656118
-11.556108 0.224955
-8.988541 0.177181
-6.422801 0.177862
-3.858895 0.186626
-1.296814 0.196737
1.263453 0.202422
3.821900 0.198625
6.378521 0.270673
8.933326 0.922754
11.486322 1.070840
14.037506 1.052084
16.586872 1.025528
19.134430 1.021491
21.680191 1.066104
24.224142 1.040213
26.766285 1.047390
29.306627 1.030583
31.845175 1.003907
34.381924 1.074552
36.916885 1.002900
39.450039 0.969612
41.981407 1.023139
44.510986 0.975941
47.038765 1.028721
49.564774 0.901902
52.089005 0.950458
54.611446 0.917856
57.132103 0.787812
59.650970 0.868398
62.168079 0.846886
64.683411 0.807716
67.196953 0.741671
69.708740 0.762325
72.218750 0.828764
74.727013 0.803219
77.233498 0.823205
79.738205 0.716148
82.241165 0.788764
84.742378 0.708042
87.241798 0.666120
89.739479 0.779339
92.235413 0.662615
94.729591 0.662325
97.222023 0.625581
99.712692 0.581990
102.201622 0.653763
104.688812 0.539195
107.174255 0.563643
109.657951 0.402227
112.139908 0.719942
114.620140 0.453116
117.098625 0.384157
119.575378 0.274914
122.050407 0.231852
124.523689 0.250462
126.995239 0.203185
129.465088 0.246813
131.933182 0.144563
134.399567 0.107015
136.864243 0.120019
139.327194 0.129373
141.788422 0.110956
144.247925 0.084229
146.705688 0.080008
149.161789 0.074817
151.616150 0.070084
154.068832 0.063223
156.519791 0.060725
158.969040 0.060659
161.416595 0.058418
163.862427 0.056158
166.306580 0.054213
168.749008 0.051210
171.189758 0.050594
173.628830 0.052238
176.066193 0.047045
178.501862 0.044298
180.935822 0.043158
183.368149 0.043765
185.798737 0.044964
188.227661 0.041835
190.654892 0.044246
193.080460 0.040355
195.504349 0.041533
197.926559 0.040701
200.347092 0.039895
202.765930 0.040515
205.183090 0.039386
207.598618 0.038235
210.012451 0.036695
212.424652 0.036927
214.835159 0.036105
217.244019 0.035204
219.651169 0.035404
222.056702 0.034975
224.460571 0.033861
226.862778 0.033551
229.263351 0.033890
231.662262 0.034540
234.059509 0.033077
236.455124 0.031822
238.849075 0.032380
241.241348 0.031931
243.632004 0.031629
246.021027 0.031183
248.408417 0.032070
250.794159 0.032422
253.178268 0.031522
255.560730 0.031487
257.941528 0.031427
260.320740 0.031113
262.698303 0.031916
265.074219 0.032214
267.448547 0.032277
269.821228 0.030504
272.192291 0.030414
274.561737 0.031374
276.929535 0.031826
279.295715 0.028998
281.660309 0.032011
284.023254 0.029072
286.384583 0.029014
288.744324 0.028149
291.102448 0.028373
293.458954 0.028562
295.813843 0.027176
298.167114 0.028347
300.518829 0.026063
302.868927 0.028498
305.217438 0.025697
307.564301 0.026210
309.909576 0.024277
312.253265 0.026362
314.595337 0.024431
316.935852 0.025252
319.274780 0.024257
321.612091 0.024966
323.947845 0.024772
326.281952 0.025946
328.614532 0.023948
330.945526 0.024357
333.274902 0.023658
335.602722 0.023442
337.928955 0.024631
340.253601 0.024474
342.576691 0.023696
344.898193 0.022858
347.218170 0.023788
349.536530 0.023356
351.853302 0.022600
354.168518 0.022900
356.482178 0.024609
358.794281 0.023502
361.104797 0.024585
363.413757 0.023376
365.721191 0.024422
368.027069 0.024366
370.331360 0.024358
372.634064 0.023514
374.935272 0.024109
377.234924 0.024432
379.532990 0.024573
381.829529 0.023525
384.124512 0.025381
386.417969 0.023971
388.709930 0.025473
391.000244 0.024835
393.289063 0.025599
395.576355 0.025874
397.862091 0.026056
400.146210 0.027701
402.428894 0.028517
404.710022 0.027263
406.989624 0.029954
409.267700 0.029402
411.544281 0.032854
413.819275 0.032691
416.092773 0.035182
418.364746 0.040464
420.635162 0.041860
422.904114 0.049048
425.171509 0.054234
427.437378 0.058220
429.701782 0.065595
431.964630 0.068354
434.225891 0.069455
436.485748 0.067167
438.744049 0.065213
441.000854 0.060588
443.256134 0.057483
445.509949 0.054453
447.762268 0.051611
450.013062 0.046526
452.262329 0.045144
454.510132 0.041612
456.756409 0.039605
459.001190 0.036117
461.244507 0.034915
463.486298 0.031114
465.726593 0.031699
467.965424 0.030346
470.202728 0.028081
472.438538 0.027987
474.672882 0.026218
476.905762 0.025370
479.137115 0.024830
481.367004 0.024339
483.595428 0.024218
485.822388 0.024830
488.047852 0.024243
490.271820 0.021790
492.494324 0.022774
494.715363 0.021339
496.934937 0.021774
499.153015 0.022109
501.369629 0.021420
503.584778 0.020781
505.798462 0.020654
508.010681 0.022576
510.221405 0.021429
512.430725 0.020920
514.638550 0.019999
516.844971 0.020585
519.049927 0.020459
521.253357 0.021841
523.455322 0.019481
525.655884 0.020539
527.854980 0.020772
530.052734 0.019573
532.248840 0.020497
534.443604 0.020872
536.636902 0.020417
538.828796 0.020268
541.019226 0.020260
543.208130 0.018853
545.395691 0.019432
547.581787 0.020770
549.766357 0.021364
551.949646 0.019580
554.131409 0.020279
556.311768 0.020388
558.490662 0.020895
560.668152 0.020506
562.844177 0.020032
565.018799 0.019558
567.192017 0.018935
569.363892 0.019233
571.534180 0.018772
573.703125 0.018327
575.870544 0.020553
578.036621 0.020420
580.201294 0.021123
582.364563 0.020475
584.526428 0.019657
586.686829 0.019399
588.845764 0.018760
591.003418 0.018659
593.159607 0.019894
595.314331 0.018576
597.467712 0.020595
599.619690 0.019210
601.770264 0.019417
603.919373 0.019329
606.067139 0.019861
608.213501 0.021601
610.358398 0.020217
612.501892 0.020387
614.644043 0.019975
616.784851 0.018408
618.924133 0.018227
621.062195 0.019153
623.198792 0.020644
625.333862 0.021618
627.467773 0.019112
629.600159 0.019231
631.731140 0.020981
633.860840 0.019463
635.988953 0.019610
638.115967 0.020306
640.241394 0.018837
642.365601 0.020287
644.488159 0.020981
646.609558 0.020452
648.729492 0.019682
650.848083 0.020945
652.965332 0.020383
655.081177 0.020785
657.195679 0.019620
659.308838 0.020598
661.420471 0.020159
663.530884 0.021915
665.639954 0.020482
667.747620 0.020980
669.853882 0.022113
671.958740 0.020514
674.062317 0.019785
676.164612 0.020075
678.265381 0.020226
680.364807 0.021572
682.462952 0.019449
684.559692 0.020619
686.655151 0.021641
688.749329 0.019577
690.841919 0.021135
692.933350 0.019743
695.023438 0.020293
697.112061 0.021277
699.199402 0.019106
701.285461 0.021866
703.370056 0.020605
705.453369 0.022109
707.535278 0.022262
709.615967 0.021566
711.695190 0.021240
713.773071 0.020045
715.849731 0.020578
717.925049 0.021542
719.998962 0.020612
722.071655 0.019732
724.142883 0.021138
726.212830 0.020370
728.281494 0.020454
730.348816 0.020971
732.414795 0.020066
734.479492 0.020907
736.542725 0.019890
738.604736 0.020751
740.665466 0.020391
742.724792 0.021525
744.782898 0.022007
746.839539 0.020160
748.894958 0.020604
750.949097 0.021156
753.001892 0.020628
755.053406 0.020774
757.103516 0.019901
759.152405 0.021096
761.199951 0.019889
763.246155 0.020424
765.291138 0.021279
767.334778 0.020901
769.377075 0.022405
771.418152 0.021734
773.457825 0.021236
775.496277 0.022343
777.533325 0.022448
779.569092 0.021719
781.603638 0.023832
783.636902 0.022565
785.668823 0.022284
787.699463 0.022903
789.728821 0.024562
791.756958 0.023256
793.783691 0.024695
795.809204 0.022547
797.833374 0.023840
799.856262 0.024822
801.877869 0.025459
803.898254 0.026028
805.917297 0.025516
807.935059 0.026620
809.951599 0.025878
811.966858 0.026318
813.980774 0.026468
815.993347 0.026959
818.004761 0.026749
820.014832 0.027482
822.023804 0.027281
824.031250 0.026276
826.037659 0.027774
828.042664 0.026307
830.046326 0.026552
832.048889 0.029219
834.049988 0.029649
836.050049 0.027723
838.048645 0.028828
840.046143 0.030533
842.042297 0.030349
844.037292 0.032022
846.030884 0.033682
848.023254 0.033741
850.014404 0.034981
852.004333 0.036682
853.992859 0.038005
855.980286 0.040190
857.966309 0.044163
859.951233 0.047903
861.934814 0.051155
863.917175 0.055831
865.898315 0.065315
867.878113 0.075335
869.856812 0.088643
871.834106 0.109681
873.810303 0.143661
875.785156 0.187557
877.758850 0.250667
879.731201 0.321517
881.702393 0.386484
883.672241 0.401900
885.641052 0.417443
887.608398 0.376992
889.574646 0.311081
891.539612 0.242909
893.503296 0.183514
895.465881 0.138964
897.427124 0.106775
899.387207 0.086674
901.345947 0.074182
903.303589 0.060205
905.259949 0.055202
907.215210 0.049773
909.169067 0.046391
911.121826 0.044672
913.073181 0.041107
915.023499 0.038315
916.972473 0.035924
918.920349 0.034398
920.866882 0.031963
922.812195 0.033768
924.756409 0.031500
926.699402 0.031169
928.641174 0.029849
930.581543 0.029402
932.520874 0.028819
934.458923 0.028631
936.395935 0.029229
938.331543 0.026808
940.266052 0.028169
942.199219 0.025515
944.131409 0.026080
946.062195 0.026028
947.991882 0.026351
949.920288 0.026334
951.847595 0.025976
953.773438 0.023227
955.698303 0.026046
957.622009 0.024589
959.544373 0.025042
961.465759 0.025578
963.385742 0.026026
965.304565 0.025509
967.222229 0.025670
969.138794 0.026830
971.053955 0.025222
972.968140 0.026071
974.880981 0.023618
976.792725 0.026526
978.703186 0.023918
980.612610 0.027460
982.520691 0.025489
984.427612 0.027126
986.333435 0.026349
988.237976 0.027012
990.141541 0.028086
992.043701 0.026025
993.944763 0.028139
995.844604 0.028803
997.743408 0.027813
999.640869 0.028382
1001.537354 0.029365
1003.432312 0.030033
1005.326477 0.030701
1007.219238 0.031564
1009.110962 0.032012
1011.001465 0.032026
1012.890686 0.032894
1014.778931 0.032333
1016.665833 0.035038
1018.551758 0.034858
1020.436218 0.036681
1022.319824 0.039608
1024.202026 0.040947
1026.083374 0.041688
1027.963257 0.047635
1029.842163 0.048171
1031.719849 0.052051
1033.596436 0.056785
1035.471802 0.062565
1037.345947 0.066640
1039.218872 0.075568
1041.090820 0.086584
1042.961548 0.097109
1044.831055 0.107746
1046.699707 0.121890
1048.566772 0.133112
1050.433105 0.140513
1052.297974 0.142067
1054.161865 0.141412
1056.024536 0.135217
1057.886108 0.124765
1059.746460 0.114544
1061.605713 0.103007
1063.463745 0.092526
1065.320801 0.087376
1067.176636 0.080074
1069.031372 0.077631
1070.884644 0.076054
1072.737183 0.074942
1074.588501 0.076527
1076.438599 0.078466
1078.287598 0.079878
1080.135498 0.084007
1081.982178 0.090413
1083.827759 0.093401
1085.672241 0.099856
1087.515503 0.107046
1089.357666 0.115703
1091.198853 0.122457
1093.038696 0.134012
1094.877686 0.140661
1096.715332 0.141939
1098.551758 0.141665
1100.387329 0.134888
1102.221436 0.125262
1104.054688 0.113165
1105.886719 0.100840
1107.717529 0.090246
1109.547363 0.084001
1111.376099 0.077525
1113.203735 0.073855
1115.030151 0.070977
1116.855469 0.068078
1118.679688 0.065815
1120.502808 0.064975
1122.324707 0.061824
1124.145874 0.060151
1125.965454 0.058606
1127.784180 0.056319
1129.601685 0.050629
1131.418091 0.048040
1133.233398 0.047047
1135.047607 0.045850
1136.860718 0.043820
1138.672852 0.039363
1140.483765 0.040387
1142.293457 0.036936
1144.102173 0.038071
1145.909668 0.036386
1147.716431 0.034666
1149.521729 0.033371
1151.325928 0.033885
1153.129028 0.032822
1154.931152 0.032616
1156.732178 0.032219
1158.532104 0.031767
1160.330811 0.031002
1162.128418 0.032171
1163.925171 0.029454
1165.720581 0.029453
1167.515015 0.032266
1169.308350 0.029315
1171.100586 0.028121
1172.891724 0.027063
1174.681885 0.027981
1176.470703 0.027719
1178.258667 0.031339
1180.045288 0.028695
1181.831055 0.024678
1183.615723 0.029825
1185.399292 0.027884
1187.181763 0.028626
1188.963013 0.028110
1190.743286 0.029668
1192.522461 0.027283
1194.300537 0.028931
1196.077759 0.026448
1197.853638 0.028553
1199.628296 0.028170
1201.402344 0.027771
1203.175049 0.027378
1204.946655 0.027110
1206.717285 0.029417
1208.486938 0.029513
1210.255249 0.029968
1212.022705 0.030973
1213.788940 0.029491
1215.554199 0.029436
1217.318359 0.030480
1219.081299 0.029680
1220.843384 0.031455
1222.604248 0.032799
1224.364258 0.032515
1226.123169 0.033214
1227.880737 0.031540
1229.637573 0.031158
1231.393188 0.030647
1233.147705 0.035685
1234.901245 0.033690
1236.653687 0.032941
1238.405151 0.035008
1240.155273 0.036132
1241.904663 0.038147
1243.652832 0.037290
1245.400024 0.036534
1247.145996 0.038207
1248.891113 0.038454
1250.635010 0.040740
1252.377930 0.040044
1254.119873 0.043747
1255.860718 0.044232
1257.600464 0.044941
1259.339233 0.048394
1261.076904 0.048796
1262.813477 0.054540
1264.549072 0.058935
1266.283691 0.061863
1268.017090 0.068734
1269.749512 0.072606
1271.481079 0.075518
1273.211182 0.082841
1274.940552 0.085366
1276.668945 0.087733
1278.395996 0.084847
1280.122314 0.081167
1281.847290 0.078268
1283.571533 0.072600
1285.294434 0.065814
1287.016602 0.063527
1288.737549 0.059868
1290.457642 0.055562
1292.176514 0.054945
1293.894409 0.051060
1295.611206 0.049822
1297.327026 0.049125
1299.041626 0.046330
1300.755493 0.048650
1302.468140 0.046779
1304.179810 0.045113
1305.890625 0.045051
1307.600220 0.046156
1309.308838 0.045989
1311.016357 0.046506
1312.722900 0.046192
1314.428345 0.043937
1316.132935 0.044138
1317.836304 0.044590
1319.538818 0.045488
1321.240234 0.045690
1322.940674 0.044492
1324.639893 0.044718
1326.338379 0.045908
1328.035767 0.044974
1329.731934 0.044110
1331.427246 0.046443
1333.121460 0.047105
1334.814819 0.050500
1336.507080 0.047509
1338.198242 0.050602
1339.888428 0.051527
1341.577759 0.050469
1343.265869 0.051246
1344.953125 0.049286
1346.639160 0.051569
1348.324341 0.049179
1350.008301 0.049774
1351.691528 0.050183
1353.373535 0.049093
1355.054688 0.049018
1356.734985 0.050948
1358.414063 0.052077
1360.092041 0.053516
1361.769043 0.051543
1363.445313 0.052459
1365.120361 0.054509
1366.794189 0.054489
1368.467407 0.055083
1370.139526 0.055367
1371.810425 0.056710
1373.480713 0.056071
1375.149658 0.058740
1376.817627 0.060007
1378.484619 0.061139
1380.151001 0.061620
1381.815918 0.063137
1383.479980 0.063174
1385.143066 0.065162
1386.804932 0.063456
1388.466187 0.064241
1390.126343 0.064523
1391.785278 0.062408
1393.443481 0.062095
1395.100586 0.061337
1396.756592 0.065381
1398.411743 0.065905
1400.065918 0.062968
1401.719238 0.064539
1403.371094 0.066809
1405.022461 0.069117
1406.672485 0.069292
1408.321899 0.072251
1409.969971 0.073294
1411.617065 0.074346
1413.263550 0.072211
1414.908691 0.074532
1416.553101 0.075394
1418.196167 0.077707
1419.838623 0.077928
1421.479980 0.081253
1423.120239 0.083353
1424.759521 0.082907
1426.397949 0.088728
1428.035278 0.091408
1429.671753 0.093060
1431.307251 0.094696
1432.941650 0.095871
1434.575195 0.101917
1436.207642 0.106559
1437.839233 0.111068
1439.469971 0.117881
1441.099609 0.126598
1442.728027 0.133949
1444.355713 0.141326
1445.982422 0.152496
1447.608154 0.164912
1449.232788 0.171205
1450.856689 0.180734
1452.479370 0.190057
1454.101318 0.191949
1455.722168 0.197102
1457.342041 0.187790
1458.960938 0.179853
1460.578857 0.170562
1462.195801 0.158798
1463.812012 0.144699
1465.427124 0.135191
1467.041138 0.124463
1468.654419 0.117788
1470.266479 0.114653
1471.877686 0.104045
1473.488037 0.104461
1475.097534 0.101492
1476.705566 0.104743
1478.313110 0.100245
1479.919556 0.101427
1481.525024 0.103781
1483.129517 0.101806
1484.733154 0.100843
1486.335449 0.099080
1487.937256 0.091073
1489.538086 0.091815
1491.137695 0.084831
1492.736450 0.081905
1494.334473 0.077846
1495.931152 0.074406
1497.527100 0.071918
1499.122192 0.069288
1500.716064 0.066383
1502.309326 0.062369
1503.901367 0.065303
1505.492432 0.063612
1507.082764 0.058982
1508.671997 0.058714
1510.260376 0.057682
1511.847900 0.058017
1513.434204 0.052100
1515.019653 0.052512
1516.604370 0.051590
1518.188110 0.051349
1519.770508 0.048758
1521.352295 0.049417
1522.933228 0.051519
1524.513184 0.049865
1526.091919 0.044209
1527.669800 0.047962
1529.247070 0.046801
1530.822998 0.045308
1532.398071 0.044582
1533.972412 0.043909
1535.545654 0.046295
1537.118286 0.042521
1538.689331 0.045328
1540.259766 0.042020
1541.829468 0.038509
1543.398071 0.042580
1544.965820 0.041903
1546.532593 0.041343
1548.098267 0.042644
1549.662964 0.040377
1551.227051 0.040877
1552.790161 0.041069
1554.352295 0.041183
1555.913330 0.039342
1557.473633 0.039930
1559.032837 0.038824
1560.591431 0.038556
1562.148804 0.037296
1563.705322 0.038020
1565.260864 0.037156
1566.815430 0.035859
1568.369263 0.037839
1569.922119 0.034523
1571.473999 0.036624
1573.025024 0.036430
1574.574951 0.038074
1576.124023 0.034433
1577.672485 0.036167
1579.219482 0.036234
1580.765991 0.036707
1582.311523 0.034266
1583.856201 0.035345
1585.399414 0.034717
1586.942261 0.033642
1588.484009 0.033123
1590.024902 0.031301
1591.564697 0.037138
1593.103882 0.032268
1594.641846 0.034846
1596.178955 0.032736
1597.715332 0.034291
1599.250732 0.034857
1600.785278 0.031937
1602.318604 0.031965
1603.851318 0.035010
1605.383179 0.032389
1606.913940 0.032179
1608.443726 0.033265
1609.972778 0.034787
1611.500854 0.033311
1613.027832 0.033066
1614.554321 0.034625
1616.079590 0.035429
1617.604126 0.033612
1619.127319 0.034248
1620.650269 0.034111
1622.171997 0.033306
1623.692749 0.033175
1625.212524 0.034317
1626.731812 0.032790
1628.249756 0.034775
1629.767090 0.034312
1631.283203 0.031327
1632.798706 0.032402
1634.313354 0.033137
1635.826782 0.031541
1637.339478 0.033807
1638.851318 0.033446
1640.362305 0.031417
1641.872314 0.030901
1643.381226 0.028597
1644.889526 0.028098
1646.396851 0.033384
1647.903198 0.031977
1649.408569 0.031017
1650.913452 0.030767
1652.417236 0.029181
1653.920044 0.029886
1655.421875 0.031655
1656.923096 0.029888
1658.423340 0.031612
1659.922485 0.032262
1661.420776 0.030441
1662.918335 0.027897
1664.414795 0.032884
1665.910522 0.029892
1667.405273 0.028380
1668.899292 0.028348
1670.392334 0.029732
1671.884399 0.030203
1673.375854 0.030884
1674.866089 0.030211
1676.355591 0.030403
1677.844238 0.024385
1679.331909 0.029562
1680.818970 0.028625
1682.304688 0.033219
1683.789795 0.029202
1685.274170 0.031491
1686.757080 0.032566
1688.239624 0.031457
1689.721069 0.029547
1691.201782 0.031082
1692.681519 0.030294
1694.160522 0.031743
1695.638428 0.029627
1697.115723 0.031630
1698.591675 0.028566
1700.067261 0.028286
1701.541626 0.028835
1703.015381 0.027189
1704.488037 0.028232
1705.960083 0.026636
1707.431030 0.029041
1708.900879 0.028975
1710.370239 0.030536
1711.838745 0.028967
1713.306152 0.031955
1714.772827 0.028285
1716.238281 0.031752
1717.703369 0.029294
1719.167358 0.026159
1720.630493 0.030982
1722.092651 0.027874
1723.554199 0.027624
1725.014771 0.027292
1726.474121 0.027881
1727.933105 0.027799
1729.390991 0.030178
1730.848145 0.030300
1732.304077 0.030593
1733.759399 0.027837
1735.213989 0.028797
1736.667358 0.028440
1738.120117 0.028245
1739.572021 0.026786
1741.022949 0.030401
1742.472900 0.028802
1743.922363 0.028771
1745.370605 0.027930
1746.818359 0.028453
1748.264771 0.026508
1749.710693 0.027526
1751.155640 0.025081
1752.599731 0.026673
1754.042847 0.026238
1755.485107 0.024679
1756.926636 0.027276
1758.367310 0.027045
1759.807007 0.026415
1761.245972 0.027035
1762.684082 0.024779
1764.121216 0.024992
1765.557617 0.025040
1766.993164 0.025992
1768.427734 0.025198
1769.861450 0.025806
1771.294312 0.024611
1772.726563 0.024631
1774.157837 0.023298
1775.587891 0.025603
1777.017456 0.026866
1778.446411 0.029074
1779.874023 0.023647
1781.300781 0.025285
1782.727051 0.026404
1784.152466 0.024923
1785.576538 0.026995
1787.000244 0.025962
1788.422974 0.029182
1789.844849 0.026882
1791.265747 0.025328
1792.686035 0.024294
1794.105347 0.026440
1795.523804 0.024670
1796.941284 0.023843
1798.358154 0.025735
1799.774048 0.025307
1801.188965 0.022121
1802.603271 0.030120
1804.016724 0.023868
1805.429443 0.024462
1806.840942 0.024419
1808.251831 0.022967
1809.661865 0.024232
1811.071167 0.027627
1812.479126 0.025096
1813.886841 0.024713
1815.293579 0.023807
1816.699219 0.027037
1818.104126 0.024055
1819.508179 0.023521
1820.911621 0.025949
1822.313965 0.023786
1823.715698 0.024298
1825.116577 0.023732
1826.516479 0.024758
1827.915405 0.020644
1829.313721 0.026137
1830.711060 0.025017
1832.107788 0.023404
1833.503418 0.027010
1834.898438 0.025748
1836.292603 0.024099
1837.685791 0.024176
1839.078125 0.023485
1840.469849 0.023336
1841.860596 0.022558
1843.250610 0.024043
1844.639404 0.021037
1846.027832 0.024897
1847.415405 0.022348
1848.801758 0.020958
1850.187500 0.022765
1851.572632 0.021315
1852.956665 0.021470
1854.339844 0.027525
1855.722534 0.025098
1857.103882 0.022940
1858.484863 0.025001
1859.864624 0.022004
1861.243896 0.023127
1862.622314 0.024212
1863.999878 0.019893
1865.376465 0.023111
1866.752197 0.021896
1868.127197 0.025128
1869.501221 0.023364
1870.874634 0.024728
1872.247314 0.027093
1873.619019 0.024581
1874.989868 0.027210
1876.359985 0.022243
1877.729370 0.024851
1879.097900 0.026252
1880.465210 0.022741
1881.832153 0.021295
1883.197998 0.023831
1884.563354 0.022911
1885.927612 0.022936
1887.291016 0.024598
1888.653809 0.023096
1890.015625 0.023178
1891.376831 0.024375
1892.737061 0.023163
1894.096436 0.020252
1895.454956 0.025767
1896.812744 0.023484
1898.169800 0.025798
1899.526123 0.026655
1900.881348 0.025261
1902.235840 0.025132
1903.589722 0.024238
1904.942749 0.022234
1906.294556 0.021182
1907.645874 0.022923
1908.996582 0.020249
1910.346191 0.024649
1911.694824 0.023900
1913.043091 0.021452
1914.390259 0.025359
1915.736572 0.023146
1917.082153 0.024934
1918.427124 0.021404
1919.771240 0.024115
1921.114258 0.022781
1922.456665 0.019202
1923.798218 0.025807
1925.139282 0.027247
1926.479004 0.020994
1927.818237 0.016408
1929.156616 0.024153
1930.494263 0.023545
1931.830811 0.019288
1933.166626 0.020849
1934.501831 0.020909
1935.836060 0.022663
1937.169678 0.022173
1938.502319 0.022356
1939.834473 0.023322
1941.165527 0.021715
1942.495972 0.018959
1943.825439 0.023098
1945.154297 0.022109
1946.481812 0.023379
1947.808960 0.023639
1949.135498 0.019522
1950.460938 0.021387
1951.785522 0.022245
1953.109619 0.020105
1954.432617 0.018619
1955.754883 0.022539
1957.076538 0.018468
1958.396973 0.023988
1959.717163 0.020246
1961.036133 0.019598
1962.354614 0.021674
1963.672241 0.021314
1964.989136 0.022225
1966.304932 0.019176
1967.619995 0.022659
1968.934448 0.018856
1970.248047 0.017772
1971.560425 0.021401
1972.872803 0.021151
1974.183960 0.016233
1975.494263 0.019811
1976.803833 0.021256
1978.112793 0.022830
1979.420898 0.018406
1980.727905 0.019992
1982.034302 0.022747
1983.340210 0.021003
1984.645142 0.022228
1985.948975 0.021001
1987.252441 0.021702
1988.554932 0.020997
1989.856689 0.019923
1991.157593 0.016977
1992.457642 0.022058
1993.756958 0.020353
1995.055420 0.021551
1996.353394 0.021861
1997.650513 0.022760
1998.946655 0.015869
2000.241943 0.020761
2001.536621 0.019168
2002.830566 0.020057
2004.123657 0.023744
2005.416016 0.020247
2006.707520 0.022475
2007.998169 0.023084
2009.288208 0.019550
2010.577271 0.019962
2011.865723 0.016679
2013.153320 0.018323
2014.440308 0.020956
2015.726074 0.020299
2017.011597 0.015723
2018.296265 0.018933
2019.579590 0.019102
2020.862549 0.015765
2022.144897 0.017852
2023.426025 0.018901
2024.706665 0.019688
2025.986450 0.012244
2027.265747 0.023758
2028.543945 0.015551
2029.821411 0.016839
2031.098145 0.016535
2032.374146 0.016293
2033.649292 0.017178
2034.923706 0.018323
2036.197266 0.018340
2037.470215 0.020431
2038.742065 0.019094
2040.013550 0.016786
2041.284058 0.017008
2042.554077 0.017340
2043.822754 0.017918
2045.091064 0.019130
2046.358643 0.017888
2047.625122 0.019038
2048.890869 0.017418
2050.156006 0.018254
2051.420654 0.019635
2052.684326 0.017256
2053.946777 0.017446
2055.208984 0.017391
2056.470215 0.018640
2057.730713 0.017800
2058.990479 0.018998
2060.249512 0.018493
2061.507813 0.016093
2062.765137 0.013751
2064.021973 0.014909
2065.277832 0.014201
2066.532959 0.020807
2067.787354 0.017026
2069.041260 0.019055
2070.293945 0.016286
2071.546387 0.016283
2072.797363 0.017345
2074.047852 0.021149
2075.297852 0.014805
2076.546875 0.018684
2077.795166 0.013490
2079.042725 0.017500
2080.289551 0.020174
2081.535400 0.018106
2082.780762 0.018455
2084.025391 0.021677
2085.269043 0.017340
2086.511719 0.019613
2087.753906 0.018521
2088.995850 0.017818
2090.236572 0.019928
2091.476074 0.018641
2092.715576 0.018700
2093.953857 0.021990
2095.191650 0.021098
2096.428711 0.020932
2097.664551 0.021582
2098.900146 0.016955
2100.134766 0.018535
2101.368652 0.019084
2102.602051 0.020068
2103.834229 0.019478
2105.065674 0.018088
2106.296875 0.016763
2107.527100 0.012371
2108.756348 0.017932
2109.984863 0.013167
2111.212646 0.018844
2112.439941 0.014393
2113.666504 0.017024
2114.891846 0.016119
2116.116699 0.018563
2117.340820 0.015966
2118.563965 0.012661
2119.786865 0.020086
2121.009033 0.018501
2122.230225 0.022924
2123.450195 0.016664
2124.669922 0.016860
2125.888916 0.021010
2127.107422 0.014832
2128.324463 0.020657
2129.541016 0.020167
2130.756836 0.018857
2131.972168 0.020134
2133.186768 0.020496
2134.400391 0.014353
2135.613281 0.020379
2136.825439 0.016797
2138.036621 0.017660
2139.247559 0.020435
2140.457764 0.018456
2141.666748 0.015610
2142.875000 0.018513
2144.083008 0.016057
2145.290039 0.017887
2146.496094 0.019531
2147.701660 0.017654
2148.906494 0.014988
2150.110596 0.012552
2151.313477 0.019705
2152.516602 0.017911
2153.718262 0.018220
2154.919189 0.019433
2156.119385 0.017948
2157.319092 0.019524
2158.518066 0.014438
2159.715820 0.019916
2160.913330 0.013526
2162.110107 0.017964
2163.306152 0.017287
2164.500977 0.021911
2165.695557 0.017112
2166.889404 0.009614
2168.082520 0.017459
2169.274658 0.020190
2170.466064 0.017523
2171.657227 0.019214
2172.847168 0.023898
2174.036377 0.019038
2175.224854 0.014428
2176.412598 0.020734
2177.599609 0.012707
2178.786377 0.017543
2179.971924 0.016505
2181.156982 0.016864
2182.340820 0.015619
2183.524658 0.017808
2184.707275 0.018317
2185.889404 0.016573
2187.070068 0.017107
2188.250977 0.018195
2189.431152 0.015295
2190.610107 0.012164
2191.788330 0.010133
2192.966309 0.015549
2194.143066 0.017514
2195.318848 0.016913
2196.494385 0.016114
2197.669189 0.021636
2198.843506 0.014004
2200.016357 0.009949
2201.188965 0.013135
2202.360840 0.017339
2203.532227 0.016119
2204.702637 0.020834
2205.872314 0.013981
2207.041504 0.017066
2208.209473 0.019769
2209.376953 0.012489
2210.543701 0.015662
2211.709961 0.011507
2212.875000 0.016884
2214.039551 0.013743
2215.203613 0.018391
2216.366943 0.014161
2217.529297 0.017046
2218.690918 0.016969
2219.852295 0.014885
2221.012451 0.020089
2222.172119 0.018869
2223.331055 0.019749
2224.489258 0.011814
2225.646729 0.014511
2226.803223 0.015897
2227.959473 0.015917
2229.114502 0.012111
2230.269287 0.015507
2231.422852 0.013476
2232.576172 0.013624
2233.728516 0.016655
2234.880127 0.017292
2236.031250 0.016080
2237.181641 0.014356
2238.331299 0.018547
2239.479980 0.017994
2240.628418 0.016996
2241.776123 0.019947
2242.922607 0.021298
2244.068359 0.016270
2245.214111 0.019763
2246.358398 0.015504
2247.502441 0.017656
2248.645752 0.020102
2249.788086 0.014699
2250.930176 0.010831
2252.070801 0.017077
2253.211670 0.019748
2254.351074 0.020198
2255.489990 0.011291
2256.628418 0.019724
2257.765869 0.016619
2258.902588 0.016169
2260.038818 0.016318
2261.174072 0.013337
2262.308838 0.021425
2263.442871 0.010836
2264.576416 0.018765
2265.708740 0.011197
2266.840820 0.017347
2267.972168 0.019111
2269.102295 0.015833
2270.232178 0.013270
2271.361816 0.022518
2272.489746 0.023099
2273.617432 0.017103
2274.744629 0.019261
2275.870850 0.018113
2276.996582 0.019769
2278.121094 0.018205
2279.245605 0.020102
2280.369141 0.014883
2281.491943 0.019389
2282.614014 0.019877
2283.735352 0.015529
2284.856201 0.014133
2285.975830 0.022948
2287.095459 0.014449
2288.213867 0.014620
2289.331787 0.014881
2290.449219 0.015130
2291.565674 0.018847
2292.681641 0.017196
2293.796875 0.017003
2294.911133 0.017372
2296.024902 0.013357
2297.138184 0.016794
2298.250732 0.015131
2299.361816 0.017201
2300.473145 0.008230
2301.583252 0.018956
2302.692871 0.017128
2303.801758 0.018020
2304.910400 0.015208
2306.017578 0.019853
2307.124512 0.018789
2308.230713 0.018395
2309.336182 0.016183
2310.441162 0.010359
2311.544922 0.017046
2312.648438 0.016948
2313.751221 0.012345
2314.853271 0.015546
2315.954590 0.016061
2317.055176 0.018144
2318.155273 0.009826
2319.254639 0.010834
2320.353027 0.012006
2321.450928 0.018282
2322.548340 0.017710
2323.644531 0.017839
2324.740723 0.015167
2325.835938 0.018867
2326.930420 0.013707
2328.024170 0.023019
2329.117432 0.021990
2330.209717 0.019256
2331.301758 0.021320
2332.392578 0.013765
2333.483154 0.019963
2334.572998 0.014505
2335.662354 0.018393
2336.750244 0.023235
2337.838135 0.008551
2338.925049 0.016445
2340.011230 0.013174
2341.097168 0.017818
2342.182129 0.013645
2343.266602 0.020956
2344.349854 0.007965
2345.433105 0.018797
2346.515137 0.011050
2347.596680 0.016632
2348.677734 0.018209
2349.758301 0.013767
2350.837646 0.019077
2351.916748 0.014429
2352.994873 0.009335
2354.072510 0.013557
2355.149414 0.012194
2356.225342 0.018011
2357.301025 0.022827
2358.375732 0.013164
2359.450195 0.014358
2360.523438 0.012357
2361.596436 0.010933
2362.668701 0.013209
2363.740479 0.019484
2364.811035 0.011407
2365.881348 0.010797
2366.951172 0.018432
2368.020020 0.013608
2369.087891 0.013684
2370.155518 0.019394
2371.222412 0.019000
2372.288574 0.022184
2373.354004 0.011855
2374.418701 0.012406
2375.483154 0.019512
2376.546631 0.009204
2377.609375 0.013673
2378.671631 0.019299
2379.733398 0.020000
2380.793945 0.020410
2381.854248 0.012542
2382.914307 0.010630
2383.972900 0.012287
2385.031006 0.025754
2386.088867 0.014813
2387.145508 0.008322
2388.201904 0.012421
2389.257080 0.012605
2390.312256 0.012816
2391.366455 0.019534
2392.419922 0.015069
2393.473145 0.010608
2394.525635 0.014820
2395.577148 0.013372
2396.627686 0.011642
2397.678223 0.009883
2398.728027 0.010592
2399.776855 0.015662
2400.825195 0.018028
2401.872803 0.018664
2402.920166 0.011066
2403.966309 0.017480
2405.011963 0.015389
2406.057373 0.013363
2407.102051 0.006864
2408.145508 0.009124
2409.188721 0.009354
2410.230957 0.013694
2411.272949 0.017852
2412.313965 0.015072
2413.354492 0.011732
2414.394775 0.016083
2415.433594 0.012556
2416.471924 0.011402
2417.510254 0.010048
2418.547852 0.011705
2419.584229 0.015980
2420.619873 0.016193
2421.655273 0.018564
2422.690186 0.016677
2423.724365 0.018680
2424.757568 0.011757
2425.790527 0.024050
2426.822510 0.017792
2427.854004 0.010859
2428.885010 0.013379
2429.914795 0.020330
2430.944580 0.018629
2431.973145 0.016180
2433.001465 0.014290
2434.029297 0.009024
2435.056396 0.011867
2436.082275 0.010796
2437.108154 0.014222
2438.133301 0.014422
2439.157715 0.009370
2440.181152 0.014902
2441.204590 0.018514
2442.226807 0.020021
2443.249023 0.013672
2444.270020 0.017694
2445.290771 0.017771
2446.310547 0.009285
2447.329590 0.012666
2448.348389 0.014959
2449.366699 0.011101
2450.384033 0.017725
2451.400879 0.017482
2452.416504 0.012133
2453.432373 0.009430
2454.447266 0.013919
2455.461182 0.016582
2456.475098 0.013696
2457.488281 0.017172
2458.500000 0.020648
2459.511719 0.017122
2460.523193 0.017636
2461.533447 0.017546
2462.542969 0.011424
2463.552490 0.013952
2464.561035 0.017976
2465.569092 0.011949
2466.576172 0.021480
2467.582764 0.011552
2468.589111 0.021397
2469.594482 0.011648
2470.598877 0.018963
2471.603271 0.018246
2472.606934 0.005813
2473.609863 0.017832
2474.611816 0.015907
2475.613525 0.017401
2476.614746 0.016603
2477.614990 0.017123
2478.614990 0.014787
2479.614014 0.007742
2480.612793 0.013877
2481.610352 0.015576
2482.607666 0.018418
2483.604736 0.013836
2484.600830 0.019331
2485.595947 0.006086
2486.590576 0.016058
2487.584961 0.010536
2488.578125 0.015099
2489.571045 0.015191
2490.563721 0.012922
2491.555664 0.016534
2492.546631 0.009007
2493.537109 0.009684
2494.527344 0.012682
2495.516113 0.023086
2496.505127 0.013331
2497.493408 0.020625
2498.480469 0.012325
2499.467285 0.007223
2500.453857 0.009404
2501.438965 0.011748
2502.423828 0.010706
2503.408447 0.019899
2504.392090 0.017300
2505.375244 0.010773
2506.357910 0.015129
2507.339600 0.023130
2508.321533 0.006973
2509.301758 0.017694
2510.281738 0.017701
2511.261475 0.021670
2512.240234 0.005562
2513.218262 0.017015
2514.196289 0.016761
2515.173096 0.010218
2516.149902 0.021629
2517.125732 0.020814
2518.100586 0.020493
2519.075684 0.013453
2520.049561 0.017145
2521.022705 0.020469
2521.995605 0.014605
2522.968018 0.016401
2523.939453 0.022290
2524.910645 0.011771
2525.880859 0.025933
2526.851074 0.006696
2527.820068 0.024848
2528.788574 0.014271
2529.756836 0.018949
2530.724121 0.009297
2531.690918 0.012415
2532.657227 0.006581
2533.622559 0.014106
2534.588135 0.021012
2535.552490 0.011076
2536.516113 0.023579
2537.479736 0.007068
2538.442139 0.016837
2539.404053 0.013695
2540.365723 0.024405
2541.326660 0.018694
2542.286865 0.008075
2543.246582 0.018285
2544.205811 0.017715
2545.164307 0.023213
2546.122070 0.009245
2547.079346 0.013253
2548.036377 0.016803
2548.992432 0.014230
2549.947510 0.013697
2550.902832 0.016960
2551.856934 0.005934
2552.810791 0.021820
2553.764648 0.021250
2554.716797 0.015755
2555.669189 0.007054
2556.620117 0.020015
2557.571045 0.011678
2558.521729 0.018997
2559.471436 0.011910
2560.420410 0.013229
2561.369141 0.009483
2562.316650 0.018332
2563.264648 0.005166
2564.211426 0.003839
2565.157471 0.011279
2566.103516 0.011006
2567.048096 0.015337
2567.992432 0.007895
2568.936279 0.014372
2569.879395 0.018226
2570.822266 0.029717
2571.764648 0.010616
2572.706543 0.018404
2573.647705 0.015988
2574.587646 0.018689
2575.527344 0.024669
2576.466797 0.012155
2577.405518 0.020618
2578.343750 0.005038
2579.281250 0.013388
2580.218262 0.013429
2581.154541 0.019038
2582.090576 0.020416
2583.025635 0.022677
2583.960938 0.011740
2584.894775 0.018416
2585.828369 0.011086
2586.761719 0.013780
2587.693848 0.021716
2588.625244 0.016085
2589.557129 0.014562
2590.487305 0.017950
2591.418213 0.015949
2592.347412 0.015883
2593.276611 0.014261
2594.205322 0.018971
2595.133057 0.015320
2596.060303 0.009232
2596.987305 0.010731
2597.913330 0.017894
2598.838623 0.019876
2599.763916 0.016216
2600.688477 0.011878
2601.612793 0.015687
2602.536133 0.006236
2603.458984 0.008829
2604.381348 0.024396
2605.302979 0.013269
2606.223633 0.021171
2607.144775 0.018962
2608.064697 0.004950
2608.984863 0.019837
2609.903320 0.018472
2610.821533 0.007470
2611.739990 0.013181
2612.656982 0.025573
2613.573242 0.020114
2614.489990 0.020393
2615.405762 0.010260
2616.320557 0.018382
2617.235352 0.018285
2618.149414 0.012882
2619.062988 0.023050
2619.975830 0.005654
2620.887207 0.001354
2621.799805 0.000814
2622.710938 0.020860
2623.621582 0.019832
2624.531982 0.016128
2625.441406 0.021612
2626.350098 0.009622
2627.258789 0.009634
2628.166992 0.023345
2629.074951 0.027674
2629.981201 0.009439
2630.887695 0.011281
2631.793701 0.004450
2632.698730 0.016584
2633.603027 0.019620
2634.507813 0.015854
2635.411133 0.008939
2636.314697 0.016771
2637.216797 0.019092
2638.118652 0.013141
2639.020264 0.008712
2639.921387 0.013793
2640.821777 0.013806
2641.721924 0.025834
2642.620850 0.009187
2643.519775 0.016972
2644.418457 0.018887
2645.315918 0.006772
2646.213379 0.010802
2647.109619 0.022408
2648.005859 0.012767
2648.901611 0.016224
2649.796875 0.001436
2650.690918 0.011224
2651.585449 0.013064
2652.478760 0.004286
2653.371338 0.006997
2654.264648 0.029819
2655.156250 0.021183
2656.047852 0.009246
2656.938477 0.027254
2657.828369 0.008268
2658.718750 0.021912
2659.607666 0.021331
2660.496338 0.017939
2661.385254 0.017920
2662.272461 0.001865
2663.160156 0.011139
2664.046631 0.008303
2664.932373 0.018796
2665.818848 0.013464
2666.703613 0.012062
2667.587646 0.016163
2668.472168 0.022521
2669.355713 0.017140
2670.238525 0.010990
2671.121338 0.021856
2672.003174 0.017202
2672.885010 0.017822
2673.766113 0.012812
2674.645996 0.017556
2675.526367 0.025744
2676.405518 0.007307
2677.284424 0.018426
2678.163086 0.019228
2679.041260 0.028403
2679.918945 0.022629
2680.795410 0.017569
2681.671631 0.019197
2682.547852 0.021207
2683.423340 0.021135
2684.298096 0.021099
2685.172852 0.022545
2686.046143 0.019868
2686.919678 0.026416
2687.792480 0.012427
2688.664551 0.020452
2689.536865 0.017276
2690.407715 0.016705
2691.278809 0.024991
2692.149170 0.019359
2693.019043 0.025581
2693.888184 0.037365
2694.757324 0.031359
2695.625488 0.021215
2696.493164 0.024534
2697.360840 0.057199
2698.227539 0.040357
2699.094482 0.041739
2699.959717 0.030454
2700.824707 0.039209
2701.690430 0.026046
2702.554688 0.036692
2703.417969 0.058231
2704.281982 0.039724
2705.144775 0.053707
2706.007080 0.042878
2706.868896 0.058430
2707.730225 0.054912
2708.591797 0.051427
2709.451660 0.057206
2710.311523 0.054867
2711.171631 0.043704
2712.030518 0.055364
2712.888672 0.049891
2713.746826 0.049542
2714.604248 0.059817
2715.461670 0.051628
2716.318115 0.045393
2717.173828 0.050158
2718.030029 0.050260
2718.885010 0.058713
2719.739258 0.048315
2720.593750 0.048178
2721.447266 0.049326
2722.301025 0.047195
2723.153320 0.044144
2724.005859 0.061642
2724.857666 0.040691
2725.708984 0.055714
2726.559326 0.052850
2727.410400 0.044427
2728.259766 0.029915
2729.108887 0.051438
2729.958252 0.054728
2730.806885 0.040436
2731.655029 0.036625
2732.502441 0.029874
2733.349121 0.045482
2734.196045 0.034294
2735.041992 0.028312
2735.887451 0.043077
2736.732910 0.044107
2737.577393 0.046690
2738.421631 0.035446
2739.265625 0.035320
2740.108887 0.042585
2740.952148 0.029844
2741.794434 0.036692
2742.636230 0.043494
2743.478027 0.048670
2744.318604 0.034172
2745.159180 0.042155
2745.999512 0.050715
2746.838867 0.047462
2747.678711 0.032737
2748.517090 0.043178
2749.354980 0.033605
2750.193604 0.045298
2751.030762 0.045893
2751.867432 0.032515
2752.704102 0.041754
2753.540039 0.038588
2754.375488 0.034915
2755.210693 0.033768
2756.045166 0.035120
2756.879639 0.049268
2757.713379 0.032630
2758.546631 0.033074
2759.379395 0.022589
2760.211914 0.037048
2761.043701 0.040766
2761.875488 0.037671
2762.706299 0.039620
2763.537354 0.031343
2764.367188 0.023523
2765.197266 0.038270
2766.026611 0.015913
2766.854980 0.031777
2767.683594 0.011291
2768.511963 0.030611
2769.339355 0.029497
2770.165771 0.022753
2770.993164 0.017172
2771.819092 0.028022
2772.645020 0.035871
2773.470703 0.036983
2774.295166 0.031431
2775.119873 0.021708
2775.944092 0.033075
2776.767334 0.020621
2777.590820 0.028566
2778.413330 0.018707
2779.235596 0.034846
2780.057861 0.021997
2780.879395 0.022632
2781.700684 0.028071
2782.521240 0.037709
2783.341309 0.019556
2784.161133 0.029727
2784.980469 0.036459
2785.799072 0.017998
2786.618164 0.021390
2787.436035 0.029899
2788.253906 0.024259
2789.071045 0.025555
2789.887695 0.022910
2790.704346 0.024504
2791.520020 0.028564
2792.335693 0.014829
2793.151123 0.050967
2793.965332 0.030527
2794.780029 0.026701
2795.594238 0.011987
2796.407471 0.038078
2797.220947 0.036567
2798.033203 0.030851
2798.845215 0.034361
2799.657471 0.026425
2800.468750 0.033735
2801.279785 0.027655
2802.090576 0.044460
2802.900635 0.033240
2803.710449 0.025639
2804.520020 0.018018
2805.328857 0.035326
2806.137695 0.039384
2806.946045 0.050197
2807.753418 0.041155
2808.561523 0.055148
2809.367920 0.027531
2810.174805 0.027330
2810.981201 0.046095
2811.786377 0.045206
2812.592041 0.048056
2813.397217 0.051292
2814.201660 0.043864
2815.005859 0.041421
2815.809570 0.045595
2816.613037 0.027639
2817.416260 0.046750
2818.218750 0.062446
2819.020996 0.049640
2819.822754 0.055347
2820.624023 0.065948
2821.425781 0.057595
2822.226074 0.050262
2823.026855 0.051979
2823.826660 0.053340
2824.625977 0.061415
2825.424805 0.066665
2826.224121 0.060875
2827.022217 0.089668
2827.820557 0.068532
2828.617920 0.056895
2829.415039 0.074200
2830.212158 0.077268
2831.008545 0.073348
2831.804199 0.060580
2832.600586 0.075283
2833.395996 0.086289
2834.190430 0.108692
2834.985352 0.079543
2835.779541 0.083192
2836.573730 0.091461
2837.366943 0.077190
2838.160156 0.072897
2838.952881 0.125357
2839.745361 0.096200
2840.536865 0.102523
2841.328613 0.084879
2842.120117 0.114681
2842.910645 0.095445
2843.701660 0.120470
2844.491699 0.099973
2845.281738 0.113015
2846.071045 0.094737
2846.859863 0.118865
2847.649170 0.118114
2848.437256 0.124379
2849.225098 0.106700
2850.013428 0.124223
2850.800049 0.129209
2851.587646 0.142826
2852.373779 0.149828
2853.159912 0.132915
2853.946289 0.131090
2854.731689 0.141117
2855.516602 0.161943
2856.301758 0.157176
2857.085938 0.146285
2857.869629 0.150702
2858.654053 0.150002
2859.437500 0.182047
2860.220459 0.194052
2861.003418 0.193001
2861.785400 0.196721
2862.567627 0.196775
2863.349121 0.222137
2864.130615 0.216632
2864.911621 0.228654
2865.692139 0.232155
2866.472656 0.240861
2867.252930 0.239808
2868.032471 0.271966
2868.812012 0.278055
2869.590820 0.294730
2870.369629 0.323640
2871.147949 0.336608
2871.925781 0.354765
2872.703369 0.340919
2873.480713 0.335964
2874.257813 0.364581
2875.034668 0.376685
2875.810791 0.352765
2876.586670 0.398603
2877.362793 0.387338
2878.137939 0.413297
2878.912842 0.408521
2879.687988 0.388877
2880.462158 0.398674
2881.236084 0.414317
2882.010254 0.432414
2882.783447 0.392104
2883.556641 0.418670
2884.329102 0.404388
2885.101807 0.395329
2885.874023 0.414352
2886.645752 0.377984
2887.417236 0.393249
2888.189209 0.372594
2888.959473 0.379551
2889.730469 0.381798
2890.500488 0.383283
2891.270508 0.363920
2892.040771 0.337533
2892.809082 0.339057
2893.578125 0.355597
2894.347168 0.342332
2895.115723 0.300428
2895.883789 0.302037
2896.651855 0.327848
2897.419434 0.305956
2898.186523 0.297891
2898.953369 0.283046
2899.719971 0.302280
2900.486572 0.286386
2901.252441 0.306442
2902.018555 0.297923
2902.783691 0.286568
2903.548828 0.277777
2904.313965 0.256400
2905.078613 0.299187
2905.842529 0.275622
2906.606934 0.239212
2907.370117 0.273983
2908.133301 0.259531
2908.897217 0.271223
2909.659668 0.278629
2910.422119 0.256729
2911.184570 0.294167
2911.946777 0.293180
2912.708740 0.274965
2913.470215 0.284230
2914.230713 0.301772
2914.991943 0.301720
spectrumdark 2048
-92.068016 4624.000000
-89.442810 4624.000000
-86.819489 5161.000000
-84.198051 4316.000000
-81.578499 4461.000000
-78.960838 4099.000000
-76.345055 4709.000000
-73.731148 4691.000000
-71.119125 4401.000000
-68.508980 4378.000000
-65.900696 4214.000000
-63.294289 4156.000000
-60.689754 4139.000000
-58.087086 4336.000000
-55.486279 4409.000000
-52.887341 4345.000000
-50.290264 4558.000000
-47.695042 4538.000000
-45.101677 4474.000000
-42.510174 4479.000000
-39.920525 4518.000000
-37.332722 4241.000000
-34.746765 4165.000000
-32.162663 4460.000000
-29.580404 4471.000000
-26.999983 4604.000000
-24.421413 4502.000000
-21.844687 4632.000000
-19.269785 4226.000000
-16.696722 4331.000000
-14.125500 4485.000000
-11.556108 4465.000000
-8.988541 4086.000000
-6.422801 4190.000000
-3.858895 4323.000000
-1.296814 4342.000000
1.263453 4524.000000
3.821900 4350.000000
6.378521 4416.000000
8.933326 4371.000000
11.486322 4273.000000
14.037506 4328.000000
16.586872 4565.000000
19.134430 4397.000000
21.680191 4163.000000
24.224142 4811.000000
26.766285 4106.000000
29.306627 5152.000000
31.845175 4815.000000
34.381924 4571.000000
36.916885 4246.000000
39.450039 4561.000000
41.981407 4489.000000
44.510986 4598.000000
47.038765 4216.000000
49.564774 4488.000000
52.089005 4655.000000
54.611446 4372.000000
57.132103 4288.000000
59.650970 4470.000000
62.168079 4668.000000
64.683411 4666.000000
67.196953 4634.000000
69.708740 4486.000000
72.218750 4357.000000
74.727013 4317.000000
77.233498 4328.000000
79.738205 4638.000000
82.241165 4106.000000
84.742378 4435.000000
87.241798 4523.000000
89.739479 4362.000000
92.235413 4733.000000
94.729591 4400.000000
97.222023 4203.000000
99.712692 4423.000000
102.201622 4593.000000
104.688812 4496.000000
107.174255 4041.000000
109.657951 4515.000000
112.139908 4190.000000
114.620140 4374.000000
117.098625 4389.000000
119.575378 4484.000000
122.050407 4686.000000
124.523689 4501.000000
126.995239 4428.000000
129.465088 4370.000000
131.933182 4513.000000
134.399567 4461.000000
136.864243 4691.000000
139.327194 4449.000000
141.788422 4249.000000
144.247925 4315.000000
146.705688 4370.000000
149.161789 4844.000000
151.616150 4487.000000
154.068832 4295.000000
156.519791 4810.000000
158.969040 4916.000000
161.416595 4722.000000
163.862427 4767.000000
166.306580 4418.000000
168.749008 4709.000000
171.189758 4496.000000
173.628830 4482.000000
176.066193 4851.000000
178.501862 4861.000000
180.935822 4564.000000
183.368149 4621.000000
185.798737 4442.000000
188.227661 4694.000000
190.654892 4595.000000
193.080460 4373.000000
195.504349 4231.000000
197.926559 4400.000000
200.347092 4576.000000
202.765930 4810.000000
205.183090 4471.000000
207.598618 4440.000000
210.012451 4628.000000
212.424652 4328.000000
214.835159 4653.000000
217.244019 4512.000000
219.651169 4118.000000
222.056702 4261.000000
224.460571 4301.000000
226.862778 4422.000000
229.263351 4612.000000
231.662262 4497.000000
234.059509 4382.000000
236.455124 4879.000000
238.849075 4824.000000
241.241348 4696.000000
243.632004 4616.000000
246.021027 4760.000000
248.408417 4560.000000
250.794159 4837.000000
253.178268 5017.000000
255.560730 5045.000000
257.941528 4873.000000
260.320740 4973.000000
262.698303 5259.000000
265.074219 5146.000000
267.448547 5315.000000
269.821228 5323.000000
272.192291 4700.000000
274.561737 4830.000000
276.929535 4301.000000
279.295715 4236.000000
281.660309 4059.000000
284.023254 4520.000000
286.384583 4408.000000
288.744324 4559.000000
291.102448 4597.000000
293.458954 4896.000000
295.813843 4636.000000
298.167114 4765.000000
300.518829 4706.000000
302.868927 4390.000000
305.217438 4469.000000
307.564301 4996.000000
309.909576 4631.000000
312.253265 4752.000000
314.595337 4625.000000
316.935852 4276.000000
319.274780 4549.000000
321.612091 4444.000000
323.947845 4292.000000
326.281952 4334.000000
328.614532 4453.000000
330.945526 4414.000000
333.274902 4726.000000
335.602722 4594.000000
337.928955 4540.000000
340.253601 4467.000000
342.576691 4500.000000
344.898193 4754.000000
347.218170 4404.000000
349.536530 4297.000000
351.853302 5020.000000
354.168518 4978.000000
356.482178 4470.000000
358.794281 4284.000000
361.104797 4626.000000
363.413757 4425.000000
365.721191 4594.000000
368.027069 4729.000000
370.331360 4661.000000
372.634064 4353.000000
374.935272 4403.000000
377.234924 4682.000000
379.532990 4403.000000
381.829529 4439.000000
384.124512 4458.000000
386.417969 4934.000000
388.709930 4309.000000
391.000244 4618.000000
393.289063 4542.000000
395.576355 4409.000000
397.862091 4841.000000
400.146210 5320.000000
402.428894 5789.000000
404.710022 5633.000000
406.989624 5643.000000
409.267700 4915.000000
411.544281 4689.000000
413.819275 5347.000000
416.092773 6991.000000
418.364746 8503.000000
420.635162 8886.000000
422.904114 8203.000000
425.171509 6272.000000
427.437378 4763.000000
429.701782 4678.000000
431.964630 5021.000000
434.225891 4295.000000
436.485748 4357.000000
438.744049 4370.000000
441.000854 4357.000000
443.256134 4219.000000
445.509949 4555.000000
447.762268 4003.000000
450.013062 4329.000000
452.262329 4368.000000
454.510132 4334.000000
456.756409 4631.000000
459.001190 4331.000000
461.244507 4463.000000
463.486298 4234.000000
465.726593 4214.000000
467.965424 4414.000000
470.202728 4407.000000
472.438538 4435.000000
474.672882 4285.000000
476.905762 4597.000000
479.137115 4606.000000
481.367004 4431.000000
483.595428 4616.000000
485.822388 4542.000000
488.047852 4634.000000
490.271820 4633.000000
492.494324 4555.000000
494.715363 4670.000000
496.934937 4696.000000
499.153015 4614.000000
501.369629 4687.000000
503.584778 4327.000000
505.798462 4493.000000
508.010681 4621.000000
510.221405 4457.000000
512.430725 4760.000000
514.638550 4356.000000
516.844971 4494.000000
519.049927 4520.000000
521.253357 4640.000000
523.455322 4282.000000
525.655884 4697.000000
527.854980 4697.000000
530.052734 4601.000000
532.248840 4700.000000
534.443604 4745.000000
536.636902 4952.000000
538.828796 4422.000000
541.019226 4523.000000
543.208130 4436.000000
545.395691 4423.000000
547.581787 4098.000000
549.766357 4172.000000
551.949646 4427.000000
554.131409 4210.000000
556.311768 4215.000000
558.490662 4496.000000
560.668152 4481.000000
562.844177 4466.000000
565.018799 4437.000000
567.192017 4691.000000
569.363892 4576.000000
571.534180 4395.000000
573.703125 4725.000000
575.870544 4610.000000
578.036621 4655.000000
580.201294 4610.000000
582.364563 4487.000000
584.526428 4448.000000
586.686829 4584.000000
588.845764 4738.000000
591.003418 4410.000000
593.159607 4148.000000
595.314331 4381.000000
597.467712 4708.000000
599.619690 4461.000000
601.770264 4305.000000
603.919373 4422.000000
606.067139 4874.000000
608.213501 4553.000000
610.358398 4495.000000
612.501892 4352.000000
614.644043 4554.000000
616.784851 4549.000000
618.924133 4563.000000
621.062195 4499.000000
623.198792 4225.000000
625.333862 4728.000000
627.467773 4720.000000
629.600159 4467.000000
631.731140 5459.000000
633.860840 4636.000000
635.988953 4214.000000
638.115967 5201.000000
640.241394 5154.000000
642.365601 5390.000000
644.488159 4989.000000
646.609558 4792.000000
648.729492 4683.000000
650.848083 4377.000000
652.965332 4649.000000
655.081177 4622.000000
657.195679 4273.000000
659.308838 4479.000000
661.420471 4811.000000
663.530884 4442.000000
665.639954 4437.000000
667.747620 4531.000000
669.853882 4403.000000
671.958740 4176.000000
674.062317 4548.000000
676.164612 4256.000000
678.265381 4258.000000
680.364807 4762.000000
682.462952 4609.000000
684.559692 4425.000000
686.655151 4500.000000
688.749329 5209.000000
690.841919 4564.000000
692.933350 4944.000000
695.023438 4643.000000
697.112061 4881.000000
699.199402 4490.000000
701.285461 4644.000000
703.370056 4654.000000
705.453369 4179.000000
707.535278 4576.000000
709.615967 4337.000000
711.695190 4490.000000
713.773071 4445.000000
715.849731 4515.000000
717.925049 4605.000000
719.998962 4568.000000
722.071655 4410.000000
724.142883 4567.000000
726.212830 4378.000000
728.281494 4344.000000
730.348816 4869.000000
732.414795 4366.000000
734.479492 4503.000000
736.542725 4702.000000
738.604736 4288.000000
740.665466 4716.000000
742.724792 4516.000000
744.782898 4526.000000
746.839539 4309.000000
748.894958 4445.000000
750.949097 4186.000000
753.001892 4765.000000
755.053406 4257.000000
757.103516 4339.000000
759.152405 4371.000000
761.199951 4480.000000
763.246155 4603.000000
765.291138 4336.000000
767.334778 5083.000000
769.377075 4564.000000
771.418152 4370.000000
773.457825 4511.000000
775.496277 4609.000000
777.533325 4542.000000
779.569092 4565.000000
781.603638 4444.000000
783.636902 4162.000000
785.668823 4556.000000
787.699463 4268.000000
789.728821 4100.000000
791.756958 4418.000000
793.783691 4426.000000
795.809204 4732.000000
797.833374 4437.000000
799.856262 4341.000000
801.877869 4720.000000
803.898254 4464.000000
805.917297 5046.000000
807.935059 4583.000000
809.951599 4299.000000
811.966858 4360.000000
813.980774 4748.000000
815.993347 4405.000000
818.004761 4375.000000
820.014832 4370.000000
822.023804 4645.000000
824.031250 4428.000000
826.037659 4699.000000
828.042664 4351.000000
830.046326 4461.000000
832.048889 4311.000000
834.049988 4333.000000
836.050049 4307.000000
838.048645 4467.000000
840.046143 4215.000000
842.042297 4251.000000
844.037292 4459.000000
846.030884 4707.000000
848.023254 5304.000000
850.014404 5514.000000
852.004333 5223.000000
853.992859 4762.000000
855.980286 4490.000000
857.966309 4324.000000
859.951233 4605.000000
861.934814 4252.000000
863.917175 4762.000000
865.898315 4476.000000
867.878113 4717.000000
869.856812 5182.000000
871.834106 6281.000000
873.810303 5789.000000
875.785156 5489.000000
877.758850 5120.000000
879.731201 4640.000000
881.702393 4460.000000
883.672241 4495.500000
885.641052 4531.000000
887.608398 4377.000000
889.574646 4362.000000
891.539612 4424.000000
893.503296 5116.000000
895.465881 4535.000000
897.427124 4374.000000
899.387207 4648.000000
901.345947 4424.000000
903.303589 4326.000000
905.259949 4620.000000
907.215210 4506.000000
909.169067 4649.000000
911.121826 4130.000000
913.073181 4138.000000
915.023499 4421.000000
916.972473 4453.000000
918.920349 4502.000000
920.866882 4204.000000
922.812195 4436.000000
924.756409 4391.000000
926.699402 4234.000000
928.641174 4578.000000
930.581543 4325.000000
932.520874 4453.000000
934.458923 4331.000000
936.395935 4414.000000
938.331543 4417.000000
940.266052 4383.000000
942.199219 4040.000000
944.131409 4480.000000
946.062195 4233.000000
947.991882 4286.000000
949.920288 4794.000000
951.847595 4505.000000
953.773438 4572.000000
955.698303 4590.000000
957.622009 4270.000000
959.544373 4752.000000
961.465759 4170.000000
963.385742 4777.000000
965.304565 4321.000000
967.222229 4326.000000
969.138794 4773.000000
971.053955 4377.000000
972.968140 4631.000000
974.880981 4491.000000
976.792725 4417.000000
978.703186 4408.000000
980.612610 4518.000000
982.520691 4458.000000
984.427612 4460.000000
986.333435 4367.000000
988.237976 4409.000000
990.141541 4994.000000
992.043701 4337.000000
993.944763 4454.000000
995.844604 4310.000000
997.743408 4371.000000
999.640869 4533.000000
1001.537354 4304.000000
1003.432312 5017.000000
1005.326477 4457.000000
1007.219238 4794.000000
1009.110962 4843.000000
1011.001465 4488.000000
1012.890686 4603.000000
1014.778931 4551.000000
1016.665833 4397.000000
1018.551758 4428.000000
1020.436218 4322.000000
1022.319824 4128.000000
1024.202026 4139.000000
1026.083374 4680.000000
1027.963257 4600.000000
1029.842163 4325.000000
1031.719849 4662.000000
1033.596436 4563.000000
1035.471802 4202.000000
1037.345947 4342.000000
1039.218872 4086.000000
1041.090820 4178.000000
1042.961548 4482.000000
1044.831055 4481.000000
1046.699707 4301.000000
1048.566772 4240.000000
1050.433105 4502.000000
1052.297974 4286.000000
1054.161865 4272.000000
1056.024536 4243.000000
1057.886108 4320.000000
1059.746460 4317.000000
1061.605713 4590.000000
1063.463745 4629.000000
1065.320801 4819.000000
1067.176636 4322.000000
1069.031372 4291.000000
1070.884644 4386.000000
1072.737183 4516.000000
1074.588501 4363.000000
1076.438599 4409.000000
1078.287598 4160.000000
1080.135498 4336.000000
1081.982178 5105.000000
1083.827759 4544.000000
1085.672241 4372.000000
1087.515503 4225.000000
1089.357666 4496.000000
1091.198853 4247.000000
1093.038696 4238.000000
1094.877686 4398.000000
1096.715332 5419.000000
1098.551758 4346.000000
1100.387329 4380.000000
1102.221436 4248.000000
1104.054688 4444.000000
1105.886719 4659.000000
1107.717529 4324.000000
1109.547363 4141.000000
1111.376099 4526.000000
1113.203735 4256.000000
1115.030151 4238.000000
1116.855469 4378.000000
1118.679688 4122.000000
1120.502808 4377.000000
1122.324707 4209.000000
1124.145874 4484.000000
1125.965454 4405.000000
1127.784180 4358.000000
1129.601685 4470.000000
1131.418091 4271.000000
1133.233398 4497.000000
1135.047607 4316.000000
1136.860718 4394.000000
1138.672852 4369.000000
1140.483765 4216.000000
1142.293457 4419.000000
1144.102173 4441.000000
1145.909668 4290.000000
1147.716431 4627.000000
1149.521729 4397.000000
1151.325928 4295.000000
1153.129028 4703.000000
1154.931152 4654.000000
1156.732178 4679.000000
1158.532104 4559.000000
1160.330811 4902.000000
1162.128418 4487.000000
1163.925171 4397.000000
1165.720581 4923.000000
1167.515015 4398.000000
1169.308350 4725.000000
1171.100586 4144.000000
1172.891724 5130.000000
1174.681885 4223.000000
1176.470703 4325.000000
1178.258667 8523.000000
1180.045288 4261.000000
1181.831055 4565.000000
1183.615723 4318.000000
1185.399292 4519.000000
1187.181763 4124.000000
1188.963013 4343.000000
1190.743286 4603.000000
1192.522461 4129.000000
1194.300537 4456.000000
1196.077759 4382.000000
1197.853638 4662.000000
1199.628296 4424.000000
1201.402344 4263.000000
1203.175049 4493.000000
1204.946655 4684.000000
1206.717285 4326.000000
1208.486938 4502.000000
1210.255249 4719.000000
1212.022705 4306.000000
1213.788940 4361.000000
1215.554199 4381.000000
1217.318359 4182.000000
1219.081299 4486.000000
1220.843384 4300.000000
1222.604248 4203.000000
1224.364258 4571.000000
1226.123169 4609.000000
1227.880737 4813.000000
1229.637573 4424.000000
1231.393188 4347.000000
1233.147705 4826.000000
1234.901245 4315.000000
1236.653687 4532.000000
1238.405151 4560.000000
1240.155273 4539.000000
1241.904663 4292.000000
1243.652832 4350.000000
1245.400024 4752.000000
1247.145996 4517.000000
1248.891113 4264.000000
1250.635010 4236.000000
1252.377930 4377.000000
1254.119873 4249.000000
1255.860718 4276.000000
1257.600464 4554.000000
1259.339233 4454.000000
1261.076904 4256.000000
1262.813477 4630.000000
1264.549072 4424.000000
1266.283691 4493.000000
1268.017090 4777.000000
1269.749512 4289.000000
1271.481079 4404.000000
1273.211182 4525.000000
1274.940552 4482.000000
1276.668945 4432.000000
1278.395996 4248.000000
1280.122314 4740.000000
1281.847290 4442.000000
1283.571533 4425.000000
1285.294434 4714.000000
1287.016602 4398.000000
1288.737549 4689.000000
1290.457642 4297.000000
1292.176514 4680.000000
1293.894409 4477.000000
1295.611206 4850.000000
1297.327026 4351.000000
1299.041626 4855.000000
1300.755493 4034.000000
1302.468140 4259.000000
1304.179810 4621.000000
1305.890625 4898.000000
1307.600220 4523.000000
1309.308838 4144.000000
1311.016357 4231.000000
1312.722900 4268.000000
1314.428345 4346.000000
1316.132935 4344.000000
1317.836304 4252.000000
1319.538818 4428.000000
1321.240234 4470.000000
1322.940674 4290.000000
1324.639893 4436.000000
1326.338379 4353.000000
1328.035767 4486.000000
1329.731934 4836.000000
1331.427246 4300.000000
1333.121460 4821.000000
1334.814819 4430.000000
1336.507080 4669.000000
1338.198242 4449.000000
1339.888428 4585.000000
1341.577759 4298.000000
1343.265869 4553.000000
1344.953125 4658.000000
1346.639160 4495.000000
1348.324341 4875.000000
1350.008301 4965.000000
1351.691528 4499.000000
1353.373535 4592.000000
1355.054688 4543.000000
1356.734985 4411.000000
1358.414063 4086.000000
1360.092041 4511.000000
1361.769043 4681.000000
1363.445313 4542.000000
1365.120361 4451.000000
1366.794189 4709.000000
1368.467407 4583.000000
1370.139526 4907.000000
1371.810425 4301.000000
1373.480713 4359.000000
1375.149658 4454.000000
1376.817627 4475.000000
1378.484619 4166.000000
1380.151001 4275.000000
1381.815918 4532.000000
1383.479980 4586.000000
1385.143066 4566.000000
1386.804932 4268.000000
1388.466187 4359.000000
1390.126343 4449.000000
1391.785278 4441.000000
1393.443481 4760.000000
1395.100586 4385.000000
1396.756592 4658.000000
1398.411743 4559.000000
1400.065918 4299.000000
1401.719238 4769.000000
1403.371094 4694.000000
1405.022461 4313.000000
1406.672485 4746.000000
1408.321899 4727.000000
1409.969971 4424.000000
1411.617065 4477.000000
1413.263550 4632.000000
1414.908691 4109.000000
1416.553101 4683.000000
1418.196167 4505.000000
1419.838623 4227.000000
1421.479980 4618.000000
1423.120239 4227.000000
1424.759521 4903.000000
1426.397949 4546.000000
1428.035278 4303.000000
1429.671753 4374.000000
1431.307251 4639.000000
1432.941650 5122.000000
1434.575195 4504.000000
1436.207642 4256.000000
1437.839233 4330.000000
1439.469971 4311.000000
1441.099609 4689.000000
1442.728027 4229.000000
1444.355713 4677.000000
1445.982422 4684.000000
1447.608154 4847.000000
1449.232788 4710.000000
1450.856689 4430.000000
1452.479370 5206.000000
1454.101318 4524.000000
1455.722168 4323.000000
1457.342041 4413.000000
1458.960938 4425.000000
1460.578857 4578.000000
1462.195801 4553.000000
1463.812012 4558.000000
1465.427124 4823.000000
1467.041138 4563.000000
1468.654419 4717.000000
1470.266479 4259.000000
1471.877686 4606.000000
1473.488037 4367.000000
1475.097534 4743.000000
1476.705566 4028.000000
1478.313110 4451.000000
1479.919556 4582.000000
1481.525024 4451.000000
1483.129517 4248.000000
1484.733154 4417.000000
1486.335449 4527.000000
1487.937256 4501.000000
1489.538086 4703.000000
1491.137695 4481.000000
1492.736450 4643.000000
1494.334473 4631.000000
1495.931152 4534.000000
1497.527100 4340.000000
1499.122192 4438.000000
1500.716064 4566.000000
1502.309326 4683.000000
1503.901367 4162.000000
1505.492432 4321.000000
1507.082764 4236.000000
1508.671997 4313.000000
1510.260376 4594.000000
1511.847900 4172.000000
1513.434204 4606.000000
1515.019653 4437.000000
1516.604370 4490.000000
1518.188110 4593.000000
1519.770508 4393.000000
1521.352295 4517.000000
1522.933228 4203.000000
1524.513184 4390.000000
1526.091919 4572.000000
1527.669800 4488.000000
1529.247070 4439.000000
1530.822998 4311.000000
1532.398071 4345.000000
1533.972412 4436.000000
1535.545654 4597.000000
1537.118286 4279.000000
1538.689331 4492.000000
1540.259766 4811.000000
1541.829468 4418.000000
1543.398071 4624.000000
1544.965820 4344.000000
1546.532593 4656.000000
1548.098267 4635.000000
1549.662964 4308.000000
1551.227051 4530.000000
1552.790161 4401.000000
1554.352295 4473.000000
1555.913330 4586.000000
1557.473633 4556.000000
1559.032837 4520.000000
1560.591431 4543.000000
1562.148804 4351.000000
1563.705322 4612.000000
1565.260864 4449.000000
1566.815430 4749.000000
1568.369263 4599.000000
1569.922119 4344.000000
1571.473999 4270.000000
1573.025024 4535.000000
1574.574951 4523.000000
1576.124023 4267.000000
1577.672485 4485.000000
1579.219482 4108.000000
1580.765991 4395.000000
1582.311523 4223.000000
1583.856201 4198.000000
1585.399414 4479.000000
1586.942261 4640.000000
1588.484009 4344.000000
1590.024902 4479.000000
1591.564697 4809.000000
1593.103882 4635.000000
1594.641846 4389.000000
1596.178955 4433.000000
1597.715332 4675.000000
1599.250732 4560.000000
1600.785278 4212.000000
1602.318604 4591.000000
1603.851318 4587.000000
1605.383179 4319.000000
1606.913940 4440.000000
1608.443726 4701.000000
1609.972778 4687.000000
1611.500854 4835.000000
1613.027832 4270.000000
1614.554321 4450.000000
1616.079590 4682.000000
1617.604126 4556.000000
1619.127319 4355.000000
1620.650269 4513.000000
1622.171997 4368.000000
1623.692749 4720.000000
1625.212524 4345.000000
1626.731812 4482.000000
1628.249756 4339.000000
1629.767090 4528.000000
1631.283203 4781.000000
1632.798706 4508.000000
1634.313354 4377.000000
1635.826782 4672.000000
1637.339478 4406.000000
1638.851318 4791.000000
1640.362305 4509.000000
1641.872314 4495.000000
1643.381226 4352.000000
1644.889526 4513.000000
1646.396851 4392.000000
1647.903198 4183.000000
1649.408569 4304.000000
1650.913452 4404.000000
1652.417236 4707.000000
1653.920044 4520.000000
1655.421875 4378.000000
1656.923096 4696.000000
1658.423340 4345.000000
1659.922485 4304.000000
1661.420776 4302.000000
1662.918335 4522.000000
1664.414795 4396.000000
1665.910522 4619.000000
1667.405273 4436.000000
1668.899292 4333.000000
1670.392334 4573.000000
1671.884399 4465.000000
1673.375854 4447.000000
1674.866089 4217.000000
1676.355591 4122.000000
1677.844238 4744.000000
1679.331909 4544.000000
1680.818970 4672.000000
1682.304688 4219.000000
1683.789795 4446.000000
1685.274170 4393.000000
1686.757080 4357.000000
1688.239624 4608.000000
1689.721069 4464.000000
1691.201782 4329.000000
1692.681519 4392.000000
1694.160522 4446.000000
1695.638428 4998.000000
1697.115723 4446.000000
1698.591675 4498.000000
1700.067261 4762.000000
1701.541626 4344.000000
1703.015381 4565.000000
1704.488037 4764.000000
1705.960083 4777.000000
1707.431030 4536.000000
1708.900879 4241.000000
1710.370239 4326.000000
1711.838745 4201.000000
1713.306152 4303.000000
1714.772827 5844.000000
1716.238281 4607.000000
1717.703369 5025.000000
1719.167358 4643.000000
1720.630493 3991.000000
1722.092651 4688.000000
1723.554199 4362.000000
1725.014771 4339.000000
1726.474121 5014.000000
1727.933105 4659.000000
1729.390991 4977.000000
1730.848145 4390.000000
1732.304077 4195.000000
1733.759399 4929.000000
1735.213989 4326.000000
1736.667358 4259.000000
1738.120117 4613.000000
1739.572021 4711.000000
1741.022949 4387.000000
1742.472900 4442.000000
1743.922363 4387.000000
1745.370605 4442.000000
1746.818359 4482.000000
1748.264771 4432.000000
1749.710693 4525.000000
1751.155640 4984.000000
1752.599731 4353.000000
1754.042847 5144.000000
1755.485107 4485.000000
1756.926636 4424.000000
1758.367310 4602.000000
1759.807007 4451.000000
1761.245972 4361.000000
1762.684082 4538.000000
1764.121216 4514.000000
1765.557617 4314.000000
1766.993164 4634.000000
1768.427734 4419.000000
1769.861450 4437.000000
1771.294312 4394.000000
1772.726563 4954.000000
1774.157837 4356.000000
1775.587891 4727.000000
1777.017456 4907.000000
1778.446411 4924.000000
1779.874023 5124.000000
1781.300781 4705.000000
1782.727051 5148.000000
1784.152466 4854.000000
1785.576538 5182.000000
1787.000244 4258.000000
1788.422974 4427.000000
1789.844849 4400.000000
1791.265747 4429.000000
1792.686035 4341.000000
1794.105347 4408.000000
1795.523804 4638.000000
1796.941284 4578.000000
1798.358154 4312.000000
1799.774048 4390.000000
1801.188965 4590.000000
1802.603271 4384.000000
1804.016724 4553.000000
1805.429443 4129.000000
1806.840942 4444.000000
1808.251831 4413.000000
1809.661865 4537.000000
1811.071167 4223.000000
1812.479126 4452.000000
1813.886841 4385.000000
1815.293579 4499.000000
1816.699219 4683.000000
1818.104126 4355.000000
1819.508179 4353.000000
1820.911621 4455.000000
1822.313965 4299.000000
1823.715698 4414.000000
1825.116577 4339.000000
1826.516479 4688.000000
1827.915405 4487.000000
1829.313721 4311.000000
1830.711060 4412.000000
1832.107788 4415.000000
1833.503418 4305.000000
1834.898438 4736.000000
1836.292603 4627.000000
1837.685791 4253.000000
1839.078125 4655.000000
1840.469849 4658.000000
1841.860596 4441.000000
1843.250610 4336.000000
1844.639404 4415.000000
1846.027832 4424.000000
1847.415405 4538.000000
1848.801758 4720.000000
1850.187500 4213.000000
1851.572632 4323.000000
1852.956665 4381.000000
1854.339844 4228.000000
1855.722534 4722.000000
1857.103882 4464.000000
1858.484863 4444.000000
1859.864624 4251.000000
1861.243896 4622.000000
1862.622314 4565.000000
1863.999878 4324.000000
1865.376465 4472.000000
1866.752197 4728.000000
1868.127197 4189.000000
1869.501221 4826.000000
1870.874634 4105.000000
1872.247314 4430.000000
1873.619019 4517.000000
1874.989868 4623.000000
1876.359985 4313.000000
1877.729370 4955.000000
1879.097900 4738.000000
1880.465210 4403.000000
1881.832153 5331.000000
1883.197998 4076.000000
1884.563354 4778.000000
1885.927612 4234.000000
1887.291016 4235.000000
1888.653809 4268.000000
1890.015625 4314.000000
1891.376831 4361.000000
1892.737061 4338.000000
1894.096436 4015.000000
1895.454956 4637.000000
1896.812744 4737.000000
1898.169800 4699.000000
1899.526123 4505.000000
1900.881348 4475.000000
1902.235840 4478.000000
1903.589722 4843.000000
1904.942749 4248.000000
1906.294556 4746.000000
1907.645874 4462.000000
1908.996582 4777.000000
1910.346191 4715.000000
1911.694824 4257.000000
1913.043091 4385.000000
1914.390259 4356.000000
1915.736572 4766.000000
1917.082153 4327.000000
1918.427124 4440.000000
1919.771240 4890.000000
1921.114258 4702.000000
1922.456665 4450.000000
1923.798218 4486.000000
1925.139282 4501.000000
1926.479004 4358.000000
1927.818237 4581.000000
1929.156616 4694.000000
1930.494263 4681.000000
1931.830811 4476.000000
1933.166626 4397.000000
1934.501831 4476.000000
1935.836060 4436.000000
1937.169678 4070.000000
1938.502319 4174.000000
1939.834473 4424.000000
1941.165527 4446.000000
1942.495972 4393.000000
1943.825439 4157.000000
1945.154297 4453.000000
1946.481812 4322.000000
1947.808960 4285.000000
1949.135498 4475.000000
1950.460938 4107.000000
1951.785522 4339.000000
1953.109619 4673.000000
1954.432617 4515.000000
1955.754883 4431.000000
1957.076538 4403.000000
1958.396973 4112.000000
1959.717163 4439.000000
1961.036133 4456.000000
1962.354614 4176.000000
1963.672241 4440.000000
1964.989136 4122.000000
1966.304932 4563.000000
1967.619995 4266.000000
1968.934448 4344.000000
1970.248047 4765.000000
1971.560425 4218.000000
1972.872803 4302.000000
1974.183960 4609.000000
1975.494263 4517.000000
1976.803833 4219.000000
1978.112793 4546.000000
1979.420898 5661.000000
1980.727905 4884.000000
1982.034302 4203.000000
1983.340210 4368.000000
1984.645142 4641.000000
1985.948975 4538.000000
1987.252441 4609.000000
1988.554932 4760.000000
1989.856689 4461.000000
1991.157593 4803.000000
1992.457642 4625.000000
1993.756958 4103.000000
1995.055420 4385.000000
1996.353394 4339.000000
1997.650513 4595.000000
1998.946655 4386.000000
2000.241943 4323.000000
2001.536621 4367.000000
2002.830566 4475.000000
2004.123657 4435.000000
2005.416016 4225.000000
2006.707520 4586.000000
2007.998169 4346.000000
2009.288208 4506.000000
2010.577271 4650.000000
2011.865723 4207.000000
2013.153320 4432.000000
2014.440308 4117.000000
2015.726074 4865.000000
2017.011597 4573.000000
2018.296265 4311.000000
2019.579590 4484.000000
2020.862549 4391.000000
2022.144897 4614.000000
2023.426025 4579.000000
2024.706665 4570.000000
2025.986450 5085.000000
2027.265747 4606.000000
2028.543945 4425.000000
2029.821411 4498.000000
2031.098145 4442.000000
2032.374146 4490.000000
2033.649292 4485.000000
2034.923706 4247.000000
2036.197266 5097.000000
2037.470215 4394.000000
2038.742065 4309.000000
2040.013550 4447.000000
2041.284058 4774.000000
2042.554077 4527.000000
2043.822754 4470.000000
2045.091064 4256.000000
2046.358643 4498.000000
2047.625122 4505.000000
2048.890869 4411.000000
2050.156006 4449.000000
2051.420654 4221.000000
2052.684326 4378.000000
2053.946777 4727.000000
2055.208984 4262.000000
2056.470215 4386.000000
2057.730713 4620.000000
2058.990479 4606.000000
2060.249512 4683.000000
2061.507813 4568.000000
2062.765137 4434.000000
2064.021973 4505.000000
2065.277832 4473.000000
2066.532959 4487.000000
2067.787354 4570.000000
2069.041260 4393.000000
2070.293945 4610.000000
2071.546387 4411.000000
2072.797363 4251.000000
2074.047852 4765.000000
2075.297852 4451.000000
2076.546875 4741.000000
2077.795166 4895.000000
2079.042725 4468.000000
2080.289551 4364.000000
2081.535400 4418.000000
2082.780762 4415.000000
2084.025391 4196.000000
2085.269043 4633.000000
2086.511719 4645.000000
2087.753906 4832.000000
2088.995850 4395.000000
2090.236572 4645.000000
2091.476074 4551.000000
2092.715576 4539.000000
2093.953857 4881.000000
2095.191650 4468.000000
2096.428711 4384.000000
2097.664551 4616.000000
2098.900146 4584.000000
2100.134766 4839.000000
2101.368652 4280.000000
2102.602051 4701.000000
2103.834229 4596.000000
2105.065674 4269.000000
2106.296875 4332.000000
2107.527100 4433.000000
2108.756348 4632.000000
2109.984863 4446.000000
2111.212646 4431.000000
2112.439941 4456.000000
2113.666504 4491.000000
2114.891846 4533.000000
2116.116699 4445.000000
2117.340820 4494.000000
2118.563965 4581.000000
2119.786865 4106.000000
2121.009033 4315.000000
2122.230225 4140.000000
2123.450195 4657.000000
2124.669922 4522.000000
2125.888916 4478.000000
2127.107422 4283.000000
2128.324463 4012.000000
2129.541016 4312.000000
2130.756836 4424.000000
2131.972168 4658.000000
2133.186768 4339.000000
2134.400391 4638.000000
2135.613281 4513.000000
2136.825439 4457.000000
2138.036621 4409.000000
2139.247559 4539.000000
2140.457764 4273.000000
2141.666748 4296.000000
2142.875000 4415.000000
2144.083008 4178.000000
2145.290039 4271.000000
2146.496094 4406.000000
2147.701660 4346.000000
2148.906494 4542.000000
2150.110596 4478.000000
2151.313477 4303.000000
2152.516602 4580.000000
2153.718262 4433.000000
2154.919189 4753.000000
2156.119385 4372.000000
2157.319092 4460.000000
2158.518066 4649.000000
2159.715820 4402.000000
2160.913330 4494.000000
2162.110107 4565.000000
2163.306152 4697.000000
2164.500977 4482.000000
2165.695557 4640.000000
2166.889404 4676.000000
2168.082520 4751.000000
2169.274658 4631.000000
2170.466064 4677.000000
2171.657227 4217.000000
2172.847168 4410.000000
2174.036377 4503.000000
2175.224854 4422.000000
2176.412598 4418.000000
2177.599609 4387.000000
2178.786377 4322.000000
2179.971924 4414.000000
2181.156982 4320.000000
2182.340820 4360.000000
2183.524658 4595.000000
2184.707275 4545.000000
2185.889404 4562.000000
2187.070068 4437.000000
2188.250977 4422.000000
2189.431152 4454.000000
2190.610107 4739.000000
2191.788330 5373.000000
2192.966309 4575.000000
2194.143066 4573.000000
2195.318848 4821.000000
2196.494385 4131.000000
2197.669189 4270.000000
2198.843506 4806.000000
2200.016357 4972.000000
2201.188965 4559.000000
2202.360840 4430.000000
2203.532227 4441.000000
2204.702637 4657.000000
2205.872314 4430.000000
2207.041504 4396.000000
2208.209473 4521.000000
2209.376953 4590.000000
2210.543701 4966.000000
2211.709961 5041.000000
2212.875000 4545.000000
2214.039551 4499.000000
2215.203613 4957.000000
2216.366943 4368.000000
2217.529297 4327.000000
2218.690918 4731.000000
2219.852295 4395.000000
2221.012451 4466.000000
2222.172119 4640.000000
2223.331055 4632.000000
2224.489258 4471.000000
2225.646729 4739.000000
2226.803223 4736.000000
2227.959473 4625.000000
2229.114502 4333.000000
2230.269287 4311.000000
2231.422852 4563.000000
2232.576172 4610.000000
2233.728516 4800.000000
2234.880127 4439.000000
2236.031250 4588.000000
2237.181641 4343.000000
2238.331299 4645.000000
2239.479980 4588.000000
2240.628418 4510.000000
2241.776123 4424.000000
2242.922607 4723.000000
2244.068359 4783.000000
2245.214111 4502.000000
2246.358398 4568.000000
2247.502441 4594.000000
2248.645752 4423.000000
2249.788086 4308.000000
2250.930176 4592.000000
2252.070801 4465.000000
2253.211670 4509.000000
2254.351074 4515.000000
2255.489990 4401.000000
2256.628418 4364.000000
2257.765869 4846.000000
2258.902588 4600.000000
2260.038818 4335.000000
2261.174072 4646.000000
2262.308838 4514.000000
2263.442871 4276.000000
2264.576416 4656.000000
2265.708740 4363.000000
2266.840820 4533.000000
2267.972168 4642.000000
2269.102295 4457.000000
2270.232178 4409.000000
2271.361816 4307.000000
2272.489746 4406.000000
2273.617432 4637.000000
2274.744629 4587.000000
2275.870850 4490.000000
2276.996582 4580.000000
2278.121094 4997.000000
2279.245605 4396.000000
2280.369141 4635.000000
2281.491943 4436.000000
2282.614014 4565.000000
2283.735352 4874.000000
2284.856201 4318.000000
2285.975830 4427.000000
2287.095459 4372.000000
2288.213867 4543.000000
2289.331787 4521.000000
2290.449219 4612.000000
2291.565674 4667.000000
2292.681641 4413.000000
2293.796875 4403.000000
2294.911133 4720.000000
2296.024902 4321.000000
2297.138184 4056.000000
2298.250732 4107.000000
2299.361816 4854.000000
2300.473145 4852.000000
2301.583252 4408.000000
2302.692871 4665.000000
2303.801758 4480.000000
2304.910400 4566.000000
2306.017578 4512.000000
2307.124512 4250.000000
2308.230713 4859.000000
2309.336182 4418.000000
2310.441162 4673.000000
2311.544922 4469.000000
2312.648438 4434.000000
2313.751221 4314.000000
2314.853271 4677.000000
2315.954590 4591.000000
2317.055176 4719.000000
2318.155273 5013.000000
2319.254639 4424.000000
2320.353027 4900.000000
2321.450928 4370.000000
2322.548340 4794.000000
2323.644531 4467.000000
2324.740723 4492.000000
2325.835938 4165.000000
2326.930420 4521.000000
2328.024170 4578.000000
2329.117432 4495.000000
2330.209717 4746.000000
2331.301758 4736.000000
2332.392578 4423.000000
2333.483154 4600.000000
2334.572998 4668.000000
2335.662354 4656.000000
2336.750244 4460.000000
2337.838135 4615.000000
2338.925049 4921.000000
2340.011230 4484.000000
2341.097168 4501.000000
2342.182129 4770.000000
2343.266602 4583.000000
2344.349854 4400.000000
2345.433105 4573.000000
2346.515137 5187.000000
2347.596680 4486.000000
2348.677734 4395.000000
2349.758301 4501.000000
2350.837646 4591.000000
2351.916748 4395.000000
2352.994873 4482.000000
2354.072510 4326.000000
2355.149414 4583.000000
2356.225342 4655.000000
2357.301025 4330.000000
2358.375732 4373.000000
2359.450195 4494.000000
2360.523438 4556.000000
2361.596436 4555.000000
2362.668701 4368.000000
2363.740479 4334.000000
2364.811035 4674.000000
2365.881348 4625.000000
2366.951172 4564.000000
2368.020020 4529.000000
2369.087891 4253.000000
2370.155518 4585.000000
2371.222412 4283.000000
2372.288574 4714.000000
2373.354004 4734.000000
2374.418701 4875.000000
2375.483154 4619.000000
2376.546631 4471.000000
2377.609375 4530.000000
2378.671631 4728.000000
2379.733398 4623.000000
2380.793945 4386.000000
2381.854248 4511.000000
2382.914307 4700.000000
2383.972900 4362.000000
2385.031006 4638.000000
2386.088867 4948.000000
2387.145508 4824.000000
2388.201904 4525.000000
2389.257080 4982.000000
2390.312256 4856.000000
2391.366455 4481.000000
2392.419922 4833.000000
2393.473145 4686.000000
2394.525635 4506.000000
2395.577148 4738.000000
2396.627686 4727.000000
2397.678223 4615.000000
2398.728027 4530.000000
2399.776855 4845.000000
2400.825195 4410.000000
2401.872803 4783.000000
2402.920166 4486.000000
2403.966309 4618.000000
2405.011963 4671.000000
2406.057373 4905.000000
2407.102051 4642.000000
2408.145508 4788.000000
2409.188721 4557.000000
2410.230957 4802.000000
2411.272949 4368.000000
2412.313965 5077.000000
2413.354492 4460.000000
2414.394775 4407.000000
2415.433594 4541.000000
2416.471924 4706.000000
2417.510254 4700.000000
2418.547852 4482.000000
2419.584229 4590.000000
2420.619873 4628.000000
2421.655273 4650.000000
2422.690186 4709.000000
2423.724365 4453.000000
2424.757568 4498.000000
2425.790527 4366.000000
2426.822510 4349.000000
2427.854004 4599.000000
2428.885010 4994.000000
2429.914795 4525.000000
2430.944580 4796.000000
2431.973145 4387.000000
2433.001465 4467.000000
2434.029297 4438.000000
2435.056396 4752.000000
2436.082275 4461.000000
2437.108154 4884.000000
2438.133301 4415.000000
2439.157715 5025.000000
2440.181152 4553.000000
2441.204590 4644.000000
2442.226807 4717.000000
2443.249023 4623.000000
2444.270020 4720.000000
2445.290771 4627.000000
2446.310547 4401.000000
2447.329590 4660.000000
2448.348389 4674.000000
2449.366699 5118.000000
2450.384033 4476.000000
2451.400879 4446.000000
2452.416504 4221.000000
2453.432373 4721.000000
2454.447266 4902.000000
2455.461182 4374.000000
2456.475098 4705.000000
2457.488281 4531.000000
2458.500000 4707.000000
2459.511719 4605.000000
2460.523193 4577.000000
2461.533447 4294.000000
2462.542969 4635.000000
2463.552490 5022.000000
2464.561035 4355.000000
2465.569092 4754.000000
2466.576172 4732.000000
2467.582764 4670.000000
2468.589111 4589.000000
2469.594482 4550.000000
2470.598877 4385.000000
2471.603271 4684.000000
2472.606934 4980.000000
2473.609863 4399.000000
2474.611816 4864.000000
2475.613525 4474.000000
2476.614746 4349.000000
2477.614990 4409.000000
2478.614990 4483.000000
2479.614014 4721.000000
2480.612793 5057.000000
2481.610352 4540.000000
2482.607666 4562.000000
2483.604736 4960.000000
2484.600830 4431.000000
2485.595947 4711.000000
2486.590576 4856.000000
2487.584961 4798.000000
2488.578125 4693.000000
2489.571045 4583.000000
2490.563721 5114.000000
2491.555664 4805.000000
2492.546631 4757.000000
2493.537109 4575.000000
2494.527344 4759.000000
2495.516113 4704.000000
2496.505127 4635.000000
2497.493408 4443.000000
2498.480469 4939.000000
2499.467285 4603.000000
2500.453857 4385.000000
2501.438965 4544.000000
2502.423828 4702.000000
2503.408447 4458.000000
2504.392090 4627.000000
2505.375244 4779.000000
2506.357910 4352.000000
2507.339600 4661.000000
2508.321533 4213.000000
2509.301758 4915.000000
2510.281738 4306.000000
2511.261475 4909.000000
2512.240234 4987.000000
2513.218262 4947.000000
2514.196289 4892.000000
2515.173096 4685.000000
2516.149902 4600.000000
2517.125732 4903.000000
2518.100586 4846.000000
2519.075684 4417.000000
2520.049561 4631.000000
2521.022705 4561.000000
2521.995605 4606.000000
2522.968018 4894.000000
2523.939453 4600.000000
2524.910645 5039.000000
2525.880859 4692.000000
2526.851074 4704.000000
2527.820068 4721.000000
2528.788574 5017.000000
2529.756836 4599.000000
2530.724121 4993.000000
2531.690918 4424.000000
2532.657227 4394.000000
2533.622559 4426.000000
2534.588135 4980.000000
2535.552490 4927.000000
2536.516113 4733.000000
2537.479736 4681.000000
2538.442139 4841.000000
2539.404053 4830.000000
2540.365723 4491.000000
2541.326660 4912.000000
2542.286865 4686.000000
2543.246582 4674.000000
2544.205811 5177.000000
2545.164307 4523.000000
2546.122070 5006.000000
2547.079346 4829.000000
2548.036377 4577.000000
2548.992432 4483.000000
2549.947510 4619.000000
2550.902832 4373.000000
2551.856934 4718.000000
2552.810791 4588.000000
2553.764648 4466.000000
2554.716797 4679.000000
2555.669189 4494.000000
2556.620117 4494.000000
2557.571045 4629.000000
2558.521729 4300.000000
2559.471436 4599.000000
2560.420410 4662.000000
2561.369141 4549.000000
2562.316650 4752.000000
2563.264648 6158.000000
2564.211426 5054.000000
2565.157471 4722.000000
2566.103516 4634.000000
2567.048096 4550.000000
2567.992432 4781.000000
2568.936279 4953.000000
2569.879395 4726.000000
2570.822266 4818.000000
2571.764648 4836.000000
2572.706543 4507.000000
2573.647705 5035.000000
2574.587646 4781.000000
2575.527344 4509.000000
2576.466797 4629.000000
2577.405518 4271.000000
2578.343750 4980.000000
2579.281250 4791.000000
2580.218262 4743.000000
2581.154541 4559.000000
2582.090576 4715.000000
2583.025635 4778.000000
2583.960938 4731.000000
2584.894775 4638.000000
2585.828369 4764.000000
2586.761719 4899.000000
2587.693848 5102.000000
2588.625244 4952.000000
2589.557129 4517.000000
2590.487305 4902.000000
2591.418213 5047.000000
2592.347412 4822.000000
2593.276611 4494.000000
2594.205322 4835.000000
2595.133057 5068.000000
2596.060303 4567.000000
2596.987305 4682.000000
2597.913330 4549.000000
2598.838623 4626.000000
2599.763916 4761.000000
2600.688477 4756.000000
2601.612793 4588.000000
2602.536133 4834.000000
2603.458984 4957.000000
2604.381348 4587.000000
2605.302979 4865.000000
2606.223633 4329.000000
2607.144775 4556.000000
2608.064697 4819.000000
2608.984863 4763.000000
2609.903320 4323.000000
2610.821533 4691.000000
2611.739990 4881.000000
2612.656982 4488.000000
2613.573242 4687.000000
2614.489990 4866.000000
2615.405762 4544.000000
2616.320557 4847.000000
2617.235352 4593.000000
2618.149414 4474.000000
2619.062988 4406.000000
2619.975830 4773.000000
2620.887207 4547.000000
2621.799805 4886.000000
2622.710938 4700.000000
2623.621582 4653.000000
2624.531982 4648.000000
2625.441406 4616.000000
2626.350098 4692.000000
2627.258789 5285.000000
2628.166992 4519.000000
2629.074951 4565.000000
2629.981201 4537.000000
2630.887695 4672.000000
2631.793701 4978.000000
2632.698730 4718.000000
2633.603027 4703.000000
2634.507813 4599.000000
2635.411133 4820.000000
2636.314697 4904.000000
2637.216797 4509.000000
2638.118652 5066.000000
2639.020264 4439.000000
2639.921387 4678.000000
2640.821777 4398.000000
2641.721924 4843.000000
2642.620850 4617.000000
2643.519775 4391.000000
2644.418457 4609.000000
2645.315918 4509.000000
2646.213379 4552.000000
2647.109619 4855.000000
2648.005859 4583.000000
2648.901611 4562.000000
2649.796875 4754.000000
2650.690918 4548.000000
2651.585449 4715.000000
2652.478760 4467.000000
2653.371338 4562.000000
2654.264648 4573.000000
2655.156250 4853.000000
2656.047852 4711.000000
2656.938477 4832.000000
2657.828369 4721.000000
2658.718750 4995.000000
2659.607666 4543.000000
2660.496338 4787.000000
2661.385254 4820.000000
2662.272461 4947.000000
2663.160156 4715.000000
2664.046631 4619.000000
2664.932373 4760.000000
2665.818848 4590.000000
2666.703613 4812.000000
2667.587646 4647.000000
2668.472168 4540.000000
2669.355713 4453.000000
2670.238525 4654.000000
2671.121338 4644.000000
2672.003174 4543.000000
2672.885010 4552.000000
2673.766113 5027.000000
2674.645996 4798.000000
2675.526367 4720.000000
2676.405518 4444.000000
2677.284424 4669.000000
2678.163086 4467.000000
2679.041260 4726.000000
2679.918945 4780.000000
2680.795410 4710.000000
2681.671631 4847.000000
2682.547852 4499.000000
2683.423340 4796.000000
2684.298096 5178.000000
2685.172852 4464.000000
2686.046143 4531.000000
2686.919678 4556.000000
2687.792480 4520.000000
2688.664551 4957.000000
2689.536865 4821.000000
2690.407715 4782.000000
2691.278809 4860.000000
2692.149170 4677.000000
2693.019043 4508.000000
2693.888184 4703.000000
2694.757324 5097.000000
2695.625488 4801.000000
2696.493164 4671.000000
2697.360840 4389.000000
2698.227539 4723.000000
2699.094482 4964.000000
2699.959717 4868.000000
2700.824707 4531.000000
2701.690430 4734.000000
2702.554688 4712.000000
2703.417969 4768.000000
2704.281982 4977.000000
2705.144775 4602.000000
2706.007080 4832.000000
2706.868896 4677.000000
2707.730225 4833.000000
2708.591797 4690.000000
2709.451660 5025.000000
2710.311523 4672.000000
2711.171631 4723.000000
2712.030518 4691.000000
2712.888672 4638.000000
2713.746826 5290.000000
2714.604248 4913.000000
2715.461670 4839.000000
2716.318115 4627.000000
2717.173828 4828.000000
2718.030029 4830.000000
2718.885010 4716.000000
2719.739258 4847.000000
2720.593750 4892.000000
2721.447266 4990.000000
2722.301025 4812.000000
2723.153320 4620.000000
2724.005859 4800.000000
2724.857666 4938.000000
2725.708984 4757.000000
2726.559326 4796.000000
2727.410400 4812.000000
2728.259766 5470.000000
2729.108887 4517.000000
2729.958252 4648.000000
2730.806885 4629.000000
2731.655029 4669.000000
2732.502441 5041.000000
2733.349121 4414.000000
2734.196045 5097.000000
2735.041992 5063.000000
2735.887451 4567.000000
2736.732910 4880.000000
2737.577393 4478.000000
2738.421631 4879.000000
2739.265625 4696.000000
2740.108887 4860.000000
2740.952148 4778.000000
2741.794434 4470.000000
2742.636230 4572.000000
2743.478027 4800.000000
2744.318604 4476.000000
2745.159180 5030.000000
2745.999512 4924.000000
2746.838867 4745.000000
2747.678711 4928.000000
2748.517090 5338.000000
2749.354980 5741.000000
2750.193604 4601.000000
2751.030762 4560.000000
2751.867432 4378.000000
2752.704102 4754.000000
2753.540039 4947.000000
2754.375488 4970.000000
2755.210693 4701.000000
2756.045166 4616.000000
2756.879639 4537.000000
2757.713379 4907.000000
2758.546631 4496.000000
2759.379395 4808.000000
2760.211914 4773.000000
2761.043701 4614.000000
2761.875488 4944.000000
2762.706299 4693.000000
2763.537354 4944.000000
2764.367188 4466.000000
2765.197266 4829.000000
2766.026611 4652.000000
2766.854980 4820.000000
2767.683594 4688.000000
2768.511963 5418.000000
2769.339355 4644.000000
2770.165771 4789.000000
2770.993164 4945.000000
2771.819092 4670.000000
2772.645020 4773.000000
2773.470703 4601.000000
2774.295166 4475.000000
2775.119873 4571.000000
2775.944092 4818.000000
2776.767334 4771.000000
2777.590820 5042.000000
2778.413330 4683.000000
2779.235596 4535.000000
2780.057861 4740.000000
2780.879395 5236.000000
2781.700684 4657.000000
2782.521240 5094.000000
2783.341309 5043.000000
2784.161133 4909.000000
2784.980469 4634.000000
2785.799072 5162.000000
2786.618164 5065.000000
2787.436035 4616.000000
2788.253906 4624.000000
2789.071045 4841.000000
2789.887695 4926.000000
2790.704346 4755.000000
2791.520020 4670.000000
2792.335693 5214.000000
2793.151123 5260.000000
2793.965332 4933.000000
2794.780029 4735.000000
2795.594238 5581.000000
2796.407471 4981.000000
2797.220947 4760.000000
2798.033203 4867.000000
2798.845215 5044.000000
2799.657471 4611.000000
2800.468750 4851.000000
2801.279785 4522.000000
2802.090576 5036.000000
2802.900635 4917.000000
2803.710449 4983.000000
2804.520020 4931.000000
2805.328857 4877.000000
2806.137695 4921.000000
2806.946045 4614.000000
2807.753418 5923.000000
2808.561523 4743.000000
2809.367920 5075.000000
2810.174805 4883.000000
2810.981201 4782.000000
2811.786377 4959.000000
2812.592041 4531.000000
2813.397217 5080.000000
2814.201660 5306.000000
2815.005859 4918.000000
2815.809570 4919.000000
2816.613037 5851.000000
2817.416260 4748.000000
2818.218750 5284.000000
2819.020996 5349.000000
2819.822754 4851.000000
2820.624023 4715.000000
2821.425781 4797.000000
2822.226074 5065.000000
2823.026855 4928.000000
2823.826660 5034.000000
2824.625977 4808.000000
2825.424805 4971.000000
2826.224121 4887.000000
2827.022217 5048.000000
2827.820557 5014.000000
2828.617920 5100.000000
2829.415039 4851.000000
2830.212158 6307.000000
2831.008545 5056.000000
2831.804199 4320.000000
2832.600586 4910.000000
2833.395996 4770.000000
2834.190430 4740.000000
2834.985352 5122.000000
2835.779541 4849.000000
2836.573730 4909.000000
2837.366943 4920.000000
2838.160156 4725.000000
2838.952881 4738.000000
2839.745361 5143.000000
2840.536865 4798.000000
2841.328613 4905.000000
2842.120117 7446.000000
2842.910645 5204.000000
2843.701660 5059.000000
2844.491699 4848.000000
2845.281738 4691.000000
2846.071045 4666.000000
2846.859863 4530.000000
2847.649170 4531.000000
2848.437256 4980.000000
2849.225098 5231.000000
2850.013428 4836.000000
2850.800049 5330.000000
2851.587646 4783.000000
2852.373779 4792.000000
2853.159912 5118.000000
2853.946289 4769.000000
2854.731689 4864.000000
2855.516602 4695.000000
2856.301758 5210.000000
2857.085938 5234.000000
2857.869629 5240.000000
2858.654053 5158.000000
2859.437500 4963.000000
2860.220459 4632.000000
2861.003418 4869.000000
2861.785400 5173.000000
2862.567627 5034.000000
2863.349121 4770.000000
2864.130615 4881.000000
2864.911621 4891.000000
2865.692139 4966.000000
2866.472656 5057.000000
2867.252930 5242.000000
2868.032471 5068.000000
2868.812012 4936.000000
2869.590820 4548.000000
2870.369629 5044.000000
2871.147949 4833.000000
2871.925781 4770.000000
2872.703369 5340.000000
2873.480713 5274.000000
2874.257813 4756.000000
2875.034668 5235.000000
2875.810791 4990.000000
2876.586670 5004.000000
2877.362793 5381.000000
2878.137939 5594.000000
2878.912842 5619.000000
2879.687988 6149.000000
2880.462158 5961.000000
2881.236084 5908.000000
2882.010254 5669.000000
2882.783447 5503.000000
2883.556641 5331.000000
2884.329102 5408.000000
2885.101807 5277.000000
2885.874023 5424.000000
2886.645752 5636.000000
2887.417236 5031.000000
2888.189209 5034.000000
2888.959473 5302.000000
2889.730469 4857.000000
2890.500488 4849.000000
2891.270508 4974.000000
2892.040771 5197.000000
2892.809082 4941.000000
2893.578125 5156.000000
2894.347168 5082.000000
2895.115723 6433.000000
2895.883789 5346.000000
2896.651855 5035.000000
2897.419434 5101.000000
2898.186523 5113.000000
2898.953369 5660.000000
2899.719971 5054.000000
2900.486572 5151.000000
2901.252441 4959.000000
2902.018555 5051.000000
2902.783691 4858.000000
2903.548828 4933.000000
2904.313965 5030.000000
2905.078613 5092.000000
2905.842529 4823.000000
2906.606934 7149.000000
2907.370117 5216.000000
2908.133301 5061.000000
2908.897217 4972.000000
2909.659668 4647.000000
2910.422119 5391.000000
2911.184570 5393.000000
2911.946777 4952.000000
2912.708740 4925.000000
2913.470215 5243.000000
2914.230713 4907.000000
2914.991943 4907.000000
