scanname Scan063
timestamp 2024-03-06 18:10:37
ccdbias 1036.970215
ccdgain 4.045375
sigmaread 10.387852
laserwavenum -0.591011
wavenumcorrection -0.264578
scancount 2
totalexposurems 588
singleexposurems 513
measurementstate Unknown
scanmode Auto
snr 12.760992 9.426859 6.875703
replacelist 0
peaks 10
434.370636 0.013709 0.000000 0.901336 0.000038
666.761780 0.005379 0.000000 3.701162 0.000193
688.568909 0.004573 0.000000 2.974074 0.000173
884.374023 0.082309 0.000000 11.694980 0.000786
1052.685669 0.028357 0.000000 1.347361 0.000147
1096.767090 0.028485 0.000000 1.229577 0.000145
1275.868652 0.017190 0.000000 0.545590 0.000073
1455.295166 0.038301 0.000000 0.584835 0.000176
1477.526001 0.020188 0.000000 0.052047 0.000017
2329.770752 0.006485 0.000000 0.097187 0.000051
result Mixture 2
11419 0.917082 1
		Ethanol in Water (95% v/v)
6329 0.033916 1
		1,4-Thioxane
spectrum 2048
-92.094910 0.084340
-89.469704 0.084766
-86.846382 0.178744
-84.224945 0.163974
-81.605392 0.151966
-78.987732 0.191556
-76.371948 0.121096
-73.758041 0.096183
-71.146019 0.160604
-68.535873 0.165894
-65.927589 0.137393
-63.321182 0.146332
-60.716648 0.179932
-58.113979 0.176394
-55.513172 0.182632
-52.914234 0.181984
-50.317158 0.182320
-47.721935 0.178614
-45.128571 0.201893
-42.537067 0.182428
-39.947418 0.194507
-37.359615 0.189840
-34.773659 0.209843
-32.189556 0.208570
-29.607300 0.212639
-27.026878 0.201969
-24.448309 0.191047
-21.871582 2.777025
-19.296680 4.971623
-16.723618 4.802819
-14.152396 0.550514
-11.583005 0.200484
-9.015437 0.168500
-6.449697 0.176815
-3.885792 0.190265
-1.323710 0.200306
1.236557 0.201267
3.795004 0.186918
6.351624 0.214384
8.906429 0.205875
11.459426 0.206199
14.010610 0.223988
16.559977 0.212668
19.107534 0.215586
21.653296 0.219536
24.197247 0.239371
26.739389 0.233727
29.279732 0.215795
31.818279 0.208994
34.355030 0.228578
36.889992 0.209295
39.423145 0.190161
41.954514 0.234437
44.484093 0.175441
47.011871 0.164452
49.537880 0.214643
52.062111 0.217034
54.584553 0.176419
57.105209 0.187807
59.624077 0.170248
62.141186 0.203364
64.656517 0.065070
67.170059 0.127540
69.681847 0.140133
72.191856 0.114616
74.700119 0.161236
77.206604 0.146892
79.711311 0.188858
82.214272 0.162881
84.715485 0.130834
87.214905 0.116054
89.712585 0.145591
92.208519 0.151960
94.702698 0.076289
97.195129 0.126542
99.685799 0.181651
102.174728 0.171568
104.661919 0.037618
107.147362 0.153721
109.631058 0.161245
112.113014 0.176456
114.593246 0.116142
117.071732 0.089586
119.548485 0.046301
122.023514 0.152841
124.496796 0.079935
126.968346 0.064945
129.438187 0.046809
131.906281 0.001600
134.372665 0.050922
136.837341 0.016726
139.300293 0.033055
141.761520 0.017158
144.221024 0.018402
146.678787 0.018033
149.134888 0.013617
151.589249 0.014517
154.041931 0.014151
156.492889 0.012074
158.942139 0.011601
161.389694 0.011866
163.835526 0.010948
166.279678 0.010192
168.722107 0.008985
171.162857 0.010593
173.601929 0.008862
176.039291 0.010864
178.474960 0.008333
180.908920 0.009511
183.341248 0.008969
185.771835 0.009388
188.200760 0.009405
190.627991 0.008591
193.053558 0.007928
195.477448 0.008257
197.899658 0.007263
200.320190 0.007403
202.739029 0.008304
205.156189 0.007509
207.571716 0.007586
209.985550 0.007457
212.397751 0.007742
214.808258 0.006757
217.217117 0.006573
219.624268 0.005811
222.029800 0.006836
224.433670 0.005733
226.835876 0.007222
229.236450 0.006468
231.635361 0.007451
234.032608 0.005838
236.428223 0.006717
238.822174 0.006624
241.214447 0.006994
243.605103 0.005790
245.994125 0.006765
248.381516 0.006056
250.767258 0.007488
253.151367 0.006543
255.533829 0.006686
257.914642 0.006302
260.293854 0.005381
262.671417 0.006587
265.047333 0.006456
267.421661 0.005683
269.794342 0.006821
272.165405 0.005991
274.534851 0.006278
276.902649 0.006195
279.268829 0.005389
281.633423 0.006258
283.996368 0.005893
286.357697 0.005077
288.717438 0.006122
291.075562 0.006025
293.432068 0.004760
295.786957 0.005582
298.140228 0.005046
300.491943 0.005591
302.842041 0.005171
305.190552 0.005819
307.537415 0.004287
309.882690 0.004741
312.226379 0.004879
314.568451 0.005315
316.908966 0.004579
319.247894 0.004914
321.585205 0.005023
323.920959 0.004470
326.255066 0.004998
328.587646 0.005494
330.918640 0.004865
333.248016 0.004899
335.575836 0.004346
337.902069 0.004355
340.226715 0.004832
342.549805 0.004548
344.871307 0.004770
347.191284 0.005169
349.509644 0.004549
351.826416 0.004712
354.141632 0.005713
356.455292 0.004570
358.767395 0.003961
361.077911 0.004924
363.386871 0.004562
365.694305 0.005140
368.000183 0.004850
370.304474 0.003436
372.607178 0.004536
374.908386 0.004348
377.208038 0.004570
379.506104 0.005111
381.802643 0.004437
384.097626 0.005234
386.391083 0.005252
388.683044 0.004332
390.973358 0.005320
393.262177 0.005585
395.549469 0.006086
397.835205 0.005705
400.119324 0.004236
402.402008 0.006147
404.683136 0.005956
406.962738 0.005690
409.240814 0.005556
411.517395 0.006328
413.792389 0.006850
416.065887 0.006642
418.337860 0.007763
420.608276 0.008566
422.877228 0.008389
425.144623 0.010738
427.410492 0.012441
429.674896 0.012252
431.937744 0.013461
434.199005 0.014481
436.458862 0.012748
438.717163 0.012861
440.973969 0.012359
443.229248 0.010726
445.483063 0.011129
447.735382 0.010060
449.986176 0.008204
452.235443 0.008755
454.483246 0.008998
456.729523 0.007554
458.974304 0.007785
461.217621 0.006997
463.459412 0.006433
465.699707 0.005912
467.938538 0.005547
470.175842 0.006184
472.411652 0.005345
474.645996 0.005762
476.878876 0.005524
479.110229 0.005525
481.340118 0.004652
483.568542 0.004427
485.795502 0.005527
488.020966 0.004535
490.244934 0.004687
492.467438 0.003917
494.688477 0.004407
496.908051 0.004738
499.126129 0.003929
501.342743 0.004004
503.557892 0.004174
505.771576 0.004883
507.983795 0.003305
510.194519 0.003774
512.403809 0.003869
514.611633 0.003816
516.818054 0.004326
519.023010 0.003861
521.226440 0.004340
523.428406 0.003489
525.628967 0.003045
527.828064 0.003551
530.025818 0.003961
532.221924 0.004610
534.416687 0.003408
536.609985 0.004076
538.801880 0.003793
540.992310 0.004277
543.181213 0.003438
545.368774 0.003715
547.554871 0.005121
549.739441 0.004248
551.922729 0.003981
554.104492 0.003854
556.284851 0.003796
558.463745 0.004026
560.641235 0.004691
562.817261 0.003031
564.991882 0.004358
567.165100 0.004539
569.336975 0.003780
571.507263 0.002519
573.676208 0.004420
575.843628 0.004037
578.009705 0.003895
580.174377 0.004468
582.337646 0.004660
584.499512 0.003838
586.659912 0.004482
588.818848 0.003928
590.976501 0.004604
593.132690 0.004038
595.287415 0.003229
597.440796 0.003186
599.592773 0.004440
601.743347 0.003698
603.892456 0.003918
606.040222 0.004363
608.186584 0.003964
610.331482 0.003753
612.474976 0.004020
614.617126 0.004477
616.757935 0.003463
618.897217 0.003566
621.035278 0.003975
623.171875 0.003767
625.306946 0.003527
627.440857 0.003742
629.573242 0.003784
631.704224 0.004237
633.833923 0.003378
635.962036 0.004113
638.089050 0.004465
640.214478 0.003863
642.338684 0.003704
644.461243 0.004214
646.582642 0.003566
648.702576 0.003991
650.821167 0.004033
652.938416 0.004019
655.054260 0.004763
657.168762 0.003607
659.281921 0.003776
661.393555 0.004498
663.503967 0.004469
665.613037 0.003971
667.720703 0.003664
669.826965 0.004038
671.931824 0.002497
674.035400 -0.005699
676.137695 -0.011905
678.238464 -0.013034
680.337891 -0.009358
682.436035 -0.000540
684.532776 0.001732
686.628235 0.004045
688.722412 0.004338
690.815002 0.003711
692.906433 0.003757
694.996521 0.003395
697.085144 0.004867
699.172485 0.003134
701.258545 0.004373
703.343140 0.004246
705.426453 0.004068
707.508362 0.003164
709.589050 0.004149
711.668274 0.004896
713.746155 0.004143
715.822815 0.004180
717.898132 0.003803
719.972046 0.004735
722.044739 0.004015
724.115967 0.004129
726.185913 0.003515
728.254578 0.004140
730.321899 0.004597
732.387878 0.004230
734.452576 0.003399
736.515808 0.003661
738.577820 0.003300
740.638550 0.004051
742.697876 0.004718
744.755981 0.004680
746.812622 0.004063
748.868042 0.004693
750.922180 0.003621
752.974976 0.004743
755.026489 0.003681
757.076599 0.003024
759.125488 0.004430
761.173035 0.004428
763.219238 0.004537
765.264221 0.003282
767.307861 0.004347
769.350159 0.003725
771.391235 0.004139
773.430908 0.004845
775.469360 0.004535
777.506409 0.004478
779.542175 0.004538
781.576721 0.003565
783.609985 0.003610
785.641907 0.004197
787.672546 0.004675
789.701904 0.004075
791.730042 0.004393
793.756775 0.004843
795.782288 0.004486
797.806458 0.004875
799.829346 0.004922
801.850952 0.005739
803.871338 0.004639
805.890381 0.005625
807.908142 0.005289
809.924683 0.005307
811.939941 0.005611
813.953857 0.005486
815.966431 0.005373
817.977844 0.004830
819.987915 0.004281
821.996887 0.005754
824.004333 0.004480
826.010742 0.004623
828.015747 0.004312
830.019409 0.005835
832.021973 0.005034
834.023071 0.005228
836.023132 0.005762
838.021729 0.004680
840.019226 0.005758
842.015381 0.006154
844.010376 0.005930
846.003967 0.005222
847.996338 0.006776
849.987488 0.007512
851.977417 0.008005
853.965942 0.008183
855.953369 0.008179
857.939392 0.008784
859.924316 0.009921
861.907898 0.009941
863.890259 0.011506
865.871399 0.012289
867.851196 0.014326
869.829895 0.018170
871.807190 0.021854
873.783386 0.028359
875.758240 0.037542
877.731934 0.049189
879.704285 0.062793
881.675476 0.076019
883.645325 0.082780
885.614136 0.082288
887.581482 0.074013
889.547729 0.060795
891.512695 0.047616
893.476379 0.035738
895.438965 0.027582
897.400208 0.021072
899.360291 0.016656
901.319031 0.014433
903.276672 0.012334
905.233032 0.011637
907.188293 0.009349
909.142151 0.009902
911.094910 0.008510
913.046265 0.007564
914.996582 0.007206
916.945557 0.008620
918.893433 0.006913
920.839966 0.005987
922.785278 0.006447
924.729492 0.006474
926.672485 0.005692
928.614258 0.006471
930.554626 0.005970
932.493958 0.005503
934.432007 0.005755
936.369019 0.005433
938.304626 0.005451
940.239136 0.004948
942.172302 0.005273
944.104492 0.005633
946.035278 0.005100
947.964966 0.005946
949.893372 0.004491
951.820679 0.005374
953.746521 0.004576
955.671387 0.004216
957.595093 0.004278
959.517456 0.005101
961.438843 0.004610
963.358826 0.004648
965.277649 0.004944
967.195313 0.005716
969.111877 0.005309
971.027039 0.004991
972.941223 0.005723
974.854065 0.004417
976.765808 0.005612
978.676270 0.005502
980.585693 0.004670
982.493774 0.005579
984.400696 0.006750
986.306519 0.005257
988.211060 0.005146
990.114624 0.005213
992.016785 0.005382
993.917847 0.005087
995.817688 0.004708
997.716492 0.004725
999.613953 0.006386
1001.510437 0.007255
1003.405396 0.005756
1005.299561 0.005604
1007.192322 0.006339
1009.084045 0.006433
1010.974548 0.007023
1012.863770 0.006070
1014.752014 0.006840
1016.638916 0.007598
1018.524841 0.007727
1020.409302 0.007992
1022.292908 0.007011
1024.175171 0.008701
1026.056396 0.008905
1027.936279 0.009868
1029.815186 0.009796
1031.692871 0.009568
1033.569458 0.010967
1035.444824 0.012408
1037.318970 0.013993
1039.191895 0.014855
1041.063843 0.015573
1042.934570 0.018720
1044.804077 0.020882
1046.672729 0.024711
1048.539795 0.025632
1050.406128 0.027979
1052.270996 0.028247
1054.134888 0.027882
1055.997559 0.026942
1057.859131 0.024168
1059.719482 0.021235
1061.578735 0.021114
1063.436768 0.018068
1065.293823 0.016794
1067.149658 0.015509
1069.004395 0.014337
1070.857666 0.016132
1072.710205 0.014455
1074.561523 0.015327
1076.411621 0.014923
1078.260620 0.015739
1080.108521 0.015670
1081.955200 0.016879
1083.800781 0.017804
1085.645264 0.018309
1087.488525 0.020816
1089.330688 0.022226
1091.171875 0.024698
1093.011719 0.024767
1094.850708 0.028497
1096.688354 0.029255
1098.524780 0.027941
1100.360352 0.026185
1102.194458 0.024350
1104.027710 0.023690
1105.859741 0.018723
1107.690552 0.017703
1109.520386 0.015960
1111.349121 0.015919
1113.176758 0.014227
1115.003174 0.013336
1116.828491 0.012998
1118.652710 0.012972
1120.475830 0.011923
1122.297729 0.010995
1124.118896 0.011509
1125.938477 0.012295
1127.757202 0.009840
1129.574707 0.010809
1131.391113 0.010447
1133.206421 0.010286
1135.020630 0.008950
1136.833740 0.007446
1138.645874 0.008184
1140.456787 0.008105
1142.266479 0.008137
1144.075195 0.007340
1145.882690 0.005953
1147.689453 0.006712
1149.494751 0.007429
1151.298950 0.007036
1153.102051 0.006523
1154.904175 0.006262
1156.705200 0.005862
1158.505127 0.005216
1160.303833 0.005814
1162.101440 0.006203
1163.898193 0.006171
1165.693604 0.005886
1167.488037 0.005832
1169.281372 0.006629
1171.073608 0.006053
1172.864746 0.006159
1174.654907 0.005335
1176.443726 0.005601
1178.231689 0.006074
1180.018311 0.005019
1181.804077 0.006668
1183.588745 0.006221
1185.372314 0.005378
1187.154785 0.004905
1188.936035 0.006086
1190.716309 0.006208
1192.495483 0.006637
1194.273560 0.005753
1196.050781 0.004947
1197.826660 0.005453
1199.601318 0.005982
1201.375366 0.006050
1203.148071 0.005114
1204.919678 0.005987
1206.690308 0.004044
1208.459961 0.004950
1210.228271 0.005464
1211.995728 0.005698
1213.761963 0.006223
1215.527222 0.007577
1217.291382 0.005803
1219.054321 0.006436
1220.816406 0.006584
1222.577271 0.004946
1224.337280 0.006922
1226.096191 0.006495
1227.853760 0.006198
1229.610596 0.007981
1231.366211 0.006177
1233.120728 0.005791
1234.874268 0.005994
1236.626709 0.007604
1238.378174 0.007303
1240.128296 0.006063
1241.877686 0.007870
1243.625854 0.008114
1245.373047 0.007850
1247.119019 0.007815
1248.864136 0.007165
1250.608032 0.007856
1252.350952 0.009387
1254.092896 0.007374
1255.833740 0.008428
1257.573486 0.008353
1259.312256 0.009398
1261.049927 0.010776
1262.786499 0.009182
1264.522095 0.012100
1266.256714 0.010411
1267.990112 0.013377
1269.722534 0.013999
1271.454102 0.014900
1273.184204 0.016654
1274.913574 0.017465
1276.641968 0.016655
1278.369019 0.017433
1280.095337 0.016874
1281.820313 0.013607
1283.544556 0.014636
1285.267456 0.011842
1286.989624 0.012432
1288.710571 0.012050
1290.430664 0.011405
1292.149536 0.010017
1293.867432 0.009441
1295.584229 0.009894
1297.300049 0.008731
1299.014648 0.010494
1300.728516 0.008519
1302.441162 0.008823
1304.152832 0.008771
1305.863647 0.010079
1307.573242 0.009918
1309.281860 0.009525
1310.989380 0.009084
1312.695923 0.008879
1314.401367 0.008732
1316.105957 0.007153
1317.809326 0.009795
1319.511841 0.008771
1321.213257 0.008591
1322.913696 0.008704
1324.612915 0.010238
1326.311401 0.008065
1328.008789 0.008793
1329.704956 0.008413
1331.400269 0.008898
1333.094482 0.009167
1334.787842 0.009303
1336.480103 0.008976
1338.171265 0.009512
1339.861450 0.009997
1341.550781 0.010653
1343.238892 0.010774
1344.926147 0.009947
1346.612183 0.009475
1348.297363 0.010068
1349.981323 0.009144
1351.664551 0.009550
1353.346558 0.010471
1355.027710 0.011267
1356.708008 0.009905
1358.387085 0.011325
1360.065063 0.011187
1361.742065 0.009123
1363.418335 0.009952
1365.093384 0.010566
1366.767212 0.009974
1368.440430 0.012067
1370.112549 0.011714
1371.783447 0.009877
1373.453735 0.011374
1375.122681 0.010099
1376.790649 0.011547
1378.457642 0.011616
1380.124023 0.012296
1381.788940 0.012108
1383.453003 0.012350
1385.116089 0.010809
1386.777954 0.013341
1388.439209 0.013017
1390.099365 0.013023
1391.758301 0.013978
1393.416504 0.012679
1395.073608 0.011508
1396.729614 0.012050
1398.384766 0.013834
1400.038940 0.012634
1401.692261 0.012094
1403.344116 0.013612
1404.995483 0.011973
1406.645508 0.013164
1408.294922 0.014129
1409.942993 0.013872
1411.590088 0.014028
1413.236572 0.013363
1414.881714 0.014032
1416.526123 0.016209
1418.169189 0.015386
1419.811646 0.015516
1421.453003 0.017602
1423.093262 0.016450
1424.732544 0.016007
1426.370972 0.016924
1428.008301 0.017436
1429.644775 0.018722
1431.280273 0.017434
1432.914673 0.018403
1434.548218 0.019820
1436.180664 0.021445
1437.812256 0.022376
1439.442993 0.021983
1441.072632 0.023826
1442.701050 0.025757
1444.328735 0.026884
1445.955444 0.029548
1447.581177 0.033155
1449.205811 0.032702
1450.829712 0.035001
1452.452393 0.036979
1454.074341 0.037340
1455.695190 0.038160
1457.315063 0.037958
1458.933960 0.036590
1460.551880 0.032944
1462.168823 0.031376
1463.785034 0.030366
1465.400146 0.024716
1467.014160 0.024551
1468.627441 0.023350
1470.239502 0.022676
1471.850708 0.020137
1473.461060 0.020863
1475.070557 0.019887
1476.678589 0.019184
1478.286133 0.020195
1479.892578 0.020198
1481.498047 0.018672
1483.102539 0.019361
1484.706177 0.020610
1486.308472 0.019828
1487.910278 0.018393
1489.511108 0.018023
1491.110718 0.016547
1492.709473 0.015517
1494.307495 0.015726
1495.904175 0.014445
1497.500122 0.015202
1499.095215 0.015148
1500.689087 0.013548
1502.282349 0.012938
1503.874390 0.012564
1505.465454 0.011919
1507.055786 0.012221
1508.645020 0.011905
1510.233398 0.010539
1511.820923 0.009994
1513.407227 0.009645
1514.992676 0.010300
1516.577393 0.011313
1518.161133 0.009028
1519.743530 0.011897
1521.325317 0.009972
1522.906250 0.008422
1524.486206 0.008841
1526.064941 0.009505
1527.642822 0.009746
1529.220093 0.009187
1530.796021 0.009203
1532.371094 0.008839
1533.945435 0.007569
1535.518677 0.007556
1537.091309 0.007621
1538.662354 0.009841
1540.232788 0.008532
1541.802490 0.008593
1543.371094 0.007637
1544.938843 0.007847
1546.505615 0.007041
1548.071289 0.008651
1549.635986 0.009016
1551.200073 0.008041
1552.763184 0.008188
1554.325317 0.008301
1555.886353 0.007907
1557.446655 0.006956
1559.005859 0.007000
1560.564453 0.008843
1562.121826 0.006895
1563.678345 0.008186
1565.233887 0.006689
1566.788452 0.007056
1568.342285 0.007876
1569.895142 0.006866
1571.447021 0.007595
1572.998047 0.006907
1574.547974 0.007718
1576.097046 0.006500
1577.645508 0.005792
1579.192505 0.006194
1580.739014 0.005083
1582.284546 0.007207
1583.829224 0.006676
1585.372437 0.006415
1586.915283 0.006548
1588.457031 0.007429
1589.997925 0.004870
1591.537720 0.007646
1593.076904 0.006758
1594.614868 0.005684
1596.151978 0.005781
1597.688354 0.007313
1599.223755 0.006756
1600.758301 0.005143
1602.291626 0.006651
1603.824341 0.003990
1605.356201 0.008122
1606.886963 0.005918
1608.416748 0.005920
1609.945801 0.007892
1611.473877 0.007744
1613.000854 0.007258
1614.527344 0.006460
1616.052612 0.006563
1617.577148 0.006083
1619.100342 0.006236
1620.623291 0.008199
1622.145020 0.004362
1623.665771 0.005906
1625.185547 0.006164
1626.704834 0.005731
1628.222778 0.007828
1629.740112 0.006661
1631.256226 0.006977
1632.771729 0.007636
1634.286377 0.006803
1635.799805 0.006043
1637.312500 0.006621
1638.824341 0.007242
1640.335327 0.006094
1641.845337 0.006762
1643.354248 0.007930
1644.862549 0.005845
1646.369873 0.006310
1647.876221 0.004624
1649.381592 0.006810
1650.886475 0.006472
1652.390259 0.006508
1653.893066 0.005878
1655.394897 0.005723
1656.896118 0.006316
1658.396362 0.005962
1659.895508 0.004800
1661.393799 0.004354
1662.891357 0.005678
1664.387817 0.006541
1665.883545 0.005561
1667.378296 0.007095
1668.872314 0.006241
1670.365356 0.006564
1671.857422 0.005845
1673.348877 0.005666
1674.839111 0.005455
1676.328613 0.005388
1677.817261 0.004332
1679.304932 0.006884
1680.791992 0.005599
1682.277710 0.007499
1683.762817 0.005469
1685.247192 0.005518
1686.730103 0.007975
1688.212646 0.005531
1689.694092 0.005600
1691.174805 0.005468
1692.654541 0.006736
1694.133545 0.006137
1695.611450 0.006017
1697.088745 0.006482
1698.564697 0.006328
1700.040283 0.007337
1701.514648 0.005533
1702.988403 0.005821
1704.461060 0.006045
1705.933105 0.005242
1707.404053 0.007608
1708.873901 0.005063
1710.343262 0.007293
1711.811768 0.005120
1713.279175 0.004919
1714.745850 0.007468
1716.211304 0.005563
1717.676392 0.004967
1719.140381 0.007105
1720.603516 0.003873
1722.065674 0.005281
1723.527222 0.005708
1724.987793 0.005473
1726.447144 0.005782
1727.906128 0.005523
1729.364014 0.006036
1730.821167 0.006385
1732.277100 0.005956
1733.732422 0.005065
1735.187012 0.005856
1736.640381 0.005130
1738.093140 0.005328
1739.545044 0.004843
1740.995972 0.005908
1742.445923 0.005393
1743.895386 0.005521
1745.343628 0.003661
1746.791382 0.005569
1748.237793 0.004716
1749.683716 0.007361
1751.128662 0.005625
1752.572754 0.004009
1754.015869 0.005411
1755.458130 0.006901
1756.899658 0.005627
1758.340332 0.005997
1759.780029 0.006800
1761.218994 0.006986
1762.657104 0.004980
1764.094238 0.004298
1765.530640 0.005072
1766.966187 0.005478
1768.400757 0.005265
1769.834473 0.005225
1771.267334 0.004310
1772.699585 0.004967
1774.130859 0.004071
1775.560913 0.004806
1776.990479 0.003585
1778.419434 0.003338
1779.847046 0.003874
1781.273804 0.003216
1782.700073 0.005877
1784.125488 0.002980
1785.549561 0.002986
1786.973267 0.004684
1788.395996 0.004844
1789.817871 0.005344
1791.238770 0.004834
1792.659058 0.005585
1794.078369 0.003669
1795.496826 0.005093
1796.914307 0.004331
1798.331177 0.003415
1799.747070 0.005411
1801.161987 0.004925
1802.576294 0.004172
1803.989746 0.005917
1805.402466 0.003568
1806.813965 0.006095
1808.224854 0.003545
1809.634888 0.003495
1811.044189 0.006213
1812.452148 0.004715
1813.859863 0.005145
1815.266602 0.004013
1816.672241 0.004877
1818.077148 0.005563
1819.481201 0.006275
1820.884644 0.005452
1822.286987 0.005197
1823.688721 0.006285
1825.089600 0.005603
1826.489502 0.007689
1827.888428 0.006653
1829.286743 0.005988
1830.684082 0.004001
1832.080811 0.005507
1833.476440 0.004488
1834.871460 0.003983
1836.265625 0.006076
1837.658813 0.004992
1839.051147 0.004796
1840.442871 0.005167
1841.833618 0.005064
1843.223633 0.004783
1844.612427 0.005523
1846.000854 0.004912
1847.388428 0.005301
1848.774780 0.003443
1850.160522 0.005489
1851.545654 0.006420
1852.929688 0.005292
1854.312866 0.003360
1855.695557 0.004890
1857.076904 0.003519
1858.457886 0.007037
1859.837646 0.005841
1861.216919 0.004846
1862.595337 0.006097
1863.972900 0.006247
1865.349487 0.004933
1866.725220 0.004005
1868.100220 0.005026
1869.474243 0.005429
1870.847656 0.005079
1872.220337 0.004196
1873.592041 0.005800
1874.962891 0.004468
1876.333008 0.005047
1877.702393 0.005166
1879.070923 0.003426
1880.438232 0.004593
1881.805176 0.006269
1883.171021 0.004544
1884.536377 0.002948
1885.900635 0.005790
1887.264038 0.004623
1888.626831 0.004028
1889.988647 0.004627
1891.349854 0.003368
1892.710083 0.005614
1894.069458 0.004397
1895.427979 0.004984
1896.785767 0.004830
1898.142822 0.005328
1899.499146 0.003770
1900.854370 0.007110
1902.208862 0.005159
1903.562744 0.004962
1904.915771 0.004095
1906.267578 0.005482
1907.618896 0.005807
1908.969604 0.006415
1910.319214 0.005867
1911.667847 0.006885
1913.016113 0.004028
1914.363281 0.004862
1915.709595 0.006050
1917.055176 0.004908
1918.400146 0.005219
1919.744263 0.005491
1921.087280 0.003129
1922.429688 0.003567
1923.771240 0.002677
1925.112305 0.007678
1926.452026 0.005161
1927.791260 0.005440
1929.129639 0.004611
1930.467285 0.002416
1931.803833 0.004679
1933.139648 0.002479
1934.474854 0.006911
1935.809082 0.005655
1937.142700 0.004149
1938.475342 0.005533
1939.807495 0.004322
1941.138550 0.004217
1942.468994 0.003783
1943.798462 0.003540
1945.127319 0.004604
1946.454834 0.005307
1947.781982 0.003711
1949.108521 0.004477
1950.433960 0.004074
1951.758545 0.004840
1953.082642 0.006078
1954.405640 0.003441
1955.727905 0.002901
1957.049561 0.004141
1958.369995 0.005065
1959.690186 0.004727
1961.009155 0.002354
1962.327637 0.005080
1963.645264 0.003197
1964.962158 0.006106
1966.277954 0.005150
1967.593018 0.002857
1968.907471 0.002863
1970.221069 0.005727
1971.533447 0.002521
1972.845825 0.004151
1974.156982 0.002277
1975.467285 0.004012
1976.776855 0.003883
1978.085815 0.004846
1979.393921 0.003962
1980.700928 0.007967
1982.007324 0.008052
1983.313232 0.004986
1984.618164 0.004304
1985.921997 0.003957
1987.225464 0.006113
1988.527954 0.004700
1989.829712 0.003831
1991.130615 0.005998
1992.430664 0.004614
1993.729980 0.004783
1995.028442 0.001890
1996.326416 0.003430
1997.623535 0.006598
1998.919678 0.003368
2000.214966 0.002703
2001.509644 0.003915
2002.803589 0.003351
2004.096680 0.005052
2005.389038 0.002763
2006.680542 0.003389
2007.971191 0.002935
2009.261230 0.004515
2010.550293 0.005386
2011.838745 0.001980
2013.126343 0.004149
2014.413330 0.003608
2015.699097 0.003203
2016.984619 0.007223
2018.269287 0.003581
2019.552612 0.005799
2020.835571 0.004246
2022.117920 0.002829
2023.399048 0.004043
2024.679688 0.003588
2025.959473 0.002818
2027.238770 0.005355
2028.516968 0.002681
2029.794434 0.002782
2031.071167 0.003317
2032.347168 0.003122
2033.622314 0.006246
2034.896729 0.003821
2036.170288 0.002844
2037.443237 0.002721
2038.715088 0.003769
2039.986572 0.006345
2041.257080 0.003092
2042.527100 0.002249
2043.795776 0.005270
2045.064087 0.004251
2046.331665 0.002534
2047.598145 0.006533
2048.864014 0.003865
2050.129150 0.004004
2051.393799 0.002461
2052.657471 0.004779
2053.919922 0.001120
2055.182129 0.000963
2056.443359 0.005587
2057.703857 0.005789
2058.963623 0.003919
2060.222656 0.002243
2061.480957 0.002976
2062.738281 0.005060
2063.995117 0.006461
2065.250977 0.003853
2066.506104 0.002988
2067.760498 0.004062
2069.014404 0.006314
2070.267090 0.002001
2071.519531 0.006915
2072.770508 0.003435
2074.020996 0.003769
2075.270996 0.006249
2076.520020 0.001868
2077.768311 0.004383
2079.015869 0.003832
2080.262695 0.003783
2081.508545 0.002406
2082.753906 0.006899
2083.998535 0.005980
2085.242188 0.003745
2086.484863 0.003807
2087.727051 0.004602
2088.968994 0.002184
2090.209717 0.005283
2091.449219 0.004975
2092.688721 0.003421
2093.927002 0.004341
2095.164795 0.002949
2096.401855 0.005318
2097.637695 0.007438
2098.873291 0.004098
2100.107910 0.003304
2101.341797 0.006027
2102.575195 0.003958
2103.807373 0.003552
2105.038818 0.003585
2106.270020 0.004946
2107.500244 0.003904
2108.729492 0.003619
2109.958008 0.002131
2111.185791 0.002895
2112.413086 0.004707
2113.639648 0.004888
2114.864990 0.005428
2116.089844 0.004449
2117.313965 0.001046
2118.537109 0.003358
2119.760010 0.004580
2120.982178 0.001049
2122.203369 0.001440
2123.423340 0.005055
2124.643066 0.002607
2125.862061 0.004891
2127.080566 0.006970
2128.297607 0.001623
2129.514160 0.002521
2130.729980 0.002574
2131.945313 0.004206
2133.159912 0.004505
2134.373535 0.004182
2135.586426 0.005306
2136.798584 0.003644
2138.009766 0.003805
2139.220703 0.001589
2140.430908 0.001766
2141.639893 0.001595
2142.848145 0.003095
2144.056152 0.004473
2145.263184 0.005790
2146.469238 0.005899
2147.674805 0.002250
2148.879639 0.003459
2150.083740 0.000917
2151.286621 0.002774
2152.489746 0.002427
2153.691406 0.003875
2154.892334 0.007483
2156.092529 0.003496
2157.292236 0.001055
2158.491211 0.001397
2159.688965 0.003971
2160.886475 0.007182
2162.083252 0.004266
2163.279297 0.002599
2164.474121 0.004991
2165.668701 0.001039
2166.862549 0.002633
2168.055664 0.003492
2169.247803 0.002647
2170.439209 0.004458
2171.630371 0.004634
2172.820313 0.003786
2174.009521 0.001248
2175.197998 0.003150
2176.385742 0.007632
2177.572754 0.001213
2178.759521 0.005269
2179.945068 0.004143
2181.130127 0.005643
2182.313965 0.001555
2183.497803 0.005524
2184.680420 0.003390
2185.862549 0.004848
2187.043213 0.003867
2188.224121 0.004729
2189.404297 0.000985
2190.583252 0.002564
2191.761475 0.003487
2192.939453 0.005426
2194.116211 0.000999
2195.291992 0.000533
2196.467529 0.002064
2197.642334 0.003072
2198.816650 0.002868
2199.989502 0.003405
2201.162109 0.004334
2202.333984 0.003056
2203.505371 0.004426
2204.675781 0.005208
2205.845459 0.004069
2207.014648 0.002877
2208.182617 0.002414
2209.350098 0.003513
2210.516846 0.001495
2211.683105 0.003038
2212.848145 0.005349
2214.012695 0.005587
2215.176758 0.004391
2216.340088 0.003302
2217.502441 0.004753
2218.664063 0.003926
2219.825439 0.003973
2220.985596 0.006297
2222.145264 0.006058
2223.304199 0.004921
2224.462402 0.002022
2225.619873 0.000570
2226.776367 0.004813
2227.932617 0.004122
2229.087646 0.004589
2230.242432 0.003012
2231.395996 0.002503
2232.549316 0.004177
2233.701660 0.004002
2234.853271 0.004598
2236.004395 0.003190
2237.154785 0.000325
2238.304443 0.005011
2239.453125 0.004433
2240.601563 0.003675
2241.749268 0.001975
2242.895752 0.004299
2244.041504 0.002579
2245.187256 0.003338
2246.331543 0.003759
2247.475586 0.004515
2248.618896 0.004143
2249.761230 -0.000136
2250.903320 0.004898
2252.043945 0.003388
2253.184814 0.000140
2254.324219 0.006031
2255.463135 0.001200
2256.601563 0.002767
2257.739014 0.003267
2258.875732 0.003005
2260.011963 0.001718
2261.147217 0.001362
2262.281982 0.003909
2263.416016 0.004291
2264.549561 0.004089
2265.681885 0.003879
2266.813965 0.002205
2267.945313 0.005903
2269.075439 0.001554
2270.205322 0.005931
2271.334961 0.003642
2272.462891 0.005365
2273.590576 0.002665
2274.717773 0.002296
2275.843994 0.004083
2276.969727 0.002760
2278.094238 0.003507
2279.218750 0.006128
2280.342285 0.004614
2281.465088 0.006017
2282.587158 -0.000744
2283.708496 0.000075
2284.829346 0.002991
2285.948975 0.006727
2287.068604 0.004841
2288.187012 0.004498
2289.304932 0.003664
2290.422363 0.003520
2291.538818 0.000678
2292.654785 0.003997
2293.770020 0.005441
2294.884277 0.002946
2295.998047 0.002943
2297.111328 0.006401
2298.223877 0.008657
2299.334961 0.003319
2300.446289 0.003096
2301.556396 0.006900
2302.666016 0.002653
2303.774902 0.007147
2304.883545 0.006114
2305.990723 0.005345
2307.097656 0.006263
2308.203857 0.003816
2309.309326 0.006458
2310.414307 0.003629
2311.518066 0.006533
2312.621582 0.000825
2313.724365 0.002860
2314.826416 0.002253
2315.927734 0.005806
2317.028320 0.006700
2318.128418 0.002775
2319.227783 -0.000598
2320.326172 0.000597
2321.424072 0.003671
2322.521484 0.005351
2323.617676 0.006371
2324.713867 0.005678
2325.809082 0.006537
2326.903564 0.006481
2327.997314 0.003638
2329.090576 0.004234
2330.182861 0.008591
2331.274902 0.005571
2332.365723 0.007664
2333.456299 0.006108
2334.546143 0.002901
2335.635498 0.004112
2336.723389 0.003810
2337.811279 0.004575
2338.898193 0.002553
2339.984375 0.001355
2341.070313 0.005360
2342.155273 0.005307
2343.239746 0.005391
2344.322998 0.004855
2345.406250 0.004794
2346.488281 0.000838
2347.569824 0.005188
2348.650879 0.002305
2349.731445 0.002011
2350.810791 0.006126
2351.889893 0.005120
2352.968018 0.003734
2354.045654 0.001247
2355.122559 0.003361
2356.198486 0.003338
2357.274170 0.005746
2358.348877 0.005297
2359.423340 0.002511
2360.496582 0.005475
2361.569580 0.001640
2362.641846 0.002423
2363.713623 0.003076
2364.784180 0.000634
2365.854492 0.002938
2366.924316 0.003893
2367.993164 -0.000560
2369.061035 0.001368
2370.128662 0.000323
2371.195557 0.001549
2372.261719 0.003274
2373.327148 0.004006
2374.391846 0.002711
2375.456299 0.003472
2376.519775 0.005887
2377.582520 0.002486
2378.644775 0.005278
2379.706543 0.007983
2380.767090 0.002999
2381.827393 0.001923
2382.887451 0.004687
2383.946045 0.004681
2385.004150 0.003775
2386.062012 0.001347
2387.118652 -0.001513
2388.175049 0.002028
2389.230225 -0.001269
2390.285400 0.003457
2391.339600 0.009809
2392.393066 0.001703
2393.446289 0.002395
2394.498779 0.002656
2395.550293 0.001984
2396.600830 0.002780
2397.651367 0.006242
2398.701172 0.003386
2399.750000 0.006212
2400.798340 0.003254
2401.845947 0.002201
2402.893311 0.000878
2403.939453 0.004503
2404.985107 0.001857
2406.030518 0.003805
2407.075195 0.003120
2408.118652 0.004115
2409.161865 0.002968
2410.204102 0.002072
2411.246094 0.002265
2412.287109 0.005175
2413.327637 0.000818
2414.367920 0.009960
2415.406738 0.002383
2416.445068 0.001277
2417.483398 0.004255
2418.520996 0.000887
2419.557373 0.003002
2420.593018 0.004003
2421.628418 0.006557
2422.663330 0.005776
2423.697510 0.003362
2424.730713 0.006208
2425.763672 0.004979
2426.795654 0.001977
2427.827148 0.002361
2428.858154 0.002732
2429.887939 0.003971
2430.917725 0.004350
2431.946289 0.004353
2432.974609 0.004478
2434.002441 0.007979
2435.029541 0.004082
2436.055420 0.004167
2437.081299 0.003508
2438.106445 0.005279
2439.130859 0.002745
2440.154297 -0.000377
2441.177734 0.006423
2442.199951 0.003872
2443.222168 0.002734
2444.243164 -0.000565
2445.263916 0.004607
2446.283691 0.001970
2447.302734 0.002721
2448.321533 0.005142
2449.339844 0.004198
2450.357178 0.005131
2451.374023 0.005021
2452.389648 0.005600
2453.405518 0.007282
2454.420410 0.004361
2455.434326 0.000926
2456.448242 0.003332
2457.461426 0.009375
2458.473145 0.005278
2459.484863 0.003887
2460.496338 -0.002228
2461.506592 0.004178
2462.516113 0.003808
2463.525635 0.003141
2464.534180 0.001853
2465.542236 0.005094
2466.549316 0.003533
2467.555908 0.005683
2468.562256 -0.000186
2469.567627 0.006709
2470.572021 0.000560
2471.576416 0.004024
2472.580078 0.001406
2473.583008 0.004057
2474.584961 0.006249
2475.586670 0.001135
2476.587891 0.000095
2477.588135 0.005137
2478.588135 0.006869
2479.587158 0.004970
2480.585938 -0.000766
2481.583496 0.001741
2482.580811 0.004556
2483.577881 0.006333
2484.573975 0.006639
2485.569092 0.001669
2486.563721 0.004729
2487.558105 0.001280
2488.551270 0.005230
2489.544189 0.004369
2490.536865 0.003578
2491.528809 0.005279
2492.519775 0.008413
2493.510254 0.004150
2494.500488 -0.000688
2495.489258 0.003650
2496.478271 0.009776
2497.466553 0.000592
2498.453613 0.010254
2499.440430 0.008410
2500.427002 0.004553
2501.412109 0.002290
2502.396973 0.004303
2503.381592 0.003015
2504.365234 0.004755
2505.348389 0.008029
2506.331055 0.004265
2507.312744 0.001427
2508.294678 0.001641
2509.274902 0.003886
2510.254883 0.001125
2511.234619 0.005546
2512.213379 0.008962
2513.191406 0.006225
2514.169434 -0.000207
2515.146240 0.002815
2516.123047 0.000735
2517.098877 0.000106
2518.073730 0.003697
2519.048828 0.001271
2520.022705 0.002769
2520.995850 -0.000214
2521.968750 0.004296
2522.941162 0.000432
2523.912598 0.002489
2524.883789 0.003240
2525.854004 0.005121
2526.824219 0.005269
2527.793213 0.003976
2528.761719 0.000221
2529.729980 0.003435
2530.697266 0.007305
2531.664063 0.008868
2532.630371 0.003904
2533.595703 -0.003110
2534.561279 -0.000111
2535.525635 0.006313
2536.489258 0.002347
2537.452881 0.006395
2538.415283 0.006174
2539.377197 0.004075
2540.338867 0.000675
2541.299805 0.002946
2542.260010 0.001933
2543.219727 0.003886
2544.178955 0.000460
2545.137451 -0.001494
2546.095215 0.008783
2547.052490 0.006975
2548.009521 0.005134
2548.965576 0.001882
2549.920654 -0.000354
2550.875977 0.008539
2551.830078 0.006647
2552.783936 0.007989
2553.737793 0.005611
2554.689941 0.001194
2555.642334 0.011836
2556.593262 -0.000479
2557.544189 0.006982
2558.494873 0.005531
2559.444580 0.008542
2560.393555 0.005412
2561.342285 0.001561
2562.289795 0.007189
2563.237793 0.003244
2564.184570 -0.000600
2565.130615 0.001440
2566.076660 0.006699
2567.021240 -0.002516
2567.965576 0.009569
2568.909424 0.005629
2569.852539 -0.001799
2570.795410 0.005230
2571.737793 0.003893
2572.679688 -0.000821
2573.620850 -0.004115
2574.560791 0.003409
2575.500488 0.002715
2576.439941 0.004012
2577.378662 0.007069
2578.316895 0.005741
2579.254395 0.002936
2580.191406 0.004947
2581.127686 0.005288
2582.063721 0.002464
2582.998779 0.007167
2583.934082 0.001174
2584.867920 0.001877
2585.801514 0.005779
2586.734863 0.007891
2587.666992 0.006456
2588.598389 -0.002011
2589.530273 0.002013
2590.460449 0.004042
2591.391357 0.005118
2592.320557 0.004538
2593.249756 0.009467
2594.178467 0.006124
2595.106201 -0.002292
2596.033447 0.006559
2596.960449 0.007316
2597.886475 0.005638
2598.811768 0.009012
2599.737061 0.006684
2600.661621 0.005001
2601.585938 0.010121
2602.509277 0.006745
2603.432129 0.004351
2604.354492 0.004237
2605.276123 0.001031
2606.196777 0.008133
2607.117920 0.001688
2608.037842 0.002084
2608.958008 0.003915
2609.876465 0.002882
2610.794678 0.000917
2611.713135 0.000395
2612.630127 0.005668
2613.546387 -0.000132
2614.463135 0.003708
2615.378906 0.006263
2616.293701 0.003489
2617.208496 0.005243
2618.122559 0.006709
2619.036133 0.002157
2619.948975 0.001481
2620.860352 0.008125
2621.772949 0.005564
2622.684082 0.003681
2623.594727 0.011215
2624.505127 0.003417
2625.414551 0.002189
2626.323242 0.008247
2627.231934 0.000826
2628.140137 0.005802
2629.048096 0.009271
2629.954346 0.002360
2630.860840 0.000557
2631.766846 0.009317
2632.671875 0.006829
2633.576172 0.004064
2634.480957 0.007078
2635.384277 0.000568
2636.287842 0.003411
2637.189941 0.005129
2638.091797 0.004713
2638.993408 0.006855
2639.894531 0.004741
2640.794922 0.005033
2641.695068 0.007176
2642.593994 0.005455
2643.492920 0.000144
2644.391602 0.005580
2645.289063 0.003602
2646.186523 0.010226
2647.082764 -0.003160
2647.979004 0.007890
2648.874756 -0.000144
2649.770020 0.002585
2650.664063 0.011656
2651.558594 -0.001723
2652.451904 -0.000429
2653.344482 0.008140
2654.237793 -0.002996
2655.129395 0.004834
2656.020996 0.006827
2656.911621 0.003282
2657.801514 0.005987
2658.691895 0.008879
2659.580811 0.006442
2660.469482 0.004983
2661.358398 0.005120
2662.245605 0.004590
2663.133301 0.011425
2664.019775 0.006586
2664.905518 0.012914
2665.791992 0.006446
2666.676758 0.007324
2667.560791 0.002165
2668.445313 0.001453
2669.328857 0.005955
2670.211670 0.007326
2671.094482 0.008417
2671.976318 0.001335
2672.858154 0.003145
2673.739258 0.010400
2674.619141 0.006054
2675.499512 0.000303
2676.378662 0.004567
2677.257568 0.004568
2678.136230 0.004922
2679.014404 -0.005122
2679.892090 0.006867
2680.768555 0.003137
2681.644775 0.003776
2682.520996 0.006441
2683.396484 0.000315
2684.271240 0.006345
2685.145996 0.005916
2686.019287 0.007050
2686.892822 0.006443
2687.765625 0.008392
2688.637695 0.006006
2689.510010 -0.000163
2690.380859 0.000328
2691.251953 0.008550
2692.122314 -0.000165
2692.992188 0.010465
2693.861328 0.006172
2694.730469 0.016013
2695.598633 0.007684
2696.466309 0.010922
2697.333984 0.017160
2698.200684 0.009118
2699.067627 0.008618
2699.932861 0.010095
2700.797852 0.006253
2701.663574 0.003213
2702.527832 0.010822
2703.391113 0.009987
2704.255127 0.012509
2705.117920 0.019314
2705.980225 0.012372
2706.842041 0.006586
2707.703369 0.011827
2708.564941 0.012729
2709.424805 0.010694
2710.284668 0.005606
2711.144775 0.009183
2712.003662 0.010391
2712.861816 0.019922
2713.719971 0.015546
2714.577393 0.010566
2715.434814 0.009542
2716.291260 0.014505
2717.146973 0.009554
2718.003174 0.016526
2718.858154 0.005291
2719.712402 0.012292
2720.566895 0.009909
2721.420410 0.007390
2722.274170 0.015961
2723.126465 0.007070
2723.979004 0.008138
2724.830811 0.014891
2725.682129 0.008505
2726.532471 0.014477
2727.383545 0.007871
2728.232910 0.013645
2729.082031 0.006823
2729.931396 0.005945
2730.780029 0.005098
2731.628174 0.011215
2732.475586 0.008435
2733.322266 0.015220
2734.169189 0.016440
2735.015137 0.014333
2735.860596 0.005696
2736.706055 -0.002679
2737.550537 0.009338
2738.394775 0.012659
2739.238770 0.005826
2740.082031 0.002019
2740.925293 0.014088
2741.767578 0.004493
2742.609375 0.007908
2743.451172 0.011885
2744.291748 0.002848
2745.132324 0.002098
2745.972656 0.013205
2746.812012 0.016910
2747.651855 0.012709
2748.490234 0.019750
2749.328125 0.006180
2750.166748 0.010647
2751.003906 0.010890
2751.840576 -0.003330
2752.677246 0.005293
2753.513184 0.009056
2754.348633 0.011244
2755.183838 0.017773
2756.018311 0.012825
2756.852783 0.007321
2757.686523 0.005372
2758.519775 0.018131
2759.352539 0.004998
2760.185059 0.007047
2761.016846 0.000807
2761.848633 0.009924
2762.679443 0.013139
2763.510498 0.000404
2764.340332 0.015006
2765.170410 0.002443
2765.999756 0.010405
2766.828125 0.008406
2767.656738 0.011907
2768.485107 0.006412
2769.312500 0.013502
2770.138916 0.007932
2770.966309 0.001256
2771.792236 0.011502
2772.618164 0.008601
2773.443848 0.000209
2774.268311 0.002724
2775.093018 -0.004175
2775.917236 0.000209
2776.740479 0.005471
2777.563965 0.007829
2778.386475 0.004677
2779.208740 0.007437
2780.031006 0.005922
2780.852539 0.008173
2781.673828 0.004399
2782.494385 0.006991
2783.314453 0.000850
2784.134277 0.001925
2784.953613 0.011367
2785.772217 0.009856
2786.591309 0.008210
2787.409180 0.006023
2788.227051 0.015886
2789.044189 0.013529
2789.860840 0.008778
2790.677490 0.008598
2791.493164 0.005369
2792.308838 0.007737
2793.124268 0.010107
2793.938477 0.009889
2794.753174 0.005861
2795.567383 0.008064
2796.380615 0.015975
2797.194092 0.004160
2798.006348 0.010578
2798.818359 0.008590
2799.630615 0.011991
2800.441895 -0.000444
2801.252930 0.004014
2802.063721 -0.006926
2802.873779 0.011904
2803.683594 0.013494
2804.493164 0.017117
2805.302002 0.010417
2806.110840 0.007696
2806.919189 0.009540
2807.726563 0.017281
2808.534668 0.011899
2809.341064 0.016289
2810.147949 0.012982
2810.954346 0.012592
2811.759521 0.020242
2812.565186 0.007971
2813.370361 0.008397
2814.174805 0.003636
2814.979004 0.019330
2815.782715 0.012035
2816.586182 0.009058
2817.389404 0.011397
2818.191895 0.019178
2818.994141 0.012234
2819.795898 0.019159
2820.597168 0.012764
2821.398926 0.015643
2822.199219 0.010481
2823.000000 0.004072
2823.799805 0.009172
2824.599121 0.016507
2825.397949 0.015384
2826.197266 0.006845
2826.995361 0.008330
2827.793701 0.010525
2828.591064 0.021274
2829.388184 0.015189
2830.185303 0.014955
2830.981689 0.017524
2831.777344 0.017847
2832.573730 0.026437
2833.369141 0.004302
2834.163574 0.022602
2834.958496 0.019568
2835.752686 0.018119
2836.546875 0.025477
2837.340088 0.016358
2838.133301 0.021741
2838.926025 0.028257
2839.718506 0.021981
2840.510010 0.012686
2841.301758 0.006230
2842.093262 0.020451
2842.883789 0.021727
2843.674805 0.009866
2844.464844 0.026159
2845.254883 0.013281
2846.044189 0.035818
2846.833008 0.031020
2847.622314 0.028222
2848.410400 0.033133
2849.198242 0.024826
2849.986572 0.019030
2850.773193 0.028181
2851.560791 0.021012
2852.346924 0.027411
2853.133057 0.035569
2853.919434 0.024663
2854.704834 0.031657
2855.489746 0.029542
2856.274902 0.027358
2857.059082 0.037109
2857.842773 0.044022
2858.627197 0.045488
2859.410645 0.039705
2860.193604 0.038049
2860.976563 0.047910
2861.758545 0.033380
2862.540771 0.036328
2863.322266 0.048015
2864.103760 0.048358
2864.884766 0.049218
2865.665283 0.058745
2866.445801 0.044362
2867.226074 0.048190
2868.005615 0.059036
2868.785156 0.059112
2869.563965 0.057796
2870.342773 0.057164
2871.121094 0.073363
2871.898926 0.064398
2872.676514 0.082499
2873.453857 0.068112
2874.230957 0.071306
2875.007813 0.067889
2875.783936 0.077408
2876.559814 0.080966
2877.335938 0.076616
2878.111084 0.074501
2878.885986 0.079608
2879.661133 0.060789
2880.435303 0.096280
2881.209229 0.083995
2881.983398 0.101179
2882.756592 0.082384
2883.529785 0.072517
2884.302246 0.087321
2885.074951 0.082585
2885.847168 0.086994
2886.618896 0.089104
2887.390381 0.081450
2888.162354 0.077504
2888.932617 0.066097
2889.703613 0.085912
2890.473633 0.077416
2891.243652 0.082937
2892.013916 0.070529
2892.782227 0.065854
2893.551270 0.066470
2894.320313 0.058848
2895.088867 0.093473
2895.856934 0.060407
2896.625000 0.058277
2897.392578 0.057908
2898.159668 0.058562
2898.926514 0.058819
2899.693115 0.070721
2900.459717 0.058647
2901.225586 0.066866
2901.991699 0.074029
2902.756836 0.044343
2903.521973 0.063613
2904.287109 0.051524
2905.051758 0.064398
2905.815674 0.064816
2906.580078 0.054126
2907.343262 0.048424
2908.106445 0.053990
2908.870361 0.054815
2909.632813 0.052104
2910.395264 0.053445
2911.157715 0.059469
2911.919922 0.049605
2912.681885 0.061707
2913.443359 0.053956
2914.203857 0.055014
2914.965088 0.055004
spectrumdark 2048
-92.094910 2577.000000
-89.469704 2577.000000
-86.846382 2675.000000
-84.224945 2506.000000
-81.605392 2518.000000
-78.987732 2476.000000
-76.371948 2583.000000
-73.758041 2611.000000
-71.146019 2532.000000
-68.535873 2509.000000
-65.927589 2504.000000
-63.321182 2487.000000
-60.716648 2490.000000
-58.113979 2496.000000
-55.513172 2534.000000
-52.914234 2526.000000
-50.317158 2556.000000
-47.721935 2580.000000
-45.128571 2537.000000
-42.537067 2529.000000
-39.947418 2557.000000
-37.359615 2497.000000
-34.773659 2502.000000
-32.189556 2542.000000
-29.607300 2502.000000
-27.026878 2584.000000
-24.448309 2583.000000
-21.871582 2601.000000
-19.296680 2508.000000
-16.723618 2509.000000
-14.152396 2529.000000
-11.583005 2555.000000
-9.015437 2496.000000
-6.449697 2505.000000
-3.885792 2472.000000
-1.323710 2534.000000
1.236557 2534.000000
3.795004 2548.000000
6.351624 2524.000000
8.906429 2534.000000
11.459426 2512.000000
14.010610 2486.000000
16.559977 2584.000000
19.107534 2529.000000
21.653296 2501.000000
24.197247 2601.000000
26.739389 2458.000000
29.279732 2665.000000
31.818279 2591.000000
34.355030 2546.000000
36.889992 2499.000000
39.423145 2534.000000
41.954514 2547.000000
44.484093 2619.000000
47.011871 2537.000000
49.537880 2548.000000
52.062111 2584.000000
54.584553 2535.000000
57.105209 2491.000000
59.624077 2566.000000
62.141186 2553.000000
64.656517 2637.000000
67.170059 2596.000000
69.681847 2543.000000
72.191856 2545.000000
74.700119 2542.000000
77.206604 2515.000000
79.711311 2573.000000
82.214272 2447.000000
84.715485 2546.000000
87.214905 2566.000000
89.712585 2535.000000
92.208519 2599.000000
94.702698 2511.000000
97.195129 2505.000000
99.685799 2532.000000
102.174728 2551.000000
104.661919 2586.000000
107.147362 2447.000000
109.631058 2498.000000
112.113014 2496.000000
114.593246 2515.000000
117.071732 2557.000000
119.548485 2563.000000
122.023514 2553.000000
124.496796 2518.000000
126.968346 2536.000000
129.438187 2523.000000
131.906281 2579.000000
134.372665 2511.000000
136.837341 2573.000000
139.300293 2550.000000
141.761520 2522.000000
144.221024 2528.000000
146.678787 2554.000000
149.134888 2650.000000
151.589249 2533.000000
154.041931 2485.000000
156.492889 2605.000000
158.942139 2628.000000
161.389694 2629.000000
163.835526 2630.000000
166.279678 2532.000000
168.722107 2638.000000
171.162857 2530.000000
173.601929 2602.000000
176.039291 2557.000000
178.474960 2637.000000
180.908920 2541.000000
183.341248 2582.000000
185.771835 2541.000000
188.200760 2583.000000
190.627991 2551.000000
193.053558 2544.000000
195.477448 2516.000000
197.899658 2526.000000
200.320190 2584.000000
202.739029 2584.000000
205.156189 2500.000000
207.571716 2532.000000
209.985550 2564.000000
212.397751 2501.000000
214.808258 2585.000000
217.217117 2565.000000
219.624268 2489.000000
222.029800 2506.000000
224.433670 2535.000000
226.835876 2527.000000
229.236450 2618.000000
231.635361 2519.000000
234.032608 2541.000000
236.428223 2607.000000
238.822174 2582.000000
241.214447 2570.000000
243.605103 2619.000000
245.994125 2591.000000
248.381516 2559.000000
250.767258 2608.000000
253.151367 2673.000000
255.533829 2651.000000
257.914642 2660.000000
260.293854 2667.000000
262.671417 2709.000000
265.047333 2698.000000
267.421661 2743.000000
269.794342 2713.000000
272.165405 2591.000000
274.534851 2636.000000
276.902649 2532.000000
279.268829 2512.000000
281.633423 2476.000000
283.996368 2563.000000
286.357697 2561.000000
288.717438 2524.000000
291.075562 2540.000000
293.432068 2672.000000
295.786957 2583.000000
298.140228 2600.000000
300.491943 2604.000000
302.842041 2544.000000
305.190552 2533.000000
307.537415 2671.000000
309.882690 2598.000000
312.226379 2570.000000
314.568451 2538.000000
316.908966 2536.000000
319.247894 2583.000000
321.585205 2529.000000
323.920959 2504.000000
326.255066 2548.000000
328.587646 2540.000000
330.918640 2527.000000
333.248016 2590.000000
335.575836 2582.000000
337.902069 2577.000000
340.226715 2528.000000
342.549805 2559.000000
344.871307 2616.000000
347.191284 2498.000000
349.509644 2495.000000
351.826416 2666.000000
354.141632 2619.000000
356.455292 2541.000000
358.767395 2536.000000
361.077911 2547.000000
363.386871 2550.000000
365.694305 2583.000000
368.000183 2579.000000
370.304474 2634.000000
372.607178 2511.000000
374.908386 2565.000000
377.208038 2567.000000
379.506104 2530.000000
381.802643 2509.000000
384.097626 2527.000000
386.391083 2628.000000
388.683044 2516.000000
390.973358 2561.000000
393.262177 2540.000000
395.549469 2507.000000
397.835205 2661.000000
400.119324 2801.000000
402.402008 2815.000000
404.683136 2765.000000
406.962738 2786.000000
409.240814 2619.000000
411.517395 2610.000000
413.792389 2727.000000
416.065887 3139.000000
418.337860 3513.000000
420.608276 3519.000000
422.877228 3354.000000
425.144623 2822.000000
427.410492 2543.000000
429.674896 2607.000000
431.937744 2639.000000
434.199005 2492.000000
436.458862 2525.000000
438.717163 2496.000000
440.973969 2507.000000
443.229248 2515.000000
445.483063 2534.000000
447.735382 2460.000000
449.986176 2529.000000
452.235443 2507.000000
454.483246 2479.000000
456.729523 2550.000000
458.974304 2504.000000
461.217621 2540.000000
463.459412 2506.000000
465.699707 2455.000000
467.938538 2540.000000
470.175842 2509.000000
472.411652 2550.000000
474.645996 2485.000000
476.878876 2538.000000
479.110229 2566.000000
481.340118 2547.000000
483.568542 2589.000000
485.795502 2575.000000
488.020966 2594.000000
490.244934 2549.000000
492.467438 2562.000000
494.688477 2548.000000
496.908051 2602.000000
499.126129 2601.000000
501.342743 2608.000000
503.557892 2516.000000
505.771576 2508.000000
507.983795 2593.000000
510.194519 2567.000000
512.403809 2588.000000
514.611633 2561.000000
516.818054 2541.000000
519.023010 2580.000000
521.226440 2586.000000
523.428406 2549.000000
525.628967 2603.000000
527.828064 2626.000000
530.025818 2538.000000
532.221924 2581.000000
534.416687 2602.000000
536.609985 2603.000000
538.801880 2560.000000
540.992310 2537.000000
543.181213 2563.000000
545.368774 2537.000000
547.554871 2411.000000
549.739441 2489.000000
551.922729 2479.000000
554.104492 2480.000000
556.284851 2475.000000
558.463745 2503.000000
560.641235 2522.000000
562.817261 2580.000000
564.991882 2522.000000
567.165100 2548.000000
569.336975 2547.000000
571.507263 2589.000000
573.676208 2566.000000
575.843628 2573.000000
578.009705 2588.000000
580.174377 2535.000000
582.337646 2503.000000
584.499512 2528.000000
586.659912 2574.000000
588.818848 2597.000000
590.976501 2443.000000
593.132690 2480.000000
595.287415 2512.000000
597.440796 2628.000000
599.592773 2503.000000
601.743347 2467.000000
603.892456 2505.000000
606.040222 2564.000000
608.186584 2557.000000
610.331482 2542.000000
612.474976 2523.000000
614.617126 2499.000000
616.757935 2572.000000
618.897217 2479.000000
621.035278 2505.000000
623.171875 2523.000000
625.306946 2626.000000
627.440857 2585.000000
629.573242 2556.000000
631.704224 2716.000000
633.833923 2612.000000
635.962036 2501.000000
638.089050 2686.000000
640.214478 2700.000000
642.338684 2748.000000
644.461243 2633.000000
646.582642 2626.000000
648.702576 2574.000000
650.821167 2505.000000
652.938416 2605.000000
655.054260 2527.000000
657.168762 2506.000000
659.281921 2577.000000
661.393555 2612.000000
663.503967 2482.000000
665.613037 2554.000000
667.720703 2573.000000
669.826965 2528.000000
671.931824 2725.000000
674.035400 3770.000000
676.137695 4397.000000
678.238464 4547.000000
680.337891 4289.000000
682.436035 3235.000000
684.532776 2689.000000
686.628235 2599.000000
688.722412 2690.000000
690.815002 2639.000000
692.906433 2975.000000
694.996521 3460.000000
697.085144 3680.000000
699.172485 3561.000000
701.258545 3276.000000
703.343140 2783.000000
705.426453 2540.000000
707.508362 2553.000000
709.589050 2515.000000
711.668274 2545.000000
713.746155 2579.000000
715.822815 2569.000000
717.898132 2519.000000
719.972046 2558.000000
722.044739 2495.000000
724.115967 2512.000000
726.185913 2530.000000
728.254578 2496.000000
730.321899 2597.000000
732.387878 2535.000000
734.452576 2573.000000
736.515808 2542.000000
738.577820 2524.000000
740.638550 2575.000000
742.697876 2567.000000
744.755981 2547.000000
746.812622 2465.000000
748.868042 2533.000000
750.922180 2512.000000
752.974976 2583.000000
755.026489 2518.000000
757.076599 2498.000000
759.125488 2532.000000
761.173035 2537.000000
763.219238 2575.000000
765.264221 2553.000000
767.307861 2674.000000
769.350159 2482.000000
771.391235 2503.000000
773.430908 2551.000000
775.469360 2576.000000
777.506409 2577.000000
779.542175 2545.000000
781.576721 2435.000000
783.609985 2500.000000
785.641907 2578.000000
787.672546 2483.000000
789.701904 2462.000000
791.730042 2555.000000
793.756775 2544.000000
795.782288 2561.000000
797.806458 2532.000000
799.829346 2509.000000
801.850952 2579.000000
803.871338 2541.000000
805.890381 2615.000000
807.908142 2545.000000
809.924683 2495.000000
811.939941 2496.000000
813.953857 2600.000000
815.966431 2536.000000
817.977844 2484.000000
819.987915 2548.000000
821.996887 2573.000000
824.004333 2517.000000
826.010742 2586.000000
828.015747 2484.000000
830.019409 2486.000000
832.021973 2483.000000
834.023071 2514.000000
836.023132 2474.000000
838.021729 2554.000000
840.019226 2438.000000
842.015381 2499.000000
844.010376 2496.000000
846.003967 2661.000000
847.996338 2705.000000
849.987488 2733.000000
851.977417 2668.000000
853.965942 2590.000000
855.953369 2512.000000
857.939392 2527.000000
859.924316 2511.000000
861.907898 2486.000000
863.890259 2537.000000
865.871399 2553.000000
867.851196 2588.000000
869.829895 2707.000000
871.807190 2936.000000
873.783386 2795.000000
875.758240 2707.000000
877.731934 2566.000000
879.704285 2491.000000
881.675476 2548.000000
883.645325 2558.000000
885.614136 2559.000000
887.581482 2472.000000
889.547729 2498.000000
891.512695 2536.000000
893.476379 2650.000000
895.438965 2531.000000
897.400208 2477.000000
899.360291 2597.000000
901.319031 2505.000000
903.276672 2493.000000
905.233032 2487.000000
907.188293 2492.000000
909.142151 2506.000000
911.094910 2447.000000
913.046265 2515.000000
914.996582 2487.000000
916.945557 2489.000000
918.893433 2518.000000
920.839966 2475.000000
922.785278 2520.000000
924.729492 2491.000000
926.672485 2443.000000
928.614258 2505.000000
930.554626 2503.000000
932.493958 2481.000000
934.432007 2460.000000
936.369019 2495.000000
938.304626 2467.000000
940.239136 2486.000000
942.172302 2419.000000
944.104492 2496.000000
946.035278 2467.000000
947.964966 2472.000000
949.893372 2633.000000
951.820679 2526.000000
953.746521 2569.000000
955.671387 2583.000000
957.595093 2486.000000
959.517456 2592.000000
961.438843 2472.000000
963.358826 2615.000000
965.277649 2531.000000
967.195313 2456.000000
969.111877 2600.000000
971.027039 2533.000000
972.941223 2527.000000
974.854065 2555.000000
976.765808 2486.000000
978.676270 2526.000000
980.585693 2556.000000
982.493774 2452.000000
984.400696 2495.000000
986.306519 2481.000000
988.211060 2476.000000
990.114624 2610.000000
992.016785 2513.000000
993.917847 2523.000000
995.817688 2540.000000
997.716492 2520.000000
999.613953 2485.000000
1001.510437 2451.000000
1003.405396 2675.000000
1005.299561 2553.000000
1007.192322 2581.000000
1009.084045 2631.000000
1010.974548 2506.000000
1012.863770 2560.000000
1014.752014 2503.000000
1016.638916 2480.000000
1018.524841 2511.000000
1020.409302 2476.000000
1022.292908 2461.000000
1024.175171 2455.000000
1026.056396 2584.000000
1027.936279 2547.000000
1029.815186 2497.000000
1031.692871 2531.000000
1033.569458 2506.000000
1035.444824 2469.000000
1037.318970 2487.000000
1039.191895 2423.000000
1041.063843 2466.000000
1042.934570 2521.000000
1044.804077 2527.000000
1046.672729 2471.000000
1048.539795 2478.000000
1050.406128 2526.000000
1052.270996 2502.000000
1054.134888 2475.000000
1055.997559 2499.000000
1057.859131 2486.000000
1059.719482 2473.000000
1061.578735 2556.000000
1063.436768 2520.000000
1065.293823 2614.000000
1067.149658 2418.000000
1069.004395 2523.000000
1070.857666 2517.000000
1072.710205 2504.000000
1074.561523 2506.000000
1076.411621 2520.000000
1078.260620 2379.000000
1080.108521 2454.000000
1081.955200 2653.000000
1083.800781 2568.000000
1085.645264 2549.000000
1087.488525 2495.000000
1089.330688 2529.000000
1091.171875 2492.000000
1093.011719 2488.000000
1094.850708 2523.000000
1096.688354 2676.000000
1098.524780 2460.000000
1100.360352 2514.000000
1102.194458 2453.000000
1104.027710 2492.000000
1105.859741 2581.000000
1107.690552 2501.000000
1109.520386 2450.000000
1111.349121 2547.000000
1113.176758 2441.000000
1115.003174 2447.000000
1116.828491 2482.000000
1118.652710 2489.000000
1120.475830 2495.000000
1122.297729 2428.000000
1124.118896 2534.000000
1125.938477 2537.000000
1127.757202 2531.000000
1129.574707 2496.000000
1131.391113 2480.000000
1133.206421 2548.000000
1135.020630 2515.000000
1136.833740 2494.000000
1138.645874 2502.000000
1140.456787 2432.000000
1142.266479 2432.000000
1144.075195 2492.000000
1145.882690 2488.000000
1147.689453 2493.000000
1149.494751 2458.000000
1151.298950 2481.000000
1153.102051 2578.000000
1154.904175 2498.000000
1156.705200 2576.000000
1158.505127 2561.000000
1160.303833 2607.000000
1162.101440 2540.000000
1163.898193 2532.000000
1165.693604 2590.000000
1167.488037 2550.000000
1169.281372 2556.000000
1171.073608 2441.000000
1172.864746 2641.000000
1174.654907 2462.000000
1176.443726 2501.000000
1178.231689 3229.000000
1180.018311 2443.000000
1181.804077 2499.000000
1183.588745 2505.000000
1185.372314 2491.000000
1187.154785 2435.000000
1188.936035 2483.000000
1190.716309 2543.000000
1192.495483 2416.000000
1194.273560 2479.000000
1196.050781 2524.000000
1197.826660 2528.000000
1199.601318 2519.000000
1201.375366 2478.000000
1203.148071 2495.000000
1204.919678 2538.000000
1206.690308 2516.000000
1208.459961 2555.000000
1210.228271 2562.000000
1211.995728 2504.000000
1213.761963 2485.000000
1215.527222 2425.000000
1217.291382 2387.000000
1219.054321 2509.000000
1220.816406 2532.000000
1222.577271 2510.000000
1224.337280 2502.000000
1226.096191 2543.000000
1227.853760 2579.000000
1229.610596 2493.000000
1231.366211 2462.000000
1233.120728 2604.000000
1234.874268 2476.000000
1236.626709 2484.000000
1238.378174 2471.000000
1240.128296 2562.000000
1241.877686 2426.000000
1243.625854 2476.000000
1245.373047 2566.000000
1247.119019 2499.000000
1248.864136 2496.000000
1250.608032 2472.000000
1252.350952 2448.000000
1254.092896 2512.000000
1255.833740 2518.000000
1257.573486 2537.000000
1259.312256 2537.000000
1261.049927 2525.000000
1262.786499 2564.000000
1264.522095 2529.000000
1266.256714 2559.000000
1267.990112 2576.000000
1269.722534 2514.000000
1271.454102 2494.000000
1273.184204 2551.000000
1274.913574 2546.000000
1276.641968 2544.000000
1278.369019 2465.000000
1280.095337 2568.000000
1281.820313 2575.000000
1283.544556 2509.000000
1285.267456 2588.000000
1286.989624 2555.000000
1288.710571 2573.000000
1290.430664 2487.000000
1292.149536 2611.000000
1293.867432 2497.000000
1295.584229 2595.000000
1297.300049 2523.000000
1299.014648 2587.000000
1300.728516 2480.000000
1302.441162 2450.000000
1304.152832 2572.000000
1305.863647 2570.000000
1307.573242 2471.000000
1309.281860 2413.000000
1310.989380 2452.000000
1312.695923 2541.000000
1314.401367 2481.000000
1316.105957 2555.000000
1317.809326 2487.000000
1319.511841 2497.000000
1321.213257 2498.000000
1322.913696 2523.000000
1324.612915 2492.000000
1326.311401 2503.000000
1328.008789 2543.000000
1329.704956 2573.000000
1331.400269 2518.000000
1333.094482 2596.000000
1334.787842 2510.000000
1336.480103 2567.000000
1338.171265 2523.000000
1339.861450 2533.000000
1341.550781 2438.000000
1343.238892 2529.000000
1344.926147 2547.000000
1346.612183 2504.000000
1348.297363 2595.000000
1349.981323 2608.000000
1351.664551 2543.000000
1353.346558 2527.000000
1355.027710 2561.000000
1356.708008 2540.000000
1358.387085 2362.000000
1360.065063 2532.000000
1361.742065 2563.000000
1363.418335 2494.000000
1365.093384 2529.000000
1366.767212 2589.000000
1368.440430 2517.000000
1370.112549 2562.000000
1371.783447 2548.000000
1373.453735 2535.000000
1375.122681 2564.000000
1376.790649 2476.000000
1378.457642 2444.000000
1380.124023 2477.000000
1381.788940 2515.000000
1383.453003 2548.000000
1385.116089 2586.000000
1386.777954 2488.000000
1388.439209 2474.000000
1390.099365 2527.000000
1391.758301 2510.000000
1393.416504 2597.000000
1395.073608 2540.000000
1396.729614 2577.000000
1398.384766 2543.000000
1400.038940 2452.000000
1401.692261 2523.000000
1403.344116 2554.000000
1404.995483 2504.000000
1406.645508 2598.000000
1408.294922 2549.000000
1409.942993 2491.000000
1411.590088 2514.000000
1413.236572 2565.000000
1414.881714 2452.000000
1416.526123 2528.000000
1418.169189 2483.000000
1419.811646 2466.000000
1421.453003 2511.000000
1423.093262 2472.000000
1424.732544 2576.000000
1426.370972 2547.000000
1428.008301 2438.000000
1429.644775 2476.000000
1431.280273 2536.000000
1432.914673 2674.000000
1434.548218 2515.000000
1436.180664 2418.000000
1437.812256 2449.000000
1439.442993 2482.000000
1441.072632 2592.000000
1442.701050 2448.000000
1444.328735 2610.000000
1445.955444 2574.000000
1447.581177 2576.000000
1449.205811 2633.000000
1450.829712 2481.000000
1452.452393 2672.000000
1454.074341 2520.000000
1455.695190 2497.000000
1457.315063 2502.000000
1458.933960 2511.000000
1460.551880 2573.000000
1462.168823 2529.000000
1463.785034 2515.000000
1465.400146 2593.000000
1467.014160 2526.000000
1468.627441 2595.000000
1470.239502 2467.000000
1471.850708 2600.000000
1473.461060 2519.000000
1475.070557 2548.000000
1476.678589 2376.000000
1478.286133 2466.000000
1479.892578 2480.000000
1481.498047 2550.000000
1483.102539 2496.000000
1484.706177 2476.000000
1486.308472 2514.000000
1487.910278 2530.000000
1489.511108 2585.000000
1491.110718 2509.000000
1492.709473 2596.000000
1494.307495 2541.000000
1495.904175 2560.000000
1497.500122 2504.000000
1499.095215 2500.000000
1500.689087 2473.000000
1502.282349 2583.000000
1503.874390 2465.000000
1505.465454 2514.000000
1507.055786 2481.000000
1508.645020 2496.000000
1510.233398 2547.000000
1511.820923 2467.000000
1513.407227 2565.000000
1514.992676 2547.000000
1516.577393 2477.000000
1518.161133 2551.000000
1519.743530 2479.000000
1521.325317 2531.000000
1522.906250 2455.000000
1524.486206 2535.000000
1526.064941 2463.000000
1527.642822 2535.000000
1529.220093 2498.000000
1530.796021 2486.000000
1532.371094 2503.000000
1533.945435 2527.000000
1535.518677 2560.000000
1537.091309 2469.000000
1538.662354 2473.000000
1540.232788 2579.000000
1541.802490 2528.000000
1543.371094 2466.000000
1544.938843 2547.000000
1546.505615 2603.000000
1548.071289 2612.000000
1549.635986 2446.000000
1551.200073 2554.000000
1552.763184 2543.000000
1554.325317 2523.000000
1555.886353 2497.000000
1557.446655 2532.000000
1559.005859 2556.000000
1560.564453 2454.000000
1562.121826 2531.000000
1563.678345 2543.000000
1565.233887 2545.000000
1566.788452 2604.000000
1568.342285 2513.000000
1569.895142 2503.000000
1571.447021 2487.000000
1572.998047 2514.000000
1574.547974 2549.000000
1576.097046 2466.000000
1577.645508 2575.000000
1579.192505 2514.000000
1580.739014 2528.000000
1582.284546 2447.000000
1583.829224 2477.000000
1585.372437 2519.000000
1586.915283 2509.000000
1588.457031 2485.000000
1589.997925 2543.000000
1591.537720 2594.000000
1593.076904 2556.000000
1594.614868 2526.000000
1596.151978 2508.000000
1597.688354 2550.000000
1599.223755 2518.000000
1600.758301 2517.000000
1602.291626 2549.000000
1603.824341 2553.000000
1605.356201 2425.000000
1606.886963 2518.000000
1608.416748 2582.000000
1609.945801 2576.000000
1611.473877 2562.000000
1613.000854 2503.000000
1614.527344 2484.000000
1616.052612 2561.000000
1617.577148 2561.000000
1619.100342 2514.000000
1620.623291 2450.000000
1622.145020 2566.000000
1623.665771 2583.000000
1625.185547 2519.000000
1626.704834 2549.000000
1628.222778 2442.000000
1629.740112 2553.000000
1631.256226 2607.000000
1632.771729 2470.000000
1634.286377 2491.000000
1635.799805 2545.000000
1637.312500 2522.000000
1638.824341 2572.000000
1640.335327 2516.000000
1641.845337 2531.000000
1643.354248 2443.000000
1644.862549 2560.000000
1646.369873 2469.000000
1647.876221 2473.000000
1649.381592 2440.000000
1650.886475 2496.000000
1652.390259 2577.000000
1653.893066 2559.000000
1655.394897 2495.000000
1656.896118 2581.000000
1658.396362 2493.000000
1659.895508 2523.000000
1661.393799 2472.000000
1662.891357 2494.000000
1664.387817 2528.000000
1665.883545 2540.000000
1667.378296 2503.000000
1668.872314 2517.000000
1670.365356 2556.000000
1671.857422 2512.000000
1673.348877 2544.000000
1674.839111 2464.000000
1676.328613 2526.000000
1677.817261 2606.000000
1679.304932 2497.000000
1680.791992 2569.000000
1682.277710 2428.000000
1683.762817 2480.000000
1685.247192 2532.000000
1686.730103 2458.000000
1688.212646 2502.000000
1689.694092 2509.000000
1691.174805 2457.000000
1692.654541 2477.000000
1694.133545 2556.000000
1695.611450 2542.000000
1697.088745 2502.000000
1698.564697 2518.000000
1700.040283 2554.000000
1701.514648 2536.000000
1702.988403 2520.000000
1704.461060 2549.000000
1705.933105 2605.000000
1707.404053 2510.000000
1708.873901 2453.000000
1710.343262 2457.000000
1711.811768 2420.000000
1713.279175 2515.000000
1714.745850 2749.000000
1716.211304 2579.000000
1717.676392 2632.000000
1719.140381 2573.000000
1720.603516 2443.000000
1722.065674 2594.000000
1723.527222 2479.000000
1724.987793 2469.000000
1726.447144 2615.000000
1727.906128 2556.000000
1729.364014 2644.000000
1730.821167 2519.000000
1732.277100 2500.000000
1733.732422 2644.000000
1735.187012 2469.000000
1736.640381 2492.000000
1738.093140 2538.000000
1739.545044 2577.000000
1740.995972 2493.000000
1742.445923 2499.000000
1743.895386 2537.000000
1745.343628 2554.000000
1746.791382 2532.000000
1748.237793 2519.000000
1749.683716 2535.000000
1751.128662 2635.000000
1752.572754 2500.000000
1754.015869 2661.000000
1755.458130 2486.000000
1756.899658 2535.000000
1758.340332 2523.000000
1759.780029 2477.000000
1761.218994 2448.000000
1762.657104 2552.000000
1764.094238 2535.000000
1765.530640 2510.000000
1766.966187 2535.000000
1768.400757 2441.000000
1769.834473 2460.000000
1771.267334 2532.000000
1772.699585 2641.000000
1774.130859 2476.000000
1775.560913 2575.000000
1776.990479 2640.000000
1778.419434 2613.000000
1779.847046 2664.000000
1781.273804 2576.000000
1782.700073 2667.000000
1784.125488 2557.000000
1785.549561 2711.000000
1786.973267 2446.000000
1788.395996 2557.000000
1789.817871 2514.000000
1791.238770 2502.000000
1792.659058 2500.000000
1794.078369 2533.000000
1795.496826 2567.000000
1796.914307 2546.000000
1798.331177 2513.000000
1799.747070 2456.000000
1801.161987 2554.000000
1802.576294 2518.000000
1803.989746 2533.000000
1805.402466 2448.000000
1806.813965 2484.000000
1808.224854 2530.000000
1809.634888 2530.000000
1811.044189 2463.000000
1812.452148 2520.000000
1813.859863 2521.000000
1815.266602 2509.000000
1816.672241 2578.000000
1818.077148 2496.000000
1819.481201 2476.000000
1820.884644 2543.000000
1822.286987 2500.000000
1823.688721 2457.000000
1825.089600 2501.000000
1826.489502 2520.000000
1827.888428 2455.000000
1829.286743 2490.000000
1830.684082 2523.000000
1832.080811 2499.000000
1833.476440 2517.000000
1834.871460 2551.000000
1836.265625 2553.000000
1837.658813 2439.000000
1839.051147 2544.000000
1840.442871 2591.000000
1841.833618 2531.000000
1843.223633 2516.000000
1844.612427 2515.000000
1846.000854 2516.000000
1847.388428 2470.000000
1848.774780 2544.000000
1850.160522 2453.000000
1851.545654 2518.000000
1852.929688 2434.000000
1854.312866 2561.000000
1855.695557 2541.000000
1857.076904 2520.000000
1858.457886 2500.000000
1859.837646 2438.000000
1861.216919 2562.000000
1862.595337 2519.000000
1863.972900 2454.000000
1865.349487 2517.000000
1866.725220 2564.000000
1868.100220 2449.000000
1869.474243 2620.000000
1870.847656 2409.000000
1872.220337 2486.000000
1873.592041 2526.000000
1874.962891 2586.000000
1876.333008 2505.000000
1877.702393 2596.000000
1879.070923 2601.000000
1880.438232 2525.000000
1881.805176 2680.000000
1883.171021 2411.000000
1884.536377 2586.000000
1885.900635 2412.000000
1887.264038 2495.000000
1888.626831 2477.000000
1889.988647 2463.000000
1891.349854 2509.000000
1892.710083 2505.000000
1894.069458 2423.000000
1895.427979 2583.000000
1896.785767 2562.000000
1898.142822 2559.000000
1899.499146 2564.000000
1900.854370 2540.000000
1902.208862 2546.000000
1903.562744 2634.000000
1904.915771 2455.000000
1906.267578 2578.000000
1907.618896 2514.000000
1908.969604 2525.000000
1910.319214 2525.000000
1911.667847 2448.000000
1913.016113 2524.000000
1914.363281 2448.000000
1915.709595 2518.000000
1917.055176 2483.000000
1918.400146 2524.000000
1919.744263 2616.000000
1921.087280 2580.000000
1922.429688 2513.000000
1923.771240 2571.000000
1925.112305 2493.000000
1926.452026 2450.000000
1927.791260 2512.000000
1929.129639 2532.000000
1930.467285 2562.000000
1931.803833 2491.000000
1933.139648 2470.000000
1934.474854 2508.000000
1935.809082 2517.000000
1937.142700 2450.000000
1938.475342 2411.000000
1939.807495 2537.000000
1941.138550 2482.000000
1942.468994 2504.000000
1943.798462 2462.000000
1945.127319 2556.000000
1946.454834 2458.000000
1947.781982 2464.000000
1949.108521 2516.000000
1950.433960 2441.000000
1951.758545 2458.000000
1953.082642 2522.000000
1954.405640 2509.000000
1955.727905 2529.000000
1957.049561 2539.000000
1958.369995 2422.000000
1959.690186 2477.000000
1961.009155 2543.000000
1962.327637 2432.000000
1963.645264 2519.000000
1964.962158 2460.000000
1966.277954 2520.000000
1967.593018 2519.000000
1968.907471 2509.000000
1970.221069 2576.000000
1971.533447 2504.000000
1972.845825 2472.000000
1974.156982 2544.000000
1975.467285 2550.000000
1976.776855 2448.000000
1978.085815 2534.000000
1979.393921 2730.000000
1980.700928 2522.000000
1982.007324 2424.000000
1983.313232 2505.000000
1984.618164 2542.000000
1985.921997 2532.000000
1987.225464 2520.000000
1988.527954 2553.000000
1989.829712 2527.000000
1991.130615 2524.000000
1992.430664 2574.000000
1993.729980 2454.000000
1995.028442 2574.000000
1996.326416 2527.000000
1997.623535 2516.000000
1998.919678 2524.000000
2000.214966 2488.000000
2001.509644 2461.000000
2002.803589 2558.000000
2004.096680 2546.000000
2005.389038 2497.000000
2006.680542 2512.000000
2007.971191 2550.000000
2009.261230 2493.000000
2010.550293 2544.000000
2011.838745 2474.000000
2013.126343 2517.000000
2014.413330 2414.000000
2015.699097 2611.000000
2016.984619 2501.000000
2018.269287 2416.000000
2019.552612 2515.000000
2020.835571 2460.000000
2022.117920 2539.000000
2023.399048 2503.000000
2024.679688 2504.000000
2025.959473 2647.000000
2027.238770 2521.000000
2028.516968 2459.000000
2029.794434 2503.000000
2031.071167 2469.000000
2032.347168 2535.000000
2033.622314 2480.000000
2034.896729 2467.000000
2036.170288 2611.000000
2037.443237 2475.000000
2038.715088 2487.000000
2039.986572 2445.000000
2041.257080 2566.000000
2042.527100 2503.000000
2043.795776 2491.000000
2045.064087 2491.000000
2046.331665 2559.000000
2047.598145 2514.000000
2048.864014 2446.000000
2050.129150 2527.000000
2051.393799 2487.000000
2052.657471 2480.000000
2053.919922 2580.000000
2055.182129 2520.000000
2056.443359 2482.000000
2057.703857 2523.000000
2058.963623 2529.000000
2060.222656 2585.000000
2061.480957 2518.000000
2062.738281 2498.000000
2063.995117 2508.000000
2065.250977 2508.000000
2066.506104 2523.000000
2067.760498 2497.000000
2069.014404 2497.000000
2070.267090 2568.000000
2071.519531 2464.000000
2072.770508 2447.000000
2074.020996 2587.000000
2075.270996 2487.000000
2076.520020 2560.000000
2077.768311 2588.000000
2079.015869 2487.000000
2080.262695 2440.000000
2081.508545 2507.000000
2082.753906 2394.000000
2083.998535 2458.000000
2085.242188 2551.000000
2086.484863 2508.000000
2087.727051 2574.000000
2088.968994 2562.000000
2090.209717 2545.000000
2091.449219 2475.000000
2092.688721 2518.000000
2093.927002 2633.000000
2095.164795 2545.000000
2096.401855 2488.000000
2097.637695 2540.000000
2098.873291 2520.000000
2100.107910 2595.000000
2101.341797 2446.000000
2102.575195 2538.000000
2103.807373 2548.000000
2105.038818 2485.000000
2106.270020 2487.000000
2107.500244 2494.000000
2108.729492 2553.000000
2109.958008 2506.000000
2111.185791 2504.000000
2112.413086 2490.000000
2113.639648 2506.000000
2114.864990 2496.000000
2116.089844 2513.000000
2117.313965 2548.000000
2118.537109 2544.000000
2119.760010 2469.000000
2120.982178 2525.000000
2122.203369 2487.000000
2123.423340 2565.000000
2124.643066 2524.000000
2125.862061 2558.000000
2127.080566 2455.000000
2128.297607 2430.000000
2129.514160 2528.000000
2130.729980 2562.000000
2131.945313 2566.000000
2133.159912 2476.000000
2134.373535 2504.000000
2135.586426 2533.000000
2136.798584 2541.000000
2138.009766 2512.000000
2139.220703 2544.000000
2140.430908 2485.000000
2141.639893 2506.000000
2142.848145 2456.000000
2144.056152 2461.000000
2145.263184 2452.000000
2146.469238 2507.000000
2147.674805 2501.000000
2148.879639 2518.000000
2150.083740 2532.000000
2151.286621 2510.000000
2152.489746 2563.000000
2153.691406 2539.000000
2154.892334 2556.000000
2156.092529 2509.000000
2157.292236 2550.000000
2158.491211 2540.000000
2159.688965 2495.000000
2160.886475 2426.000000
2162.083252 2476.000000
2163.279297 2549.000000
2164.474121 2520.000000
2165.668701 2591.000000
2166.862549 2578.000000
2168.055664 2602.000000
2169.247803 2551.000000
2170.439209 2581.000000
2171.630371 2482.000000
2172.820313 2441.000000
2174.009521 2526.000000
2175.197998 2524.000000
2176.385742 2494.000000
2177.572754 2541.000000
2178.759521 2500.000000
2179.945068 2500.000000
2181.130127 2457.000000
2182.313965 2473.000000
2183.497803 2523.000000
2184.680420 2509.000000
2185.862549 2556.000000
2187.043213 2511.000000
2188.224121 2515.000000
2189.404297 2579.000000
2190.583252 2579.000000
2191.761475 2693.000000
2192.939453 2526.000000
2194.116211 2575.000000
2195.291992 2636.000000
2196.467529 2426.000000
2197.642334 2499.000000
2198.816650 2617.000000
2199.989502 2615.000000
2201.162109 2541.000000
2202.333984 2518.000000
2203.505371 2523.000000
2204.675781 2539.000000
2205.845459 2514.000000
2207.014648 2524.000000
2208.182617 2549.000000
2209.350098 2544.000000
2210.516846 2639.000000
2211.683105 2638.000000
2212.848145 2497.000000
2214.012695 2518.000000
2215.176758 2612.000000
2216.340088 2464.000000
2217.502441 2465.000000
2218.664063 2551.000000
2219.825439 2513.000000
2220.985596 2440.000000
2222.145264 2529.000000
2223.304199 2546.000000
2224.462402 2498.000000
2225.619873 2611.000000
2226.776367 2557.000000
2227.932617 2491.000000
2229.087646 2440.000000
2230.242432 2510.000000
2231.395996 2527.000000
2232.549316 2479.000000
2233.701660 2559.000000
2234.853271 2497.000000
2236.004395 2557.000000
2237.154785 2556.000000
2238.304443 2511.000000
2239.453125 2530.000000
2240.601563 2508.000000
2241.749268 2540.000000
2242.895752 2510.000000
2244.041504 2578.000000
2245.187256 2510.000000
2246.331543 2565.000000
2247.475586 2549.000000
2248.618896 2513.000000
2249.761230 2525.000000
2250.903320 2514.000000
2252.043945 2515.000000
2253.184814 2539.000000
2254.324219 2523.000000
2255.463135 2478.000000
2256.601563 2516.000000
2257.739014 2583.000000
2258.875732 2514.000000
2260.011963 2535.000000
2261.147217 2552.000000
2262.281982 2545.000000
2263.416016 2480.000000
2264.549561 2569.000000
2265.681885 2483.000000
2266.813965 2585.000000
2267.945313 2535.000000
2269.075439 2517.000000
2270.205322 2459.000000
2271.334961 2471.000000
2272.462891 2483.000000
2273.590576 2539.000000
2274.717773 2566.000000
2275.843994 2520.000000
2276.969727 2492.000000
2278.094238 2615.000000
2279.218750 2500.000000
2280.342285 2553.000000
2281.465088 2506.000000
2282.587158 2541.000000
2283.708496 2623.000000
2284.829346 2516.000000
2285.948975 2506.000000
2287.068604 2513.000000
2288.187012 2499.000000
2289.304932 2548.000000
2290.422363 2518.000000
2291.538818 2505.000000
2292.654785 2527.000000
2293.770020 2475.000000
2294.884277 2592.000000
2295.998047 2484.000000
2297.111328 2408.000000
2298.223877 2399.000000
2299.334961 2603.000000
2300.446289 2553.000000
2301.556396 2476.000000
2302.666016 2525.000000
2303.774902 2527.000000
2304.883545 2550.000000
2305.990723 2482.000000
2307.097656 2477.000000
2308.203857 2603.000000
2309.309326 2502.000000
2310.414307 2576.000000
2311.518066 2530.000000
2312.621582 2544.000000
2313.724365 2448.000000
2314.826416 2549.000000
2315.927734 2529.000000
2317.028320 2550.000000
2318.128418 2633.000000
2319.227783 2562.000000
2320.326172 2595.000000
2321.424072 2484.000000
2322.521484 2576.000000
2323.617676 2527.000000
2324.713867 2530.000000
2325.809082 2443.000000
2326.903564 2488.000000
2327.997314 2545.000000
2329.090576 2527.000000
2330.182861 2561.000000
2331.274902 2536.000000
2332.365723 2497.000000
2333.456299 2515.000000
2334.546143 2547.000000
2335.635498 2552.000000
2336.723389 2545.000000
2337.811279 2551.000000
2338.898193 2600.000000
2339.984375 2515.000000
2341.070313 2533.000000
2342.155273 2535.000000
2343.239746 2554.000000
2344.322998 2489.000000
2345.406250 2552.000000
2346.488281 2674.000000
2347.569824 2514.000000
2348.650879 2506.000000
2349.731445 2528.000000
2350.810791 2509.000000
2351.889893 2462.000000
2352.968018 2505.000000
2354.045654 2517.000000
2355.122559 2469.000000
2356.198486 2558.000000
2357.274170 2484.000000
2358.348877 2499.000000
2359.423340 2531.000000
2360.496582 2527.000000
2361.569580 2506.000000
2362.641846 2505.000000
2363.713623 2480.000000
2364.784180 2487.000000
2365.854492 2531.000000
2366.924316 2561.000000
2367.993164 2564.000000
2369.061035 2466.000000
2370.128662 2587.000000
2371.195557 2511.000000
2372.261719 2568.000000
2373.327148 2597.000000
2374.391846 2617.000000
2375.456299 2568.000000
2376.519775 2487.000000
2377.582520 2546.000000
2378.644775 2568.000000
2379.706543 2484.000000
2380.767090 2513.000000
2381.827393 2507.000000
2382.887451 2572.000000
2383.946045 2509.000000
2385.004150 2586.000000
2386.062012 2631.000000
2387.118652 2632.000000
2388.175049 2538.000000
2389.230225 2594.000000
2390.285400 2566.000000
2391.339600 2475.000000
2392.393066 2585.000000
2393.446289 2509.000000
2394.498779 2553.000000
2395.550293 2589.000000
2396.600830 2534.000000
2397.651367 2480.000000
2398.701172 2511.000000
2399.750000 2567.000000
2400.798340 2435.000000
2401.845947 2577.000000
2402.893311 2552.000000
2403.939453 2559.000000
2404.985107 2551.000000
2406.030518 2578.000000
2407.075195 2558.000000
2408.118652 2574.000000
2409.161865 2540.000000
2410.204102 2555.000000
2411.246094 2538.000000
2412.287109 2549.000000
2413.327637 2525.000000
2414.367920 2486.000000
2415.406738 2539.000000
2416.445068 2585.000000
2417.483398 2591.000000
2418.520996 2518.000000
2419.557373 2544.000000
2420.593018 2560.000000
2421.628418 2515.000000
2422.663330 2544.000000
2423.697510 2538.000000
2424.730713 2496.000000
2425.763672 2517.000000
2426.795654 2519.000000
2427.827148 2545.000000
2428.858154 2625.000000
2429.887939 2494.000000
2430.917725 2598.000000
2431.946289 2459.000000
2432.974609 2506.000000
2434.002441 2470.000000
2435.029541 2573.000000
2436.055420 2541.000000
2437.081299 2590.000000
2438.106445 2520.000000
2439.130859 2616.000000
2440.154297 2558.000000
2441.177734 2555.000000
2442.199951 2585.000000
2443.222168 2521.000000
2444.243164 2601.000000
2445.263916 2573.000000
2446.283691 2519.000000
2447.302734 2564.000000
2448.321533 2495.000000
2449.339844 2635.000000
2450.357178 2474.000000
2451.374023 2516.000000
2452.389648 2478.000000
2453.405518 2531.000000
2454.420410 2579.000000
2455.434326 2526.000000
2456.448242 2569.000000
2457.461426 2456.000000
2458.473145 2574.000000
2459.484863 2535.000000
2460.496338 2541.000000
2461.506592 2479.000000
2462.516113 2537.000000
2463.525635 2637.000000
2464.534180 2531.000000
2465.542236 2563.000000
2466.549316 2578.000000
2467.555908 2556.000000
2468.562256 2536.000000
2469.567627 2487.000000
2470.572021 2539.000000
2471.576416 2529.000000
2472.580078 2605.000000
2473.583008 2506.000000
2474.584961 2572.000000
2475.586670 2523.000000
2476.587891 2520.000000
2477.588135 2496.000000
2478.588135 2484.000000
2479.587158 2541.000000
2480.585938 2628.000000
2481.583496 2549.000000
2482.580811 2533.000000
2483.577881 2612.000000
2484.573975 2516.000000
2485.569092 2588.000000
2486.563721 2595.000000
2487.558105 2555.000000
2488.551270 2565.000000
2489.544189 2466.000000
2490.536865 2596.000000
2491.528809 2583.000000
2492.519775 2556.000000
2493.510254 2494.000000
2494.500488 2592.000000
2495.489258 2573.000000
2496.478271 2539.000000
2497.466553 2533.000000
2498.453613 2557.000000
2499.440430 2521.000000
2500.427002 2488.000000
2501.412109 2515.000000
2502.396973 2563.000000
2503.381592 2526.000000
2504.365234 2534.000000
2505.348389 2545.000000
2506.331055 2511.000000
2507.312744 2579.000000
2508.294678 2473.000000
2509.274902 2605.000000
2510.254883 2503.000000
2511.234619 2604.000000
2512.213379 2540.000000
2513.191406 2598.000000
2514.169434 2588.000000
2515.146240 2546.000000
2516.123047 2561.000000
2517.098877 2614.000000
2518.073730 2582.000000
2519.048828 2521.000000
2520.022705 2553.000000
2520.995850 2567.000000
2521.968750 2514.000000
2522.941162 2542.000000
2523.912598 2500.000000
2524.883789 2592.000000
2525.854004 2571.000000
2526.824219 2521.000000
2527.793213 2616.000000
2528.761719 2625.000000
2529.729980 2558.000000
2530.697266 2599.000000
2531.664063 2452.000000
2532.630371 2489.000000
2533.595703 2518.000000
2534.561279 2633.000000
2535.525635 2611.000000
2536.489258 2584.000000
2537.452881 2543.000000
2538.415283 2585.000000
2539.377197 2572.000000
2540.338867 2540.000000
2541.299805 2593.000000
2542.260010 2556.000000
2543.219727 2571.000000
2544.178955 2664.000000
2545.137451 2581.000000
2546.095215 2615.000000
2547.052490 2552.000000
2548.009521 2567.000000
2548.965576 2469.000000
2549.920654 2555.000000
2550.875977 2508.000000
2551.830078 2545.000000
2552.783936 2540.000000
2553.737793 2524.000000
2554.689941 2588.000000
2555.642334 2510.000000
2556.593262 2563.000000
2557.544189 2540.000000
2558.494873 2497.000000
2559.444580 2538.000000
2560.393555 2538.000000
2561.342285 2530.000000
2562.289795 2557.000000
2563.237793 2816.000000
2564.184570 2608.000000
2565.130615 2634.000000
2566.076660 2546.000000
2567.021240 2539.000000
2567.965576 2548.000000
2568.909424 2625.000000
2569.852539 2576.000000
2570.795410 2586.000000
2571.737793 2588.000000
2572.679688 2549.000000
2573.620850 2671.000000
2574.560791 2558.000000
2575.500488 2514.000000
2576.439941 2521.000000
2577.378662 2464.000000
2578.316895 2624.000000
2579.254395 2597.000000
2580.191406 2565.000000
2581.127686 2550.000000
2582.063721 2592.000000
2582.998779 2557.000000
2583.934082 2546.000000
2584.867920 2572.000000
2585.801514 2538.000000
2586.734863 2560.000000
2587.666992 2622.000000
2588.598389 2662.000000
2589.530273 2552.000000
2590.460449 2601.000000
2591.391357 2608.000000
2592.320557 2561.000000
2593.249756 2505.000000
2594.178467 2600.000000
2595.106201 2663.000000
2596.033447 2534.000000
2596.960449 2483.000000
2597.886475 2527.000000
2598.811768 2542.000000
2599.737061 2530.000000
2600.661621 2553.000000
2601.585938 2512.000000
2602.509277 2547.000000
2603.432129 2542.000000
2604.354492 2552.000000
2605.276123 2603.000000
2606.196777 2469.000000
2607.117920 2548.000000
2608.037842 2557.000000
2608.958008 2577.000000
2609.876465 2510.000000
2610.794678 2567.000000
2611.713135 2565.000000
2612.630127 2552.000000
2613.546387 2588.000000
2614.463135 2613.000000
2615.378906 2527.000000
2616.293701 2559.000000
2617.208496 2541.000000
2618.122559 2538.000000
2619.036133 2527.000000
2619.948975 2598.000000
2620.860352 2451.000000
2621.772949 2587.000000
2622.684082 2558.000000
2623.594727 2508.000000
2624.505127 2601.000000
2625.414551 2551.000000
2626.323242 2524.000000
2627.231934 2673.000000
2628.140137 2504.000000
2629.048096 2511.000000
2629.954346 2539.000000
2630.860840 2577.000000
2631.766846 2552.000000
2632.671875 2569.000000
2633.576172 2592.000000
2634.480957 2531.000000
2635.384277 2603.000000
2636.287842 2618.000000
2637.189941 2538.000000
2638.091797 2622.000000
2638.993408 2479.000000
2639.894531 2551.000000
2640.794922 2506.000000
2641.695068 2546.000000
2642.593994 2557.000000
2643.492920 2503.000000
2644.391602 2551.000000
2645.289063 2529.000000
2646.186523 2473.000000
2647.082764 2612.000000
2647.979004 2538.000000
2648.874756 2571.000000
2649.770020 2583.000000
2650.664063 2512.000000
2651.558594 2598.000000
2652.451904 2546.000000
2653.344482 2507.000000
2654.237793 2568.000000
2655.129395 2629.000000
2656.020996 2577.000000
2656.911621 2585.000000
2657.801514 2532.000000
2658.691895 2597.000000
2659.580811 2555.000000
2660.469482 2580.000000
2661.358398 2570.000000
2662.245605 2606.000000
2663.133301 2500.000000
2664.019775 2530.000000
2664.905518 2525.000000
2665.791992 2529.000000
2666.676758 2597.000000
2667.560791 2574.000000
2668.445313 2474.000000
2669.328857 2499.000000
2670.211670 2526.000000
2671.094482 2531.000000
2671.976318 2566.000000
2672.858154 2532.000000
2673.739258 2611.000000
2674.619141 2594.000000
2675.499512 2599.000000
2676.378662 2521.000000
2677.257568 2553.000000
2678.136230 2526.000000
2679.014404 2610.000000
2679.892090 2579.000000
2680.768555 2603.000000
2681.644775 2571.000000
2682.520996 2529.000000
2683.396484 2613.000000
2684.271240 2695.000000
2685.145996 2543.000000
2686.019287 2527.000000
2686.892822 2530.000000
2687.765625 2496.000000
2688.637695 2602.000000
2689.510010 2598.000000
2690.380859 2588.000000
2691.251953 2577.000000
2692.122314 2602.000000
2692.992188 2489.000000
2693.861328 2573.000000
2694.730469 2624.000000
2695.598633 2552.000000
2696.466309 2565.000000
2697.333984 2495.000000
2698.200684 2539.000000
2699.067627 2598.000000
2699.932861 2577.000000
2700.797852 2547.000000
2701.663574 2591.000000
2702.527832 2568.000000
2703.391113 2612.000000
2704.255127 2596.000000
2705.117920 2523.000000
2705.980225 2571.000000
2706.842041 2581.000000
2707.703369 2584.000000
2708.564941 2577.000000
2709.424805 2651.000000
2710.284668 2572.000000
2711.144775 2559.000000
2712.003662 2569.000000
2712.861816 2503.000000
2713.719971 2655.000000
2714.577393 2638.000000
2715.434814 2584.000000
2716.291260 2559.000000
2717.146973 2588.000000
2718.003174 2567.000000
2718.858154 2594.000000
2719.712402 2601.000000
2720.566895 2599.000000
2721.420410 2629.000000
2722.274170 2556.000000
2723.126465 2546.000000
2723.979004 2595.000000
2724.830811 2582.000000
2725.682129 2596.000000
2726.532471 2592.000000
2727.383545 2581.000000
2728.232910 2707.000000
2729.082031 2534.000000
2729.931396 2574.000000
2730.780029 2538.000000
2731.628174 2564.000000
2732.475586 2607.000000
2733.322266 2501.000000
2734.169189 2825.000000
2735.015137 2598.000000
2735.860596 2549.000000
2736.706055 2623.000000
2737.550537 2547.000000
2738.394775 2587.000000
2739.238770 2578.000000
2740.082031 2635.000000
2740.925293 2572.000000
2741.767578 2527.000000
2742.609375 2546.000000
2743.451172 2594.000000
2744.291748 2531.000000
2745.132324 2657.000000
2745.972656 2578.000000
2746.812012 2561.000000
2747.651855 2589.000000
2748.490234 2655.000000
2749.328125 2760.000000
2750.166748 2557.000000
2751.003906 2523.000000
2751.840576 2536.000000
2752.677246 2587.000000
2753.513184 2614.000000
2754.348633 2615.000000
2755.183838 2536.000000
2756.018311 2550.000000
2756.852783 2520.000000
2757.686523 2633.000000
2758.519775 2503.000000
2759.352539 2589.000000
2760.185059 2557.000000
2761.016846 2602.000000
2761.848633 2603.000000
2762.679443 2560.000000
2763.510498 2594.000000
2764.340332 2483.000000
2765.170410 2617.000000
2765.999756 2567.000000
2766.828125 2597.000000
2767.656738 2550.000000
2768.485107 2688.000000
2769.312500 2578.000000
2770.138916 2556.000000
2770.966309 2615.000000
2771.792236 2573.000000
2772.618164 2598.000000
2773.443848 2582.000000
2774.268311 2525.000000
2775.093018 2595.000000
2775.917236 2600.000000
2776.740479 2561.000000
2777.563965 2613.000000
2778.386475 2559.000000
2779.208740 2544.000000
2780.031006 2554.000000
2780.852539 2648.000000
2781.673828 2568.000000
2782.494385 2615.000000
2783.314453 2634.000000
2784.134277 2620.000000
2784.953613 2554.000000
2785.772217 2637.000000
2786.591309 2611.000000
2787.409180 2553.000000
2788.227051 2505.000000
2789.044189 2589.000000
2789.860840 2611.000000
2790.677490 2551.000000
2791.493164 2574.000000
2792.308838 2650.000000
2793.124268 2699.000000
2793.938477 2606.000000
2794.753174 2559.000000
2795.567383 2698.000000
2796.380615 2616.000000
2797.194092 2602.000000
2798.006348 2593.000000
2798.818359 2635.000000
2799.630615 2532.000000
2800.441895 2609.000000
2801.252930 2513.000000
2802.063721 2662.000000
2802.873779 2592.000000
2803.683594 2605.000000
2804.493164 2612.000000
2805.302002 2580.000000
2806.110840 2616.000000
2806.919189 2549.000000
2807.726563 2787.000000
2808.534668 2589.000000
2809.341064 2622.000000
2810.147949 2584.000000
2810.954346 2598.000000
2811.759521 2594.000000
2812.565186 2524.000000
2813.370361 2649.000000
2814.174805 2666.000000
2814.979004 2589.000000
2815.782715 2613.000000
2816.586182 2756.000000
2817.389404 2551.000000
2818.191895 2684.000000
2818.994141 2707.000000
2819.795898 2591.000000
2820.597168 2569.000000
2821.398926 2570.000000
2822.199219 2641.000000
2823.000000 2631.000000
2823.799805 2639.000000
2824.599121 2591.000000
2825.397949 2601.000000
2826.197266 2579.000000
2826.995361 2644.000000
2827.793701 2632.000000
2828.591064 2620.000000
2829.388184 2580.000000
2830.185303 2862.000000
2830.981689 2636.000000
2831.777344 2480.000000
2832.573730 2564.000000
2833.369141 2601.000000
2834.163574 2572.000000
2834.958496 2669.000000
2835.752686 2580.000000
2836.546875 2558.000000
2837.340088 2580.000000
2838.133301 2534.000000
2838.926025 2571.000000
2839.718506 2637.000000
2840.510010 2573.000000
2841.301758 2625.000000
2842.093262 2724.000000
2842.883789 2668.000000
2843.674805 2622.000000
2844.464844 2575.000000
2845.254883 2591.000000
2846.044189 2545.000000
2846.833008 2505.000000
2847.622314 2513.000000
2848.410400 2595.000000
2849.198242 2679.000000
2849.986572 2587.000000
2850.773193 2687.000000
2851.560791 2595.000000
2852.346924 2603.000000
2853.133057 2650.000000
2853.919434 2587.000000
2854.704834 2580.000000
2855.489746 2564.000000
2856.274902 2675.000000
2857.059082 2658.000000
2857.842773 2668.000000
2858.627197 2602.000000
2859.410645 2585.000000
2860.193604 2551.000000
2860.976563 2585.000000
2861.758545 2597.000000
2862.540771 2609.000000
2863.322266 2555.000000
2864.103760 2574.000000
2864.884766 2592.000000
2865.665283 2592.000000
2866.445801 2643.000000
2867.226074 2671.000000
2868.005615 2617.000000
2868.785156 2588.000000
2869.563965 2544.000000
2870.342773 2630.000000
2871.121094 2579.000000
2871.898926 2595.000000
2872.676514 2670.000000
2873.453857 2646.000000
2874.230957 2589.000000
2875.007813 2676.000000
2875.783936 2607.000000
2876.559814 2641.000000
2877.335938 2694.000000
2878.111084 2763.000000
2878.885986 2750.000000
2879.661133 2863.000000
2880.435303 2758.000000
2881.209229 2793.000000
2881.983398 2760.000000
2882.756592 2697.000000
2883.529785 2707.000000
2884.302246 2686.000000
2885.074951 2635.000000
2885.847168 2724.000000
2886.618896 2747.000000
2887.390381 2622.000000
2888.162354 2602.000000
2888.932617 2683.000000
2889.703613 2558.000000
2890.473633 2555.000000
2891.243652 2598.000000
2892.013916 2694.000000
2892.782227 2611.000000
2893.551270 2681.000000
2894.320313 2620.000000
2895.088867 2818.000000
2895.856934 2706.000000
2896.625000 2668.000000
2897.392578 2631.000000
2898.159668 2646.000000
2898.926514 2749.000000
2899.693115 2625.000000
2900.459717 2625.000000
2901.225586 2591.000000
2901.991699 2626.000000
2902.756836 2618.000000
2903.521973 2611.000000
2904.287109 2615.000000
2905.051758 2632.000000
2905.815674 2602.000000
2906.580078 3041.000000
2907.343262 2676.000000
2908.106445 2647.000000
2908.870361 2581.000000
2909.632813 2581.000000
2910.395264 2675.000000
2911.157715 2689.000000
2911.919922 2632.000000
2912.681885 2596.000000
2913.443359 2687.000000
2914.203857 2632.000000
2914.965088 2632.000000
