scanname Scan022
timestamp 2024-03-06 14:24:54
ccdbias 1032.735352
ccdgain 4.045375
sigmaread 10.387852
laserwavenum -0.489132
wavenumcorrection -0.162699
scancount 2
totalexposurems 3075
singleexposurems 3000
measurementstate Unknown
scanmode Auto
snr 37.128487 14.151444 8.455178
replacelist 0
peaks 20
294.916992 0.063119 0.000000 0.332074 0.000038
388.978424 0.063727 0.000000 1.195741 0.000116
497.055267 0.031575 0.000000 0.347811 0.000018
647.205505 0.087504 0.000000 8.266956 0.000621
699.766296 0.027235 0.000000 0.143442 0.000009
751.372375 0.033361 0.000000 0.936943 0.000081
814.757568 0.093981 0.000000 2.494661 0.000285
860.656189 0.115195 0.000000 5.087164 0.000534
930.649536 0.030548 0.000000 0.243257 0.000013
1001.257996 0.037349 0.000000 0.561745 0.000083
1111.831299 0.118731 0.000000 7.935023 0.000992
1162.944458 0.107362 0.000000 1.588924 0.000323
1238.276367 0.167811 0.000000 1.278171 0.000338
1246.770386 0.172386 0.000000 1.936203 0.000293
1266.154907 0.154287 0.000000 0.466138 0.000129
1329.477905 0.205055 0.000000 4.217166 0.000891
1393.803833 0.058665 0.000000 0.192947 0.000023
1451.382813 0.047379 0.000000 0.131691 0.000022
1485.677002 0.054390 0.000000 0.233915 0.000076
1580.089478 0.078605 0.000000 0.794367 0.000367
finalresult GLS_NoMatch 0
spectrum 2048
-92.196793 70.643776
-89.571587 71.000534
-86.948265 69.758827
-84.326828 64.057983
-81.707275 60.614643
-79.089615 60.166656
-76.473831 58.216496
-73.859924 60.344311
-71.247902 59.081333
-68.637756 52.561901
-66.029472 50.917278
-63.423061 49.220203
-60.818527 46.169231
-58.215858 42.066067
-55.615051 39.646637
-53.016113 38.043198
-50.419037 34.632401
-47.823814 32.476269
-45.230450 29.139944
-42.638947 26.511879
-40.049297 23.958319
-37.461494 20.901430
-34.875538 18.363697
-32.291435 16.273050
-29.709179 14.178713
-27.128757 12.252123
-24.550188 10.881896
-21.973461 9.416794
-19.398560 7.906700
-16.825497 5.993896
-14.254275 0.652737
-11.684884 0.225094
-9.117316 0.180718
-6.551576 0.193111
-3.987670 0.225650
-1.425589 0.236570
1.134678 0.248178
3.693125 0.238926
6.249746 0.302750
8.804550 0.991594
11.357547 1.782516
13.908731 1.824261
16.458097 1.806356
19.005655 1.824002
21.551416 1.863268
24.095367 1.847355
26.637510 1.826017
29.177853 1.887345
31.716400 1.764602
34.253151 1.762643
36.788113 1.804429
39.321266 1.701000
41.852634 1.710924
44.382214 1.735641
46.909992 1.719600
49.436001 1.570015
51.960232 1.470057
54.482674 1.416120
57.003330 1.320744
59.522198 1.219453
62.039307 1.085073
64.554634 1.182576
67.068176 1.297577
69.579964 1.185527
72.089973 1.275474
74.598236 1.210006
77.104721 1.071085
79.609428 1.121059
82.112389 1.122066
84.613602 1.292946
87.113022 0.996796
89.610703 1.043115
92.106636 0.954166
94.600815 0.813169
97.093246 1.021248
99.583916 0.894149
102.072845 0.901182
104.560036 0.793565
107.045479 0.860105
109.529175 0.841664
112.011131 0.693473
114.491364 0.777004
116.969849 0.660507
119.446602 0.688733
121.921631 0.563440
124.394913 0.462555
126.866463 0.384102
129.336319 0.372347
131.804413 0.332868
134.270798 0.266544
136.735474 0.239744
139.198425 0.226786
141.659653 0.211781
144.119156 0.199704
146.576920 0.190956
149.033020 0.178887
151.487381 0.177862
153.940063 0.160042
156.391022 0.158642
158.840271 0.152322
161.287827 0.143671
163.733658 0.136459
166.177811 0.136120
168.620239 0.127597
171.060989 0.125495
173.500061 0.120754
175.937424 0.112768
178.373093 0.111180
180.807053 0.103453
183.239380 0.102602
185.669968 0.100978
188.098892 0.099402
190.526123 0.096414
192.951691 0.093717
195.375580 0.091993
197.797791 0.093193
200.218323 0.088851
202.637161 0.087287
205.054321 0.088276
207.469849 0.087040
209.883682 0.084669
212.295883 0.085938
214.706390 0.085203
217.115250 0.082580
219.522400 0.081673
221.927933 0.080583
224.331802 0.078362
226.734009 0.076445
229.134583 0.075814
231.533493 0.074694
233.930740 0.073422
236.326355 0.071620
238.720306 0.071534
241.112579 0.070655
243.503235 0.070180
245.892258 0.068534
248.279648 0.067258
250.665390 0.065241
253.049500 0.065302
255.431961 0.063919
257.812744 0.063566
260.191956 0.065280
262.569519 0.063601
264.945435 0.063459
267.319763 0.061039
269.692444 0.061369
272.063507 0.060188
274.432953 0.060464
276.800751 0.060800
279.166931 0.060527
281.531525 0.061772
283.894470 0.060597
286.255798 0.062546
288.615540 0.063159
290.973663 0.062739
293.330170 0.062226
295.685059 0.063578
298.038330 0.063094
300.390045 0.062003
302.740143 0.060961
305.088654 0.058668
307.435516 0.056837
309.780792 0.055098
312.124481 0.053461
314.466553 0.048093
316.807068 0.047855
319.145996 0.045991
321.483307 0.043993
323.819061 0.043928
326.153168 0.041993
328.485748 0.040578
330.816742 0.039642
333.146118 0.038915
335.473938 0.037945
337.800171 0.038044
340.124817 0.037304
342.447906 0.037373
344.769409 0.037546
347.089386 0.036974
349.407745 0.036921
351.724518 0.036769
354.039734 0.035120
356.353394 0.036490
358.665497 0.036252
360.976013 0.037127
363.284973 0.038247
365.592407 0.037724
367.898285 0.039456
370.202576 0.043266
372.505280 0.044700
374.806488 0.046974
377.106140 0.050836
379.404205 0.055070
381.700745 0.058094
383.995728 0.058842
386.289185 0.064758
388.581146 0.064614
390.871460 0.062228
393.160278 0.060840
395.447571 0.059596
397.733307 0.057900
400.017426 0.055833
402.300110 0.056123
404.581238 0.054940
406.860840 0.052299
409.138916 0.050189
411.415497 0.046808
413.690491 0.046490
415.963989 0.043682
418.235962 0.043183
420.506378 0.041102
422.775330 0.038275
425.042725 0.036534
427.308594 0.034273
429.572998 0.034024
431.835846 0.031437
434.097107 0.031206
436.356964 0.031762
438.615265 0.030334
440.872070 0.030641
443.127350 0.030559
445.381165 0.030054
447.633484 0.028752
449.884277 0.029703
452.133545 0.028517
454.381348 0.029319
456.627625 0.028282
458.872406 0.030109
461.115723 0.028972
463.357513 0.030469
465.597809 0.027894
467.836639 0.029481
470.073944 0.028896
472.309753 0.029298
474.544098 0.029832
476.776978 0.030724
479.008331 0.029537
481.238220 0.029642
483.466644 0.028817
485.693604 0.027826
487.919067 0.030260
490.143036 0.031890
492.365540 0.030019
494.586578 0.032877
496.806152 0.030153
499.024231 0.031592
501.240845 0.032226
503.455994 0.030953
505.669678 0.029260
507.881897 0.029310
510.092621 0.028854
512.301941 0.029312
514.509766 0.029433
516.716187 0.027554
518.921143 0.027597
521.124573 0.027733
523.326538 0.027521
525.527100 0.027284
527.726196 0.026684
529.923950 0.026856
532.120056 0.026756
534.314819 0.026498
536.508118 0.027644
538.700012 0.027178
540.890442 0.027186
543.079346 0.026642
545.266907 0.026290
547.453003 0.026997
549.637573 0.028753
551.820862 0.026197
554.002625 0.026439
556.182983 0.026662
558.361877 0.026791
560.539368 0.026583
562.715393 0.025794
564.890015 0.025864
567.063232 0.027148
569.235107 0.024595
571.405396 0.025577
573.574341 0.025980
575.741760 0.026407
577.907837 0.023791
580.072510 0.026043
582.235779 0.026295
584.397644 0.026071
586.558044 0.024176
588.716980 0.025042
590.874634 0.025903
593.030823 0.025359
595.185547 0.025450
597.338928 0.025365
599.490906 0.025607
601.641479 0.025253
603.790588 0.025338
605.938354 0.025544
608.084717 0.025213
610.229614 0.025528
612.373108 0.026008
614.515259 0.027056
616.656067 0.027828
618.795349 0.028422
620.933411 0.027682
623.070007 0.028648
625.205078 0.030509
627.338989 0.030064
629.471375 0.033582
631.602356 0.035984
633.732056 0.036594
635.860168 0.042102
637.987183 0.046566
640.112610 0.057811
642.236816 0.069984
644.359375 0.081691
646.480774 0.087728
648.600708 0.087686
650.719299 0.080053
652.836548 0.067042
654.952393 0.054399
657.066895 0.043026
659.180054 0.038342
661.291687 0.030708
663.402100 0.028655
665.511169 0.026339
667.618835 0.025884
669.725098 0.027515
671.829956 0.024753
673.933533 0.026183
676.035828 0.025803
678.136597 0.024271
680.236023 0.024680
682.334167 0.025860
684.430908 0.024858
686.526367 0.025850
688.620544 0.026449
690.713135 0.025669
692.804565 0.027054
694.894653 0.027769
696.983276 0.028027
699.070618 0.026839
701.156677 0.026898
703.241272 0.027316
705.324585 0.026805
707.406494 0.027027
709.487183 0.025487
711.566406 0.025831
713.644287 0.025848
715.720947 0.024530
717.796265 0.025174
719.870178 0.027438
721.942871 0.025421
724.014099 0.025191
726.084045 0.025652
728.152710 0.024556
730.220032 0.025074
732.286011 0.026297
734.350708 0.026864
736.413940 0.025019
738.475952 0.025577
740.536682 0.028054
742.596008 0.028153
744.654114 0.029534
746.710754 0.029010
748.766174 0.032604
750.820313 0.035336
752.873108 0.033980
754.924622 0.032100
756.974731 0.029937
759.023621 0.028769
761.071167 0.030753
763.117371 0.029571
765.162354 0.028273
767.205994 0.027831
769.248291 0.028835
771.289368 0.029974
773.329041 0.028513
775.367493 0.029927
777.404541 0.032487
779.440308 0.032998
781.474854 0.034941
783.508118 0.035070
785.540039 0.036362
787.570679 0.040226
789.600037 0.041467
791.628174 0.044116
793.654907 0.048663
795.680420 0.051536
797.704590 0.058064
799.727478 0.062803
801.749084 0.068249
803.769470 0.073269
805.788513 0.079933
807.806274 0.084430
809.822815 0.087182
811.838074 0.090735
813.851990 0.094516
815.864563 0.093981
817.875977 0.091448
819.886047 0.085044
821.895020 0.080182
823.902466 0.075365
825.908875 0.070931
827.913879 0.069501
829.917542 0.066769
831.920105 0.066349
833.921204 0.067752
835.921265 0.068554
837.919861 0.070545
839.917358 0.072738
841.913513 0.073713
843.908508 0.075983
845.902100 0.082549
847.894470 0.087152
849.885620 0.091756
851.875549 0.098058
853.864075 0.100819
855.851501 0.106985
857.837524 0.111109
859.822449 0.113487
861.806030 0.116067
863.788391 0.111148
865.769531 0.099118
867.749329 0.088321
869.728027 0.071694
871.705322 0.056680
873.681519 0.045389
875.656372 0.040323
877.630066 0.036318
879.602417 0.034160
881.573608 0.032332
883.543457 0.032620
885.512268 0.032446
887.479614 0.031543
889.445862 0.030741
891.410828 0.030445
893.374512 0.030893
895.337097 0.028794
897.298340 0.030413
899.258423 0.028139
901.217163 0.029499
903.174805 0.030201
905.131165 0.027701
907.086426 0.027905
909.040283 0.027260
910.993042 0.027489
912.944397 0.026391
914.894714 0.028309
916.843689 0.027861
918.791565 0.028971
920.738098 0.029332
922.683411 0.029208
924.627625 0.029425
926.570618 0.030259
928.512390 0.030979
930.452759 0.030075
932.392090 0.030124
934.330139 0.030746
936.267151 0.031946
938.202759 0.030152
940.137268 0.027479
942.070435 0.030261
944.002625 0.027559
945.933411 0.029550
947.863098 0.028000
949.791504 0.028976
951.718811 0.028419
953.644653 0.028474
955.569519 0.028741
957.493225 0.028235
959.415588 0.028281
961.336975 0.027256
963.256958 0.026127
965.175781 0.029420
967.093445 0.030023
969.010010 0.027318
970.925171 0.027035
972.839355 0.028475
974.752197 0.026767
976.663940 0.027960
978.574402 0.028250
980.483826 0.028080
982.391907 0.028808
984.298828 0.030585
986.204651 0.030057
988.109192 0.031423
990.012756 0.032921
991.914917 0.033540
993.815979 0.035674
995.715820 0.035458
997.614624 0.035502
999.512085 0.036466
1001.408569 0.037094
1003.303528 0.038407
1005.197693 0.036305
1007.090454 0.034312
1008.982178 0.031365
1010.872681 0.030200
1012.761902 0.028847
1014.650146 0.030423
1016.537048 0.028395
1018.422974 0.028889
1020.307434 0.029558
1022.191040 0.028416
1024.073242 0.027502
1025.954590 0.026824
1027.834473 0.028861
1029.713379 0.029433
1031.591064 0.030612
1033.467651 0.027823
1035.343018 0.029294
1037.217163 0.029450
1039.090088 0.027125
1040.962036 0.028092
1042.832764 0.029286
1044.702271 0.027704
1046.570923 0.026924
1048.437988 0.026380
1050.304321 0.029299
1052.169189 0.028422
1054.033081 0.026409
1055.895752 0.028951
1057.757324 0.027917
1059.617676 0.027414
1061.476929 0.029556
1063.334961 0.028261
1065.192017 0.027735
1067.047852 0.027680
1068.902588 0.029610
1070.755859 0.030037
1072.608398 0.030616
1074.459717 0.029319
1076.309814 0.029255
1078.158813 0.030362
1080.006714 0.029807
1081.853394 0.031533
1083.698975 0.030265
1085.543457 0.030829
1087.386719 0.033345
1089.228882 0.034383
1091.070068 0.034419
1092.909912 0.036744
1094.748901 0.039847
1096.586548 0.041406
1098.422974 0.045459
1100.258545 0.051447
1102.092651 0.057087
1103.925903 0.069601
1105.757935 0.083804
1107.588745 0.098637
1109.418579 0.112097
1111.247314 0.118514
1113.074951 0.119455
1114.901367 0.109169
1116.726685 0.094229
1118.550903 0.083496
1120.374023 0.072716
1122.195923 0.066329
1124.017090 0.055743
1125.836670 0.050002
1127.655396 0.047706
1129.472900 0.044041
1131.289307 0.043196
1133.104614 0.043179
1134.918823 0.047331
1136.731934 0.046609
1138.544067 0.047276
1140.354980 0.052601
1142.164673 0.053964
1143.973389 0.058170
1145.780884 0.064015
1147.587646 0.069217
1149.392944 0.072598
1151.197144 0.079020
1153.000244 0.087161
1154.802368 0.092329
1156.603394 0.098698
1158.403320 0.100610
1160.202026 0.104516
1161.999634 0.107787
1163.796387 0.107824
1165.591797 0.104301
1167.386230 0.100287
1169.179565 0.095411
1170.971802 0.090274
1172.762939 0.078384
1174.553101 0.072869
1176.341919 0.065287
1178.129883 0.060764
1179.916504 0.052678
1181.702271 0.049427
1183.486938 0.045355
1185.270508 0.042407
1187.052979 0.044030
1188.834229 0.044521
1190.614502 0.043436
1192.393677 0.045487
1194.171753 0.042339
1195.948975 0.046308
1197.724854 0.047532
1199.499512 0.044924
1201.273560 0.047873
1203.046265 0.048762
1204.817871 0.050061
1206.588501 0.049092
1208.358154 0.049907
1210.126465 0.051752
1211.893921 0.050502
1213.660156 0.054786
1215.425415 0.055190
1217.189575 0.056902
1218.952515 0.058393
1220.714600 0.059348
1222.475464 0.067042
1224.235474 0.074781
1225.994385 0.079848
1227.751953 0.087894
1229.508789 0.100022
1231.264404 0.111387
1233.018921 0.118876
1234.772461 0.133045
1236.524902 0.140728
1238.276367 0.151912
1240.026489 0.161835
1241.775879 0.163288
1243.524048 0.166746
1245.271240 0.172252
1247.017212 0.174884
1248.762329 0.170082
1250.506226 0.168262
1252.249146 0.167717
1253.991089 0.162932
1255.731934 0.161221
1257.471680 0.154656
1259.210449 0.149266
1260.948120 0.144121
1262.684692 0.138035
1264.420288 0.135793
1266.154907 0.128390
1267.888306 0.126599
1269.620728 0.114298
1271.352295 0.106539
1273.082397 0.098429
1274.811768 0.091340
1276.540161 0.087275
1278.267212 0.083904
1279.993530 0.076847
1281.718506 0.075374
1283.442749 0.072979
1285.165649 0.073152
1286.887817 0.072263
1288.608765 0.069867
1290.328857 0.070038
1292.047729 0.069571
1293.765625 0.068014
1295.482422 0.068483
1297.198242 0.070151
1298.912842 0.068149
1300.626709 0.067346
1302.339355 0.067768
1304.051025 0.074192
1305.761841 0.075010
1307.471436 0.081941
1309.180054 0.088424
1310.887573 0.092961
1312.594116 0.102401
1314.299561 0.111809
1316.004150 0.123714
1317.707520 0.134508
1319.410034 0.146613
1321.111450 0.160491
1322.811890 0.175742
1324.511108 0.187734
1326.209595 0.195032
1327.906982 0.203118
1329.603149 0.207012
1331.298462 0.199848
1332.992676 0.193977
1334.686035 0.181649
1336.378296 0.162482
1338.069458 0.145699
1339.759644 0.130069
1341.448975 0.117831
1343.137085 0.105166
1344.824341 0.096492
1346.510376 0.087014
1348.195557 0.076504
1349.879517 0.074051
1351.562744 0.069098
1353.244751 0.067092
1354.925903 0.061566
1356.606201 0.061551
1358.285278 0.058372
1359.963257 0.059190
1361.640259 0.056768
1363.316528 0.055641
1364.991577 0.055972
1366.665405 0.056527
1368.338623 0.055986
1370.010742 0.053971
1371.681641 0.054570
1373.351929 0.053564
1375.020874 0.055779
1376.688843 0.055881
1378.355835 0.057137
1380.022217 0.055263
1381.687134 0.056441
1383.351196 0.057363
1385.014282 0.057741
1386.676147 0.058242
1388.337402 0.056116
1389.997559 0.057801
1391.656494 0.062295
1393.314697 0.060227
1394.971802 0.058446
1396.627808 0.055571
1398.282959 0.058547
1399.937134 0.056124
1401.590454 0.057226
1403.242310 0.058380
1404.893677 0.055826
1406.543701 0.053776
1408.193115 0.054625
1409.841187 0.050749
1411.488281 0.054470
1413.134766 0.048746
1414.779907 0.048078
1416.424316 0.046292
1418.067383 0.048606
1419.709839 0.045511
1421.351196 0.046716
1422.991455 0.047664
1424.630737 0.047297
1426.269165 0.046837
1427.906494 0.043676
1429.542969 0.044034
1431.178467 0.045561
1432.812866 0.044226
1434.446411 0.045416
1436.078857 0.042019
1437.710449 0.046090
1439.341187 0.041523
1440.970825 0.043598
1442.599243 0.047159
1444.226929 0.045593
1445.853638 0.046671
1447.479370 0.047118
1449.104004 0.047546
1450.727905 0.048750
1452.350586 0.046044
1453.972534 0.047693
1455.593384 0.047900
1457.213257 0.045195
1458.832153 0.046110
1460.450073 0.046465
1462.067017 0.044402
1463.683228 0.046182
1465.298340 0.046235
1466.912354 0.042278
1468.525635 0.044619
1470.137695 0.045931
1471.748901 0.044909
1473.359253 0.044852
1474.968750 0.046064
1476.576782 0.048907
1478.184326 0.049976
1479.790771 0.050670
1481.396240 0.053255
1483.000732 0.052992
1484.604370 0.054323
1486.206665 0.055535
1487.808472 0.054436
1489.409302 0.053295
1491.008911 0.052036
1492.607666 0.050481
1494.205688 0.050710
1495.802368 0.050179
1497.398315 0.049146
1498.993408 0.047994
1500.587280 0.048854
1502.180542 0.046707
1503.772583 0.046844
1505.363647 0.046931
1506.953979 0.045729
1508.543213 0.044497
1510.131592 0.043473
1511.719116 0.042522
1513.305420 0.044000
1514.890869 0.042559
1516.475586 0.043383
1518.059326 0.039533
1519.641724 0.040816
1521.223511 0.041946
1522.804443 0.040396
1524.384399 0.040166
1525.963135 0.039807
1527.541016 0.036874
1529.118286 0.039246
1530.694214 0.037548
1532.269287 0.039778
1533.843628 0.039964
1535.416870 0.039251
1536.989502 0.037078
1538.560547 0.038660
1540.130981 0.038505
1541.700684 0.036714
1543.269287 0.039018
1544.837036 0.037851
1546.403809 0.039736
1547.969482 0.039235
1549.534180 0.038992
1551.098267 0.037770
1552.661377 0.039367
1554.223511 0.043306
1555.784546 0.043199
1557.344849 0.041412
1558.904053 0.041938
1560.462646 0.040871
1562.020020 0.042940
1563.576538 0.045695
1565.132080 0.045285
1566.686646 0.048335
1568.240479 0.050377
1569.793335 0.052812
1571.345215 0.060599
1572.896240 0.064154
1574.446167 0.065471
1575.995239 0.075463
1577.543701 0.075263
1579.090698 0.077764
1580.637207 0.077016
1582.182739 0.078732
1583.727417 0.073335
1585.270630 0.067371
1586.813477 0.065704
1588.355225 0.060876
1589.896118 0.055971
1591.435913 0.052399
1592.975098 0.053123
1594.513062 0.051574
1596.050171 0.049461
1597.586548 0.048983
1599.121948 0.046803
1600.656494 0.044875
1602.189819 0.044606
1603.722534 0.043122
1605.254395 0.039275
1606.785156 0.042132
1608.314941 0.043222
1609.843994 0.039834
1611.372070 0.038214
1612.899048 0.037068
1614.425537 0.037291
1615.950806 0.036391
1617.475342 0.038217
1618.998535 0.037177
1620.521484 0.036187
1622.043213 0.035730
1623.563965 0.032967
1625.083740 0.035633
1626.603027 0.033173
1628.120972 0.033666
1629.638306 0.034555
1631.154419 0.036769
1632.669922 0.033313
1634.184570 0.035942
1635.697998 0.031681
1637.210693 0.031985
1638.722534 0.034880
1640.233521 0.033239
1641.743530 0.034965
1643.252441 0.033194
1644.760742 0.033520
1646.268066 0.031198
1647.774414 0.033318
1649.279785 0.032676
1650.784668 0.034233
1652.288452 0.032364
1653.791260 0.033179
1655.293091 0.030595
1656.794312 0.027947
1658.294556 0.030518
1659.793701 0.031556
1661.291992 0.029697
1662.789551 0.032306
1664.286011 0.027828
1665.781738 0.031203
1667.276489 0.033886
1668.770508 0.029582
1670.263550 0.028643
1671.755615 0.029643
1673.247070 0.028331
1674.737305 0.030875
1676.226807 0.029179
1677.715454 0.031406
1679.203125 0.031553
1680.690186 0.030025
1682.175903 0.029330
1683.661011 0.029587
1685.145386 0.031983
1686.628296 0.030739
1688.110840 0.027124
1689.592285 0.030111
1691.072998 0.030482
1692.552734 0.029624
1694.031738 0.030155
1695.509644 0.032529
1696.986938 0.030673
1698.462891 0.030475
1699.938477 0.028038
1701.412842 0.027700
1702.886597 0.029496
1704.359253 0.030188
1705.831299 0.030808
1707.302246 0.030469
1708.772095 0.030950
1710.241455 0.028955
1711.709961 0.028859
1713.177368 0.031022
1714.644043 0.030991
1716.109497 0.031752
1717.574585 0.031179
1719.038574 0.028564
1720.501709 0.030360
1721.963867 0.029708
1723.425415 0.029527
1724.885986 0.029717
1726.345337 0.027513
1727.804321 0.027835
1729.262207 0.029847
1730.719360 0.027237
1732.175293 0.033219
1733.630615 0.027985
1735.085205 0.028464
1736.538574 0.024871
1737.991333 0.028468
1739.443237 0.029096
1740.894165 0.031186
1742.344116 0.028315
1743.793579 0.028696
1745.241821 0.026722
1746.689575 0.026294
1748.135986 0.030425
1749.581909 0.032510
1751.026855 0.029395
1752.470947 0.029563
1753.914063 0.026238
1755.356323 0.028110
1756.797852 0.024228
1758.238525 0.028613
1759.678223 0.026336
1761.117188 0.028456
1762.555298 0.030075
1763.992432 0.026225
1765.428833 0.029873
1766.864380 0.029151
1768.298950 0.026806
1769.732666 0.025203
1771.165527 0.023000
1772.597778 0.029638
1774.029053 0.026724
1775.459106 0.025522
1776.888672 0.025617
1778.317627 0.028671
1779.745239 0.027117
1781.171997 0.025566
1782.598267 0.024834
1784.023682 0.025769
1785.447754 0.024776
1786.871460 0.026406
1788.294189 0.028133
1789.716064 0.027565
1791.136963 0.024809
1792.557251 0.029241
1793.976563 0.028713
1795.395020 0.025505
1796.812500 0.026704
1798.229370 0.027125
1799.645264 0.025227
1801.060181 0.028436
1802.474487 0.024080
1803.887939 0.027203
1805.300659 0.028109
1806.712158 0.024735
1808.123047 0.025882
1809.533081 0.024899
1810.942383 0.024970
1812.350342 0.026071
1813.758057 0.022647
1815.164795 0.024352
1816.570435 0.026647
1817.975342 0.027111
1819.379395 0.025297
1820.782837 0.025352
1822.185181 0.025825
1823.586914 0.026419
1824.987793 0.027334
1826.387695 0.024597
1827.786621 0.023264
1829.184937 0.028039
1830.582275 0.025058
1831.979004 0.025874
1833.374634 0.025378
1834.769653 0.025297
1836.163818 0.024263
1837.557007 0.024588
1838.949341 0.023361
1840.341064 0.025087
1841.731812 0.024734
1843.121826 0.023581
1844.510620 0.024283
1845.899048 0.025659
1847.286621 0.026335
1848.672974 0.021469
1850.058716 0.024041
1851.443848 0.026109
1852.827881 0.025515
1854.211060 0.020676
1855.593750 0.026872
1856.975098 0.020637
1858.356079 0.023602
1859.735840 0.023454
1861.115112 0.025374
1862.493530 0.021075
1863.871094 0.025121
1865.247681 0.023377
1866.623413 0.026168
1867.998413 0.025840
1869.372437 0.022519
1870.745850 0.023391
1872.118530 0.025932
1873.490234 0.026633
1874.861084 0.024350
1876.231201 0.026441
1877.600586 0.026232
1878.969116 0.026920
1880.336426 0.023990
1881.703369 0.024363
1883.069214 0.028063
1884.434570 0.024787
1885.798828 0.027559
1887.162231 0.023925
1888.525024 0.022335
1889.886841 0.024334
1891.248047 0.021982
1892.608276 0.024887
1893.967651 0.025982
1895.326172 0.025545
1896.683960 0.023484
1898.041016 0.022379
1899.397339 0.023328
1900.752563 0.023583
1902.107056 0.022707
1903.460938 0.022657
1904.813965 0.023466
1906.165771 0.023682
1907.517090 0.025194
1908.867798 0.023827
1910.217407 0.025744
1911.566040 0.022365
1912.914307 0.021934
1914.261475 0.023914
1915.607788 0.023146
1916.953369 0.024145
1918.298340 0.024605
1919.642456 0.025389
1920.985474 0.021151
1922.327881 0.025544
1923.669434 0.026728
1925.010498 0.023079
1926.350220 0.022612
1927.689453 0.024919
1929.027832 0.021518
1930.365479 0.024555
1931.702026 0.026483
1933.037842 0.023461
1934.373047 0.022548
1935.707275 0.024266
1937.040894 0.025519
1938.373535 0.024740
1939.705688 0.025168
1941.036743 0.018260
1942.367188 0.020806
1943.696655 0.021646
1945.025513 0.023203
1946.353027 0.022830
1947.680176 0.022218
1949.006714 0.025153
1950.332153 0.023054
1951.656738 0.022245
1952.980835 0.023519
1954.303833 0.023286
1955.626099 0.020827
1956.947754 0.019991
1958.268188 0.025039
1959.588379 0.021917
1960.907349 0.022864
1962.225830 0.023029
1963.543457 0.021508
1964.860352 0.019539
1966.176147 0.024228
1967.491211 0.022708
1968.805664 0.020189
1970.119263 0.022413
1971.431641 0.021005
1972.744019 0.021547
1974.055176 0.022518
1975.365479 0.025110
1976.675049 0.024541
1977.984009 0.019882
1979.292114 0.013842
1980.599121 0.020242
1981.905518 0.020483
1983.211426 0.022665
1984.516357 0.021468
1985.820190 0.023943
1987.123657 0.020989
1988.426147 0.021763
1989.727905 0.018390
1991.028809 0.021246
1992.328857 0.023174
1993.628174 0.017300
1994.926636 0.020224
1996.224609 0.021759
1997.521729 0.018004
1998.817871 0.018063
2000.113159 0.019996
2001.407837 0.014490
2002.701782 0.022241
2003.994873 0.018035
2005.287231 0.021855
2006.578735 0.019684
2007.869385 0.022188
2009.159424 0.019253
2010.448486 0.019221
2011.736938 0.017322
2013.024536 0.022027
2014.311523 0.018781
2015.597290 0.024734
2016.882813 0.017689
2018.167480 0.018443
2019.450806 0.017543
2020.733765 0.019524
2022.016113 0.021266
2023.297241 0.018121
2024.577881 0.018379
2025.857666 0.016132
2027.136963 0.022103
2028.415161 0.016965
2029.692627 0.022842
2030.969360 0.019608
2032.245361 0.019903
2033.520508 0.015665
2034.794922 0.020380
2036.068481 0.016918
2037.341431 0.018403
2038.613281 0.019887
2039.884766 0.020433
2041.155273 0.016459
2042.425293 0.016690
2043.693970 0.021531
2044.962280 0.022167
2046.229858 0.021587
2047.496338 0.018426
2048.761963 0.023499
2050.027100 0.015497
2051.291748 0.014294
2052.555420 0.016990
2053.817871 0.018033
2055.080078 0.017819
2056.341309 0.023152
2057.601807 0.018503
2058.861572 0.018671
2060.120605 0.021284
2061.378906 0.021495
2062.636230 0.018867
2063.893066 0.018940
2065.148926 0.018549
2066.404053 0.016435
2067.658447 0.018807
2068.912354 0.022072
2070.165039 0.020900
2071.417480 0.017901
2072.668457 0.018641
2073.918945 0.021374
2075.168945 0.018577
2076.417969 0.018401
2077.666260 0.020377
2078.913818 0.018930
2080.160645 0.019085
2081.406494 0.014095
2082.651855 0.017478
2083.896484 0.017307
2085.140137 0.016591
2086.382813 0.019671
2087.625000 0.018176
2088.866943 0.017473
2090.107666 0.018722
2091.347168 0.017440
2092.586670 0.017560
2093.824951 0.021990
2095.062744 0.018943
2096.299805 0.016576
2097.535645 0.018370
2098.771240 0.021783
2100.005859 0.018031
2101.239746 0.019307
2102.473145 0.018340
2103.705322 0.016149
2104.936768 0.015662
2106.167969 0.017202
2107.398193 0.014955
2108.627441 0.021496
2109.855957 0.015626
2111.083740 0.020702
2112.311035 0.018936
2113.537598 0.014498
2114.762939 0.019300
2115.987793 0.020760
2117.211914 0.020205
2118.435059 0.019817
2119.657959 0.017217
2120.880127 0.018832
2122.101318 0.017221
2123.321289 0.016108
2124.541016 0.015085
2125.760010 0.017953
2126.978516 0.017453
2128.195557 0.018474
2129.412109 0.018318
2130.627930 0.013374
2131.843262 0.017049
2133.057861 0.014077
2134.271484 0.013901
2135.484375 0.017274
2136.696533 0.013836
2137.907715 0.018739
2139.118652 0.019526
2140.328857 0.017601
2141.537842 0.018174
2142.746094 0.018227
2143.954102 0.018982
2145.161133 0.015651
2146.367188 0.014319
2147.572754 0.017654
2148.777588 0.017928
2149.981689 0.017195
2151.184570 0.014620
2152.387695 0.018258
2153.589355 0.015038
2154.790283 0.017461
2155.990479 0.018705
2157.190186 0.012371
2158.389160 0.017757
2159.586914 0.016360
2160.784424 0.021547
2161.981201 0.019886
2163.177246 0.020431
2164.372070 0.015703
2165.566650 0.014606
2166.760498 0.019657
2167.953613 0.013477
2169.145752 0.018159
2170.337158 0.010402
2171.528320 0.017485
2172.718262 0.012849
2173.907471 0.017915
2175.095947 0.019910
2176.283691 0.013420
2177.470703 0.017304
2178.657471 0.014844
2179.843018 0.017153
2181.028076 0.014269
2182.211914 0.014841
2183.395752 0.019823
2184.578369 0.013232
2185.760498 0.017425
2186.941162 0.017566
2188.122070 0.016421
2189.302246 0.020088
2190.481201 0.013544
2191.659424 0.012305
2192.837402 0.014821
2194.014160 0.016249
2195.189941 0.016114
2196.365479 0.017379
2197.540283 0.016961
2198.714600 0.019272
2199.887451 0.011818
2201.060059 0.017936
2202.231934 0.011294
2203.403320 0.015459
2204.573730 0.019317
2205.743408 0.020807
2206.912598 0.013796
2208.080566 0.014223
2209.248047 0.017433
2210.414795 0.010073
2211.581055 0.018683
2212.746094 0.014241
2213.910645 0.018239
2215.074707 0.014700
2216.238037 0.014796
2217.400391 0.017236
2218.562012 0.015513
2219.723389 0.015452
2220.883545 0.011020
2222.043213 0.015966
2223.202148 0.014701
2224.360352 0.010298
2225.517822 0.016095
2226.674316 0.015643
2227.830566 0.013317
2228.985596 0.017146
2230.140381 0.015763
2231.293945 0.011166
2232.447266 0.013945
2233.599609 0.016203
2234.751221 0.020012
2235.902344 0.015624
2237.052734 0.017214
2238.202393 0.020239
2239.351074 0.015191
2240.499512 0.020868
2241.647217 0.016721
2242.793701 0.013559
2243.939453 0.019114
2245.085205 0.015824
2246.229492 0.013491
2247.373535 0.011861
2248.516846 0.011274
2249.659180 0.012794
2250.801270 0.019247
2251.941895 0.012099
2253.082764 0.014305
2254.222168 0.016341
2255.361084 0.017500
2256.499512 0.021356
2257.636963 0.021590
2258.773682 0.011876
2259.909912 0.011952
2261.045166 0.016708
2262.179932 0.014549
2263.313965 0.016290
2264.447510 0.015114
2265.579834 0.020490
2266.711914 0.012423
2267.843262 0.014020
2268.973389 0.013021
2270.103271 0.014605
2271.232910 0.018356
2272.360840 0.016319
2273.488525 0.011550
2274.615723 0.013334
2275.741943 0.014030
2276.867676 0.011787
2277.992188 0.013579
2279.116699 0.017636
2280.240234 0.015553
2281.363037 0.015526
2282.485107 0.012283
2283.606445 0.017993
2284.727295 0.016899
2285.846924 0.019659
2286.966553 0.016311
2288.084961 0.019418
2289.202881 0.013011
2290.320313 0.016179
2291.436768 0.018621
2292.552734 0.013048
2293.667969 0.013149
2294.782227 0.010121
2295.895996 0.014866
2297.009277 0.014911
2298.121826 0.015281
2299.232910 0.019917
2300.344238 0.018347
2301.454346 0.007810
2302.563965 0.014854
2303.672852 0.014142
2304.781494 0.018112
2305.888672 0.014814
2306.995605 0.021844
2308.101807 0.009770
2309.207275 0.009801
2310.312256 0.012778
2311.416016 0.016896
2312.519531 0.013723
2313.622314 0.017314
2314.724365 0.019376
2315.825684 0.011311
2316.926270 0.015810
2318.026367 0.014102
2319.125732 0.013524
2320.224121 0.015735
2321.322021 0.015884
2322.419434 0.015449
2323.515625 0.012292
2324.611816 0.015092
2325.707031 0.014707
2326.801514 0.016389
2327.895264 0.015668
2328.988525 0.021172
2330.080811 0.014220
2331.172852 0.021766
2332.263672 0.017857
2333.354248 0.011620
2334.444092 0.016142
2335.533447 0.008374
2336.621338 0.011729
2337.709229 0.010651
2338.796143 0.009987
2339.882324 0.015206
2340.968262 0.015402
2342.053223 0.015692
2343.137695 0.013971
2344.220947 0.017448
2345.304199 0.015144
2346.386230 0.015318
2347.467773 0.016403
2348.548828 0.013292
2349.629395 0.012066
2350.708740 0.020240
2351.787842 0.013265
2352.865967 0.014314
2353.943604 0.013635
2355.020508 0.013757
2356.096436 0.008462
2357.172119 0.018091
2358.246826 0.014878
2359.321289 0.013887
2360.394531 0.014000
2361.467529 0.011714
2362.539795 0.013053
2363.611572 0.016250
2364.682129 0.012199
2365.752441 0.012068
2366.822266 0.012394
2367.891113 0.019051
2368.958984 0.013442
2370.026611 0.015677
2371.093506 0.012232
2372.159668 0.016045
2373.225098 0.012837
2374.289795 0.017007
2375.354248 0.014303
2376.417725 0.012188
2377.480469 0.009447
2378.542725 0.016330
2379.604492 0.017037
2380.665039 0.017577
2381.725342 0.009699
2382.785400 0.015569
2383.843994 0.013707
2384.902100 0.018875
2385.959961 0.011699
2387.016602 0.011684
2388.072998 0.010900
2389.128174 0.010828
2390.183350 0.018465
2391.237549 0.012431
2392.291016 0.010727
2393.344238 0.014458
2394.396729 0.010194
2395.448242 0.018548
2396.498779 0.016073
2397.549316 0.022801
2398.599121 0.014498
2399.647949 0.012424
2400.696289 0.016533
2401.743896 0.014438
2402.791260 0.009749
2403.837402 0.010418
2404.883057 0.012382
2405.928467 0.011505
2406.973145 0.017206
2408.016602 0.014492
2409.059814 0.012592
2410.102051 0.006757
2411.144043 0.008428
2412.185059 0.009897
2413.225586 0.014187
2414.265869 0.015169
2415.304688 0.013655
2416.343018 0.014869
2417.381348 0.015660
2418.418945 0.014631
2419.455322 0.015186
2420.490967 0.019104
2421.526367 0.010529
2422.561279 0.019286
2423.595459 0.012236
2424.628662 0.008371
2425.661621 0.021325
2426.693604 0.015156
2427.725098 0.015203
2428.756104 0.013003
2429.785889 0.009361
2430.815674 0.018818
2431.844238 0.020249
2432.872559 0.011432
2433.900391 0.014913
2434.927490 0.010443
2435.953369 0.013542
2436.979248 0.014222
2438.004395 0.013103
2439.028809 0.007667
2440.052246 0.014714
2441.075684 0.009824
2442.097900 0.016432
2443.120117 0.016312
2444.141113 0.014777
2445.161865 0.008086
2446.181641 0.021290
2447.200684 0.015106
2448.219482 0.013370
2449.237793 0.016605
2450.255127 0.012314
2451.271973 0.013390
2452.287598 0.016332
2453.303467 0.010363
2454.318359 0.017445
2455.332275 0.014451
2456.346191 0.014992
2457.359375 0.015409
2458.371094 0.012037
2459.382813 0.011754
2460.394287 0.012253
2461.404541 0.017732
2462.414063 0.008824
2463.423584 0.008039
2464.432129 0.013343
2465.440186 0.008799
2466.447266 0.005858
2467.453857 0.012483
2468.460205 0.009117
2469.465576 0.000932
2470.469971 0.017562
2471.474365 0.007579
2472.478027 0.009844
2473.480957 0.021040
2474.482910 0.013919
2475.484619 0.018063
2476.485840 0.008633
2477.486084 0.016552
2478.486084 0.013547
2479.485107 0.008697
2480.483887 0.016270
2481.481445 0.012577
2482.478760 0.009791
2483.475830 0.018903
2484.471924 0.015524
2485.467041 0.011681
2486.461670 0.006798
2487.456055 0.010438
2488.449219 0.014605
2489.442139 0.012212
2490.434814 0.016599
2491.426758 0.008068
2492.417725 0.010591
2493.408203 0.014526
2494.398438 0.013075
2495.387207 0.011740
2496.376221 0.012442
2497.364502 0.007697
2498.351563 0.017945
2499.338379 0.012367
2500.324951 0.012967
2501.310059 0.018219
2502.294922 0.007304
2503.279541 0.015175
2504.263184 0.013557
2505.246338 0.018395
2506.229004 0.005788
2507.210693 0.012329
2508.192627 0.012819
2509.172852 -0.004909
2510.152832 0.010436
2511.132568 0.013762
2512.111328 0.011743
2513.089355 0.015148
2514.067383 0.003414
2515.044189 0.011365
2516.020996 0.012704
2516.996826 0.007185
2517.971680 0.025775
2518.946777 0.010381
2519.920654 0.012672
2520.893799 0.010717
2521.866699 0.016323
2522.839111 0.009819
2523.810547 0.012227
2524.781738 0.006156
2525.751953 0.010896
2526.722168 0.002854
2527.691162 0.009719
2528.659668 0.009072
2529.627930 0.020722
2530.595215 0.007194
2531.562012 0.013413
2532.528320 0.016509
2533.493652 0.008108
2534.459229 0.010117
2535.423584 0.017500
2536.387207 0.015086
2537.350830 0.014921
2538.313232 0.014031
2539.275146 0.004075
2540.236816 0.014171
2541.197754 0.021186
2542.157959 0.002957
2543.117676 0.014400
2544.076904 0.016335
2545.035400 0.009193
2545.993164 0.014793
2546.950439 0.014764
2547.907471 0.010852
2548.863525 0.017288
2549.818604 0.018539
2550.773926 0.012690
2551.728027 0.014836
2552.681885 0.011566
2553.635742 0.010744
2554.587891 0.002148
2555.540283 0.009564
2556.491211 0.016060
2557.442139 0.002769
2558.392822 0.007575
2559.342529 0.004331
2560.291504 0.021166
2561.240234 0.017286
2562.187744 0.011862
2563.135742 -0.005046
2564.082520 0.013917
2565.028564 0.014399
2565.974609 0.014834
2566.919189 0.019412
2567.863525 0.012679
2568.807373 0.013893
2569.750488 0.014628
2570.693359 0.017474
2571.635742 0.001533
2572.577637 0.017935
2573.518799 0.012696
2574.458740 0.010344
2575.398438 0.015816
2576.337891 0.014515
2577.276611 0.022857
2578.214844 0.011716
2579.152344 0.010452
2580.089355 0.008481
2581.025635 0.010459
2581.961670 0.011733
2582.896729 0.011280
2583.832031 0.015614
2584.765869 0.016891
2585.699463 0.015449
2586.632813 0.005064
2587.564941 0.020660
2588.496338 0.012182
2589.428223 0.020244
2590.358398 0.004042
2591.289307 0.007498
2592.218506 0.008957
2593.147705 0.013661
2594.076416 0.013208
2595.004150 0.009168
2595.931396 0.012025
2596.858398 0.016340
2597.784424 0.007109
2598.709717 -0.001605
2599.635010 0.013493
2600.559570 0.011253
2601.483887 0.012525
2602.407227 0.013235
2603.330078 0.013308
2604.252441 0.002568
2605.174072 0.013913
2606.094727 0.010843
2607.015869 0.010001
2607.935791 0.009379
2608.855957 0.016835
2609.774414 0.003144
2610.692627 0.008912
2611.611084 -0.003691
2612.528076 0.005932
2613.444336 0.008204
2614.361084 0.012845
2615.276855 0.004264
2616.191650 0.010734
2617.106445 0.005512
2618.020508 0.012882
2618.934082 0.012266
2619.846924 0.010366
2620.758301 0.010834
2621.670898 0.004614
2622.582031 0.007362
2623.492676 0.003830
2624.403076 0.003144
2625.312500 0.016414
2626.221191 0.001649
2627.129883 0.011974
2628.038086 0.003868
2628.946045 0.005535
2629.852295 0.006385
2630.758789 0.002785
2631.664795 0.004311
2632.569824 0.003345
2633.474121 0.005045
2634.378906 0.010333
2635.282227 0.015750
2636.185791 0.011654
2637.087891 0.000855
2637.989746 0.006999
2638.891357 0.013424
2639.792480 0.016235
2640.692871 0.009635
2641.593018 0.008468
2642.491943 0.000861
2643.390869 0.010212
2644.289551 0.018171
2645.187012 0.006628
2646.084473 0.007346
2646.980713 0.009767
2647.876953 0.006599
2648.772705 0.014788
2649.667969 -0.000431
2650.562012 0.010649
2651.456543 0.003876
2652.349854 0.011573
2653.242432 0.009996
2654.135742 0.017977
2655.027344 0.004691
2655.918945 0.016215
2656.809570 0.005565
2657.699463 0.006272
2658.589844 0.004010
2659.478760 0.015032
2660.367432 0.000427
2661.256348 0.008818
2662.143555 0.004590
2663.031250 0.007426
2663.917725 0.005870
2664.803467 0.010331
2665.689941 0.003867
2666.574707 0.012062
2667.458740 -0.003464
2668.343262 0.004650
2669.226807 0.018593
2670.109619 0.010843
2670.992432 0.019345
2671.874268 0.016164
2672.756104 0.011082
2673.637207 0.015073
2674.517090 -0.006659
2675.397461 0.012115
2676.276611 0.005785
2677.155518 0.011726
2678.034180 0.007076
2678.912354 0.005743
2679.790039 -0.001717
2680.666504 0.017255
2681.542725 0.008497
2682.418945 0.011625
2683.294434 0.011672
2684.169189 -0.006028
2685.043945 0.003518
2685.917236 0.013619
2686.790771 0.017073
2687.663574 0.002421
2688.535645 0.008278
2689.407959 0.009127
2690.278809 0.002457
2691.149902 0.013647
2692.020264 0.007942
2692.890137 0.006312
2693.759277 0.008674
2694.628418 0.013678
2695.496582 0.015034
2696.364258 0.011763
2697.231934 -0.000336
2698.098633 0.006754
2698.965576 0.003887
2699.830811 -0.010095
2700.695801 0.000507
2701.561523 0.016913
2702.425781 -0.003720
2703.289063 0.004909
2704.153076 0.012847
2705.015869 0.007116
2705.878174 0.009660
2706.739990 0.022291
2707.601318 0.001521
2708.462891 0.016124
2709.322754 0.002886
2710.182617 0.003058
2711.042725 0.011394
2711.901611 0.004429
2712.759766 0.015836
2713.617920 -0.008029
2714.475342 0.010907
2715.332764 0.010053
2716.189209 0.014846
2717.044922 0.006483
2717.901123 0.004259
2718.756104 0.022017
2719.610352 0.003073
2720.464844 0.014351
2721.318359 -0.000516
2722.172119 0.004977
2723.024414 0.013450
2723.876953 0.011255
2724.728760 0.007619
2725.580078 0.012844
2726.430420 0.003663
2727.281494 0.000175
2728.130859 0.007348
2728.979980 0.002799
2729.829346 0.012589
2730.677979 0.004395
2731.526123 -0.002453
2732.373535 0.000527
2733.220215 0.010795
2734.067139 -0.002298
2734.913086 0.006724
2735.758545 0.002314
2736.604004 0.009643
2737.448486 0.010954
2738.292725 0.007415
2739.136719 0.003459
2739.979980 -0.001101
2740.823242 0.012420
2741.665527 0.000562
2742.507324 -0.000565
2743.349121 0.010187
2744.189697 0.007784
2745.030273 0.000381
2745.870605 0.010717
2746.709961 -0.008647
2747.549805 0.017524
2748.388184 -0.006002
2749.226074 -0.007146
2750.064697 0.004065
2750.901855 -0.003695
2751.738525 -0.001959
2752.575195 0.013918
2753.411133 -0.000394
2754.246582 0.004931
2755.081787 0.015008
2755.916260 -0.006314
2756.750732 0.001583
2757.584473 -0.001592
2758.417725 0.012154
2759.250488 0.007796
2760.083008 0.000604
2760.914795 0.019172
2761.746582 0.003646
2762.577393 0.011724
2763.408447 -0.007280
2764.238281 -0.001217
2765.068359 0.001832
2765.897705 0.004080
2766.726074 0.011481
2767.554688 -0.002463
2768.383057 0.013858
2769.210449 -0.005193
2770.036865 0.006471
2770.864258 0.005864
2771.690186 -0.017566
2772.516113 0.004825
2773.341797 0.015253
2774.166260 -0.001257
2774.990967 0.000000
2775.815186 -0.003140
2776.638428 0.005471
2777.461914 -0.004655
2778.284424 -0.001913
2779.106689 0.001062
2779.928955 0.012479
2780.750488 0.011316
2781.571777 -0.005447
2782.392334 0.001059
2783.212402 0.016580
2784.032227 0.011549
2784.851563 -0.001072
2785.670166 0.008785
2786.489258 0.023766
2787.307129 0.015703
2788.125000 0.000215
2788.942139 0.013529
2789.758789 0.017557
2790.575439 0.004299
2791.391113 -0.003222
2792.206787 -0.003868
2793.022217 0.018709
2793.836426 0.006879
2794.651123 0.006078
2795.465332 0.005013
2796.278564 0.000657
2797.092041 0.011386
2797.904297 0.007713
2798.716309 -0.000441
2799.528564 0.001554
2800.339844 0.018199
2801.150879 0.000000
2801.961670 0.004692
2802.771729 -0.010556
2803.581543 -0.006747
2804.391113 0.002027
2805.199951 0.003623
2806.008789 -0.000679
2806.817139 0.004770
2807.624512 0.000227
2808.432617 -0.021053
2809.239014 0.001835
2810.045898 0.002050
2810.852295 -0.004047
2811.657471 0.006972
2812.463135 0.000683
2813.268311 -0.004766
2814.072754 0.007955
2814.876953 0.009435
2815.680664 -0.006018
2816.484131 0.000465
2817.287354 -0.006280
2818.089844 -0.000234
2818.892090 0.006117
2819.693848 -0.001892
2820.495117 -0.003073
2821.296875 0.002370
2822.097168 -0.007384
2822.897949 0.011977
2823.697754 0.008206
2824.497070 -0.000485
2825.295898 -0.014652
2826.095215 -0.016380
2826.893311 -0.006125
2827.691650 -0.000245
2828.489014 0.015090
2829.286133 -0.001743
2830.083252 0.005484
2830.879639 -0.013268
2831.675293 -0.006536
2832.471680 0.015359
2833.267090 -0.001518
2834.061523 -0.003301
2834.856445 -0.010673
2835.650635 0.013270
2836.444824 0.023184
2837.238037 0.015080
2838.031250 0.012022
2838.823975 -0.004367
2839.616455 0.006982
2840.407959 -0.011909
2841.199707 -0.009604
2841.991211 -0.011908
2842.781738 -0.005690
2843.572754 -0.010645
2844.362793 0.002072
2845.152832 0.004166
2845.942139 0.002596
2846.730957 -0.004431
2847.520264 0.002352
2848.308350 -0.003418
2849.096191 0.002113
2849.884521 -0.000264
2850.671143 0.013293
2851.458740 0.005851
2852.244873 -0.007984
2853.031006 0.002139
2853.817383 -0.006702
2854.602783 0.008048
2855.387695 0.006446
2856.172852 -0.017166
2856.957031 0.012639
2857.740723 0.004051
2858.525146 0.018683
2859.308594 -0.009724
2860.091553 0.008425
2860.874512 0.003267
2861.656494 0.007114
2862.438721 -0.000826
2863.220215 0.020144
2864.001709 -0.001118
2864.782715 0.003094
2865.563232 -0.000282
2866.343750 0.005972
2867.124023 0.001711
2867.903564 -0.000573
2868.683105 -0.004304
2869.461914 -0.006613
2870.240723 -0.015590
2871.019043 0.008343
2871.796875 0.002012
2872.574463 0.005174
2873.351807 -0.009771
2874.128906 0.007763
2874.905762 -0.004583
2875.681885 0.006284
2876.457764 -0.005096
2877.233887 0.005959
2878.009033 0.004249
2878.783936 0.022664
2879.559082 0.000000
2880.333252 -0.009882
2881.107178 0.026019
2881.881348 -0.000283
2882.654541 -0.012457
2883.427734 -0.004532
2884.200195 -0.006217
2884.972900 -0.027528
2885.745117 -0.014970
2886.516846 0.017026
2887.288330 -0.000286
2888.060303 -0.020668
2888.830566 0.000866
2889.601563 -0.013688
2890.371582 -0.003798
2891.141602 0.016528
2891.911865 -0.014521
2892.680176 -0.005636
2893.449219 0.016394
2894.218262 0.022404
2894.986816 -0.020606
2895.754883 -0.001488
2896.522949 -0.005379
2897.290527 -0.002388
2898.057617 -0.001494
2898.824463 0.001194
2899.591064 0.002686
2900.357666 0.002084
2901.123535 -0.014692
2901.889648 -0.003310
2902.654785 -0.009351
2903.419922 0.006361
2904.185059 -0.010366
2904.949707 -0.014790
2905.713623 0.006482
2906.478027 -0.018353
2907.241211 0.024368
2908.004395 0.023364
2908.768311 -0.021546
2909.530762 0.006672
2910.293213 -0.012089
2911.055664 -0.006678
2911.817871 0.009539
2912.579834 0.009272
2913.341309 -0.004496
2914.101807 -0.014477
2914.863037 -0.014475
spectrumdark 2048
-92.196793 4739.000000
-89.571587 4739.000000
-86.948265 4810.000000
-84.326828 4451.000000
-81.707275 4597.000000
-79.089615 4237.000000
-76.473831 4831.000000
-73.859924 4770.000000
-71.247902 4539.000000
-68.637756 4488.000000
-66.029472 4276.000000
-63.423061 4244.000000
-60.818527 4237.000000
-58.215858 4464.000000
-55.615051 4497.000000
-53.016113 4412.000000
-50.419037 4689.000000
-47.823814 4636.000000
-45.230450 4521.000000
-42.638947 4580.000000
-40.049297 4533.000000
-37.461494 4312.000000
-34.875538 4285.000000
-32.291435 4510.000000
-29.709179 4632.000000
-27.128757 4655.000000
-24.550188 4637.000000
-21.973461 4692.000000
-19.398560 4312.000000
-16.825497 4426.000000
-14.254275 4487.000000
-11.684884 4527.000000
-9.117316 4150.000000
-6.551576 4304.000000
-3.987670 4449.000000
-1.425589 4468.000000
1.134678 4550.000000
3.693125 4408.000000
6.249746 4558.000000
8.804550 4443.000000
11.357547 4302.000000
13.908731 4425.000000
16.458097 4653.000000
19.005655 4465.000000
21.551416 4295.000000
24.095367 4962.000000
26.637510 4251.000000
29.177853 5110.000000
31.716400 4886.000000
34.253151 4843.000000
36.788113 4341.000000
39.321266 4583.000000
41.852634 4617.000000
44.382214 4673.000000
46.909992 4315.000000
49.436001 4588.000000
51.960232 4776.000000
54.482674 4503.000000
57.003330 4362.000000
59.522198 4627.000000
62.039307 4853.000000
64.554634 4790.000000
67.068176 4667.000000
69.579964 4525.000000
72.089973 4371.000000
74.598236 4435.000000
77.104721 4418.000000
79.609428 4720.000000
82.112389 4296.000000
84.613602 4411.000000
87.113022 4600.000000
89.610703 4501.000000
92.106636 4797.000000
94.600815 4512.000000
97.093246 4266.000000
99.583916 4532.000000
102.072845 4643.000000
104.560036 4607.000000
107.045479 4073.000000
109.529175 4604.000000
112.011131 4353.000000
114.491364 4383.000000
116.969849 4467.000000
119.446602 4499.000000
121.921631 4688.000000
124.394913 4582.000000
126.866463 4507.000000
129.336319 4499.000000
131.804413 4507.000000
134.270798 4496.000000
136.735474 4652.000000
139.198425 4575.000000
141.659653 4354.000000
144.119156 4462.000000
146.576920 4448.000000
149.033020 4908.000000
151.487381 4507.000000
153.940063 4333.000000
156.391022 4650.000000
158.840271 4721.000000
161.287827 4481.000000
163.733658 4591.000000
166.177811 4360.000000
168.620239 4796.000000
171.060989 4547.000000
173.500061 4579.000000
175.937424 4903.000000
178.373093 4936.000000
180.807053 4628.000000
183.239380 4667.000000
185.669968 4512.000000
188.098892 4647.000000
190.526123 4692.000000
192.951691 4413.000000
195.375580 4331.000000
197.797791 4394.000000
200.218323 4716.000000
202.637161 4857.000000
205.054321 4494.000000
207.469849 4466.000000
209.883682 4713.000000
212.295883 4401.000000
214.706390 4679.000000
217.115250 4485.000000
219.522400 4170.000000
221.927933 4328.000000
224.331802 4348.000000
226.734009 4520.000000
229.134583 4654.000000
231.533493 4553.000000
233.930740 4433.000000
236.326355 4953.000000
238.720306 4861.000000
241.112579 4713.000000
243.503235 4612.000000
245.892258 4723.000000
248.279648 4334.000000
250.665390 4450.000000
253.049500 4588.000000
255.431961 4757.000000
257.812744 4678.000000
260.191956 4526.000000
262.569519 4510.000000
264.945435 4126.000000
267.319763 4450.000000
269.692444 4701.000000
272.063507 4529.000000
274.432953 4777.000000
276.800751 4386.000000
279.166931 4277.000000
281.531525 4143.000000
283.894470 4628.000000
286.255798 4503.000000
288.615540 4537.000000
290.973663 4615.000000
293.330170 4968.000000
295.685059 4664.000000
298.038330 4818.000000
300.390045 4723.000000
302.740143 4474.000000
305.088654 4413.000000
307.435516 5021.000000
309.780792 4594.000000
312.124481 4615.000000
314.466553 4582.000000
316.807068 4222.000000
319.145996 4471.000000
321.483307 4442.000000
323.819061 4246.000000
326.153168 4329.000000
328.485748 4465.000000
330.816742 4383.000000
333.146118 4704.000000
335.473938 4577.000000
337.800171 4566.000000
340.124817 4467.000000
342.447906 4479.000000
344.769409 4833.000000
347.089386 4412.000000
349.407745 4320.000000
351.724518 5055.000000
354.039734 5050.000000
356.353394 4548.000000
358.665497 4338.000000
360.976013 4742.000000
363.284973 4447.000000
365.592407 4701.000000
367.898285 4802.000000
370.202576 4766.000000
372.505280 4405.000000
374.806488 4502.000000
377.106140 4707.000000
379.404205 4445.000000
381.700745 4498.000000
383.995728 4610.000000
386.289185 4884.000000
388.581146 4379.000000
390.871460 4652.000000
393.160278 4553.000000
395.447571 4377.000000
397.733307 4497.000000
400.017426 4442.000000
402.300110 4468.000000
404.581238 4243.000000
406.860840 4844.000000
409.138916 4527.000000
411.415497 4417.000000
413.690491 4350.000000
415.963989 4619.000000
418.235962 4685.000000
420.506378 4847.000000
422.775330 4968.000000
425.042725 4509.000000
427.308594 4423.000000
429.572998 4703.000000
431.835846 5047.000000
434.097107 4362.000000
436.356964 4424.000000
438.615265 4387.000000
440.872070 4330.000000
443.127350 4286.000000
445.381165 4614.000000
447.633484 4128.000000
449.884277 4367.000000
452.133545 4473.000000
454.381348 4353.000000
456.627625 4709.000000
458.872406 4369.000000
461.115723 4538.000000
463.357513 4327.000000
465.597809 4286.000000
467.836639 4507.000000
470.073944 4499.000000
472.309753 4545.000000
474.544098 4274.000000
476.776978 4650.000000
479.008331 4727.000000
481.238220 4543.000000
483.466644 4727.000000
485.693604 4700.000000
487.919067 4726.000000
490.143036 4523.000000
492.365540 4574.000000
494.586578 4671.000000
496.806152 4757.000000
499.024231 4666.000000
501.240845 4699.000000
503.455994 4385.000000
505.669678 4567.000000
507.881897 4638.000000
510.092621 4566.000000
512.301941 4742.000000
514.509766 4379.000000
516.716187 4466.000000
518.921143 4569.000000
521.124573 4693.000000
523.326538 4373.000000
525.527100 4702.000000
527.726196 4826.000000
529.923950 4571.000000
532.120056 4594.000000
534.314819 4639.000000
536.508118 4854.000000
538.700012 4421.000000
540.890442 4475.000000
543.079346 4450.000000
545.266907 4398.000000
547.453003 4109.000000
549.637573 4147.000000
551.820862 4447.000000
554.002625 4249.000000
556.182983 4202.000000
558.361877 4592.000000
560.539368 4492.000000
562.715393 4530.000000
564.890015 4464.000000
567.063232 4604.000000
569.235107 4601.000000
571.405396 4416.000000
573.574341 4661.000000
575.741760 4646.000000
577.907837 4697.000000
580.072510 4663.000000
582.235779 4518.000000
584.397644 4552.000000
586.558044 4673.000000
588.716980 4711.000000
590.874634 4480.000000
593.030823 4224.000000
595.185547 4408.000000
597.338928 4796.000000
599.490906 4472.000000
601.641479 4337.000000
603.790588 4477.000000
605.938354 4977.000000
608.084717 4708.000000
610.229614 4605.000000
612.373108 4507.000000
614.515259 4642.000000
616.656067 4575.000000
618.795349 4557.000000
620.933411 4488.000000
623.070007 4270.000000
625.205078 4877.000000
627.338989 4711.000000
629.471375 4406.000000
631.602356 5574.000000
633.732056 4668.000000
635.860168 4254.000000
637.987183 5052.000000
640.112610 4697.000000
642.236816 4821.000000
644.359375 4458.000000
646.480774 4481.000000
648.600708 4577.000000
650.719299 4436.000000
652.836548 4715.000000
654.952393 4676.000000
657.066895 4287.000000
659.180054 4520.000000
661.291687 4858.000000
663.402100 4544.000000
665.511169 4481.000000
667.618835 4574.000000
669.725098 4453.000000
671.829956 4214.000000
673.933533 4532.000000
676.035828 4295.000000
678.136597 4313.000000
680.236023 4891.000000
682.334167 4601.000000
684.430908 4541.000000
686.526367 4563.000000
688.620544 5055.000000
690.713135 4423.000000
692.804565 4590.000000
694.894653 4438.000000
696.983276 4827.000000
699.070618 4539.000000
701.156677 4787.000000
703.241272 4709.000000
705.324585 4264.000000
707.406494 4619.000000
709.487183 4424.000000
711.566406 4630.000000
713.644287 4447.000000
715.720947 4654.000000
717.796265 4627.000000
719.870178 4625.000000
721.942871 4341.000000
724.014099 4659.000000
726.084045 4433.000000
728.152710 4390.000000
730.220032 4968.000000
732.286011 4424.000000
734.350708 4571.000000
736.413940 4739.000000
738.475952 4417.000000
740.536682 4706.000000
742.596008 4638.000000
744.654114 4627.000000
746.710754 4398.000000
748.766174 4539.000000
750.820313 4210.000000
752.873108 4825.000000
754.924622 4300.000000
756.974731 4392.000000
759.023621 4500.000000
761.071167 4470.000000
763.117371 4608.000000
765.162354 4421.000000
767.205994 5138.000000
769.248291 4641.000000
771.289368 4444.000000
773.329041 4609.000000
775.367493 4692.000000
777.404541 4621.000000
779.440308 4615.000000
781.474854 4518.000000
783.508118 4211.000000
785.540039 4642.000000
787.570679 4299.000000
789.600037 4264.000000
791.628174 4534.000000
793.654907 4539.000000
795.680420 4801.000000
797.704590 4486.000000
799.727478 4374.000000
801.749084 4761.000000
803.769470 4539.000000
805.788513 5024.000000
807.806274 4661.000000
809.822815 4373.000000
811.838074 4444.000000
813.851990 4827.000000
815.864563 4444.000000
817.875977 4464.000000
819.886047 4458.000000
821.895020 4738.000000
823.902466 4463.000000
825.908875 4760.000000
827.913879 4349.000000
829.917542 4488.000000
831.920105 4428.000000
833.921204 4460.000000
835.921265 4348.000000
837.919861 4499.000000
839.917358 4230.000000
841.913513 4280.000000
843.908508 4436.000000
845.902100 4333.000000
847.894470 4404.000000
849.885620 4540.000000
851.875549 4294.000000
853.864075 4377.000000
855.851501 4402.000000
857.837524 4401.000000
859.822449 4634.000000
861.806030 4280.000000
863.788391 4796.000000
865.769531 4536.000000
867.749329 4534.000000
869.728027 4212.000000
871.705322 4956.000000
873.681519 4401.000000
875.656372 4242.000000
877.630066 4649.000000
879.602417 4505.000000
881.573608 4504.000000
883.543457 4639.000000
885.512268 4549.000000
887.479614 4379.000000
889.445862 4419.000000
891.410828 4553.000000
893.374512 5155.000000
895.337097 4620.000000
897.298340 4387.000000
899.258423 4735.000000
901.217163 4452.000000
903.174805 4268.000000
905.131165 4661.000000
907.086426 4555.000000
909.040283 4760.000000
910.993042 4129.000000
912.944397 4301.000000
914.894714 4466.000000
916.843689 4527.000000
918.791565 4485.000000
920.738098 4228.000000
922.683411 4534.000000
924.627625 4497.000000
926.570618 4295.000000
928.512390 4583.000000
930.452759 4317.000000
932.392090 4534.000000
934.330139 4360.000000
936.267151 4498.000000
938.202759 4399.000000
940.137268 4559.000000
942.070435 4105.000000
944.002625 4577.000000
945.933411 4278.000000
947.863098 4296.000000
949.791504 4783.000000
951.718811 4572.000000
953.644653 4515.000000
955.569519 4628.000000
957.493225 4318.000000
959.415588 4790.000000
961.336975 4217.000000
963.256958 4894.000000
965.175781 4353.000000
967.093445 4278.000000
969.010010 4896.000000
970.925171 4431.000000
972.839355 4673.000000
974.752197 4535.000000
976.663940 4452.000000
978.574402 4392.000000
980.483826 4627.000000
982.391907 4526.000000
984.298828 4516.000000
986.204651 4352.000000
988.109192 4441.000000
990.012756 4871.000000
991.914917 4341.000000
993.815979 4481.000000
995.715820 4393.000000
997.614624 4450.000000
999.512085 4579.000000
1001.408569 4418.000000
1003.303528 4872.000000
1005.197693 4163.000000
1007.090454 4406.000000
1008.982178 4483.000000
1010.872681 4249.000000
1012.761902 4629.000000
1014.650146 4519.000000
1016.537048 4449.000000
1018.422974 4482.000000
1020.307434 4324.000000
1022.191040 4194.000000
1024.073242 4236.000000
1025.954590 4770.000000
1027.834473 4685.000000
1029.713379 4380.000000
1031.591064 4612.000000
1033.467651 4649.000000
1035.343018 4289.000000
1037.217163 4347.000000
1039.090088 4186.000000
1040.962036 4204.000000
1042.832764 4542.000000
1044.702271 4542.000000
1046.570923 4467.000000
1048.437988 4306.000000
1050.304321 4564.000000
1052.169189 4320.000000
1054.033081 4370.000000
1055.895752 4347.000000
1057.757324 4393.000000
1059.617676 4409.000000
1061.476929 4588.000000
1063.334961 4650.000000
1065.192017 4891.000000
1067.047852 4398.000000
1068.902588 4314.000000
1070.755859 4409.000000
1072.608398 4578.000000
1074.459717 4407.000000
1076.309814 4493.000000
1078.158813 4216.000000
1080.006714 4440.000000
1081.853394 5160.000000
1083.698975 4659.000000
1085.543457 4432.000000
1087.386719 4326.000000
1089.228882 4605.000000
1091.070068 4372.000000
1092.909912 4215.000000
1094.748901 4409.000000
1096.586548 5586.000000
1098.422974 4335.000000
1100.258545 4429.000000
1102.092651 4299.000000
1103.925903 4568.000000
1105.757935 4696.000000
1107.588745 4407.000000
1109.418579 4264.000000
1111.247314 4603.000000
1113.074951 4289.000000
1114.901367 4312.000000
1116.726685 4478.000000
1118.550903 4169.000000
1120.374023 4435.000000
1122.195923 4199.000000
1124.017090 4537.000000
1125.836670 4517.000000
1127.655396 4443.000000
1129.472900 4568.000000
1131.289307 4371.000000
1133.104614 4591.000000
1134.918823 4335.000000
1136.731934 4439.000000
1138.544067 4432.000000
1140.354980 4320.000000
1142.164673 4467.000000
1143.973389 4527.000000
1145.780884 4275.000000
1147.587646 4598.000000
1149.392944 4377.000000
1151.197144 4363.000000
1153.000244 4755.000000
1154.802368 4651.000000
1156.603394 4702.000000
1158.403320 4538.000000
1160.202026 4907.000000
1161.999634 4530.000000
1163.796387 4443.000000
1165.591797 4894.000000
1167.386230 4541.000000
1169.179565 4784.000000
1170.971802 4161.000000
1172.762939 5204.000000
1174.553101 4254.000000
1176.341919 4388.000000
1178.129883 8377.000000
1179.916504 4323.000000
1181.702271 4569.000000
1183.486938 4469.000000
1185.270508 4585.000000
1187.052979 4168.000000
1188.834229 4352.000000
1190.614502 4676.000000
1192.393677 4156.000000
1194.171753 4591.000000
1195.948975 4405.000000
1197.724854 4709.000000
1199.499512 4534.000000
1201.273560 4285.000000
1203.046265 4439.000000
1204.817871 4619.000000
1206.588501 4291.000000
1208.358154 4544.000000
1210.126465 4771.000000
1211.893921 4374.000000
1213.660156 4350.000000
1215.425415 4448.000000
1217.189575 4252.000000
1218.952515 4534.000000
1220.714600 4490.000000
1222.475464 4405.000000
1224.235474 4633.000000
1225.994385 4545.000000
1227.751953 4974.000000
1229.508789 4428.000000
1231.264404 4315.000000
1233.018921 4944.000000
1234.772461 4326.000000
1236.524902 4533.000000
1238.276367 4513.000000
1240.026489 4603.000000
1241.775879 4388.000000
1243.524048 4441.000000
1245.271240 4846.000000
1247.017212 4595.000000
1248.762329 4370.000000
1250.506226 4317.000000
1252.249146 4403.000000
1253.991089 4341.000000
1255.731934 4379.000000
1257.471680 4509.000000
1259.210449 4479.000000
1260.948120 4331.000000
1262.684692 4683.000000
1264.420288 4551.000000
1266.154907 4522.000000
1267.888306 4698.000000
1269.620728 4348.000000
1271.352295 4502.000000
1273.082397 4624.000000
1274.811768 4685.000000
1276.540161 4548.000000
1278.267212 4308.000000
1279.993530 4878.000000
1281.718506 4577.000000
1283.442749 4543.000000
1285.165649 4716.000000
1286.887817 4512.000000
1288.608765 4769.000000
1290.328857 4375.000000
1292.047729 4776.000000
1293.765625 4584.000000
1295.482422 4914.000000
1297.198242 4375.000000
1298.912842 4959.000000
1300.626709 4193.000000
1302.339355 4342.000000
1304.051025 4642.000000
1305.761841 4966.000000
1307.471436 4539.000000
1309.180054 4250.000000
1310.887573 4342.000000
1312.594116 4413.000000
1314.299561 4410.000000
1316.004150 4400.000000
1317.707520 4414.000000
1319.410034 4540.000000
1321.111450 4542.000000
1322.811890 4350.000000
1324.511108 4481.000000
1326.209595 4357.000000
1327.906982 4528.000000
1329.603149 4881.000000
1331.298462 4386.000000
1332.992676 4879.000000
1334.686035 4563.000000
1336.378296 4732.000000
1338.069458 4591.000000
1339.759644 4720.000000
1341.448975 4339.000000
1343.137085 4636.000000
1344.824341 4496.000000
1346.510376 4339.000000
1348.195557 4684.000000
1349.879517 4719.000000
1351.562744 4401.000000
1353.244751 4572.000000
1354.925903 4594.000000
1356.606201 4493.000000
1358.285278 4126.000000
1359.963257 4602.000000
1361.640259 4769.000000
1363.316528 4586.000000
1364.991577 4522.000000
1366.665405 4734.000000
1368.338623 4689.000000
1370.010742 4880.000000
1371.681641 4453.000000
1373.351929 4425.000000
1375.020874 4565.000000
1376.688843 4564.000000
1378.355835 4229.000000
1380.022217 4360.000000
1381.687134 4662.000000
1383.351196 4598.000000
1385.014282 4678.000000
1386.676147 4392.000000
1388.337402 4465.000000
1389.997559 4600.000000
1391.656494 4441.000000
1393.314697 4798.000000
1394.971802 4474.000000
1396.627808 4827.000000
1398.282959 4745.000000
1399.937134 4390.000000
1401.590454 4801.000000
1403.242310 4724.000000
1404.893677 4386.000000
1406.543701 4879.000000
1408.193115 4796.000000
1409.841187 4459.000000
1411.488281 4449.000000
1413.134766 4637.000000
1414.779907 4246.000000
1416.424316 4768.000000
1418.067383 4627.000000
1419.709839 4307.000000
1421.351196 4690.000000
1422.991455 4381.000000
1424.630737 4921.000000
1426.269165 4634.000000
1427.906494 4471.000000
1429.542969 4462.000000
1431.178467 4676.000000
1432.812866 5132.000000
1434.446411 4530.000000
1436.078857 4368.000000
1437.710449 4373.000000
1439.341187 4485.000000
1440.970825 4764.000000
1442.599243 4292.000000
1444.226929 4701.000000
1445.853638 4828.000000
1447.479370 4923.000000
1449.104004 4797.000000
1450.727905 4469.000000
1452.350586 5226.000000
1453.972534 4560.000000
1455.593384 4447.000000
1457.213257 4568.000000
1458.832153 4515.000000
1460.450073 4650.000000
1462.067017 4624.000000
1463.683228 4608.000000
1465.298340 4749.000000
1466.912354 4680.000000
1468.525635 4785.000000
1470.137695 4293.000000
1471.748901 4658.000000
1473.359253 4451.000000
1474.968750 4749.000000
1476.576782 4112.000000
1478.184326 4422.000000
1479.790771 4594.000000
1481.396240 4606.000000
1483.000732 4340.000000
1484.604370 4445.000000
1486.206665 4616.000000
1487.808472 4505.000000
1489.409302 4848.000000
1491.008911 4537.000000
1492.607666 4715.000000
1494.205688 4714.000000
1495.802368 4616.000000
1497.398315 4409.000000
1498.993408 4487.000000
1500.587280 4608.000000
1502.180542 4745.000000
1503.772583 4353.000000
1505.363647 4443.000000
1506.953979 4295.000000
1508.543213 4426.000000
1510.131592 4700.000000
1511.719116 4299.000000
1513.305420 4643.000000
1514.890869 4535.000000
1516.475586 4521.000000
1518.059326 4597.000000
1519.641724 4479.000000
1521.223511 4583.000000
1522.804443 4247.000000
1524.384399 4442.000000
1525.963135 4587.000000
1527.541016 4622.000000
1529.118286 4536.000000
1530.694214 4414.000000
1532.269287 4393.000000
1533.843628 4420.000000
1535.416870 4644.000000
1536.989502 4300.000000
1538.560547 4541.000000
1540.130981 4710.000000
1541.700684 4305.000000
1543.269287 4466.000000
1544.837036 4269.000000
1546.403809 4698.000000
1547.969482 4702.000000
1549.534180 4235.000000
1551.098267 4617.000000
1552.661377 4503.000000
1554.223511 4472.000000
1555.784546 4544.000000
1557.344849 4614.000000
1558.904053 4599.000000
1560.462646 4547.000000
1562.020020 4453.000000
1563.576538 4745.000000
1565.132080 4518.000000
1566.686646 4843.000000
1568.240479 4651.000000
1569.793335 4446.000000
1571.345215 4326.000000
1572.896240 4609.000000
1574.446167 4668.000000
1575.995239 4288.000000
1577.543701 4630.000000
1579.090698 4248.000000
1580.637207 4519.000000
1582.182739 4306.000000
1583.727417 4321.000000
1585.270630 4553.000000
1586.813477 4714.000000
1588.355225 4418.000000
1589.896118 4564.000000
1591.435913 4951.000000
1592.975098 4676.000000
1594.513062 4502.000000
1596.050171 4497.000000
1597.586548 4745.000000
1599.121948 4679.000000
1600.656494 4256.000000
1602.189819 4612.000000
1603.722534 4675.000000
1605.254395 4439.000000
1606.785156 4491.000000
1608.314941 4697.000000
1609.843994 4761.000000
1611.372070 4922.000000
1612.899048 4339.000000
1614.425537 4571.000000
1615.950806 4818.000000
1617.475342 4607.000000
1618.998535 4410.000000
1620.521484 4550.000000
1622.043213 4392.000000
1623.563965 4841.000000
1625.083740 4450.000000
1626.603027 4516.000000
1628.120972 4437.000000
1629.638306 4609.000000
1631.154419 4854.000000
1632.669922 4497.000000
1634.184570 4434.000000
1635.697998 4743.000000
1637.210693 4478.000000
1638.722534 4796.000000
1640.233521 4603.000000
1641.743530 4485.000000
1643.252441 4427.000000
1644.760742 4534.000000
1646.268066 4482.000000
1647.774414 4232.000000
1649.279785 4414.000000
1650.784668 4435.000000
1652.288452 4745.000000
1653.791260 4550.000000
1655.293091 4504.000000
1656.794312 4749.000000
1658.294556 4470.000000
1659.793701 4362.000000
1661.291992 4432.000000
1662.789551 4578.000000
1664.286011 4608.000000
1665.781738 4717.000000
1667.276489 4501.000000
1668.770508 4408.000000
1670.263550 4728.000000
1671.755615 4569.000000
1673.247070 4547.000000
1674.737305 4280.000000
1676.226807 4421.000000
1677.715454 4754.000000
1679.203125 4507.000000
1680.690186 4718.000000
1682.175903 4370.000000
1683.661011 4475.000000
1685.145386 4424.000000
1686.628296 4454.000000
1688.110840 4666.000000
1689.592285 4545.000000
1691.072998 4390.000000
1692.552734 4432.000000
1694.031738 4572.000000
1695.509644 4994.000000
1696.986938 4464.000000
1698.462891 4586.000000
1699.938477 4846.000000
1701.412842 4482.000000
1702.886597 4589.000000
1704.359253 4833.000000
1705.831299 4788.000000
1707.302246 4549.000000
1708.772095 4306.000000
1710.241455 4439.000000
1711.709961 4323.000000
1713.177368 4405.000000
1714.644043 5907.000000
1716.109497 4678.000000
1717.574585 5023.000000
1719.038574 4727.000000
1720.501709 4083.000000
1721.963867 4759.000000
1723.425415 4473.000000
1724.885986 4379.000000
1726.345337 5144.000000
1727.804321 4751.000000
1729.262207 5091.000000
1730.719360 4514.000000
1732.175293 4267.000000
1733.630615 4973.000000
1735.085205 4346.000000
1736.538574 4371.000000
1737.991333 4645.000000
1739.443237 4743.000000
1740.894165 4486.000000
1742.344116 4525.000000
1743.793579 4504.000000
1745.241821 4554.000000
1746.689575 4570.000000
1748.135986 4477.000000
1749.581909 4547.000000
1751.026855 4993.000000
1752.470947 4425.000000
1753.914063 5246.000000
1755.356323 4522.000000
1756.797852 4516.000000
1758.238525 4707.000000
1759.678223 4583.000000
1761.117188 4361.000000
1762.555298 4589.000000
1763.992432 4614.000000
1765.428833 4402.000000
1766.864380 4627.000000
1768.298950 4471.000000
1769.732666 4507.000000
1771.165527 4473.000000
1772.597778 4938.000000
1774.029053 4494.000000
1775.459106 4730.000000
1776.888672 4842.000000
1778.317627 4659.000000
1779.745239 4676.000000
1781.171997 4166.000000
1782.598267 4681.000000
1784.023682 4401.000000
1785.447754 4951.000000
1786.871460 4170.000000
1788.294189 4448.000000
1789.716064 4459.000000
1791.136963 4522.000000
1792.557251 4330.000000
1793.976563 4404.000000
1795.395020 4685.000000
1796.812500 4675.000000
1798.229370 4381.000000
1799.645264 4493.000000
1801.060181 4597.000000
1802.474487 4512.000000
1803.887939 4558.000000
1805.300659 4148.000000
1806.712158 4479.000000
1808.123047 4502.000000
1809.533081 4572.000000
1810.942383 4305.000000
1812.350342 4594.000000
1813.758057 4471.000000
1815.164795 4545.000000
1816.570435 4746.000000
1817.975342 4396.000000
1819.379395 4410.000000
1820.782837 4583.000000
1822.185181 4372.000000
1823.586914 4456.000000
1824.987793 4386.000000
1826.387695 4752.000000
1827.786621 4496.000000
1829.184937 4452.000000
1830.582275 4457.000000
1831.979004 4449.000000
1833.374634 4397.000000
1834.769653 4708.000000
1836.163818 4728.000000
1837.557007 4279.000000
1838.949341 4716.000000
1840.341064 4642.000000
1841.731812 4470.000000
1843.121826 4396.000000
1844.510620 4384.000000
1845.899048 4453.000000
1847.286621 4584.000000
1848.672974 4821.000000
1850.058716 4264.000000
1851.443848 4384.000000
1852.827881 4427.000000
1854.211060 4412.000000
1855.593750 4799.000000
1856.975098 4629.000000
1858.356079 4538.000000
1859.735840 4327.000000
1861.115112 4673.000000
1862.493530 4744.000000
1863.871094 4331.000000
1865.247681 4606.000000
1866.623413 4739.000000
1867.998413 4262.000000
1869.372437 4960.000000
1870.745850 4159.000000
1872.118530 4517.000000
1873.490234 4526.000000
1874.861084 4697.000000
1876.231201 4361.000000
1877.600586 5000.000000
1878.969116 4803.000000
1880.336426 4450.000000
1881.703369 5386.000000
1883.069214 4118.000000
1884.434570 4808.000000
1885.798828 4236.000000
1887.162231 4345.000000
1888.525024 4394.000000
1889.886841 4389.000000
1891.248047 4456.000000
1892.608276 4382.000000
1893.967651 4036.000000
1895.326172 4773.000000
1896.683960 4772.000000
1898.041016 4749.000000
1899.397339 4569.000000
1900.752563 4489.000000
1902.107056 4431.000000
1903.460938 4773.000000
1904.813965 4250.000000
1906.165771 4722.000000
1907.517090 4443.000000
1908.867798 4775.000000
1910.217407 4735.000000
1911.566040 4333.000000
1912.914307 4436.000000
1914.261475 4467.000000
1915.607788 4787.000000
1916.953369 4444.000000
1918.298340 4443.000000
1919.642456 4965.000000
1920.985474 4807.000000
1922.327881 4399.000000
1923.669434 4534.000000
1925.010498 4607.000000
1926.350220 4371.000000
1927.689453 4616.000000
1929.027832 4816.000000
1930.365479 4745.000000
1931.702026 4479.000000
1933.037842 4483.000000
1934.373047 4552.000000
1935.707275 4488.000000
1937.040894 4146.000000
1938.373535 4200.000000
1939.705688 4432.000000
1941.036743 4461.000000
1942.367188 4453.000000
1943.696655 4217.000000
1945.025513 4524.000000
1946.353027 4357.000000
1947.680176 4348.000000
1949.006714 4511.000000
1950.332153 4171.000000
1951.656738 4453.000000
1952.980835 4758.000000
1954.303833 4598.000000
1955.626099 4548.000000
1956.947754 4522.000000
1958.268188 4203.000000
1959.588379 4445.000000
1960.907349 4516.000000
1962.225830 4297.000000
1963.543457 4550.000000
1964.860352 4207.000000
1966.176147 4572.000000
1967.491211 4388.000000
1968.805664 4395.000000
1970.119263 4820.000000
1971.431641 4362.000000
1972.744019 4373.000000
1974.055176 4681.000000
1975.365479 4571.000000
1976.675049 4312.000000
1977.984009 4701.000000
1979.292114 4916.000000
1980.599121 4842.000000
1981.905518 4326.000000
1983.211426 4361.000000
1984.516357 4783.000000
1985.820190 4614.000000
1987.123657 4693.000000
1988.426147 4801.000000
1989.727905 4574.000000
1991.028809 4806.000000
1992.328857 4664.000000
1993.628174 4256.000000
1994.926636 4459.000000
1996.224609 4440.000000
1997.521729 4681.000000
1998.817871 4469.000000
2000.113159 4398.000000
2001.407837 4478.000000
2002.701782 4573.000000
2003.994873 4638.000000
2005.287231 4299.000000
2006.578735 4626.000000
2007.869385 4461.000000
2009.159424 4559.000000
2010.448486 4729.000000
2011.736938 4271.000000
2013.024536 4481.000000
2014.311523 4183.000000
2015.597290 4910.000000
2016.882813 4644.000000
2018.167480 4319.000000
2019.450806 4595.000000
2020.733765 4435.000000
2022.016113 4553.000000
2023.297241 4657.000000
2024.577881 4659.000000
2025.857666 5115.000000
2027.136963 4752.000000
2028.415161 4463.000000
2029.692627 4588.000000
2030.969360 4483.000000
2032.245361 4559.000000
2033.520508 4588.000000
2034.794922 4290.000000
2036.068481 5229.000000
2037.341431 4451.000000
2038.613281 4398.000000
2039.884766 4470.000000
2041.155273 4838.000000
2042.425293 4595.000000
2043.693970 4515.000000
2044.962280 4321.000000
2046.229858 4534.000000
2047.496338 4593.000000
2048.761963 4451.000000
2050.027100 4575.000000
2051.291748 4342.000000
2052.555420 4462.000000
2053.817871 4802.000000
2055.080078 4335.000000
2056.341309 4467.000000
2057.601807 4669.000000
2058.861572 4641.000000
2060.120605 4716.000000
2061.378906 4575.000000
2062.636230 4486.000000
2063.893066 4539.000000
2065.148926 4523.000000
2066.404053 4546.000000
2067.658447 4616.000000
2068.912354 4444.000000
2070.165039 4666.000000
2071.417480 4484.000000
2072.668457 4260.000000
2073.918945 4813.000000
2075.168945 4473.000000
2076.417969 4809.000000
2077.666260 4917.000000
2078.913818 4476.000000
2080.160645 4390.000000
2081.406494 4510.000000
2082.651855 4484.000000
2083.896484 4326.000000
2085.140137 4662.000000
2086.382813 4733.000000
2087.625000 4865.000000
2088.866943 4489.000000
2090.107666 4710.000000
2091.347168 4561.000000
2092.586670 4604.000000
2093.824951 4926.000000
2095.062744 4612.000000
2096.299805 4513.000000
2097.535645 4746.000000
2098.771240 4498.000000
2100.005859 4921.000000
2101.239746 4326.000000
2102.473145 4712.000000
2103.705322 4661.000000
2104.936768 4345.000000
2106.167969 4407.000000
2107.398193 4428.000000
2108.627441 4742.000000
2109.855957 4519.000000
2111.083740 4488.000000
2112.311035 4538.000000
2113.537598 4553.000000
2114.762939 4556.000000
2115.987793 4534.000000
2117.211914 4548.000000
2118.435059 4513.000000
2119.657959 4223.000000
2120.880127 4396.000000
2122.101318 4270.000000
2123.321289 4753.000000
2124.541016 4576.000000
2125.760010 4596.000000
2126.978516 4358.000000
2128.195557 4124.000000
2129.412109 4444.000000
2130.627930 4545.000000
2131.843262 4704.000000
2133.057861 4462.000000
2134.271484 4636.000000
2135.484375 4593.000000
2136.696533 4571.000000
2137.907715 4526.000000
2139.118652 4601.000000
2140.328857 4356.000000
2141.537842 4352.000000
2142.746094 4523.000000
2143.954102 4301.000000
2145.161133 4386.000000
2146.367188 4509.000000
2147.572754 4401.000000
2148.777588 4563.000000
2149.981689 4566.000000
2151.184570 4425.000000
2152.387695 4647.000000
2153.589355 4579.000000
2154.790283 4863.000000
2155.990479 4421.000000
2157.190186 4595.000000
2158.389160 4763.000000
2159.586914 4435.000000
2160.784424 4392.000000
2161.981201 4527.000000
2163.177246 4747.000000
2164.372070 4602.000000
2165.566650 4712.000000
2166.760498 4764.000000
2167.953613 4850.000000
2169.145752 4695.000000
2170.337158 4890.000000
2171.528320 4280.000000
2172.718262 4576.000000
2173.907471 4589.000000
2175.095947 4444.000000
2176.283691 4545.000000
2177.470703 4460.000000
2178.657471 4433.000000
2179.843018 4487.000000
2181.028076 4437.000000
2182.211914 4492.000000
2183.395752 4674.000000
2184.578369 4714.000000
2185.760498 4631.000000
2186.941162 4451.000000
2188.122070 4497.000000
2189.302246 4534.000000
2190.481201 4845.000000
2191.659424 5456.000000
2192.837402 4655.000000
2194.014160 4671.000000
2195.189941 4830.000000
2196.365479 4199.000000
2197.540283 4397.000000
2198.714600 4863.000000
2199.887451 5043.000000
2201.060059 4589.000000
2202.231934 4543.000000
2203.403320 4520.000000
2204.573730 4739.000000
2205.743408 4544.000000
2206.912598 4526.000000
2208.080566 4596.000000
2209.248047 4621.000000
2210.414795 5071.000000
2211.581055 5018.000000
2212.746094 4649.000000
2213.910645 4545.000000
2215.074707 5059.000000
2216.238037 4456.000000
2217.400391 4428.000000
2218.562012 4767.000000
2219.723389 4443.000000
2220.883545 4590.000000
2222.043213 4698.000000
2223.202148 4676.000000
2224.360352 4598.000000
2225.517822 4791.000000
2226.674316 4785.000000
2227.830566 4713.000000
2228.985596 4354.000000
2230.140381 4386.000000
2231.293945 4628.000000
2232.447266 4708.000000
2233.599609 4879.000000
2234.751221 4470.000000
2235.902344 4688.000000
2237.052734 4393.000000
2238.202393 4565.000000
2239.351074 4723.000000
2240.499512 4461.000000
2241.647217 4526.000000
2242.793701 4844.000000
2243.939453 4828.000000
2245.085205 4672.000000
2246.229492 4638.000000
2247.373535 4669.000000
2248.516846 4541.000000
2249.659180 4366.000000
2250.801270 4557.000000
2251.941895 4537.000000
2253.082764 4558.000000
2254.222168 4658.000000
2255.361084 4402.000000
2256.499512 4411.000000
2257.636963 4838.000000
2258.773682 4714.000000
2259.909912 4465.000000
2261.045166 4664.000000
2262.179932 4679.000000
2263.313965 4321.000000
2264.447510 4718.000000
2265.579834 4400.000000
2266.711914 4654.000000
2267.843262 4755.000000
2268.973389 4507.000000
2270.103271 4466.000000
2271.232910 4429.000000
2272.360840 4501.000000
2273.488525 4732.000000
2274.615723 4743.000000
2275.741943 4550.000000
2276.867676 4683.000000
2277.992188 5015.000000
2279.116699 4493.000000
2280.240234 4682.000000
2281.363037 4565.000000
2282.485107 4667.000000
2283.606445 4978.000000
2284.727295 4366.000000
2285.846924 4465.000000
2286.966553 4426.000000
2288.084961 4583.000000
2289.202881 4597.000000
2290.320313 4709.000000
2291.436768 4654.000000
2292.552734 4501.000000
2293.667969 4451.000000
2294.782227 4870.000000
2295.895996 4382.000000
2297.009277 4228.000000
2298.121826 4154.000000
2299.232910 4847.000000
2300.344238 4857.000000
2301.454346 4528.000000
2302.563965 4654.000000
2303.672852 4565.000000
2304.781494 4547.000000
2305.888672 4659.000000
2306.995605 4304.000000
2308.101807 4977.000000
2309.207275 4566.000000
2310.312256 4723.000000
2311.416016 4523.000000
2312.519531 4502.000000
2313.622314 4324.000000
2314.724365 4689.000000
2315.825684 4739.000000
2316.926270 4759.000000
2318.026367 5026.000000
2319.125732 4465.000000
2320.224121 4928.000000
2321.322021 4495.000000
2322.419434 4871.000000
2323.515625 4592.000000
2324.611816 4567.000000
2325.707031 4269.000000
2326.801514 4503.000000
2327.895264 4750.000000
2328.988525 4613.000000
2330.080811 4851.000000
2331.172852 4823.000000
2332.263672 4496.000000
2333.354248 4640.000000
2334.444092 4743.000000
2335.533447 4759.000000
2336.621338 4628.000000
2337.709229 4672.000000
2338.796143 4988.000000
2339.882324 4580.000000
2340.968262 4606.000000
2342.053223 4837.000000
2343.137695 4745.000000
2344.220947 4353.000000
2345.304199 4621.000000
2346.386230 5244.000000
2347.467773 4527.000000
2348.548828 4458.000000
2349.629395 4571.000000
2350.708740 4611.000000
2351.787842 4497.000000
2352.865967 4488.000000
2353.943604 4424.000000
2355.020508 4679.000000
2356.096436 4735.000000
2357.172119 4443.000000
2358.246826 4438.000000
2359.321289 4537.000000
2360.394531 4655.000000
2361.467529 4547.000000
2362.539795 4446.000000
2363.611572 4481.000000
2364.682129 4703.000000
2365.752441 4684.000000
2366.822266 4667.000000
2367.891113 4557.000000
2368.958984 4351.000000
2370.026611 4700.000000
2371.093506 4400.000000
2372.159668 4836.000000
2373.225098 4774.000000
2374.289795 4947.000000
2375.354248 4692.000000
2376.417725 4561.000000
2377.480469 4570.000000
2378.542725 4861.000000
2379.604492 4735.000000
2380.665039 4500.000000
2381.725342 4628.000000
2382.785400 4754.000000
2383.843994 4431.000000
2384.902100 4692.000000
2385.959961 5009.000000
2387.016602 4822.000000
2388.072998 4529.000000
2389.128174 4967.000000
2390.183350 4809.000000
2391.237549 4546.000000
2392.291016 4909.000000
2393.344238 4680.000000
2394.396729 4595.000000
2395.448242 4742.000000
2396.498779 4782.000000
2397.549316 4595.000000
2398.599121 4596.000000
2399.647949 4970.000000
2400.696289 4458.000000
2401.743896 4886.000000
2402.791260 4627.000000
2403.837402 4786.000000
2404.883057 4729.000000
2405.928467 4988.000000
2406.973145 4680.000000
2408.016602 4843.000000
2409.059814 4580.000000
2410.102051 4879.000000
2411.144043 4489.000000
2412.185059 5169.000000
2413.225586 4551.000000
2414.265869 4472.000000
2415.304688 4540.000000
2416.343018 4774.000000
2417.381348 4792.000000
2418.418945 4571.000000
2419.455322 4684.000000
2420.490967 4669.000000
2421.526367 4733.000000
2422.561279 4788.000000
2423.595459 4514.000000
2424.628662 4577.000000
2425.661621 4516.000000
2426.693604 4418.000000
2427.725098 4625.000000
2428.756104 5069.000000
2429.785889 4658.000000
2430.815674 4896.000000
2431.844238 4393.000000
2432.872559 4572.000000
2433.900391 4475.000000
2434.927490 4857.000000
2435.953369 4521.000000
2436.979248 4946.000000
2438.004395 4506.000000
2439.028809 5060.000000
2440.052246 4632.000000
2441.075684 4704.000000
2442.097900 4812.000000
2443.120117 4698.000000
2444.141113 4877.000000
2445.161865 4686.000000
2446.181641 4477.000000
2447.200684 4748.000000
2448.219482 4732.000000
2449.237793 5211.000000
2450.255127 4497.000000
2451.271973 4546.000000
2452.287598 4213.000000
2453.303467 4816.000000
2454.318359 4915.000000
2455.332275 4383.000000
2456.346191 4822.000000
2457.359375 4512.000000
2458.371094 4761.000000
2459.382813 4699.000000
2460.394287 4627.000000
2461.404541 4326.000000
2462.414063 4681.000000
2463.423584 5167.000000
2464.432129 4460.000000
2465.440186 4855.000000
2466.447266 4789.000000
2467.453857 4798.000000
2468.460205 4727.000000
2469.465576 4690.000000
2470.469971 4490.000000
2471.474365 4812.000000
2472.478027 5044.000000
2473.480957 4480.000000
2474.482910 4925.000000
2475.484619 4569.000000
2476.485840 4468.000000
2477.486084 4524.000000
2478.486084 4585.000000
2479.485107 4783.000000
2480.483887 5107.000000
2481.481445 4637.000000
2482.478760 4669.000000
2483.475830 5086.000000
2484.471924 4554.000000
2485.467041 4740.000000
2486.461670 4950.000000
2487.456055 4879.000000
2488.449219 4789.000000
2489.442139 4664.000000
2490.434814 5140.000000
2491.426758 4890.000000
2492.417725 4828.000000
2493.408203 4631.000000
2494.398438 4838.000000
2495.387207 4844.000000
2496.376221 4761.000000
2497.364502 4608.000000
2498.351563 4938.000000
2499.338379 4666.000000
2500.324951 4453.000000
2501.310059 4584.000000
2502.294922 4668.000000
2503.279541 4526.000000
2504.263184 4697.000000
2505.246338 4859.000000
2506.229004 4445.000000
2507.210693 4766.000000
2508.192627 4257.000000
2509.172852 5027.000000
2510.152832 4424.000000
2511.132568 5067.000000
2512.111328 5006.000000
2513.089355 5003.000000
2514.067383 5047.000000
2515.044189 4756.000000
2516.020996 4679.000000
2516.996826 5021.000000
2517.971680 4831.000000
2518.946777 4463.000000
2519.920654 4733.000000
2520.893799 4674.000000
2521.866699 4695.000000
2522.839111 4835.000000
2523.810547 4694.000000
2524.781738 5076.000000
2525.751953 4777.000000
2526.722168 4816.000000
2527.691162 4844.000000
2528.659668 5124.000000
2529.627930 4601.000000
2530.595215 5083.000000
2531.562012 4472.000000
2532.528320 4496.000000
2533.493652 4488.000000
2534.459229 5098.000000
2535.423584 4971.000000
2536.387207 4804.000000
2537.350830 4725.000000
2538.313232 4942.000000
2539.275146 4978.000000
2540.236816 4494.000000
2541.197754 4937.000000
2542.157959 4715.000000
2543.117676 4709.000000
2544.076904 5220.000000
2545.035400 4669.000000
2545.993164 4996.000000
2546.950439 4871.000000
2547.907471 4675.000000
2548.863525 4526.000000
2549.818604 4666.000000
2550.773926 4561.000000
2551.728027 4788.000000
2552.681885 4692.000000
2553.635742 4568.000000
2554.587891 4793.000000
2555.540283 4530.000000
2556.491211 4622.000000
2557.442139 4741.000000
2558.392822 4430.000000
2559.342529 4643.000000
2560.291504 4685.000000
2561.240234 4565.000000
2562.187744 4867.000000
2563.135742 6037.000000
2564.082520 5047.000000
2565.028564 4852.000000
2565.974609 4684.000000
2566.919189 4622.000000
2567.863525 4786.000000
2568.807373 5035.000000
2569.750488 4828.000000
2570.693359 4993.000000
2571.635742 4928.000000
2572.577637 4576.000000
2573.518799 5071.000000
2574.458740 4849.000000
2575.398438 4618.000000
2576.337891 4717.000000
2577.276611 4313.000000
2578.214844 5035.000000
2579.152344 4851.000000
2580.089355 4861.000000
2581.025635 4668.000000
2581.961670 4827.000000
2582.896729 4880.000000
2583.832031 4799.000000
2584.765869 4716.000000
2585.699463 4829.000000
2586.632813 4988.000000
2587.564941 5181.000000
2588.496338 4987.000000
2589.428223 4518.000000
2590.358398 4991.000000
2591.289307 5181.000000
2592.218506 4811.000000
2593.147705 4583.000000
2594.076416 4900.000000
2595.004150 5175.000000
2595.931396 4635.000000
2596.858398 4723.000000
2597.784424 4610.000000
2598.709717 4769.000000
2599.635010 4814.000000
2600.559570 4855.000000
2601.483887 4656.000000
2602.407227 4757.000000
2603.330078 4910.000000
2604.252441 4750.000000
2605.174072 4946.000000
2606.094727 4464.000000
2607.015869 4687.000000
2607.935791 4884.000000
2608.855957 4821.000000
2609.774414 4473.000000
2610.692627 4765.000000
2611.611084 4954.000000
2612.528076 4653.000000
2613.444336 4776.000000
2614.361084 4919.000000
2615.276855 4642.000000
2616.191650 4893.000000
2617.106445 4719.000000
2618.020508 4573.000000
2618.934082 4574.000000
2619.846924 4800.000000
2620.758301 4547.000000
2621.670898 4927.000000
2622.582031 4820.000000
2623.492676 4796.000000
2624.403076 4957.000000
2625.312500 4675.000000
2626.221191 4736.000000
2627.129883 5361.000000
2628.038086 4681.000000
2628.946045 4658.000000
2629.852295 4632.000000
2630.758789 4793.000000
2631.664795 5035.000000
2632.569824 4791.000000
2633.474121 4856.000000
2634.378906 4701.000000
2635.282227 4912.000000
2636.185791 5006.000000
2637.087891 4634.000000
2637.989746 5108.000000
2638.891357 4479.000000
2639.792480 4705.000000
2640.692871 4473.000000
2641.593018 4793.000000
2642.491943 4725.000000
2643.390869 4496.000000
2644.289551 4658.000000
2645.187012 4579.000000
2646.084473 4614.000000
2646.980713 4883.000000
2647.876953 4682.000000
2648.772705 4660.000000
2649.667969 4826.000000
2650.562012 4661.000000
2651.456543 4792.000000
2652.349854 4588.000000
2653.242432 4544.000000
2654.135742 4709.000000
2655.027344 5015.000000
2655.918945 4746.000000
2656.809570 4944.000000
2657.699463 4637.000000
2658.589844 5094.000000
2659.478760 4692.000000
2660.367432 4913.000000
2661.256348 4901.000000
2662.143555 5071.000000
2663.031250 4774.000000
2663.917725 4666.000000
2664.803467 4854.000000
2665.689941 4640.000000
2666.574707 4902.000000
2667.458740 4757.000000
2668.343262 4688.000000
2669.226807 4493.000000
2670.109619 4753.000000
2670.992432 4674.000000
2671.874268 4619.000000
2672.756104 4582.000000
2673.637207 5100.000000
2674.517090 4891.000000
2675.397461 4852.000000
2676.276611 4551.000000
2677.155518 4768.000000
2678.034180 4616.000000
2678.912354 4839.000000
2679.790039 4893.000000
2680.666504 4820.000000
2681.542725 4841.000000
2682.418945 4586.000000
2683.294434 4903.000000
2684.169189 5306.000000
2685.043945 4678.000000
2685.917236 4587.000000
2686.790771 4626.000000
2687.663574 4452.000000
2688.535645 4989.000000
2689.407959 4909.000000
2690.278809 4874.000000
2691.149902 4982.000000
2692.020264 4778.000000
2692.890137 4622.000000
2693.759277 4815.000000
2694.628418 5162.000000
2695.496582 4876.000000
2696.364258 4740.000000
2697.231934 4520.000000
2698.098633 4807.000000
2698.965576 5094.000000
2699.830811 4934.000000
2700.695801 4606.000000
2701.561523 4769.000000
2702.425781 4844.000000
2703.289063 4901.000000
2704.153076 5021.000000
2705.015869 4729.000000
2705.878174 4871.000000
2706.739990 4757.000000
2707.601318 4924.000000
2708.462891 4763.000000
2709.322754 5087.000000
2710.182617 4755.000000
2711.042725 4772.000000
2711.901611 4793.000000
2712.759766 4659.000000
2713.617920 5384.000000
2714.475342 5011.000000
2715.332764 4928.000000
2716.189209 4716.000000
2717.044922 4907.000000
2717.901123 4854.000000
2718.756104 4746.000000
2719.610352 4934.000000
2720.464844 4914.000000
2721.318359 5142.000000
2722.172119 4842.000000
2723.024414 4697.000000
2723.876953 4936.000000
2724.728760 5033.000000
2725.580078 4858.000000
2726.430420 4825.000000
2727.281494 4938.000000
2728.130859 5525.000000
2728.979980 4639.000000
2729.829346 4769.000000
2730.677979 4732.000000
2731.526123 4794.000000
2732.373535 5139.000000
2733.220215 4483.000000
2734.067139 6283.000000
2734.913086 5077.000000
2735.758545 4720.000000
2736.604004 4943.000000
2737.448486 4559.000000
2738.292725 4931.000000
2739.136719 4799.000000
2739.979980 4977.000000
2740.823242 4771.000000
2741.665527 4627.000000
2742.507324 4727.000000
2743.349121 4927.000000
2744.189697 4550.000000
2745.030273 5119.000000
2745.870605 5002.000000
2746.709961 4906.000000
2747.549805 4972.000000
2748.388184 5418.000000
2749.226074 5787.000000
2750.064697 4681.000000
2750.901855 4653.000000
2751.738525 4425.000000
2752.575195 4793.000000
2753.411133 4968.000000
2754.246582 5072.000000
2755.081787 4728.000000
2755.916260 4767.000000
2756.750732 4654.000000
2757.584473 5021.000000
2758.417725 4614.000000
2759.250488 4825.000000
2760.083008 4880.000000
2760.914795 4693.000000
2761.746582 5054.000000
2762.577393 4773.000000
2763.408447 5054.000000
2764.238281 4553.000000
2765.068359 4987.000000
2765.897705 4713.000000
2766.726074 4835.000000
2767.554688 4761.000000
2768.383057 5415.000000
2769.210449 4807.000000
2770.036865 4832.000000
2770.864258 5082.000000
2771.690186 4798.000000
2772.516113 4975.000000
2773.341797 4695.000000
2774.166260 4560.000000
2774.990967 4689.000000
2775.815186 4877.000000
2776.638428 4767.000000
2777.461914 5143.000000
2778.284424 4750.000000
2779.106689 4639.000000
2779.928955 4830.000000
2780.750488 5264.000000
2781.571777 4780.000000
2782.392334 5262.000000
2783.212402 5071.000000
2784.032227 4940.000000
2784.851563 4753.000000
2785.670166 5204.000000
2786.489258 5057.000000
2787.307129 4698.000000
2788.125000 4717.000000
2788.942139 4922.000000
2789.758789 4977.000000
2790.575439 4851.000000
2791.391113 4718.000000
2792.206787 5247.000000
2793.022217 5324.000000
2793.836426 4983.000000
2794.651123 4763.000000
2795.465332 5601.000000
2796.278564 5056.000000
2797.092041 4824.000000
2797.904297 5008.000000
2798.716309 5160.000000
2799.528564 4667.000000
2800.339844 4920.000000
2801.150879 4618.000000
2801.961670 5069.000000
2802.771729 4988.000000
2803.581543 5043.000000
2804.391113 5025.000000
2805.199951 4965.000000
2806.008789 5067.000000
2806.817139 4678.000000
2807.624512 6039.000000
2808.432617 4856.000000
2809.239014 5158.000000
2810.045898 4928.000000
2810.852295 4909.000000
2811.657471 5018.000000
2812.463135 4549.000000
2813.268311 5249.000000
2814.072754 5281.000000
2814.876953 4974.000000
2815.680664 5072.000000
2816.484131 5811.000000
2817.287354 4852.000000
2818.089844 5370.000000
2818.892090 5397.000000
2819.693848 4893.000000
2820.495117 4832.000000
2821.296875 4877.000000
2822.097168 5090.000000
2822.897949 4958.000000
2823.697754 5106.000000
2824.497070 4893.000000
2825.295898 5031.000000
2826.095215 4957.000000
2826.893311 5201.000000
2827.691650 5022.000000
2828.489014 5015.000000
2829.286133 4947.000000
2830.083252 6380.000000
2830.879639 5214.000000
2831.675293 4377.000000
2832.471680 4927.000000
2833.267090 4839.000000
2834.061523 4778.000000
2834.856445 5245.000000
2835.650635 4887.000000
2836.444824 4867.000000
2837.238037 4895.000000
2838.031250 4713.000000
2838.823975 4844.000000
2839.616455 5208.000000
2840.407959 4919.000000
2841.199707 4967.000000
2841.991211 7728.000000
2842.781738 5285.000000
2843.572754 5149.000000
2844.362793 4911.000000
2845.152832 4792.000000
2845.942139 4726.000000
2846.730957 4616.000000
2847.520264 4644.000000
2848.308350 5059.000000
2849.096191 5245.000000
2849.884521 4922.000000
2850.671143 5417.000000
2851.458740 4908.000000
2852.244873 4931.000000
2853.031006 5184.000000
2853.817383 4880.000000
2854.602783 4902.000000
2855.387695 4769.000000
2856.172852 5355.000000
2856.957031 5201.000000
2857.740723 5316.000000
2858.525146 5081.000000
2859.308594 5059.000000
2860.091553 4711.000000
2860.874512 4866.000000
2861.656494 5097.000000
2862.438721 5124.000000
2863.220215 4707.000000
2864.001709 4972.000000
2864.782715 4954.000000
2865.563232 5007.000000
2866.343750 5126.000000
2867.124023 5244.000000
2867.903564 5076.000000
2868.683105 5041.000000
2869.461914 4644.000000
2870.240723 5097.000000
2871.019043 4857.000000
2871.796875 4829.000000
2872.574463 5383.000000
2873.351807 5261.000000
2874.128906 4747.000000
2874.905762 5220.000000
2875.681885 4788.000000
2876.457764 4826.000000
2877.233887 5054.000000
2878.009033 5195.000000
2878.783936 5029.000000
2879.559082 5525.000000
2880.333252 5261.000000
2881.107178 5268.000000
2881.881348 5111.000000
2882.654541 5000.000000
2883.427734 4938.000000
2884.200195 5091.000000
2884.972900 4997.000000
2885.745117 5254.000000
2886.516846 5297.000000
2887.288330 4933.000000
2888.060303 5019.000000
2888.830566 5299.000000
2889.601563 4890.000000
2890.371582 4908.000000
2891.141602 5004.000000
2891.911865 5279.000000
2892.680176 4959.000000
2893.449219 5225.000000
2894.218262 4997.000000
2894.986816 6453.000000
2895.754883 5355.000000
2896.522949 5179.000000
2897.290527 5140.000000
2898.057617 5154.000000
2898.824463 5588.000000
2899.591064 5119.000000
2900.357666 5092.000000
2901.123535 5001.000000
2901.889648 5125.000000
2902.654785 4952.000000
2903.419922 4996.000000
2904.185059 5090.000000
2904.949707 5236.000000
2905.713623 4919.000000
2906.478027 7329.000000
2907.241211 5353.000000
2908.004395 5062.000000
2908.768311 5077.000000
2909.530762 4739.000000
2910.293213 5420.000000
2911.055664 5476.000000
2911.817871 5008.000000
2912.579834 4931.000000
2913.341309 5299.000000
2914.101807 5049.000000
2914.863037 5049.000000
