186.297	127.333
188.898	124.444
191.499	114.667
194.097	114.667
196.695	106.444
199.293	100.444
201.889	98.8889
204.485	101.778
207.08	94.6667
209.673	90.6667
212.267	85.7778
214.859	83.5555
217.45	84.2222
220.04	81.1111
222.631	76
225.218	72.6667
227.807	74
230.394	73.5556
232.979	73.7778
235.565	70
238.149	68.4444
240.733	66.8889
243.314	64.2222
245.897	66.2222
248.477	63.3333
251.057	67.7778
253.637	60.2222
256.215	60.4444
258.793	60.6667
261.368	59.1111
263.945	56.6667
266.519	60
269.093	57.5556
271.666	58.8889
274.237	59.5556
276.809	56
279.379	56.4444
281.949	57.3333
284.518	56.6667
287.086	57.3333
289.653	55.7778
292.218	60
294.784	55.7778
297.348	56.6667
299.913	55.7778
302.475	53.1111
305.036	58.8889
307.598	54.2222
310.157	54.2222
312.716	58.8889
315.276	56.6667
317.833	57.3333
320.389	58.2222
322.944	61.3333
325.5	63.3333
328.054	58
330.607	65.3333
333.159	64.4444
335.711	67.7778
338.262	70.4444
340.811	72
343.36	72.2222
345.909	76.8889
348.456	80.6667
351.002	84.4444
353.547	92.6667
356.092	105.556
358.637	113.111
361.18	126.667
363.722	149.333
366.263	173.556
368.803	217.778
371.342	264.667
373.881	329.778
376.419	428.444
378.957	493.778
381.493	509.333
384.028	431.333
386.563	338.444
389.096	256.889
391.629	195.333
394.161	156
396.692	127.778
399.222	113.333
401.752	101.778
404.28	95.3333
406.808	83.3333
409.335	81.1111
411.861	78
414.386	75.7778
416.911	72
419.434	71.5556
421.957	63.1111
424.479	66
427	65.7778
429.52	62.2222
432.038	58.4444
434.557	59.3333
437.075	57.1111
439.592	58
442.108	58.6667
444.623	54
447.138	53.3333
449.652	53.5556
452.163	53.1111
454.675	51.7778
457.186	52.2222
459.697	52.4444
462.206	50.2222
464.714	48.8889
467.222	49.1111
469.729	49.7778
472.235	49.5556
474.739	51.3333
477.244	47.3333
479.748	48.8889
482.251	45.7778
484.752	46.6667
487.253	48.4444
489.754	49.3333
492.252	45.5556
494.751	47.7778
497.249	46.4444
499.745	46.4444
502.241	49.1111
504.737	47.5556
507.231	45.5556
509.725	45.1111
512.218	48
514.709	46.6667
517.201	44.8889
519.69	46
522.18	42
524.669	47.3333
527.156	44
529.644	45.7778
532.129	43.7778
534.615	47.1111
537.099	47.5556
539.583	47.1111
542.065	48.4444
544.548	48
547.028	48.4444
549.509	46.2222
551.988	48.4444
554.468	45.1111
556.945	44.4444
559.423	44
561.899	44
564.373	42.2222
566.849	44.8889
569.322	46
571.796	42.6667
574.268	42.6667
576.739	43.3333
579.21	44.2222
581.679	44.4444
584.148	45.1111
586.617	42.4444
589.084	46
591.55	43.5556
594.016	43.3333
596.481	45.1111
598.944	42.8889
601.409	44.4444
603.871	45.3333
606.332	42.8889
608.792	42.6667
611.253	45.7778
613.712	41.3333
616.17	43.5556
618.628	40.2222
621.084	45.5556
623.541	43.3333
625.996	46
628.45	41.7778
630.903	44.8889
633.356	45.1111
635.807	42.8889
638.26	44.8889
640.71	43.1111
643.159	43.1111
645.608	42.6667
648.056	43.5556
650.503	46
652.949	43.1111
655.394	42.8889
657.839	44
660.282	43.1111
662.725	43.5556
665.168	43.5556
667.61	44
670.051	43.5556
672.491	44.4444
674.93	42.6667
677.368	45.1111
679.804	46.8889
682.241	45.5556
684.677	45.5556
687.112	44.2222
689.547	44
691.98	46.2222
694.413	45.5556
696.845	44.8889
699.276	47.3333
701.707	47.5556
704.136	43.3333
706.565	46.2222
708.992	41.7778
711.419	44.8889
713.846	45.7778
716.271	45.3333
718.696	45.3333
721.121	48.4444
723.543	45.3333
725.965	50.2222
728.387	51.1111
730.808	50.2222
733.227	50.8889
735.647	51.3333
738.065	54.6667
740.483	58.4444
742.899	61.1111
745.316	66
747.731	65.3333
750.146	65.7778
752.559	68.2222
754.972	63.7778
757.385	60.4444
759.795	57.3333
762.206	55.7778
764.616	51.1111
767.025	53.7778
769.433	49.3333
771.84	48.6667
774.247	48
776.653	47.7778
779.058	47.1111
781.462	48.4444
783.865	47.1111
786.268	46
788.669	49.5556
791.071	45.5556
793.471	44.4444
795.871	45.1111
798.269	45.1111
800.668	44.6667
803.064	47.7778
805.462	46
807.857	47.3333
810.252	46
812.646	45.7778
815.04	45.7778
817.432	44.4444
819.823	46
822.215	44.6667
824.604	48
826.995	45.5556
829.383	45.3333
831.77	46.4444
834.158	46.8889
836.544	43.7778
838.929	43.7778
841.315	47.5556
843.698	45.1111
846.081	44
848.465	44.2222
850.846	46.2222
853.227	47.3333
855.606	48
857.987	46.6667
860.365	48
862.743	47.3333
865.119	48.6667
867.495	49.1111
869.872	44.2222
872.246	47.1111
874.62	45.5556
876.993	48.6667
879.365	46
881.738	46.2222
884.109	49.1111
886.479	46.2222
888.848	49.3333
891.217	50.2222
893.584	49.7778
895.951	53.5556
898.317	53.3333
900.683	55.3333
903.048	64
905.412	63.3333
907.776	72.4444
910.139	88.8889
912.5	103.556
914.861	178.222
917.221	449.333
919.581	696
921.94	624.444
924.296	422
926.653	264.889
929.01	159.556
931.366	109.556
933.721	77.3333
936.075	67.1111
938.428	60.6667
940.781	56.6667
943.133	54.8889
945.484	48
947.835	52
950.183	48.2222
952.532	53.7778
954.88	53.3333
957.228	49.5556
959.575	48.4444
961.921	47.1111
964.265	48.2222
966.609	48.2222
968.953	49.1111
971.296	50.4444
973.637	48
975.979	46.6667
978.32	49.7778
980.66	50.6667
982.998	47.3333
985.337	50.8889
987.675	47.3333
990.01	45.5556
992.347	53.1111
994.683	48
997.016	46.2222
999.35	48.6667
1001.68	46.8889
1004.02	49.1111
1006.35	46.6667
1008.68	49.1111
1011.01	49.5556
1013.34	48.8889
1015.67	46.8889
1017.99	50.4444
1020.32	52.4444
1022.65	53.5556
1024.97	53.1111
1027.3	52.6667
1029.62	52
1031.94	57.3333
1034.27	57.1111
1036.59	55.1111
1038.91	54.4444
1041.23	56
1043.55	55.7778
1045.87	58.4444
1048.19	54
1050.5	55.1111
1052.82	53.7778
1055.14	53.1111
1057.45	49.5556
1059.77	53.3333
1062.08	52.2222
1064.39	53.5556
1066.7	53.7778
1069.02	52.4444
1071.33	52
1073.64	50.4444
1075.95	50
1078.25	53.1111
1080.56	51.7778
1082.87	52.8889
1085.17	54.4444
1087.48	50.8889
1089.79	53.5556
1092.09	52.4444
1094.39	52.8889
1096.69	52
1099	50.4444
1101.3	48.6667
1103.6	53.1111
1105.9	50.8889
1108.2	52
1110.49	52.6667
1112.79	50.6667
1115.09	50.6667
1117.39	53.5556
1119.68	51.1111
1121.98	52.2222
1124.27	52.4444
1126.56	51.7778
1128.85	52.2222
1131.15	53.3333
1133.44	55.7778
1135.73	55.3333
1138.02	52.8889
1140.3	52.6667
1142.59	53.1111
1144.88	56.2222
1147.17	54.4444
1149.45	55.5556
1151.74	57.5556
1154.02	55.7778
1156.31	56.2222
1158.59	56.4444
1160.87	55.5556
1163.15	53.5556
1165.43	55.7778
1167.71	60
1169.99	54.4444
1172.27	55.3333
1174.55	56.6667
1176.83	58
1179.1	54.8889
1181.38	54.4444
1183.65	57.1111
1185.93	57.1111
1188.2	54.2222
1190.47	54.8889
1192.74	57.3333
1195.02	55.7778
1197.29	57.7778
1199.56	54.2222
1201.82	58.8889
1204.09	56.8889
1206.36	55.7778
1208.63	57.5556
1210.89	56.8889
1213.16	57.5556
1215.42	56
1217.69	59.3333
1219.95	58.8889
1222.21	57.3333
1224.48	58
1226.74	61.1111
1229	59.7778
1231.26	56.2222
1233.52	56.6667
1235.78	57.1111
1238.03	58.4444
1240.29	57.5556
1242.55	57.3333
1244.8	58.4444
1247.06	61.5556
1249.31	61.1111
1251.56	58.6667
1253.82	62.6667
1256.07	62.8889
1258.32	61.5556
1260.57	56.8889
1262.82	61.5556
1265.07	60.8889
1267.32	58
1269.57	61.1111
1271.81	63.3333
1274.06	61.1111
1276.3	58.8889
1278.55	64.8889
1280.79	66.6667
1283.04	63.5556
1285.28	65.5556
1287.52	62.2222
1289.76	62.2222
1292	65.5556
1294.24	66
1296.48	66.4444
1298.72	66.4444
1300.96	66.4444
1303.2	70.2222
1305.43	66.4444
1307.67	67.7778
1309.9	70.4445
1312.14	70.4444
1314.37	68.6667
1316.6	66.4444
1318.84	71.7778
1321.07	70.6667
1323.3	71.5556
1325.53	74.8889
1327.76	74.8889
1329.99	74.6667
1332.21	74.4444
1334.44	81.1111
1336.67	79.5556
1338.89	81.1111
1341.12	80
1343.34	81.1111
1345.57	86.2222
1347.79	85.7778
1350.01	91.5556
1352.24	91.5556
1354.46	94.6667
1356.68	98.6667
1358.9	103.556
1361.11	109.111
1363.33	116.222
1365.55	136.444
1367.77	156.444
1369.98	186.444
1372.2	228.444
1374.41	272.667
1376.63	270.889
1378.84	248
1381.05	210.889
1383.27	177.778
1385.48	159.111
1387.69	148.222
1389.9	140.889
1392.11	133.778
1394.31	131.333
1396.52	129.333
1398.73	129.778
1400.94	127.556
1403.14	130.667
1405.35	131.778
1407.55	132.667
1409.75	129.111
1411.96	139.556
1414.16	131.556
1416.36	137.111
1418.56	132.444
1420.76	127.778
1422.96	130.667
1425.16	134.444
1427.36	135.778
1429.56	130.444
1431.75	134.222
1433.95	132
1436.14	138.222
1438.34	141.556
1440.53	142.222
1442.73	147.556
1444.92	147.556
1447.11	145.333
1449.3	147.111
1451.49	142
1453.68	136.889
1455.87	137.556
1458.06	132
1460.25	130.444
1462.44	132
1464.62	125.333
1466.81	120.222
1468.99	118.444
1471.18	116.889
1473.36	106.444
1475.55	104.222
1477.73	107.111
1479.91	106
1482.09	98.8889
1484.27	102.667
1486.45	99.7778
1488.63	96.2222
1490.81	96.2222
1492.99	103.111
1495.16	92
1497.34	97.5556
1499.51	91.7778
1501.69	96
1503.86	93.3333
1506.04	92.6667
1508.21	91.7778
1510.38	90.6667
1512.55	91.1111
1514.73	88.6667
1516.9	91.7778
1519.06	84.6667
1521.23	86.8889
1523.4	87.3333
1525.57	91.3333
1527.74	86
1529.9	85.3333
1532.07	84.8889
1534.23	90.2222
1536.4	84
1538.56	80.4444
1540.72	86.2222
1542.89	81.1111
1545.05	82.8889
1547.21	85.3333
1549.37	85.1111
1551.53	81.3333
1553.69	82.4444
1555.84	81.5556
1558	82.8889
1560.16	82.4444
1562.32	82
1564.47	78
1566.63	79.1111
1568.78	77.3333
1570.93	75.7778
1573.09	79.1111
1575.24	77.3333
1577.39	75.5556
1579.54	74.8889
1581.69	79.5556
1583.84	78.2222
1585.99	75.5556
1588.14	76.6667
1590.29	77.1111
1592.43	75.5556
1594.58	73.5556
1596.72	75.1111
1598.87	74.2222
1601.01	71.5556
1603.16	75.3333
1605.3	70.4444
1607.44	75.5556
1609.58	71.7778
1611.72	71.7778
1613.86	72.4444
1616	67.5556
1618.14	70.6667
1620.28	72.4444
1622.42	72.2222
1624.56	72.6667
1626.69	69.3333
1628.83	71.1111
1630.96	68
1633.1	68.6667
1635.23	72.2222
1637.36	74
1639.5	71.7778
1641.63	74.2222
1643.76	70
1645.89	69.1111
1648.02	74
1650.15	72.2222
1652.28	72.6667
1654.4	71.3333
1656.53	72
1658.66	69.3333
1660.78	71.7778
1662.91	71.1111
1665.03	70.2222
1667.16	70.8889
1669.28	67.7778
1671.4	69.5556
1673.52	68.4444
1675.65	73.5556
1677.77	71.1111
1679.89	68.2222
1682.01	70.8889
1684.12	74.2222
1686.24	69.3333
1688.36	72.6667
1690.48	69.3333
1692.59	70.8889
1694.71	72.2222
1696.82	72
1698.94	70
1701.05	72
1703.16	70.8889
1705.27	68.4444
1707.39	74.2222
1709.5	68.4444
1711.61	73.7778
1713.72	70.6667
1715.83	70.6667
1717.93	70.6667
1720.04	72.4444
1722.15	75.7778
1724.25	71.1111
1726.36	74.2222
1728.47	72.6667
1730.57	70.4444
1732.67	73.1111
1734.78	73.3333
1736.88	67.7778
1738.98	74.2222
1741.08	76
1743.18	71.1111
1745.28	74.4444
1747.38	75.3333
1749.48	72.6667
1751.58	74.8889
1753.67	72.8889
1755.77	73.1111
1757.87	74
1759.96	72
1762.06	74
1764.15	74.4444
1766.25	76
1768.34	71.5556
1770.43	74.8889
1772.52	73.5556
1774.61	76
1776.7	75.1111
1778.79	72
1780.88	72.8889
1782.97	80.8889
1785.06	73.3333
1787.14	76
1789.23	74.2222
1791.32	71.7778
1793.4	72.8889
1795.49	76
1797.57	75.5555
1799.65	74.6667
1801.74	74.2222
1803.82	74.2222
1805.9	79.3333
1807.98	76.2222
1810.06	72.8889
1812.14	76
1814.22	77.7778
1816.3	78.4444
1818.38	76.8889
1820.45	76
1822.53	76
1824.6	76.8889
1826.68	82.6667
1828.75	78.4444
1830.83	80.6667
1832.9	76.4445
1834.97	73.5556
1837.05	78.6667
1839.12	79.5556
1841.19	76
1843.26	79.5555
1845.33	80
1847.4	78.2222
1849.46	78.2222
1851.53	74
1853.6	77.7778
1855.66	73.5556
1857.73	76.4444
1859.79	72
1861.86	78.4444
1863.92	80
1865.99	75.5556
1868.05	79.5556
1870.11	74.6667
1872.17	80.6667
1874.23	78.8889
1876.29	76.8889
1878.35	76.6667
1880.41	77.5556
1882.47	79.1111
1884.53	79.3333
1886.58	77.7778
1888.64	78.8889
1890.69	79.7778
1892.75	80
1894.8	74.8889
1896.86	76.2222
1898.91	79.7778
1900.96	80
1903.02	77.5556
1905.07	80
1907.12	78.8889
1909.17	78.2222
1911.22	79.1111
1913.27	82.6667
1915.31	80.8889
1917.36	74.4444
1919.41	74.8889
1921.45	78.2222
1923.5	81.3333
1925.55	83.7778
1927.59	81.1111
1929.63	80
1931.68	76.4444
1933.72	78.8889
1935.76	77.5556
1937.8	80.6667
1939.84	78.6667
1941.88	79.5556
1943.92	79.5556
1945.96	77.7778
1948	78.4444
1950.04	83.5556
1952.08	81.3333
1954.11	81.7778
1956.15	80.8889
1958.18	84
1960.22	77.3333
1962.25	75.1111
1964.29	78.8889
1966.32	79.3333
1968.35	78.6667
1970.38	78.2222
1972.41	78
1974.44	77.7778
1976.47	81.5555
1978.5	78.4444
1980.53	78.8889
1982.56	78.6667
1984.59	81.7778
1986.61	82.8889
1988.64	81.5555
1990.66	81.7778
1992.69	78.2222
1994.71	84.8889
1996.74	75.1111
1998.76	82.6667
2000.78	81.7778
2002.8	81.1111
2004.82	82.2222
2006.85	81.1111
2008.87	81.5556
2010.88	83.7778
2012.9	82.6667
2014.92	80.4445
2016.94	81.3333
2018.96	80.6667
2020.97	84.8889
2022.99	86
2025	82.8889
2027.02	84.8889
2029.03	81.7778
2031.05	81.5556
2033.06	80.6667
2035.07	82.2222
2037.08	81.5556
2039.09	80.8889
2041.1	85.1111
2043.11	81.5556
2045.12	84.2222
2047.13	80.2222
2049.14	81.1111
2051.15	84.4444
2053.15	82
2055.16	82
2057.16	86.2222
2059.17	86
2061.17	84.6667
2063.18	80
2065.18	84.6667
2067.18	84.4444
2069.18	82.2222
2071.19	87.5556
2073.19	84.2222
2075.19	86.6667
2077.19	86.2222
2079.19	86.2222
2081.18	83.1111
2083.18	88.8889
2085.18	87.1111
2087.17	85.3333
2089.17	83.7778
2091.17	85.3333
2093.16	83.7778
2095.16	87.5556
2097.15	87.3333
2099.14	83.7778
2101.13	86
2103.13	85.7778
2105.12	88
2107.11	87.7778
2109.1	85.3333
2111.09	84.8889
2113.08	86.8889
2115.06	84.2222
2117.05	83.3333
2119.04	88.8889
2121.02	86.8889
2123.01	84.6667
2125	84.2222
2126.98	87.5556
2128.96	85.7778
2130.95	86.6667
2132.93	92.2222
2134.91	88.6667
2136.9	92.4444
2138.88	88
2140.86	92.4444
2142.84	84.8889
2144.82	94.8889
2146.8	86.6667
2148.77	87.1111
2150.75	92.8889
2152.73	87.5555
2154.7	86.4444
2156.68	86.4444
2158.65	86.8889
2160.63	89.1111
2162.6	88.4444
2164.58	89.5556
2166.55	91.5556
2168.52	90.8889
2170.49	91.1111
2172.47	94.8889
2174.44	90.6667
2176.41	90.8889
2178.38	88
2180.34	93.3333
2182.31	92
2184.28	88.6667
2186.25	97.3333
2188.21	90.6667
2190.18	93.5556
2192.14	97.7778
2194.11	96.4444
2196.07	91.7778
2198.04	102.889
2200	96.6667
2201.96	109.778
2203.92	116.667
2205.89	118.222
2207.85	106.889
2209.81	103.778
2211.77	101.111
2213.72	96.8889
2215.68	101.111
2217.64	97.7778
2219.6	101.111
2221.55	102.889
2223.51	112.222
2225.47	111.111
2227.42	118.222
2229.37	119.556
2231.33	121.333
2233.28	128
2235.23	134.667
2237.19	147.556
2239.14	180
2241.09	215.333
2243.04	294.889
2244.99	396.889
2246.94	598.889
2248.89	889.333
2250.83	1265.11
2252.78	1691.33
2254.73	1593.56
2256.67	1017.33
2258.62	535.111
2260.56	312.667
2262.51	241.333
2264.45	190.222
2266.4	174.889
2268.34	161.778
2270.28	150.889
2272.22	145.111
2274.16	140.444
2276.1	134.667
2278.04	133.333
2279.98	131.333
2281.92	134.667
2283.86	144.667
2285.8	154
2287.74	172
2289.67	194.444
2291.61	214.444
2293.54	225.778
2295.48	214
2297.41	186.222
2299.35	162
2301.28	141.333
2303.21	132.667
2305.14	124.667
2307.07	118.222
2309.01	110.889
2310.94	110.444
2312.86	106
2314.79	100.444
2316.72	104.222
2318.65	102.667
2320.58	102.222
2322.5	102.667
2324.43	104.222
2326.36	101.111
2328.28	100
2330.21	100.889
2332.13	100
2334.05	99.3333
2335.98	99.7778
2337.9	99.3333
2339.82	96.8889
2341.74	96.8889
2343.66	94.6667
2345.58	98.8889
2347.5	98.2222
2349.42	97.3333
2351.34	95.1111
2353.26	96.8889
2355.17	93.3333
2357.09	96.8889
2359.01	94.4445
2360.92	93.5556
2362.84	96.6667
2364.75	94.2222
2366.67	98.2222
2368.58	94.6667
2370.49	93.3333
2372.4	94.4444
2374.32	96
2376.23	96
2378.14	97.3333
2380.05	92.6667
2381.96	95.1111
2383.86	90.6667
2385.77	95.5556
2387.68	93.5556
2389.59	95.5556
2391.5	93.5556
2393.4	99.7778
2395.31	94
2397.21	99.7778
2399.12	98.4444
2401.02	95.5555
2402.92	98.2222
2404.83	94.2222
2406.73	98.6667
2408.63	101.333
2410.53	96.4444
2412.43	94.8889
2414.33	100
2416.23	95.7778
2418.13	96.6667
2420.03	92.6667
2421.93	97.7778
2423.82	100
2425.72	96.4444
2427.61	95.7778
2429.51	95.7778
2431.4	101.111
2433.3	95.3333
2435.19	103.556
2437.09	96.6667
2438.98	96.8889
2440.87	98.8889
2442.76	95.5556
2444.65	99.5555
2446.55	93.7778
2448.44	101.778
2450.32	99.7778
2452.21	93.3333
2454.1	100.222
