186.297	119.333
188.898	117.556
191.499	114.222
194.097	106.222
196.695	100.444
199.293	96.6667
201.889	89.7778
204.485	86
207.08	83.3333
209.673	80.8889
212.267	78.2222
214.859	77.3333
217.45	75.1111
220.04	70.4444
222.631	67.7778
225.218	68.8889
227.807	68.6667
230.394	65.5556
232.979	62.6667
235.565	58.8889
238.149	56.6667
240.733	61.3333
243.314	57.1111
245.897	56.2222
248.477	55.5556
251.057	56
253.637	52.4444
256.215	51.3333
258.793	51.7778
261.368	53.5556
263.945	50
266.519	50.4444
269.093	44.2222
271.666	48.2222
274.237	48.2222
276.809	47.7778
279.379	46.8889
281.949	46.8889
284.518	49.1111
287.086	47.1111
289.653	48
292.218	48.8889
294.784	46.8889
297.348	48.6667
299.913	48.8889
302.475	46.4444
305.036	48.8889
307.598	47.7778
310.157	48.4444
312.716	50
315.276	49.7778
317.833	52
320.389	55.3333
322.944	51.7778
325.5	51.5556
328.054	51.1111
330.607	54.8889
333.159	54
335.711	55.3333
338.262	57.1111
340.811	60
343.36	61.3333
345.909	65.7778
348.456	67.3333
351.002	74.8889
353.547	87.7778
356.092	90.8889
358.637	104.444
361.18	120.667
363.722	137.333
366.263	167.111
368.803	204.444
371.342	266.444
373.881	339.333
376.419	427.556
378.957	493.333
381.493	493.111
384.028	414.667
386.563	318.222
389.096	232.444
391.629	179.556
394.161	144
396.692	118
399.222	101.778
401.752	92
404.28	82.2222
406.808	77.3333
409.335	72.2222
411.861	68
414.386	67.7778
416.911	61.1111
419.434	59.3333
421.957	57.5556
424.479	54
427	54.2222
429.52	54.6667
432.038	50.2222
434.557	48.2222
437.075	48.4444
439.592	46.2222
442.108	46
444.623	45.7778
447.138	45.5556
449.652	46
452.163	41.7778
454.675	42.2222
457.186	44
459.697	42
462.206	40.6667
464.714	40.4444
467.222	41.7778
469.729	38.6667
472.235	42
474.739	39.7778
477.244	39.3333
479.748	39.5556
482.251	37.1111
484.752	39.7778
487.253	40.4444
489.754	37.5556
492.252	38.6667
494.751	39.7778
497.249	34.6667
499.745	34.2222
502.241	36.4444
504.737	37.1111
507.231	34.4444
509.725	37.1111
512.218	35.7778
514.709	36
517.201	33.3333
519.69	33.3333
522.18	33.1111
524.669	36
527.156	35.5556
529.644	34.4444
532.129	37.5556
534.615	36
537.099	37.5556
539.583	35.3333
542.065	36
544.548	36.4444
547.028	32.8889
549.509	35.7778
551.988	32.4444
554.468	33.7778
556.945	35.3333
559.423	36.8889
561.899	33.3333
564.373	33.3333
566.849	33.5556
569.322	35.1111
571.796	34.4444
574.268	36.8889
576.739	32.6667
579.21	34.4444
581.679	35.3333
584.148	32.2222
586.617	35.5556
589.084	32.8889
591.55	35.1111
594.016	33.5556
596.481	34
598.944	36
601.409	32
603.871	33.7778
606.332	34.6667
608.792	32.6667
611.253	32.6667
613.712	33.5556
616.17	34.2222
618.628	34.6667
621.084	32.6667
623.541	33.1111
625.996	35.7778
628.45	34.8889
630.903	35.1111
633.356	32.2222
635.807	36.2222
638.26	35.1111
640.71	38.2222
643.159	34
645.608	34.6667
648.056	31.7778
650.503	34.6667
652.949	36.8889
655.394	35.3333
657.839	35.1111
660.282	36
662.725	36
665.168	36.4444
667.61	31.3333
670.051	34.6667
672.491	34
674.93	37.3333
677.368	35.1111
679.804	33.1111
682.241	35.3333
684.677	37.1111
687.112	34.4444
689.547	35.1111
691.98	34.6667
694.413	36.8889
696.845	35.5556
699.276	37.1111
701.707	34.4444
704.136	34.8889
706.565	36.8889
708.992	35.3333
711.419	36.4444
713.846	36.6667
716.271	38.6667
718.696	36.4444
721.121	37.1111
723.543	38
725.965	37.7778
728.387	39.1111
730.808	38.8889
733.227	44
735.647	38.4444
738.065	44.8889
740.483	50.4444
742.899	50
745.316	53.7778
747.731	59.1111
750.146	56.6667
752.559	57.3333
754.972	54.6667
757.385	52
759.795	51.3333
762.206	45.7778
764.616	46.8889
767.025	45.1111
769.433	42
771.84	40
774.247	40.8889
776.653	38.2222
779.058	36.2222
781.462	39.7778
783.865	37.7778
786.268	37.5556
788.669	36
791.071	37.1111
793.471	38
795.871	37.1111
798.269	37.7778
800.668	36
803.064	37.3333
805.462	36
807.857	35.7778
810.252	38.6667
812.646	42.2222
815.04	38.4444
817.432	39.1111
819.823	35.5556
822.215	37.1111
824.604	37.7778
826.995	39.1111
829.383	37.7778
831.77	38.6667
834.158	36.4444
836.544	36.8889
838.929	37.7778
841.315	39.5556
843.698	38.6667
846.081	38.4444
848.465	38.8889
850.846	40.8889
853.227	38.8889
855.606	39.5556
857.987	38.4444
860.365	38.8889
862.743	40
865.119	36.6667
867.495	40.8889
869.872	40.2222
872.246	39.3333
874.62	40.8889
876.993	40.4444
879.365	39.7778
881.738	42.4444
884.109	42.4444
886.479	42.8889
888.848	41.5556
891.217	41.7778
893.584	40.6667
895.951	44.6667
898.317	49.3333
900.683	50.2222
903.048	54.8889
905.412	58.8889
907.776	72
910.139	78.2222
912.5	101.556
914.861	184
917.221	477.111
919.581	699.111
921.94	592.889
924.296	405.556
926.653	242.889
929.01	146.889
931.366	93.7778
933.721	68.8889
936.075	54.2222
938.428	52
940.781	43.3333
943.133	47.5556
945.484	45.7778
947.835	44.6667
950.183	40.2222
952.532	44.6667
954.88	42.8889
957.228	45.5556
959.575	44.4444
961.921	43.7778
964.265	42.8889
966.609	40.8889
968.953	39.7778
971.296	43.3333
973.637	40.4444
975.979	43.1111
978.32	42
980.66	40
982.998	40.8889
985.337	38.8889
987.675	42.2222
990.01	40.8889
992.347	42.6667
994.683	40.2222
997.016	43.7778
999.35	43.3333
1001.68	39.7778
1004.02	40.8889
1006.35	44.6667
1008.68	40.6667
1011.01	44.2222
1013.34	44.8889
1015.67	42.6667
1017.99	44.4444
1020.32	45.5556
1022.65	42.6667
1024.97	45.1111
1027.3	43.5556
1029.62	42.8889
1031.94	48.2222
1034.27	51.5556
1036.59	52.2222
1038.91	48.4444
1041.23	52
1043.55	50.4444
1045.87	48.8889
1048.19	48.4444
1050.5	49.1111
1052.82	49.3333
1055.14	47.3333
1057.45	48
1059.77	46.2222
1062.08	44.8889
1064.39	47.1111
1066.7	44.8889
1069.02	45.1111
1071.33	46.6667
1073.64	46.6667
1075.95	45.5556
1078.25	44.4444
1080.56	42.8889
1082.87	46
1085.17	44.6667
1087.48	44
1089.79	47.1111
1092.09	48
1094.39	44.6667
1096.69	46.2222
1099	47.7778
1101.3	45.3333
1103.6	47.3333
1105.9	47.7778
1108.2	45.1111
1110.49	48.4444
1112.79	45.7778
1115.09	46.4444
1117.39	47.1111
1119.68	44.6667
1121.98	49.7778
1124.27	50
1126.56	49.5556
1128.85	46.6667
1131.15	47.3333
1133.44	48
1135.73	47.1111
1138.02	47.3333
1140.3	49.1111
1142.59	50.4444
1144.88	48.8889
1147.17	51.1111
1149.45	46.2222
1151.74	50.6667
1154.02	47.3333
1156.31	52.4444
1158.59	52.4444
1160.87	48.6667
1163.15	52.4444
1165.43	46.8889
1167.71	50.4444
1169.99	49.7778
1172.27	50
1174.55	53.5556
1176.83	54
1179.1	51.7778
1181.38	48.8889
1183.65	52
1185.93	51.7778
1188.2	54
1190.47	49.3333
1192.74	52.6667
1195.02	53.7778
1197.29	51.7778
1199.56	50
1201.82	54.4444
1204.09	52.4444
1206.36	50
1208.63	52
1210.89	51.7778
1213.16	51.7778
1215.42	52.6667
1217.69	50.2222
1219.95	50.8889
1222.21	52.6667
1224.48	52.2222
1226.74	55.1111
1229	55.7778
1231.26	51.5556
1233.52	52
1235.78	54.8889
1238.03	55.3333
1240.29	56
1242.55	54.6667
1244.8	52.8889
1247.06	52.8889
1249.31	57.5556
1251.56	55.7778
1253.82	56
1256.07	53.3333
1258.32	55.1111
1260.57	56
1262.82	57.7778
1265.07	58.2222
1267.32	56.4444
1269.57	58.8889
1271.81	54
1274.06	58.4444
1276.3	58.8889
1278.55	57.1111
1280.79	58.2222
1283.04	59.1111
1285.28	58
1287.52	58.8889
1289.76	59.7778
1292	62
1294.24	57.5556
1296.48	60.2222
1298.72	62.6667
1300.96	62.8889
1303.2	63.5556
1305.43	65.1111
1307.67	67.1111
1309.9	65.1111
1312.14	68.6667
1314.37	67.5556
1316.6	67.5556
1318.84	66.6667
1321.07	69.3333
1323.3	69.3333
1325.53	73.7778
1327.76	71.7778
1329.99	75.1111
1332.21	78
1334.44	74.8889
1336.67	73.5556
1338.89	76.2222
1341.12	82.2222
1343.34	81.1111
1345.57	79.3333
1347.79	83.7778
1350.01	84
1352.24	85.1111
1354.46	89.5556
1356.68	94
1358.9	101.778
1361.11	108.667
1363.33	123.333
1365.55	130.444
1367.77	154.667
1369.98	187.556
1372.2	220.889
1374.41	261.778
1376.63	264.889
1378.84	234.444
1381.05	192
1383.27	170
1385.48	154.667
1387.69	140.222
1389.9	131.111
1392.11	128
1394.31	122.889
1396.52	126.889
1398.73	126
1400.94	124
1403.14	127.111
1405.35	127.778
1407.55	131.778
1409.75	128.889
1411.96	126.222
1414.16	132.444
1416.36	128
1418.56	129.556
1420.76	126.444
1422.96	128
1425.16	125.778
1427.36	128.222
1429.56	128.667
1431.75	135.333
1433.95	132
1436.14	132.667
1438.34	134.444
1440.53	137.556
1442.73	140.889
1444.92	142.444
1447.11	141.778
1449.3	142.667
1451.49	141.333
1453.68	137.111
1455.87	134.667
1458.06	132
1460.25	124.222
1462.44	125.778
1464.62	122.889
1466.81	119.556
1468.99	118.889
1471.18	109.333
1473.36	103.556
1475.55	102.667
1477.73	98
1479.91	105.333
1482.09	96.8889
1484.27	98.8889
1486.45	94.4444
1488.63	100.222
1490.81	96.4445
1492.99	92.6667
1495.16	89.7778
1497.34	91.1111
1499.51	91.5556
1501.69	88.8889
1503.86	86.8889
1506.04	91.5555
1508.21	88.6667
1510.38	86.4445
1512.55	88.6667
1514.73	91.1111
1516.9	84.6667
1519.06	91.3333
1521.23	86.2222
1523.4	86
1525.57	86
1527.74	84
1529.9	80.4445
1532.07	87.7778
1534.23	84.6667
1536.4	81.3333
1538.56	82.2222
1540.72	84.2222
1542.89	84.4444
1545.05	80
1547.21	82
1549.37	80.2222
1551.53	83.3333
1553.69	79.3333
1555.84	75.5556
1558	76
1560.16	78
1562.32	75.7778
1564.47	72.6667
1566.63	72.2222
1568.78	77.5555
1570.93	75.5556
1573.09	71.5556
1575.24	76.2222
1577.39	79.3333
1579.54	75.7778
1581.69	75.7778
1583.84	73.5556
1585.99	72.4444
1588.14	72
1590.29	74.2222
1592.43	70.6667
1594.58	74
1596.72	70.6667
1598.87	76.8889
1601.01	72.6667
1603.16	69.7778
1605.3	74
1607.44	72.2222
1609.58	72
1611.72	70.2222
1613.86	68.8889
1616	71.5556
1618.14	68.4444
1620.28	71.1111
1622.42	71.3333
1624.56	70.2222
1626.69	70
1628.83	69.7778
1630.96	68
1633.1	69.5556
1635.23	68.6667
1637.36	68.4444
1639.5	69.1111
1641.63	67.7778
1643.76	70
1645.89	69.7778
1648.02	63.7778
1650.15	70
1652.28	65.5556
1654.4	70.4444
1656.53	68.6667
1658.66	67.5556
1660.78	67.7778
1662.91	69.7778
1665.03	67.1111
1667.16	68.6667
1669.28	66.2222
1671.4	71.3333
1673.52	70.2222
1675.65	70.2222
1677.77	67.3333
1679.89	68.8889
1682.01	70.8889
1684.12	66.4444
1686.24	68.2222
1688.36	68
1690.48	68.6667
1692.59	71.7778
1694.71	70.8889
1696.82	64.6667
1698.94	69.7778
1701.05	68
1703.16	69.1111
1705.27	72.4444
1707.39	69.1111
1709.5	69.3333
1711.61	69.5556
1713.72	71.3333
1715.83	70.8889
1717.93	65.1111
1720.04	74.6667
1722.15	68.8889
1724.25	69.3333
1726.36	71.1111
1728.47	70
1730.57	72.6667
1732.67	70.8889
1734.78	72.4444
1736.88	70
1738.98	70
1741.08	72.2222
1743.18	72.6667
1745.28	67.7778
1747.38	72.4445
1749.48	64.2222
1751.58	70
1753.67	70.6667
1755.77	70.4444
1757.87	77.3333
1759.96	73.7778
1762.06	71.1111
1764.15	69.5555
1766.25	69.3333
1768.34	72.8889
1770.43	74.6667
1772.52	74.2222
1774.61	74.2222
1776.7	72.6667
1778.79	71.1111
1780.88	71.1111
1782.97	70.4444
1785.06	72.6667
1787.14	72.4444
1789.23	70.6667
1791.32	73.1111
1793.4	70.6667
1795.49	71.5556
1797.57	71.1111
1799.65	74.6667
1801.74	75.5556
1803.82	75.5556
1805.9	74.4444
1807.98	74
1810.06	76.8889
1812.14	72.4444
1814.22	79.7778
1816.3	73.5556
1818.38	74.8889
1820.45	77.3333
1822.53	80.8889
1824.6	78.8889
1826.68	78.2222
1828.75	78.4444
1830.83	80.6667
1832.9	75.5556
1834.97	74
1837.05	76.8889
1839.12	75.3333
1841.19	74.2222
1843.26	76.2222
1845.33	81.1111
1847.4	77.5555
1849.46	75.7778
1851.53	76.4444
1853.6	75.7778
1855.66	73.5556
1857.73	74.8889
1859.79	76.4444
1861.86	73.3333
1863.92	74.8889
1865.99	73.5556
1868.05	75.3333
1870.11	78
1872.17	78
1874.23	76.8889
1876.29	77.3333
1878.35	75.7778
1880.41	78.4444
1882.47	78
1884.53	74.2222
1886.58	74.2222
1888.64	77.7778
1890.69	77.1111
1892.75	76
1894.8	76.2222
1896.86	77.1111
1898.91	80.8889
1900.96	75.3333
1903.02	80.2222
1905.07	77.7778
1907.12	82.6667
1909.17	78.2222
1911.22	80
1913.27	78.8889
1915.31	78.2222
1917.36	80.4444
1919.41	78.4444
1921.45	75.3333
1923.5	78.2222
1925.55	82
1927.59	82
1929.63	79.1111
1931.68	76.2222
1933.72	78.6667
1935.76	77.1111
1937.8	75.1111
1939.84	77.7778
1941.88	84.6667
1943.92	80.2222
1945.96	80.2222
1948	82.4444
1950.04	78.6667
1952.08	76.6667
1954.11	79.5556
1956.15	80
1958.18	80.6667
1960.22	82.4444
1962.25	77.3333
1964.29	79.5556
1966.32	75.5555
1968.35	78.4444
1970.38	78.4444
1972.41	77.5556
1974.44	82.6667
1976.47	84.4445
1978.5	78.6667
1980.53	78.8889
1982.56	79.1111
1984.59	82.8889
1986.61	82.2222
1988.64	79.3333
1990.66	83.7778
1992.69	78.8889
1994.71	79.5556
1996.74	77.5556
1998.76	78.4444
2000.78	82
2002.8	79.7778
2004.82	79.1111
2006.85	81.3333
2008.87	79.7778
2010.88	81.7778
2012.9	80.6667
2014.92	82
2016.94	82.8889
2018.96	83.5556
2020.97	81.7778
2022.99	82.8889
2025	82.4444
2027.02	82.2222
2029.03	84.2222
2031.05	82.4444
2033.06	80.8889
2035.07	79.1111
2037.08	81.1111
2039.09	83.3333
2041.1	80.4444
2043.11	81.3333
2045.12	81.3333
2047.13	81.5556
2049.14	83.5556
2051.15	84.6667
2053.15	83.1111
2055.16	85.7778
2057.16	84.2222
2059.17	85.7778
2061.17	83.1111
2063.18	83.1111
2065.18	81.3333
2067.18	83.3333
2069.18	86.2222
2071.19	82.4444
2073.19	80
2075.19	83.1111
2077.19	82.4444
2079.19	83.5556
2081.18	76.6667
2083.18	85.1111
2085.18	83.5556
2087.17	89.3333
2089.17	83.5556
2091.17	82.8889
2093.16	86.6667
2095.16	82.4444
2097.15	82.8889
2099.14	86.2222
2101.13	86.6667
2103.13	84.6667
2105.12	85.3333
2107.11	89.7778
2109.1	83.7778
2111.09	83.5556
2113.08	88.6667
2115.06	86.8889
2117.05	87.3333
2119.04	88
2121.02	84.6667
2123.01	83.7778
2125	84.2222
2126.98	87.1111
2128.96	86
2130.95	85.7778
2132.93	92
2134.91	92
2136.9	87.1111
2138.88	86.2222
2140.86	86.8889
2142.84	91.3333
2144.82	85.3333
2146.8	86.4444
2148.77	83.3333
2150.75	84.4445
2152.73	91.1111
2154.7	87.3333
2156.68	95.5556
2158.65	86.6667
2160.63	90.4444
2162.6	88.8889
2164.58	91.5555
2166.55	88
2168.52	89.7778
2170.49	91.7778
2172.47	90.8889
2174.44	88
2176.41	92.8889
2178.38	89.7778
2180.34	92.4444
2182.31	88.6667
2184.28	92.2222
2186.25	91.7778
2188.21	95.5556
2190.18	93.7778
2192.14	100.667
2194.11	92
2196.07	97.1111
2198.04	99.7778
2200	103.556
2201.96	113.111
2203.92	114
2205.89	114
2207.85	110.889
2209.81	94.4444
2211.77	93.7778
2213.72	102.444
2215.68	98
2217.64	102.222
2219.6	103.778
2221.55	104.889
2223.51	110.444
2225.47	117.333
2227.42	116.889
2229.37	121.778
2231.33	122.889
2233.28	129.111
2235.23	140.222
2237.19	154.889
2239.14	184.889
2241.09	226.444
2243.04	289.333
2244.99	425.333
2246.94	621.778
2248.89	912.889
2250.83	1313.33
2252.78	1714.89
2254.73	1559.33
2256.67	960
2258.62	510.444
2260.56	312.667
2262.51	228.444
2264.45	189.111
2266.4	166
2268.34	161.111
2270.28	153.333
2272.22	149.556
2274.16	139.333
2276.1	139.111
2278.04	136.889
2279.98	137.111
2281.92	136.444
2283.86	148.444
2285.8	156.444
2287.74	177.333
2289.67	189.333
2291.61	220.222
2293.54	234.222
2295.48	212.444
2297.41	191.778
2299.35	160.667
2301.28	138.889
2303.21	133.111
2305.14	122.889
2307.07	113.111
2309.01	114.667
2310.94	106.444
2312.86	106
2314.79	106.444
2316.72	107.556
2318.65	98
2320.58	95.3333
2322.5	96.8889
2324.43	101.778
2326.36	102.667
2328.28	101.778
2330.21	102
2332.13	103.111
2334.05	102.222
2335.98	98.6667
2337.9	98
2339.82	100
2341.74	101.556
2343.66	101.333
2345.58	100
2347.5	96.4444
2349.42	96.8889
2351.34	96.8889
2353.26	98
2355.17	100.667
2357.09	97.7778
2359.01	97.1111
2360.92	96.8889
2362.84	95.3333
2364.75	94.6667
2366.67	94.6667
2368.58	95.3333
2370.49	98.2222
2372.4	91.3333
2374.32	99.3333
2376.23	97.3333
2378.14	92
2380.05	95.5555
2381.96	96.2222
2383.86	96
2385.77	97.3333
2387.68	92.2222
2389.59	97.5556
2391.5	99.3333
2393.4	96.6667
2395.31	98.2222
2397.21	98.8889
2399.12	96.4444
2401.02	95.5556
2402.92	99.3333
2404.83	100.222
2406.73	101.333
2408.63	100.222
2410.53	101.111
2412.43	97.7778
2414.33	96
2416.23	94.6667
2418.13	99.5556
2420.03	102
2421.93	101.333
2423.82	98
2425.72	98.2222
2427.61	98
2429.51	99.1111
2431.4	100.667
2433.3	97.7778
2435.19	98.6667
2437.09	99.3333
2438.98	101.333
2440.87	97.3333
2442.76	98
2444.65	96
2446.55	95.3333
2448.44	102.889
2450.32	98.8889
2452.21	97.5556
2454.1	100
