186.297	111.778
188.898	108
191.499	102.222
194.097	103.111
196.695	96.6667
199.293	88
201.889	90.2222
204.485	82.4444
207.08	82.4444
209.673	76.6667
212.267	76.4444
214.859	72.2222
217.45	69.3333
220.04	67.5556
222.631	66
225.218	64.4444
227.807	60.2222
230.394	58.4444
232.979	59.3333
235.565	57.3333
238.149	55.1111
240.733	54
243.314	54
245.897	52.2222
248.477	53.7778
251.057	52
253.637	50.4444
256.215	53.3333
258.793	48.2222
261.368	49.5556
263.945	48
266.519	50
269.093	47.5556
271.666	46.4444
274.237	45.5556
276.809	44.8889
279.379	45.5556
281.949	44.4444
284.518	43.5556
287.086	48.2222
289.653	43.7778
292.218	48.2222
294.784	44
297.348	44.8889
299.913	45.5556
302.475	47.5556
305.036	46
307.598	45.5556
310.157	47.7778
312.716	45.3333
315.276	48.6667
317.833	50
320.389	45.1111
322.944	48.2222
325.5	50.6667
328.054	54.4444
330.607	53.1111
333.159	54.4444
335.711	53.1111
338.262	57.1111
340.811	56.4444
343.36	60.4444
345.909	64.8889
348.456	69.1111
351.002	71.7778
353.547	76
356.092	87.1111
358.637	95.5556
361.18	106.222
363.722	131.556
366.263	158.444
368.803	195.111
371.342	246.667
373.881	312.444
376.419	394.444
378.957	463.556
381.493	469.778
384.028	404.667
386.563	310
389.096	226
391.629	171.333
394.161	137.111
396.692	114.222
399.222	94.8889
401.752	85.3333
404.28	81.1111
406.808	70
409.335	64.4444
411.861	63.1111
414.386	57.7778
416.911	59.5556
419.434	54.8889
421.957	50
424.479	54.8889
427	52
429.52	48.2222
432.038	46.8889
434.557	49.5556
437.075	44.2222
439.592	45.3333
442.108	45.5556
444.623	42.4444
447.138	42.6667
449.652	41.3333
452.163	40.6667
454.675	43.7778
457.186	40.4444
459.697	40
462.206	36.2222
464.714	38.4444
467.222	38.2222
469.729	38.4444
472.235	38
474.739	37.7778
477.244	36
479.748	38.2222
482.251	37.3333
484.752	34.4444
487.253	37.5556
489.754	35.7778
492.252	33.5556
494.751	32.4444
497.249	37.7778
499.745	36.6667
502.241	33.5556
504.737	38
507.231	35.5556
509.725	35.3333
512.218	35.7778
514.709	34.4444
517.201	33.7778
519.69	33.1111
522.18	32.8889
524.669	34.6667
527.156	34.4444
529.644	34.8889
532.129	35.5556
534.615	33.7778
537.099	33.5556
539.583	34
542.065	34.4444
544.548	33.5556
547.028	35.3333
549.509	34.2222
551.988	32.6667
554.468	34.4444
556.945	32.4444
559.423	32
561.899	33.7778
564.373	34.4444
566.849	33.7778
569.322	35.7778
571.796	34
574.268	31.3333
576.739	31.7778
579.21	33.3333
581.679	32.8889
584.148	32.6667
586.617	31.1111
589.084	32.8889
591.55	32.8889
594.016	33.3333
596.481	31.7778
598.944	30.8889
601.409	31.7778
603.871	31.7778
606.332	34.8889
608.792	32.8889
611.253	34.2222
613.712	34
616.17	33.1111
618.628	33.7778
621.084	34.4444
623.541	34
625.996	34.8889
628.45	32.2222
630.903	31.3333
633.356	34.6667
635.807	31.7778
638.26	32.8889
640.71	33.7778
643.159	35.3333
645.608	33.5556
648.056	31.3333
650.503	34
652.949	33.5556
655.394	35.1111
657.839	32
660.282	33.5556
662.725	33.3333
665.168	32.2222
667.61	33.1111
670.051	34.2222
672.491	34.2222
674.93	35.1111
677.368	35.1111
679.804	33.3333
682.241	32.8889
684.677	33.1111
687.112	35.1111
689.547	34.6667
691.98	34
694.413	33.7778
696.845	33.7778
699.276	33.3333
701.707	34.2222
704.136	35.7778
706.565	34.4444
708.992	33.7778
711.419	35.3333
713.846	35.1111
716.271	35.5556
718.696	35.7778
721.121	35.3333
723.543	38.2222
725.965	40.2222
728.387	36.8889
730.808	40.4444
733.227	40.2222
735.647	42.2222
738.065	44.2222
740.483	45.1111
742.899	49.1111
745.316	58
747.731	57.5556
750.146	54.8889
752.559	55.5556
754.972	53.7778
757.385	49.5556
759.795	47.7778
762.206	44.6667
764.616	45.7778
767.025	42.2222
769.433	39.1111
771.84	40.8889
774.247	37.3333
776.653	41.1111
779.058	40.2222
781.462	37.5556
783.865	37.3333
786.268	36.6667
788.669	36.6667
791.071	35.3333
793.471	34
795.871	38.8889
798.269	37.5556
800.668	34.4444
803.064	36.4444
805.462	36.6667
807.857	36.2222
810.252	37.5556
812.646	38.4444
815.04	38
817.432	36
819.823	37.5556
822.215	37.3333
824.604	36.2222
826.995	35.3333
829.383	34.6667
831.77	36.2222
834.158	36.6667
836.544	35.5556
838.929	36.2222
841.315	38.2222
843.698	40.4444
846.081	36.8889
848.465	38.4444
850.846	38.8889
853.227	38
855.606	38
857.987	37.3333
860.365	37.7778
862.743	37.3333
865.119	34.4444
867.495	38.8889
869.872	39.1111
872.246	38.4444
874.62	38.2222
876.993	40.6667
879.365	40.6667
881.738	38
884.109	40.2222
886.479	38.8889
888.848	42.6667
891.217	38.2222
893.584	43.1111
895.951	43.3333
898.317	46.2222
900.683	50.4444
903.048	50.6667
905.412	54.4444
907.776	65.3333
910.139	72.4445
912.5	99.3333
914.861	166.444
917.221	428
919.581	651.556
921.94	585.778
924.296	398.444
926.653	245.333
929.01	148.667
931.366	92.8889
933.721	68.2222
936.075	60
938.428	48
940.781	49.3333
943.133	47.3333
945.484	44.8889
947.835	41.3333
950.183	42.2222
952.532	43.3333
954.88	39.5556
957.228	42.2222
959.575	42.6667
961.921	40.6667
964.265	41.3333
966.609	40.2222
968.953	40.4444
971.296	41.1111
973.637	41.1111
975.979	44.2222
978.32	42
980.66	40
982.998	40.2222
985.337	39.5556
987.675	42.6667
990.01	42.4444
992.347	42.8889
994.683	41.1111
997.016	42.8889
999.35	42.6667
1001.68	43.1111
1004.02	41.1111
1006.35	40.4444
1008.68	41.5556
1011.01	43.1111
1013.34	39.1111
1015.67	42.4444
1017.99	41.5556
1020.32	43.1111
1022.65	44.6667
1024.97	44
1027.3	46.2222
1029.62	45.7778
1031.94	47.5556
1034.27	48.8889
1036.59	50.6667
1038.91	49.5556
1041.23	50.6667
1043.55	48.2222
1045.87	49.5556
1048.19	49.7778
1050.5	47.3333
1052.82	47.1111
1055.14	46.2222
1057.45	49.1111
1059.77	46
1062.08	46.4444
1064.39	44
1066.7	47.5556
1069.02	42.6667
1071.33	47.7778
1073.64	43.7778
1075.95	45.3333
1078.25	47.1111
1080.56	46.2222
1082.87	44.8889
1085.17	44.8889
1087.48	45.5556
1089.79	46.8889
1092.09	46.4444
1094.39	45.3333
1096.69	44
1099	43.5556
1101.3	45.3333
1103.6	46.4444
1105.9	42.4444
1108.2	44.2222
1110.49	48.4444
1112.79	44.2222
1115.09	46.8889
1117.39	47.5556
1119.68	45.1111
1121.98	45.5556
1124.27	48.8889
1126.56	48.8889
1128.85	48.2222
1131.15	48.8889
1133.44	46.6667
1135.73	46.2222
1138.02	45.3333
1140.3	47.1111
1142.59	48.2222
1144.88	45.7778
1147.17	48
1149.45	45.7778
1151.74	50
1154.02	48.8889
1156.31	48.2222
1158.59	52.4444
1160.87	52.2222
1163.15	50.6667
1165.43	48
1167.71	50.2222
1169.99	49.7778
1172.27	47.5556
1174.55	49.7778
1176.83	49.5556
1179.1	48.8889
1181.38	49.7778
1183.65	50.8889
1185.93	52
1188.2	52
1190.47	49.3333
1192.74	52.4444
1195.02	51.7778
1197.29	51.5556
1199.56	50
1201.82	53.7778
1204.09	52
1206.36	50.2222
1208.63	52.2222
1210.89	51.7778
1213.16	53.3333
1215.42	52.6667
1217.69	52.8889
1219.95	52.2222
1222.21	51.1111
1224.48	53.7778
1226.74	56.6667
1229	50.4444
1231.26	50.2222
1233.52	54.6667
1235.78	55.3333
1238.03	54.8889
1240.29	54.6667
1242.55	55.5556
1244.8	56.6667
1247.06	56.8889
1249.31	54.8889
1251.56	50.4444
1253.82	53.7778
1256.07	55.1111
1258.32	52.4444
1260.57	54.4444
1262.82	56.8889
1265.07	57.1111
1267.32	58
1269.57	55.7778
1271.81	55.3333
1274.06	57.5556
1276.3	56
1278.55	58.6667
1280.79	58.4444
1283.04	59.7778
1285.28	58.2222
1287.52	57.7778
1289.76	59.1111
1292	58.8889
1294.24	57.5556
1296.48	61.5556
1298.72	58.8889
1300.96	61.7778
1303.2	60.8889
1305.43	62.4444
1307.67	66
1309.9	63.1111
1312.14	64.6667
1314.37	67.1111
1316.6	61.5556
1318.84	63.3333
1321.07	66.2222
1323.3	66.4444
1325.53	69.1111
1327.76	66.2222
1329.99	71.7778
1332.21	71.1111
1334.44	74
1336.67	77.3333
1338.89	75.5556
1341.12	76.4444
1343.34	75.1111
1345.57	75.3333
1347.79	77.7778
1350.01	81.3333
1352.24	86.8889
1354.46	85.3333
1356.68	90
1358.9	100.222
1361.11	104
1363.33	115.111
1365.55	121.333
1367.77	146
1369.98	177.778
1372.2	212.667
1374.41	253.556
1376.63	250
1378.84	222.444
1381.05	193.556
1383.27	164
1385.48	153.333
1387.69	135.778
1389.9	130.444
1392.11	124
1394.31	121.111
1396.52	119.778
1398.73	120.222
1400.94	119.778
1403.14	126.667
1405.35	122.667
1407.55	121.556
1409.75	122.889
1411.96	125.111
1414.16	127.333
1416.36	131.556
1418.56	128.222
1420.76	125.333
1422.96	126.222
1425.16	130.889
1427.36	122
1429.56	120.222
1431.75	123.333
1433.95	127.111
1436.14	130.444
1438.34	131.556
1440.53	132.667
1442.73	133.778
1444.92	134
1447.11	138.444
1449.3	140.444
1451.49	132.444
1453.68	134
1455.87	131.111
1458.06	127.333
1460.25	124.444
1462.44	121.333
1464.62	114.444
1466.81	115.333
1468.99	107.111
1471.18	107.778
1473.36	101.111
1475.55	101.333
1477.73	96.2222
1479.91	101.778
1482.09	97.7778
1484.27	96
1486.45	92.2222
1488.63	92.2222
1490.81	93.5556
1492.99	90.2222
1495.16	90.6667
1497.34	90.2222
1499.51	90.6667
1501.69	88
1503.86	87.5556
1506.04	84.2222
1508.21	86.2222
1510.38	84.6667
1512.55	84.8889
1514.73	83.5555
1516.9	87.1111
1519.06	84
1521.23	82.8889
1523.4	81.3333
1525.57	83.1111
1527.74	81.7778
1529.9	80.4444
1532.07	81.3333
1534.23	80.8889
1536.4	81.5556
1538.56	80
1540.72	79.5556
1542.89	80.2222
1545.05	76.2222
1547.21	77.1111
1549.37	80
1551.53	75.1111
1553.69	79.7778
1555.84	74
1558	78
1560.16	76.4444
1562.32	76.4444
1564.47	71.7778
1566.63	74
1568.78	74.6667
1570.93	75.5556
1573.09	73.7778
1575.24	78.2222
1577.39	71.7778
1579.54	73.3333
1581.69	70.8889
1583.84	71.5556
1585.99	70
1588.14	70.4444
1590.29	69.3333
1592.43	70.2222
1594.58	71.1111
1596.72	71.7778
1598.87	69.7778
1601.01	74.4444
1603.16	71.7778
1605.3	67.7778
1607.44	66.6667
1609.58	72.4444
1611.72	71.1111
1613.86	68.4445
1616	66.4444
1618.14	65.1111
1620.28	69.3333
1622.42	67.5556
1624.56	65.7778
1626.69	66.2222
1628.83	70.4444
1630.96	66.4444
1633.1	67.5556
1635.23	68.2222
1637.36	68.2222
1639.5	70.8889
1641.63	70
1643.76	68.4444
1645.89	68.4444
1648.02	63.5556
1650.15	69.5555
1652.28	69.3333
1654.4	67.1111
1656.53	66.8889
1658.66	69.1111
1660.78	66.8889
1662.91	67.5556
1665.03	65.3333
1667.16	64.8889
1669.28	70.4444
1671.4	66.4444
1673.52	66.8889
1675.65	70.6667
1677.77	67.5556
1679.89	68.6667
1682.01	68.6667
1684.12	65.7778
1686.24	66.6667
1688.36	65.5556
1690.48	63.1111
1692.59	65.3333
1694.71	69.5556
1696.82	69.1111
1698.94	67.1111
1701.05	67.7778
1703.16	70
1705.27	68
1707.39	67.3333
1709.5	66.6667
1711.61	71.3333
1713.72	68.2222
1715.83	70
1717.93	69.5556
1720.04	66
1722.15	68.8889
1724.25	66.2222
1726.36	69.3333
1728.47	67.3333
1730.57	68
1732.67	66.8889
1734.78	69.5556
1736.88	68.6667
1738.98	70.6667
1741.08	68.8889
1743.18	70.4445
1745.28	69.7778
1747.38	72.6667
1749.48	71.1111
1751.58	68.8889
1753.67	69.3333
1755.77	71.3333
1757.87	75.5556
1759.96	69.5556
1762.06	70
1764.15	70.6667
1766.25	69.5555
1768.34	71.5556
1770.43	72.4444
1772.52	69.7778
1774.61	70.4444
1776.7	72.4444
1778.79	71.5556
1780.88	70.2222
1782.97	68
1785.06	70.6667
1787.14	73.1111
1789.23	73.7778
1791.32	73.7778
1793.4	73.5556
1795.49	70.6667
1797.57	70.4444
1799.65	75.1111
1801.74	74.6667
1803.82	72
1805.9	74
1807.98	74
1810.06	74.6667
1812.14	72.2222
1814.22	75.1111
1816.3	73.1111
1818.38	72.4444
1820.45	71.7778
1822.53	75.3333
1824.6	74.4444
1826.68	76.8889
1828.75	77.5556
1830.83	73.5556
1832.9	77.7778
1834.97	78.8889
1837.05	76
1839.12	76
1841.19	77.7778
1843.26	76
1845.33	72.6667
1847.4	73.3333
1849.46	76
1851.53	75.3333
1853.6	78
1855.66	74.8889
1857.73	74.4444
1859.79	76
1861.86	73.1111
1863.92	75.1111
1865.99	72.6667
1868.05	74.8889
1870.11	70.4444
1872.17	74.6667
1874.23	76.8889
1876.29	74.8889
1878.35	76
1880.41	76.6667
1882.47	75.7778
1884.53	72.4445
1886.58	72.8889
1888.64	72.2222
1890.69	75.3333
1892.75	75.7778
1894.8	74.6667
1896.86	76.6667
1898.91	75.7778
1900.96	73.3333
1903.02	78.2222
1905.07	76.2222
1907.12	73.5556
1909.17	75.1111
1911.22	77.5556
1913.27	77.3333
1915.31	82.6667
1917.36	78.2222
1919.41	72
1921.45	74
1923.5	77.1111
1925.55	78.2222
1927.59	76.8889
1929.63	76.6667
1931.68	74.2222
1933.72	80.2222
1935.76	80
1937.8	77.5556
1939.84	74.6667
1941.88	77.1111
1943.92	78.2222
1945.96	73.5556
1948	75.1111
1950.04	79.5556
1952.08	76.8889
1954.11	76
1956.15	76
1958.18	73.7778
1960.22	77.5556
1962.25	74
1964.29	77.7778
1966.32	77.7778
1968.35	78.6667
1970.38	79.7778
1972.41	76.6667
1974.44	78.8889
1976.47	79.1111
1978.5	79.7778
1980.53	79.3333
1982.56	78.6667
1984.59	76.6667
1986.61	79.5555
1988.64	74.4444
1990.66	78.2222
1992.69	74.8889
1994.71	79.5556
1996.74	76.8889
1998.76	81.3333
2000.78	79.7778
2002.8	80.6667
2004.82	79.5556
2006.85	80.2222
2008.87	78
2010.88	79.7778
2012.9	77.1111
2014.92	81.3333
2016.94	79.1111
2018.96	80.6667
2020.97	78
2022.99	82
2025	80.4444
2027.02	82.8889
2029.03	80.2222
2031.05	81.3333
2033.06	78.4444
2035.07	82.2222
2037.08	80.6667
2039.09	84.4444
2041.1	81.5556
2043.11	84.2222
2045.12	79.3333
2047.13	81.3333
2049.14	83.3333
2051.15	80.2222
2053.15	82.2222
2055.16	82.6667
2057.16	82.2222
2059.17	80.2222
2061.17	85.3333
2063.18	82.2222
2065.18	81.7778
2067.18	86.8889
2069.18	83.3333
2071.19	81.3333
2073.19	84.2222
2075.19	82.4444
2077.19	81.5556
2079.19	83.1111
2081.18	77.3333
2083.18	85.1111
2085.18	80.6667
2087.17	86
2089.17	85.3333
2091.17	85.1111
2093.16	85.3333
2095.16	83.5556
2097.15	82.6667
2099.14	85.5556
2101.13	84.6667
2103.13	86.8889
2105.12	85.7778
2107.11	82.8889
2109.1	85.3333
2111.09	84.4444
2113.08	84.2222
2115.06	82
2117.05	81.5556
2119.04	85.3333
2121.02	85.3333
2123.01	86.6667
2125	87.1111
2126.98	82.8889
2128.96	85.1111
2130.95	85.5556
2132.93	88.2222
2134.91	85.7778
2136.9	82.4444
2138.88	88.2222
2140.86	81.7778
2142.84	86.2222
2144.82	86.4444
2146.8	84.8889
2148.77	85.1111
2150.75	84.4444
2152.73	91.1111
2154.7	87.7778
2156.68	88
2158.65	83.5556
2160.63	90.8889
2162.6	87.7778
2164.58	90
2166.55	86.2222
2168.52	83.7778
2170.49	87.5555
2172.47	86
2174.44	85.7778
2176.41	86.6667
2178.38	88.2222
2180.34	90.4444
2182.31	90.8889
2184.28	85.7778
2186.25	89.1111
2188.21	94.4444
2190.18	90.4444
2192.14	92
2194.11	94.2222
2196.07	94.6667
2198.04	98.8889
2200	98
2201.96	107.556
2203.92	112.667
2205.89	111.778
2207.85	104.889
2209.81	98.2222
2211.77	101.333
2213.72	98.8889
2215.68	95.3333
2217.64	102.889
2219.6	102.889
2221.55	101.778
2223.51	104.889
2225.47	107.556
2227.42	114.222
2229.37	113.778
2231.33	122.222
2233.28	118.222
2235.23	132
2237.19	152
2239.14	165.333
2241.09	206.667
2243.04	274.667
2244.99	383.111
2246.94	566.222
2248.89	872
2250.83	1214.89
2252.78	1617.33
2254.73	1506.67
2256.67	956.222
2258.62	512.222
2260.56	296.222
2262.51	224
2264.45	183.333
2266.4	164.667
2268.34	153.333
2270.28	146
2272.22	134
2274.16	140
2276.1	133.111
2278.04	132
2279.98	132.444
2281.92	134.444
2283.86	140.444
2285.8	150.222
2287.74	160.222
2289.67	179.333
2291.61	208
2293.54	220.889
2295.48	214.667
2297.41	185.333
2299.35	158.889
2301.28	138.222
2303.21	130.222
2305.14	119.111
2307.07	113.333
2309.01	109.111
2310.94	100
2312.86	105.556
2314.79	100.444
2316.72	99.5556
2318.65	97.1111
2320.58	100
2322.5	97.5556
2324.43	94.2222
2326.36	102.444
2328.28	100.444
2330.21	98.2222
2332.13	101.778
2334.05	96.2222
2335.98	100.444
2337.9	93.1111
2339.82	94
2341.74	100.667
2343.66	100.444
2345.58	94.6667
2347.5	92.4444
2349.42	97.3333
2351.34	100.444
2353.26	94.6667
2355.17	95.1111
2357.09	95.5555
2359.01	94.6667
2360.92	96.6667
2362.84	94.4444
2364.75	95.1111
2366.67	92.6667
2368.58	98.2222
2370.49	95.1111
2372.4	88
2374.32	95.5555
2376.23	97.5556
2378.14	90.2222
2380.05	91.5556
2381.96	99.5556
2383.86	94.4444
2385.77	96.6667
2387.68	92.4444
2389.59	92.2222
2391.5	90.4444
2393.4	94
2395.31	96.6667
2397.21	96.2222
2399.12	95.1111
2401.02	94.8889
2402.92	100.667
2404.83	100.667
2406.73	97.1111
2408.63	95.1111
2410.53	97.5556
2412.43	93.7778
2414.33	97.3333
2416.23	94.4444
2418.13	96.6667
2420.03	95.1111
2421.93	95.7778
2423.82	96
2425.72	98.6667
2427.61	104.222
2429.51	96.4444
2431.4	93.7778
2433.3	93.7778
2435.19	97.3333
2437.09	96.2222
2438.98	97.5556
2440.87	96
2442.76	97.3333
2444.65	94.2222
2446.55	95.7778
2448.44	92.6667
2450.32	93.3333
2452.21	96
2454.1	97.5556
