#wnum,raman
275,28.126
276,28.0318
277,37.058
278,45.402
279,50.7582
280,50.664
281,41.2536
282,22.154
283,7.50541
284,-0.891528
285,-0.985777
286,15.0904
287,47.3165
288,47.2223
289,32.0835
290,11.1538
291,11.0532
292,10.9592
293,20.2677
294,38.2147
295,50.4176
296,55.8399
297,55.7465
298,48.7157
299,28.046
300,27.9531
301,43.2181
302,55.7195
303,55.6272
304,37.1425
305,26.0121
306,24.6037
307,24.5123
308,26.156
309,28.7669
310,36.4048
311,51.4897
312,51.3997
313,42.7368
314,16.3091
315,16.22
316,38.617
317,38.5285
318,29.4944
319,29.4066
320,36.6767
321,76.4714
322,76.3846
323,59.236
324,56.0158
325,55.9301
326,67.8166
327,72.0467
328,77.2548
329,77.1704
330,71.0836
331,50.3253
332,36.9105
333,35.4553
334,35.3726
335,53.2606
336,65.1343
337,65.0526
338,51.8431
339,35.8881
340,18.5718
341,17.8597
342,17.7794
343,33.3528
344,42.1783
345,42.0988
346,35.974
347,13.0469
348,-1.57065
349,-1.64926
350,16.1767
351,21.2129
352,21.135
353,21.0574
354,21.3596
355,30.4861
356,34.4732
357,34.397
358,34.3211
359,35.9579
360,38.8108
361,38.7363
362,33.7699
363,33.6963
364,37.3534
365,46.9955
366,50.2985
367,51.4955
368,51.4247
369,34.2384
370,34.1687
371,47.7861
372,73.5344
373,73.4667
374,44.666
375,43.1751
376,43.1094
377,48.0387
378,47.9744
379,34.5067
380,34.4439
381,46.5563
382,50.9682
383,50.9077
384,50.848
385,51.568
386,74.536
387,74.4787
388,68.7999
389,52.1079
390,50.3628
391,46.7178
392,33.2056
393,12.2063
394,7.37061
395,7.31997
396,19.5851
397,30.9677
398,41.4965
399,52.6899
400,62.562
401,69.9245
402,69.8799
403,66.0855
404,64.1295
405,61.3786
406,61.3374
407,67.2789
408,72.3148
409,72.2762
410,61.2469
411,54.9135
412,54.8774
413,54.8422
414,50.8795
415,43.2325
416,43.1998
417,47.0879
418,53.0772
419,63.6953
420,63.6657
421,63.448
422,43.3036
423,43.2763
424,46.5568
425,46.531
426,44.4776
427,29.2968
428,17.2848
429,5.27759
430,5.25522
431,30.7634
432,42.8412
433,42.8207
434,19.1077
435,19.0884
436,42.2883
437,65.255
438,65.2374
439,64.4608
440,51.4002
441,32.3978
442,32.3822
443,35.9325
444,38.3306
445,38.3162
446,27.9791
447,27.9655
448,31.7535
449,35.7205
450,36.0914
451,36.1801
452,37.1183
453,37.1065
454,33.7304
455,21.5497
456,21.5385
457,52.966
458,89.9942
459,89.9834
460,75.1959
461,75.1852
462,76.1224
463,76.1118
464,53.9212
465,25.4848
466,19.4649
467,19.454
468,19.4429
469,16.3559
470,16.3444
471,24.0021
472,36.6976
473,36.6852
474,36.3493
475,33.0262
476,32.4212
477,31.4802
478,31.4539
479,31.4391
480,25.2823
481,12.0046
482,11.9881
483,21.6427
484,30.8095
485,30.791
486,10.8877
487,4.70852
488,4.68773
489,9.30084
490,20.925
491,32.5889
492,36.6357
493,36.6103
494,34.1662
495,25.897
496,25.8685
497,34.504
498,52.0562
499,52.0242
500,48.4814
501,47.3098
502,47.2739
503,47.2367
504,20.7837
505,-2.73603
506,-2.77757
507,24.9366
508,44.8185
509,46.8653
510,48.4438
511,48.3949
512,48.1899
513,45.3681
514,38.7222
515,29.7481
516,23.2384
517,23.1811
518,31.197
519,45.9873
520,63.8291
521,91.0412
522,90.9772
523,59.906
524,31.273
525,31.2051
526,58.6503
527,74.8662
528,81.2625
529,93.7199
530,125.432
531,150.601
532,150.524
533,136.183
534,136.103
535,149.961
536,151.896
537,151.812
538,142.694
539,135.611
540,126.951
541,110.28
542,82.7549
543,61.9042
544,61.8114
545,61.7173
546,51.7231
547,36.243
548,28.4487
549,26.2718
550,19.9556
551,-0.962713
552,-3.19536
553,-3.30128
554,18.6476
555,33.1928
556,40.29
557,40.1784
558,28.0201
559,15.7874
560,8.73869
561,1.25777
562,1.1403
563,1.53999
564,9.05505
565,25.2594
566,38.6132
567,46.804
568,57.4838
569,66.0082
570,78.3865
571,94.9787
572,111.866
573,111.741
574,98.8737
575,72.0133
576,56.1353
577,37.3144
578,37.187
579,55.4417
580,70.8206
581,70.6928
582,70.5649
583,77.3973
584,107.427
585,107.299
586,72.0952
587,42.862
588,42.7345
589,48.5687
590,56.8945
591,63.54
592,70.1099
593,74.7903
594,74.6646
595,48.513
596,26.5759
597,26.4516
598,38.3163
599,54.2926
600,65.259
601,65.137
602,54.4653
603,53.4486
604,53.3286
605,57.7425
606,57.624
607,39.752
608,35.226
609,35.11
610,34.9949
611,27.7663
612,27.653
613,30.4345
614,40.5028
615,40.3924
616,24.0354
617,22.3379
618,22.2307
619,30.0199
620,29.9149
621,18.441
622,18.3383
623,36.6897
624,52.7097
625,52.6107
626,41.5688
627,41.4723
628,41.8435
629,41.7497
630,33.1516
631,33.0605
632,52.0914
633,52.0031
634,27.9007
635,-0.119456
636,-0.203468
637,9.02026
638,19.6178
639,30.0658
640,36.8897
641,37.5133
642,38.7051
643,52.728
644,75.3205
645,75.2505
646,62.2969
647,52.5222
648,52.3923
649,51.7296
650,43.3323
651,43.2725
652,63.5535
653,73.8569
654,73.8024
655,55.5212
656,55.4703
657,62.8374
658,62.7902
659,58.8493
660,58.4197
661,58.378
662,63.7966
663,84.5789
664,94.5647
665,94.5304
666,71.7738
667,56.4763
668,52.3238
669,52.2971
670,62.9626
671,88.0515
672,92.7831
673,92.764
674,75.3395
675,42.1966
676,41.285
677,41.2736
678,67.3572
679,70.2343
680,70.2285
681,64.1997
682,47.658
683,47.6579
684,70.7579
685,86.3194
686,86.3249
687,57.3837
688,57.3928
689,62.976
690,62.9887
691,50.9847
692,48.6363
693,48.6545
694,62.986
695,82.3299
696,95.8455
697,95.8707
698,89.7156
699,84.721
700,79.0496
701,79.0815
702,82.5366
703,84.098
704,84.1347
705,54.3613
706,54.4012
707,83.7765
708,108.381
709,118.93
710,118.976
711,112.929
712,112.111
713,74.1574
714,5.9338
715,5.98652
716,14.2428
717,47.3247
718,84.1281
719,87.9081
720,87.9669
721,61.2193
722,61.2803
723,82.4782
724,82.5413
725,82.1427
726,82.2078
727,89.0879
728,108.801
729,108.868
730,109.183
731,125.264
732,137.897
733,139.878
734,150.597
735,170.151
736,170.223
737,156.909
738,126.507
739,126.581
740,129.233
741,147.383
742,147.457
743,127.111
744,104.747
745,90.0203
746,90.0948
747,101.55
748,101.624
749,98.2296
750,86.5451
751,71.5149
752,58.882
753,47.1464
754,23.4364
755,23.5075
756,42.7923
757,71.7933
758,71.8621
759,64.0504
760,64.1173
761,76.825
762,82.1176
763,82.181
764,71.1238
765,40.3541
766,26.5762
767,26.634
768,57.0316
769,71.7804
770,71.8331
771,66.2216
772,62.4814
773,52.5501
774,24.4129
775,1.12523
776,-6.82047
777,-6.78231
778,11.68
779,49.8254
780,74.1898
781,83.1861
782,87.0044
783,93.9185
784,93.9414
785,87.0463
786,69.0133
787,68.8797
788,68.8951
789,74.4231
790,78.6809
791,91.8632
792,104.632
793,104.639
794,54.6694
795,52.8625
796,52.8649
797,84.6541
798,101.577
799,101.575
800,87.3104
801,46.3275
802,46.322
803,82.4252
804,109.291
805,113.319
806,113.309
807,72.8113
808,72.7991
809,85.5354
810,140.64
811,140.625
812,110.444
813,62.1682
814,8.28503
815,8.26634
816,11.0498
817,59.0652
818,83.2613
819,93.1817
820,97.7813
821,101.048
822,101.024
823,69.9249
824,50.9316
825,46.8539
826,46.7047
827,46.6777
828,50.2954
829,77.9244
830,98.7099
831,98.6808
832,90.6514
833,75.7876
834,67.8677
835,67.8366
836,87.4599
837,87.4278
838,68.133
839,41.6443
840,41.611
841,46.8033
842,60.4666
843,62.7379
844,62.703
845,22.4463
846,22.4106
847,34.8951
848,66.5896
849,79.8263
850,85.171
851,85.1334
852,81.9931
853,53.0549
854,30.3444
855,30.3053
856,82.699
857,82.6592
858,35.8163
859,35.7757
860,40.4752
861,62.8046
862,82.6631
863,82.621
864,81.3531
865,66.4049
866,51.0733
867,30.0479
868,30.0037
869,52.9501
870,52.905
871,49.2322
872,49.1861
873,52.2625
874,52.2155
875,50.646
876,46.8236
877,46.7751
878,52.5295
879,52.4799
880,30.1192
881,30.0685
882,54.7151
883,54.6632
884,17.7635
885,14.3509
886,14.2969
887,53.1961
888,57.874
889,57.8179
890,53.0756
891,52.0106
892,51.9523
893,59.1578
894,59.098
895,49.0685
896,42.1776
897,17.2095
898,-0.349455
899,-0.413681
900,12.4185
901,37.4329
902,63.087
903,63.0189
904,53.8863
905,50.0926
906,33.918
907,23.9821
908,23.9089
909,26.2613
910,46.2312
911,71.0699
912,70.9923
913,69.796
914,61.524
915,54.2681
916,37.6457
917,18.4001
918,18.3152
919,38.5589
920,38.4713
921,3.19167
922,3.10142
923,14.8544
924,24.5951
925,24.5006
926,5.97773
927,5.88031
928,7.1804
929,16.894
930,31.441
931,31.3374
932,29.038
933,28.5837
934,28.4752
935,31.6964
936,35.1297
937,39.5887
938,48.9193
939,48.8021
940,38.5143
941,24.646
942,14.8577
943,3.44864
944,3.32205
945,27.4208
946,47.1442
947,47.0117
948,43.5188
949,26.8102
950,13.9744
951,13.8334
952,13.9849
953,16.687
954,20.566
955,45.647
956,61.6348
957,61.4803
958,34.428
959,14.0015
960,0.50622
961,-6.17355
962,-6.34028
963,-3.09736
964,20.3475
965,43.0558
966,49.3908
967,52.5697
968,67.5617
969,67.7632
970,67.5798
971,49.9902
972,46.4752
973,37.1147
974,29.0031
975,28.6805
976,25.3984
977,16.8715
978,16.679
979,34.3093
980,41.5802
981,41.3862
982,37.2567
983,35.8517
984,31.9578
985,31.7634
986,33.4486
987,55.7166
988,80.1837
989,79.9907
990,67.6657
991,51.7931
992,34.697
993,34.5073
994,45.7323
995,61.6858
996,76.6665
997,76.4817
998,48.5735
999,35.0057
1000,34.8257
1001,50.7456
1002,50.5694
1003,50.3952
1004,59.5093
1005,76.9211
1006,76.7537
1007,57.3178
1008,57.1553
1009,110.97
1010,110.813
1011,103.858
1012,103.707
1013,156.6
1014,212.964
1015,243.003
1016,275.308
1017,328.887
1018,381.5
1019,401.344
1020,415.064
1021,414.944
1022,412.813
1023,376.717
1024,326.618
1025,259.723
1026,182.583
1027,170.509
1028,163.274
1029,163.185
1030,98.9393
1031,64.0916
1032,64.016
1033,76.5689
1034,84.1085
1035,84.0462
1036,70.987
1037,49.3513
1038,34.6602
1039,23.7823
1040,23.743
1041,36.5191
1042,58.8346
1043,86.0514
1044,94.3292
1045,97.5579
1046,114.384
1047,170.534
1048,217.724
1049,230.724
1050,260.494
1051,371.02
1052,489.551
1053,641.657
1054,793.813
1055,890.223
1056,983.075
1057,997.908
1058,997.959
1059,909.621
1060,790.372
1061,685.833
1062,588.557
1063,495.268
1064,402.641
1065,338.044
1066,306.857
1067,266.452
1068,210.44
1069,164.051
1070,142.763
1071,123.067
1072,108.471
1073,92.0569
1074,65.7212
1075,65.8507
1076,82.4894
1077,116.9
1078,117.041
1079,102.203
1080,74.2947
1081,45.0136
1082,35.7367
1083,35.8945
1084,37.826
1085,42.3349
1086,49.8532
1087,50.0228
1088,46.7694
1089,39.0039
1090,32.1332
1091,24.5501
1092,24.7322
1093,37.6313
1094,37.8177
1095,21.0746
1096,21.2649
1097,32.3023
1098,49.342
1099,49.5373
1100,37.4812
1101,28.3348
1102,28.5342
1103,31.8751
1104,36.3122
1105,36.5148
1106,30.2687
1107,30.4728
1108,39.6326
1109,41.2322
1110,41.4379
1111,40.9559
1112,32.0526
1113,30.1724
1114,30.3787
1115,46.5932
1116,87.4569
1117,87.6624
1118,48.9869
1119,10.3838
1120,10.5876
1121,18.4648
1122,38.1563
1123,38.3573
1124,24.0915
1125,24.2901
1126,40.7209
1127,84.2858
1128,84.48
1129,72.3059
1130,61.5342
1131,56.6392
1132,46.5714
1133,28.4412
1134,28.6233
1135,47.2892
1136,47.4663
1137,42.5636
1138,14.6599
1139,-9.29888
1140,-9.13312
1141,0.0971267
1142,12.2639
1143,28.5726
1144,36.0559
1145,49.0934
1146,65.8717
1147,69.1038
1148,69.4071
1149,74.8926
1150,75.0306
1151,55.3985
1152,55.5317
1153,84.4922
1154,84.6209
1155,39.4022
1156,5.05837
1157,5.18059
1158,29.9665
1159,30.0847
1160,30.201
1161,31.2023
1162,50.9592
1163,51.07
1164,40.1596
1165,40.2671
1166,44.0192
1167,49.9043
1168,73.7221
1169,81.7031
1170,82.1969
1171,82.2955
1172,82.3928
1173,79.804
1174,57.573
1175,40.8328
1176,37.6962
1177,34.9897
1178,15.918
1179,16.0075
1180,69.5757
1181,90.8084
1182,90.8952
1183,47.634
1184,4.61139
1185,4.69591
1186,55.0143
1187,56.8874
1188,56.97
1189,57.0521
1190,67.8152
1191,85.5563
1192,85.637
1193,61.5128
1194,58.1111
1195,58.1906
1196,70.0186
1197,86.1575
1198,114.804
1199,114.882
1200,102.169
1201,65.2487
1202,61.637
1203,56.8533
1204,37.9074
1205,37.9854
1206,53.0204
1207,63.3026
1208,87.828
1209,87.9063
1210,87.1439
1211,60.1319
1212,60.2106
1213,60.2894
1214,55.2296
1215,18.1459
1216,18.2255
1217,42.8929
1218,42.9731
1219,49.5514
1220,49.6322
1221,77.3533
1222,89.2287
1223,93.9687
1224,94.051
1225,73.1597
1226,58.8772
1227,58.9609
1228,72.6229
1229,85.3461
1230,88.9481
1231,94.8213
1232,115.67
1233,115.757
1234,108.195
1235,76.6693
1236,50.8029
1237,31.7219
1238,31.8114
1239,59.8649
1240,95.7383
1241,120.059
1242,122.783
1243,122.875
1244,113.878
1245,100.273
1246,100.367
1247,120.382
1248,120.477
1249,82.9281
1250,58.3507
1251,58.4477
1252,58.5453
1253,45.9675
1254,43.2444
1255,41.8154
1256,41.9151
1257,42.0154
1258,54.2464
1259,104.554
1260,104.656
1261,85.8952
1262,85.9978
1263,89.3494
1264,89.4529
1265,73.3173
1266,73.4216
1267,94.8039
1268,94.9089
1269,59.8352
1270,59.9408
1271,57.6136
1272,58.8211
1273,58.9276
1274,83.2106
1275,105.195
1276,123.226
1277,128.476
1278,128.584
1279,118.336
1280,92.5119
1281,92.6195
1282,92.7272
1283,87.0565
1284,61.9546
1285,62.0621
1286,69.6613
1287,69.7685
1288,59.4465
1289,59.5533
1290,82.2974
1291,82.4036
1292,69.3875
1293,69.493
1294,91.4734
1295,103.199
1296,103.303
1297,83.7603
1298,79.7966
1299,79.899
1300,87.7127
1301,87.8137
1302,75.4441
1303,49.2059
1304,44.6016
1305,44.6993
1306,53.9223
1307,65.9836
1308,97.0868
1309,111.765
1310,111.857
1311,91.5791
1312,73.5262
1313,73.6146
1314,74.8046
1315,87.6453
1316,87.7295
1317,81.3708
1318,81.4518
1319,93.54
1320,93.6176
1321,74.1271
1322,63.4308
1323,58.595
1324,58.665
1325,77.7699
1326,79.2511
1327,79.3148
1328,61.1452
1329,28.8214
1330,28.8781
1331,46.3601
1332,46.4118
1333,17.3749
1334,17.4214
1335,46.2293
1336,46.2702
1337,37.7662
1338,37.8013
1339,60.979
1340,61.0081
1341,47.7917
1342,17.9128
1343,-6.6034
1344,-6.58743
1345,73.0559
1346,73.0652
1347,53.5341
1348,53.5368
1349,62.2026
1350,62.1992
1351,62.0581
1352,56.0041
1353,55.9917
1354,55.9763
1355,61.5943
1356,61.5734
1357,83.3224
1358,83.296
1359,60.9135
1360,60.8819
1361,60.8478
1362,41.2633
1363,13.3451
1364,9.83912
1365,9.79539
1366,29.9145
1367,41.508
1368,41.4575
1369,41.4049
1370,70.1471
1371,84.4521
1372,84.3933
1373,57.1825
1374,54.656
1375,54.5914
1376,56.1729
1377,58.5884
1378,58.5183
1379,57.8795
1380,37.3063
1381,37.2312
1382,36.8583
1383,36.78
1384,27.717
1385,27.6357
1386,56.5099
1387,56.4257
1388,16.653
1389,16.5661
1390,81.4218
1391,81.3323
1392,57.6753
1393,56.9983
1394,56.9052
1395,80.5185
1396,80.423
1397,61.1729
1398,49.6209
1399,36.901
1400,36.8014
1401,39.0077
1402,79.6692
1403,79.5668
1404,66.0003
1405,65.8962
1406,65.7912
1407,52.9474
1408,52.8409
1409,54.7224
1410,60.9814
1411,60.8726
1412,58.6669
1413,58.5568
1414,66.4663
1415,68.2533
1416,81.7936
1417,90.6065
1418,90.4934
1419,55.6958
1420,55.5816
1421,106.256
1422,106.141
1423,97.2762
1424,97.16
1425,103.452
1426,103.335
1427,102.747
1428,63.2824
1429,59.8387
1430,55.3213
1431,47.7333
1432,42.5193
1433,42.3993
1434,66.4081
1435,89.7767
1436,97.505
1437,97.3834
1438,97.0444
1439,92.2291
1440,89.6221
1441,88.7768
1442,88.6534
1443,97.473
1444,97.3488
1445,63.6189
1446,54.2475
1447,52.529
1448,36.208
1449,36.0819
1450,50.1943
1451,53.2216
1452,93.5176
1453,93.3898
1454,81.6813
1455,64.2474
1456,53.4915
1457,53.3618
1458,64.8244
1459,70.7082
1460,70.577
1461,66.2248
1462,61.4499
1463,53.2152
1464,26.2701
1465,26.1362
1466,46.8063
1467,57.4916
1468,61.5968
1469,61.4603
1470,52.9178
1471,42.1715
1472,42.0329
1473,43.7266
1474,68.9402
1475,68.7993
1476,46.9512
1477,34.7795
1478,34.6362
1479,46.7898
1480,57.2496
1481,57.1036
1482,47.0065
1483,46.8586
1484,48.0362
1485,82.4558
1486,82.3048
1487,77.7909
1488,53.1591
1489,7.75538
1490,7.59986
1491,21.3572
1492,44.7995
1493,65.5448
1494,73.8322
1495,73.6704
1496,64.3772
1497,55.789
1498,55.6231
1499,55.4557
1500,52.6731
1501,29.916
1502,29.7441
1503,41.8259
1504,43.9245
1505,53.2825
1506,88.6309
1507,88.4506
1508,58.3221
1509,58.1383
1510,76.8999
1511,76.7123
1512,32.6102
1513,32.4187
1514,28.106
1515,27.9104
1516,25.6361
1517,25.4363
1518,51.8565
1519,67.4586
1520,67.2521
1521,46.4573
1522,46.2461
1523,75.2639
1524,96.3649
1525,96.1462
1526,71.9453
1527,62.415
1528,51.8143
1529,39.2123
1530,34.8883
1531,34.6535
1532,39.4932
1533,39.2527
1534,26.6937
1535,-6.92158
1536,-7.17113
1537,-0.884038
1538,46.5449
1539,46.2865
1540,45.7792
1541,45.5153
1542,56.4132
1543,92.2605
1544,91.9892
1545,77.6237
1546,56.1268
1547,47.5891
1548,47.3091
1549,56.7296
1550,65.7753
1551,65.4897
1552,58.8311
1553,58.5423
1554,65.6875
1555,65.3958
1556,65.1027
1557,88.8513
1558,88.5559
1559,68.3156
1560,52.3785
1561,52.0801
1562,68.4728
1563,83.8211
1564,83.5205
1565,43.9069
1566,43.6052
1567,61.6494
1568,61.347
1569,49.14
1570,48.8371
1571,89.0763
1572,119.165
1573,118.862
1574,109.924
1575,108.559
1576,108.257
1577,107.955
1578,106.092
1579,105.791
1580,153.009
1581,152.709
1582,99.2787
1583,85.3248
1584,85.0268
1585,84.7297
1586,79.4512
1587,63.9652
1588,56.2967
1589,56.0036
1590,66.3314
1591,103.659
1592,103.37
1593,52.0328
1594,29.6493
1595,29.3639
1596,52.1492
1597,63.3939
1598,63.1131
1599,62.8339
1600,60.0153
1601,59.7395
1602,55.5514
1603,55.2793
1604,77.1463
1605,82.2914
1606,82.025
1607,58.1539
1608,36.8222
1609,36.562
1610,65.5071
1611,65.2514
1612,48.5927
1613,43.4837
1614,41.8063
1615,17.7749
1616,17.5309
1617,51.5457
1618,64.3636
1619,64.1271
1620,56.1688
1621,43.3953
1622,43.1667
1623,77.889
1624,77.6658
1625,80.3487
1626,75.7003
1627,75.4855
1628,53.8812
1629,53.6723
1630,55.8771
1631,60.8672
1632,60.6673
1633,60.4705
1634,80.8991
1635,98.8456
1636,98.6582
1637,75.4434
1638,31.3842
1639,9.4197
1640,2.07123
1641,1.89996
1642,23.8058
1643,66.6554
1644,86.6815
1645,89.194
1646,89.0396
1647,49.0595
1648,11.6099
1649,11.4659
1650,11.3254
1651,16.0313
1652,15.898
1653,52.9043
1654,96.2311
1655,96.1086
1656,61.6706
1657,61.5555
1658,73.1068
1659,72.9991
1660,40.6665
1661,14.982
1662,14.8855
1663,52.6242
1664,69.6787
1665,69.5937
1666,38.0827
1667,38.0053
1668,40.5853
1669,40.5156
1670,25.2084
1671,22.8015
1672,25.0886
1673,52.1381
1674,52.088
1675,59.6975
1676,59.6553
1677,113.945
1678,113.911
1679,37.9595
1680,30.3659
1681,30.3437
1682,39.698
1683,39.6838
1684,28.9343
1685,28.9282
1686,55.8798
1687,55.8818
1688,55.8879
1689,61.7277
1690,91.2973
1691,91.3156
1692,69.4909
1693,62.027
1694,51.5632
1695,23.1718
1696,23.2104
1697,45.1435
1698,54.0328
1699,62.9151
1700,68.3714
1701,68.4303
1702,68.4932
1703,77.7196
1704,84.593
1705,84.6682
1706,28.7667
1707,22.9648
1708,23.052
1709,71.5733
1710,92.9182
1711,93.0174
1712,69.185
1713,35.4805
1714,35.5917
1715,50.1429
1716,50.262
1717,50.385
1718,49.117
1719,34.1214
1720,34.2562
1721,78.9491
1722,98.4317
1723,98.5781
1724,59.0635
1725,24.3078
1726,24.4656
1727,43.9883
1728,91.6736
1729,123.827
1730,167.826
1731,168.002
1732,73.7212
1733,30.7381
1734,30.9256
1735,83.7283
1736,83.923
1737,27.8613
1738,27.5171
1739,27.7224
1740,45.515
1741,79.0085
1742,84.3725
1743,84.5915
1744,46.4351
1745,46.6608
1746,66.207
1747,66.4393
1748,58.6001
1749,35.9919
1750,36.2338
1751,106.312
1752,106.561
1753,101.518
1754,101.772
1755,102.029
1756,66.7059
1757,54.044
1758,54.3099
1759,68.5246
1760,89.6147
1761,115.131
1762,115.407
1763,84.1915
1764,80.2194
1765,72.0098
1766,33.4577
1767,33.7475
1768,34.0396
1769,45.6037
1770,54.7091
1771,55.0083
1772,48.8353
1773,49.1266
1774,34.9083
1775,12.8138
1776,13.1236
1777,84.5375
1778,111.605
1779,111.921
1780,79.4771
1781,74.5199
1782,74.8407
1783,85.9021
1784,86.2261
1785,54.6853
1786,55.0123
1787,73.7675
1788,87.1172
1789,87.4482
1790,67.9132
1791,68.2467
1792,68.5812
1793,57.4523
1794,51.7774
1795,52.1149
1796,104.882
1797,141.396
1798,141.736
1799,124.211
1800,104.983
1801,68.0936
1802,68.4355
1803,66.8358
1804,56.1526
1805,56.4953
1806,56.8382
1807,39.6369
1808,39.9799
1809,70.5071
1810,78.5975
1811,78.9399
1812,37.2653
1813,-5.66075
1814,-5.31959
1815,41.8774
1816,76.4383
1817,91.5601
1818,125.264
1819,125.603
1820,82.0001
1821,82.3382
1822,97.7738
1823,153.614
1824,153.952
1825,122.751
1826,93.5424
1827,93.879
1828,94.2154
1829,107.556
1830,94.3183
1831,84.9425
1832,34.1081
1833,34.4438
1834,61.77
1835,71.7673
1836,72.1027
1837,72.438
1838,94.1278
1839,94.463
1840,47.9737
1841,48.3088
1842,91.3684
1843,95.3159
1844,95.6509
1845,39.2869
1846,39.6219
1847,74.0826
1848,76.1008
1849,148.721
