186.297	206.222
188.898	210
191.499	212.222
194.097	218.222
196.695	227.778
199.293	256.889
201.889	294.222
204.485	332.667
207.08	412.667
209.673	509.333
212.267	592
214.859	691.111
217.45	728.444
220.04	680
222.631	596.222
225.218	479.111
227.807	374
230.394	314.222
232.979	247.778
235.565	206.444
238.149	188
240.733	164.444
243.314	153.333
245.897	131.333
248.477	121.111
251.057	115.556
253.637	106
256.215	102
258.793	95.7778
261.368	93.5556
263.945	90
266.519	87.3333
269.093	86.2222
271.666	79.7778
274.237	77.5556
276.809	74.4444
279.379	73.5556
281.949	74.4444
284.518	72.2222
287.086	71.7778
289.653	69.5556
292.218	70.4444
294.784	72.2222
297.348	69.5556
299.913	67.5556
302.475	68.4444
305.036	65.7778
307.598	66.4444
310.157	64.6667
312.716	65.7778
315.276	68
317.833	67.1111
320.389	66.4444
322.944	64.8889
325.5	69.3333
328.054	71.1111
330.607	72.4444
333.159	76
335.711	84.8889
338.262	92.8889
340.811	110
343.36	132.444
345.909	153.778
348.456	137.111
351.002	111.333
353.547	98
356.092	87.3333
358.637	74
361.18	67.1111
363.722	65.3333
366.263	67.5556
368.803	61.7778
371.342	63.1111
373.881	62.4444
376.419	60.4444
378.957	60.6667
381.493	60.6667
384.028	58.4444
386.563	63.7778
389.096	58.6667
391.629	63.5556
394.161	62
396.692	67.7778
399.222	66.8889
401.752	64.2222
404.28	69.1111
406.808	70
409.335	66
411.861	67.5555
414.386	62.6667
416.911	62.4444
419.434	64.2222
421.957	64.2222
424.479	68.8889
427	64.6667
429.52	60
432.038	63.1111
434.557	65.1111
437.075	64.4444
439.592	63.1111
442.108	59.1111
444.623	66.8889
447.138	66
449.652	66
452.163	70.8889
454.675	68.2222
457.186	73.1111
459.697	82
462.206	91.5556
464.714	107.333
467.222	107.556
469.729	95.5556
472.235	76.8889
474.739	71.3333
477.244	70.4444
479.748	65.3333
482.251	68.6667
484.752	67.1111
487.253	65.7778
489.754	64.8889
492.252	66.6667
494.751	74.2222
497.249	70
499.745	72.2222
502.241	82.8889
504.737	83.3333
507.231	92.8889
509.725	108.667
512.218	144.444
514.709	205.333
517.201	374.444
519.69	804.444
522.18	1004.89
524.669	615.333
527.156	283.778
529.644	164.889
532.129	121.778
534.615	104.889
537.099	91.3333
539.583	83.3333
542.065	75.1111
544.548	73.7778
547.028	66.8889
549.509	65.3333
551.988	64.8889
554.468	62.2222
556.945	61.7778
559.423	63.1111
561.899	61.5556
564.373	61.3333
566.849	59.7778
569.322	64.6667
571.796	60.6667
574.268	59.7778
576.739	62.6667
579.21	58.4444
581.679	59.1111
584.148	60.8889
586.617	59.1111
589.084	63.7778
591.55	66
594.016	64.4444
596.481	65.3333
598.944	70.4444
601.409	70.4444
603.871	79.3333
606.332	86.2222
608.792	95.3333
611.253	111.111
613.712	144
616.17	190.667
618.628	258.667
621.084	333.778
623.541	345.111
625.996	287.556
628.45	210
630.903	154.889
633.356	118.667
635.807	96.6667
638.26	86.6667
640.71	78.4444
643.159	72.4444
645.608	66.8889
648.056	66.4444
650.503	66.4444
652.949	63.7778
655.394	62.2222
657.839	59.1111
660.282	61.1111
662.725	60.4444
665.168	61.7778
667.61	56.8889
670.051	61.1111
672.491	57.7778
674.93	60
677.368	58.4444
679.804	59.1111
682.241	56.6667
684.677	59.1111
687.112	60.2222
689.547	65.1111
691.98	64.8889
694.413	63.1111
696.845	62.6667
699.276	64.2222
701.707	61.1111
704.136	64.4444
706.565	66
708.992	65.1111
711.419	64.8889
713.846	65.1111
716.271	60.6667
718.696	67.7778
721.121	72
723.543	81.7778
725.965	89.1111
728.387	104
730.808	105.111
733.227	101.333
735.647	90.2222
738.065	77.3333
740.483	70.8889
742.899	67.5556
745.316	64
747.731	64.6667
750.146	65.5556
752.559	63.3333
754.972	67.1111
757.385	66.6667
759.795	71.5556
762.206	71.7778
764.616	77.1111
767.025	75.7778
769.433	85.7778
771.84	92.8889
774.247	114.444
776.653	166.889
779.058	306.667
781.462	631.555
783.865	1593.56
786.268	2886
788.669	2100
791.071	817.333
793.471	302
795.871	181.333
798.269	145.778
800.668	131.778
803.064	130.889
805.462	142.444
807.857	150.889
810.252	162.889
812.646	163.111
815.04	137.333
817.432	112
819.823	91.3333
822.215	81.1111
824.604	75.3333
826.995	74
829.383	73.7778
831.77	75.3333
834.158	82.4444
836.544	84.2222
838.929	87.7778
841.315	96.2222
843.698	99.1111
846.081	91.1111
848.465	85.1111
850.846	79.3333
853.227	70.8889
855.606	68.8889
857.987	66.8889
860.365	60.8889
862.743	68
865.119	63.7778
867.495	67.3333
869.872	64.6667
872.246	63.3333
874.62	66.2222
876.993	67.5556
879.365	66.6667
881.738	66.6667
884.109	64.2222
886.479	69.7778
888.848	72.2222
891.217	75.5556
893.584	78.8889
895.951	81.5556
898.317	80.2222
900.683	75.7778
903.048	70
905.412	69.7778
907.776	63.7778
910.139	67.5556
912.5	67.3333
914.861	66.6667
917.221	63.3333
919.581	65.1111
921.94	61.7778
924.296	67.1111
926.653	66.2222
929.01	66
931.366	68.8889
933.721	64.6667
936.075	66.2222
938.428	63.5556
940.781	63.5556
943.133	68.2222
945.484	66
947.835	67.7778
950.183	69.7778
952.532	69.3333
954.88	69.3333
957.228	73.3333
959.575	77.3333
961.921	86.8889
964.265	84.8889
966.609	96.2222
968.953	99.1111
971.296	99.5556
973.637	105.556
975.979	106.222
978.32	104.444
980.66	109.333
982.998	115.556
985.337	125.778
987.675	167.556
990.01	233.111
992.347	282.444
994.683	291.556
997.016	355.333
999.35	840.444
1001.68	3045.11
1004.02	5072
1006.35	3040
1008.68	998
1011.01	344
1013.34	201.111
1015.67	157.333
1017.99	140.222
1020.32	150.667
1022.65	178.444
1024.97	212.667
1027.3	502.444
1029.62	1252.44
1031.94	1325.78
1034.27	637.778
1036.59	239.778
1038.91	137.556
1041.23	115.556
1043.55	106.667
1045.87	92.8889
1048.19	86.6667
1050.5	88.4444
1052.82	80.2222
1055.14	81.5556
1057.45	78.6667
1059.77	75.3333
1062.08	77.3333
1064.39	72
1066.7	72.6667
1069.02	75.7778
1071.33	78.4444
1073.64	78.2222
1075.95	79.1111
1078.25	86.4444
1080.56	83.7778
1082.87	87.1111
1085.17	82.6667
1087.48	80.8889
1089.79	78.8889
1092.09	74.6667
1094.39	75.1111
1096.69	72.8889
1099	73.7778
1101.3	77.1111
1103.6	76.8889
1105.9	72
1108.2	72.8889
1110.49	72
1112.79	74.6667
1115.09	77.5556
1117.39	77.1111
1119.68	78
1121.98	78.6667
1124.27	78.6667
1126.56	79.5556
1128.85	82
1131.15	87.7778
1133.44	90
1135.73	89.7778
1138.02	96.2222
1140.3	97.3333
1142.59	108.222
1144.88	114.222
1147.17	124.667
1149.45	149.556
1151.74	198.222
1154.02	242.444
1156.31	284.444
1158.59	264.667
1160.87	224.444
1163.15	182.444
1165.43	161.333
1167.71	155.111
1169.99	144.889
1172.27	161.111
1174.55	184.222
1176.83	222.444
1179.1	256.667
1181.38	255.333
1183.65	218.667
1185.93	187.111
1188.2	162.889
1190.47	141.111
1192.74	140.222
1195.02	141.333
1197.29	145.778
1199.56	160.667
1201.82	182.667
1204.09	240.222
1206.36	426.444
1208.63	818.222
1210.89	1141.11
1213.16	853.111
1215.42	425.556
1217.69	218.444
1219.95	150.222
1222.21	121.556
1224.48	109.111
1226.74	96.6667
1229	97.3333
1231.26	93.1111
1233.52	87.5556
1235.78	91.5556
1238.03	87.3333
1240.29	94.4444
1242.55	94
1244.8	93.7778
1247.06	96
1249.31	94.8889
1251.56	90.4444
1253.82	90.4444
1256.07	89.1111
1258.32	84.8889
1260.57	86
1262.82	86.6667
1265.07	84
1267.32	82.4444
1269.57	83.3333
1271.81	84.8889
1274.06	85.7778
1276.3	87.3333
1278.55	84.8889
1280.79	84.4444
1283.04	84
1285.28	83.5556
1287.52	86.8889
1289.76	86.6667
1292	86.8889
1294.24	82.4444
1296.48	88.2222
1298.72	87.3333
1300.96	92.2222
1303.2	89.5556
1305.43	93.5556
1307.67	96
1309.9	101.111
1312.14	106.889
1314.37	111.111
1316.6	100.444
1318.84	98.6667
1321.07	100.667
1323.3	102.889
1325.53	100
1327.76	104.222
1329.99	111.111
1332.21	123.556
1334.44	112.222
1336.67	113.778
1338.89	107.111
1341.12	97.3333
1343.34	98.8889
1345.57	93.1111
1347.79	100.444
1350.01	102.667
1352.24	100.889
1354.46	99.7778
1356.68	105.111
1358.9	106
1361.11	112.889
1363.33	115.111
1365.55	125.556
1367.77	131.111
1369.98	145.111
1372.2	172.889
1374.41	208.444
1376.63	292.222
1378.84	384
1381.05	405.333
1383.27	317.556
1385.48	232.222
1387.69	177.111
1389.9	162.444
1392.11	144.444
1394.31	128.889
1396.52	122.222
1398.73	119.111
1400.94	117.556
1403.14	118.444
1405.35	115.111
1407.55	116
1409.75	118.222
1411.96	110.889
1414.16	118
1416.36	119.556
1418.56	118
1420.76	126.444
1422.96	130.444
1425.16	132.667
1427.36	143.556
1429.56	143.333
1431.75	144.667
1433.95	150.889
1436.14	161.333
1438.34	163.778
1440.53	166.667
1442.73	162.444
1444.92	162.889
1447.11	156.889
1449.3	150.889
1451.49	151.333
1453.68	143.111
1455.87	148.222
1458.06	142.444
1460.25	142.444
1462.44	134.667
1464.62	138
1466.81	131.111
1468.99	130.667
1471.18	126.444
1473.36	126.222
1475.55	121.111
1477.73	125.333
1479.91	116
1482.09	119.556
1484.27	119.778
1486.45	121.111
1488.63	121.111
1490.81	117.778
1492.99	129.333
1495.16	134
1497.34	134.222
1499.51	133.111
1501.69	117.556
1503.86	116.889
1506.04	112.444
1508.21	110.444
1510.38	112.444
1512.55	110.222
1514.73	109.333
1516.9	107.111
1519.06	104.222
1521.23	109.333
1523.4	107.333
1525.57	104
1527.74	109.556
1529.9	107.333
1532.07	100.889
1534.23	104.444
1536.4	104.889
1538.56	107.556
1540.72	106.222
1542.89	105.333
1545.05	103.556
1547.21	108
1549.37	107.778
1551.53	112.444
1553.69	113.333
1555.84	112
1558	117.111
1560.16	112.222
1562.32	118
1564.47	127.333
1566.63	131.111
1568.78	135.111
1570.93	144.222
1573.09	154.889
1575.24	165.778
1577.39	187.778
1579.54	214.222
1581.69	269.333
1583.84	324.222
1585.99	362.444
1588.14	355.556
1590.29	302
1592.43	261.333
1594.58	240.889
1596.72	255.556
1598.87	301.778
1601.01	371.333
1603.16	480.222
1605.3	583.111
1607.44	526.889
1609.58	408.889
1611.72	321.556
1613.86	255.556
1616	216.222
1618.14	195.778
1620.28	185.333
1622.42	178.889
1624.56	172.667
1626.69	165.778
1628.83	147.333
1630.96	135.333
1633.1	129.111
1635.23	122.222
1637.36	115.111
1639.5	112
1641.63	109.778
1643.76	109.333
1645.89	106
1648.02	104.222
1650.15	99.1111
1652.28	103.556
1654.4	97.1111
1656.53	94.8889
1658.66	96.8889
1660.78	97.5556
1662.91	97.5556
1665.03	96
1667.16	94.6667
1669.28	98.6667
1671.4	98.6667
1673.52	97.7778
1675.65	94.4444
1677.77	103.333
1679.89	96.2222
1682.01	99.3333
1684.12	97.7778
1686.24	95.5555
1688.36	97.1111
1690.48	96.6667
1692.59	98.4444
1694.71	97.5556
1696.82	96.6667
1698.94	92.6667
1701.05	95.1111
1703.16	92.2222
1705.27	91.1111
1707.39	90.2222
1709.5	91.1111
1711.61	96
1713.72	91.1111
1715.83	92.6667
1717.93	92.8889
1720.04	98.6667
1722.15	92.8889
1724.25	89.3333
1726.36	95.1111
1728.47	93.3333
1730.57	92.4445
1732.67	94.2222
1734.78	97.1111
1736.88	92.2222
1738.98	96.6667
1741.08	91.5556
1743.18	90.6667
1745.28	94.6667
1747.38	90
1749.48	88.8889
1751.58	89.3333
1753.67	91.1111
1755.77	95.3333
1757.87	90.8889
1759.96	92.4444
1762.06	89.5556
1764.15	92
1766.25	90.4444
1768.34	97.1111
1770.43	97.1111
1772.52	95.3333
1774.61	95.1111
1776.7	96
1778.79	92.4444
1780.88	94.4444
1782.97	93.7778
1785.06	96.6667
1787.14	101.556
1789.23	94.2222
1791.32	95.5556
1793.4	101.333
1795.49	101.778
1797.57	99.3333
1799.65	93.7778
1801.74	96
1803.82	96.6667
1805.9	100.889
1807.98	94
1810.06	94
1812.14	94.6667
1814.22	88.8889
1816.3	96.2222
1818.38	93.5556
1820.45	98
1822.53	96.2222
1824.6	97.5556
1826.68	97.7778
1828.75	98.6667
1830.83	99.3333
1832.9	101.778
1834.97	92.8889
1837.05	94.2222
1839.12	93.3333
1841.19	94.6667
1843.26	102
1845.33	94
1847.4	95.5556
1849.46	104
1851.53	101.778
1853.6	95.3333
1855.66	94.2222
1857.73	94.8889
1859.79	93.7778
1861.86	94.4444
1863.92	98.4444
1865.99	98
1868.05	96.6667
1870.11	97.5556
1872.17	95.1111
1874.23	92.8889
1876.29	96.2222
1878.35	96
1880.41	102.222
1882.47	99.1111
1884.53	101.333
1886.58	102
1888.64	99.5556
1890.69	102.444
1892.75	98.4444
1894.8	99.3333
1896.86	94.4444
1898.91	101.333
1900.96	100.222
1903.02	103.778
1905.07	101.556
1907.12	99.7778
1909.17	103.333
1911.22	102.889
1913.27	100.667
1915.31	106.667
1917.36	102.667
1919.41	104.667
1921.45	104.444
1923.5	101.556
1925.55	103.111
1927.59	111.333
1929.63	102.667
1931.68	103.556
1933.72	102
1935.76	107.778
1937.8	104.222
1939.84	104.444
1941.88	102.667
1943.92	102.444
1945.96	102.889
1948	106.889
1950.04	102.667
1952.08	100.444
1954.11	105.778
1956.15	104.667
1958.18	106.222
1960.22	103.111
1962.25	105.556
1964.29	105.333
1966.32	102
1968.35	103.778
1970.38	103.111
1972.41	101.778
1974.44	99.3333
1976.47	98.2222
1978.5	101.111
1980.53	104
1982.56	107.111
1984.59	105.778
1986.61	103.556
1988.64	101.778
1990.66	103.111
1992.69	104.889
1994.71	104.889
1996.74	107.556
1998.76	103.111
2000.78	108
2002.8	104.889
2004.82	102.444
2006.85	108
2008.87	103.778
2010.88	100.222
2012.9	105.778
2014.92	100.889
2016.94	104.889
2018.96	110.444
2020.97	109.333
2022.99	106.889
2025	104.889
2027.02	103.778
2029.03	107.111
2031.05	110.222
2033.06	108.889
2035.07	103.556
2037.08	107.333
2039.09	106.667
2041.1	102
2043.11	103.111
2045.12	104.444
2047.13	105.778
2049.14	107.778
2051.15	109.556
2053.15	105.111
2055.16	108.667
2057.16	108.444
2059.17	111.556
2061.17	107.333
2063.18	108.667
2065.18	107.556
2067.18	107.556
2069.18	106.667
2071.19	105.556
2073.19	104.889
2075.19	106
2077.19	104.667
2079.19	109.333
2081.18	104
2083.18	107.111
2085.18	110.667
2087.17	108.444
2089.17	112.667
2091.17	108.889
2093.16	106.444
2095.16	110.444
2097.15	108
2099.14	106.222
2101.13	106.444
2103.13	110.667
2105.12	111.333
2107.11	111.333
2109.1	102.889
2111.09	108.889
2113.08	104.444
2115.06	106.444
2117.05	111.333
2119.04	106.667
2121.02	112.222
2123.01	112
2125	110.667
2126.98	114.222
2128.96	110.444
2130.95	109.111
2132.93	110
2134.91	110.444
2136.9	110
2138.88	109.111
2140.86	111.333
2142.84	109.333
2144.82	111.333
2146.8	108.889
2148.77	110.444
2150.75	111.778
2152.73	114.222
2154.7	109.778
2156.68	112.444
2158.65	111.778
2160.63	112.444
2162.6	114.889
2164.58	111.333
2166.55	110.222
2168.52	112.444
2170.49	114
2172.47	113.111
2174.44	113.333
2176.41	110.222
2178.38	112.444
2180.34	111.333
2182.31	112.444
2184.28	110.889
2186.25	116
2188.21	112.222
2190.18	110.444
2192.14	112
2194.11	109.778
2196.07	114.667
2198.04	112.889
2200	112
2201.96	117.778
2203.92	115.556
2205.89	111.778
2207.85	110.889
2209.81	114.889
2211.77	116.444
2213.72	115.111
2215.68	113.111
2217.64	113.111
2219.6	117.111
2221.55	112.222
2223.51	107.778
2225.47	116.889
2227.42	115.111
2229.37	118
2231.33	112.444
2233.28	119.778
2235.23	118.444
2237.19	116
2239.14	116.444
2241.09	117.111
2243.04	113.778
2244.99	117.333
2246.94	111.333
2248.89	112
2250.83	114.667
2252.78	114.444
2254.73	115.111
2256.67	112.667
2258.62	118.444
2260.56	117.111
2262.51	115.778
2264.45	117.111
2266.4	114.222
2268.34	112.667
2270.28	112.889
2272.22	116
2274.16	113.111
2276.1	111.333
2278.04	117.333
2279.98	115.333
2281.92	114.889
2283.86	113.778
2285.8	114.444
2287.74	116.444
2289.67	114.444
2291.61	115.333
2293.54	118
2295.48	116.444
2297.41	112
2299.35	116.667
2301.28	117.778
2303.21	120.444
2305.14	117.778
2307.07	113.556
2309.01	119.778
2310.94	115.556
2312.86	121.556
2314.79	118.444
2316.72	120.889
2318.65	117.778
2320.58	120.222
2322.5	112.222
2324.43	116.222
2326.36	119.111
2328.28	120
2330.21	116
2332.13	120.889
2334.05	116.667
2335.98	118.667
2337.9	121.778
2339.82	114.444
2341.74	116.889
2343.66	119.333
2345.58	117.333
2347.5	118
2349.42	124.444
2351.34	117.333
2353.26	117.778
2355.17	120
2357.09	119.111
2359.01	120.222
2360.92	119.333
2362.84	124
2364.75	120
2366.67	117.111
2368.58	114.222
2370.49	120.222
2372.4	122.222
2374.32	119.556
2376.23	118.667
2378.14	120.222
2380.05	122
2381.96	119.333
2383.86	118.222
2385.77	118.222
2387.68	125.778
2389.59	127.333
2391.5	124
2393.4	122.444
2395.31	121.111
2397.21	113.778
2399.12	124
2401.02	119.778
2402.92	115.778
2404.83	120.667
2406.73	117.333
2408.63	126
2410.53	121.556
2412.43	123.778
2414.33	127.333
2416.23	128
2418.13	125.556
2420.03	126
2421.93	120.444
2423.82	122
2425.72	124.444
2427.61	123.556
2429.51	132.222
2431.4	132.889
2433.3	135.333
2435.19	132.444
2437.09	121.556
2438.98	134
2440.87	122
2442.76	124.444
2444.65	125.778
2446.55	116.444
2448.44	127.556
2450.32	125.333
2452.21	121.333
2454.1	120.889
