187.964	94.4444
190.563	94.4444
193.16	88.4444
195.757	90.4444
198.354	87.3333
200.948	87.5556
203.543	84.4444
206.136	83.7778
208.729	82
211.321	84.8889
213.912	81.1111
216.502	84.4445
219.09	83.5555
221.679	80.6667
224.266	83.3333
226.853	89.3333
229.438	87.7778
232.023	86.6667
234.607	92.8889
237.19	96.8889
239.772	99.5556
242.352	93.7778
244.934	96.6667
247.512	109.778
250.092	106.667
252.669	115.556
255.247	121.556
257.822	128.222
260.397	141.778
262.972	152
265.545	170.444
268.117	199.778
270.69	230.222
273.26	292.444
275.829	398.222
278.4	609.333
280.967	996
283.534	1358.67
286.102	1386
288.667	990.444
291.231	605.333
293.795	387.778
296.359	306.667
298.921	259.556
301.482	227.333
304.042	217.778
306.603	205.333
309.161	188.667
311.719	177.778
314.276	183.333
316.832	171.556
319.388	167.111
321.942	155.778
324.496	151.111
327.048	153.111
329.6	146.667
332.151	147.778
334.701	142.889
337.252	131.556
339.8	114.889
342.347	108.889
344.894	95.7778
347.44	91.1111
349.985	86.4444
352.529	86.8889
355.072	84
357.615	88.8889
360.156	95.7778
362.697	106.222
365.237	126.667
367.776	162.667
370.315	196
372.852	182.222
375.389	138.889
377.925	110.444
380.46	91.1111
382.994	82.8889
385.527	84
388.059	79.5555
390.591	83.3333
393.122	90.2222
395.65	94.4444
398.18	109.556
400.708	117.111
403.235	120.444
405.762	114.444
408.288	98
410.813	85.5556
413.335	77.1111
415.859	70.2222
418.381	68.4444
420.903	69.3333
423.424	70.4445
425.942	66.6667
428.462	60.8889
430.98	68.8889
433.498	63.1111
436.013	63.1111
438.529	64
441.044	67.5556
443.558	72.6667
446.07	71.5556
448.583	80.4445
451.095	77.5556
453.604	82.8889
456.114	85.5556
458.624	79.5556
461.131	74.4444
463.638	68.8889
466.145	64.2222
468.65	63.5556
471.155	64.8889
473.659	66.2222
476.162	65.7778
478.664	62.8889
481.165	70.6667
483.666	70.4444
486.165	69.7778
488.664	71.1111
491.162	66
493.66	69.5556
496.155	65.3333
498.651	60.4444
501.145	61.5556
503.64	60
506.132	66
508.625	58.6667
511.116	56.8889
513.608	58.6667
516.097	58.8889
518.586	59.1111
521.074	59.5556
523.562	59.1111
526.048	59.7778
528.533	58.4444
531.019	54.4444
533.502	58.2222
535.985	55.1111
538.468	56.4444
540.949	57.5556
543.43	50.2222
545.91	55.3333
548.389	56.8889
550.867	62
553.345	57.7778
555.821	61.1111
558.297	56.6667
560.771	58.6667
563.247	56.8889
565.72	60.6667
568.192	60.4444
570.663	59.3333
573.135	57.7778
575.605	62.2222
578.074	59.5556
580.542	58.2222
583.01	59.5556
585.478	51.5556
587.943	56.8889
590.408	58.4444
592.873	54.6667
595.336	59.7778
597.799	60.4444
600.26	57.3333
602.721	52.6667
605.183	56.6667
607.643	58.4444
610.101	57.5556
612.559	59.5556
615.016	59.7778
617.472	59.3333
619.928	62
622.382	57.7778
624.836	59.7778
627.289	58.6667
629.741	60.4444
632.193	61.7778
634.644	64.4444
637.093	63.5556
639.543	63.7778
641.991	62
644.438	62.8889
646.885	69.1111
649.33	62.4444
651.775	65.7778
654.219	70.4444
656.663	68.2222
659.105	70.6667
661.547	75.3333
663.989	75.7778
666.429	78.4444
668.867	82.6667
671.306	87.7778
673.744	89.1111
676.181	98
678.618	98.8889
681.052	118.444
683.487	130
685.921	154.889
688.355	182.444
690.786	221.111
693.218	274.222
695.649	393.111
698.079	676.444
700.507	1208
702.935	1923.56
705.363	2375.56
707.789	2207.11
710.215	1528.67
712.641	864.889
715.064	487.333
717.488	322.222
719.91	264.444
722.333	224.889
724.754	216.889
727.174	220.444
729.594	226
732.012	234.222
734.43	253.111
736.848	275.778
739.263	290.222
741.68	308.667
744.094	309.111
746.508	312.444
748.921	287.556
751.334	257.333
753.745	221.556
756.157	201.333
758.566	189.333
760.975	170.222
763.384	152.222
765.791	139.778
768.199	136.444
770.604	125.333
773.01	118.889
775.414	114
777.818	114.889
780.221	106.667
782.623	106
785.024	103.778
787.426	107.556
789.825	104.667
792.224	104
794.623	106.667
797.02	103.333
799.416	103.556
801.812	102.444
804.208	101.778
806.602	125.111
808.996	135.778
811.388	150.889
813.781	149.778
816.172	147.333
818.562	158
820.952	175.333
823.341	194.889
825.73	178.889
828.117	156.222
830.503	132.444
832.889	109.778
835.274	101.556
837.658	93.7778
840.042	88.8889
842.424	89.7778
844.807	86.2222
847.188	85.3333
849.569	87.3333
851.948	85.3333
854.327	89.7778
856.705	97.5555
859.083	105.556
861.459	121.778
863.835	150
866.21	188.444
868.584	213.111
870.958	197.778
873.331	159.333
875.703	137.111
878.074	125.778
880.445	119.333
882.814	133.778
885.182	148.667
887.55	183.556
889.918	225.111
892.284	226.444
894.651	228.889
897.016	225.778
899.38	217.111
901.744	191.778
904.106	156.444
906.468	137.556
908.829	122.444
911.19	106.667
913.55	97.5556
915.908	92.6667
918.267	86.2222
920.624	82
922.982	77.3333
925.336	79.7778
927.692	76
930.047	75.3333
932.399	75.7778
934.753	74.8889
937.105	73.1111
939.456	78.8889
941.807	78.2222
944.157	83.3333
946.505	80.6667
948.854	90.2222
951.202	88.8889
953.548	94.6667
955.895	82.2222
958.24	81.7778
960.585	82.2222
962.929	83.5556
965.271	84.4444
967.614	87.5555
969.955	88.2222
972.296	91.7778
974.636	91.7778
976.976	90
979.314	86.2222
981.652	84.8889
983.989	81.7778
986.326	81.3333
988.66	84.6667
990.995	85.7778
993.329	86
995.662	92.4444
997.995	98.2222
1000.33	102.222
1002.66	112.222
1004.99	118.222
1007.32	122.667
1009.65	110.667
1011.97	111.556
1014.3	104.667
1016.63	103.111
1018.95	98.2222
1021.28	97.7778
1023.6	92.2222
1025.93	99.1111
1028.25	100.889
1030.57	117.778
1032.89	132.667
1035.21	155.111
1037.53	186.222
1039.85	194
1042.17	178
1044.49	149.778
1046.81	122.222
1049.12	114.667
1051.44	115.556
1053.75	122.889
1056.07	126.667
1058.38	130.222
1060.69	135.111
1063	148.222
1065.31	153.111
1067.62	148.222
1069.93	139.111
1072.24	138.444
1074.55	141.778
1076.86	159.556
1079.16	170.889
1081.47	182.222
1083.77	162.444
1086.08	145.333
1088.38	135.556
1090.69	113.556
1092.99	108.889
1095.29	102.222
1097.59	98.8889
1099.89	98
1102.19	90.6667
1104.49	90.6667
1106.78	90.4445
1109.08	91.5556
1111.38	85.5556
1113.67	91.1111
1115.97	92.2222
1118.26	96.8889
1120.55	98.2222
1122.85	99.3333
1125.14	100.444
1127.43	109.111
1129.72	120
1132.01	125.556
1134.3	142.667
1136.59	167.556
1138.87	182.667
1141.16	195.556
1143.45	176.222
1145.73	163.111
1148.02	149.778
1150.3	150.889
1152.59	154.889
1154.87	160.222
1157.15	157.778
1159.43	158.444
1161.71	148.889
1163.99	148.444
1166.27	136.222
1168.55	128
1170.82	115.111
1173.1	112.222
1175.38	102
1177.65	101.333
1179.93	99.5556
1182.2	96.2222
1184.47	92.8889
1186.74	91.5556
1189.02	89.7778
1191.29	84.8889
1193.56	89.3333
1195.83	86.4444
1198.09	87.7778
1200.36	88.4444
1202.63	86.6667
1204.9	85.7778
1207.16	84
1209.43	85.3333
1211.69	87.3333
1213.95	86.4444
1216.22	86.6667
1218.48	92.2222
1220.74	89.5556
1223	90.8889
1225.26	90
1227.52	92.2222
1229.78	88.8889
1232.04	85.5556
1234.29	90.6667
1236.55	87.3333
1238.81	95.5556
1241.06	95.1111
1243.32	93.3333
1245.57	97.3333
1247.82	101.111
1250.08	104
1252.33	102.667
1254.58	100.889
1256.83	100.889
1259.08	100
1261.32	98.2222
1263.57	103.111
1265.82	110.222
1268.07	111.778
1270.31	113.778
1272.56	114.889
1274.8	113.556
1277.05	117.111
1279.29	126.667
1281.53	126.444
1283.77	131.556
1286.01	138
1288.25	132.667
1290.49	144
1292.73	150.667
1294.97	165.556
1297.21	177.556
1299.44	197.333
1301.68	217.556
1303.92	218
1306.15	202.444
1308.38	192.889
1310.62	161.111
1312.85	152.222
1315.08	144.222
1317.31	128.889
1319.54	124.222
1321.77	120.222
1324	112.222
1326.23	111.111
1328.46	108.222
1330.68	107.556
1332.91	102
1335.13	107.778
1337.36	105.333
1339.58	111.556
1341.81	108.222
1344.03	107.778
1346.25	107.778
1348.47	103.556
1350.69	106.222
1352.91	102.222
1355.13	104.667
1357.35	107.556
1359.57	104.889
1361.78	107.111
1364	108.667
1366.22	114.667
1368.43	108.667
1370.65	108.444
1372.86	109.556
1375.07	107.778
1377.28	108.667
1379.5	110.889
1381.71	111.556
1383.92	115.111
1386.12	114.222
1388.33	115.333
1390.54	114.222
1392.75	118.667
1394.96	118.889
1397.16	124.444
1399.37	124.889
1401.57	134.667
1403.78	141.111
1405.98	145.556
1408.18	152
1410.38	165.778
1412.58	165.778
1414.78	187.111
1416.98	202.667
1419.18	235.111
1421.38	266.444
1423.58	284.444
1425.78	289.556
1427.97	278.444
1430.17	278.222
1432.36	303.111
1434.56	318.222
1436.75	348
1438.94	352.444
1441.13	349.778
1443.33	353.778
1445.52	364.889
1447.71	375.778
1449.9	366.444
1452.09	374.222
1454.27	381.333
1456.46	372.222
1458.65	357.556
1460.83	332.889
1463.02	304.222
1465.2	276
1467.39	259.111
1469.57	227.556
1471.75	212.889
1473.94	191.556
1476.12	184.444
1478.3	167.333
1480.48	165.333
1482.66	160
1484.84	148.222
1487.01	150.889
1489.19	141.111
1491.37	138.667
1493.54	130.667
1495.72	129.111
1497.89	124.222
1500.07	120
1502.24	116.222
1504.41	111.778
1506.58	110.667
1508.75	108.889
1510.93	110.889
1513.1	106
1515.26	107.111
1517.43	105.333
1519.6	101.778
1521.77	106.889
1523.93	99.7778
1526.1	99.5556
1528.26	105.111
1530.43	98.8889
1532.59	99.7778
1534.76	98.8889
1536.92	97.3333
1539.08	97.5556
1541.24	97.5556
1543.4	96.4444
1545.56	95.7778
1547.72	95.5556
1549.88	92.6667
1552.04	95.3333
1554.19	96.8889
1556.35	95.5556
1558.51	94.8889
1560.66	96.4444
1562.81	94.2222
1564.97	92.8889
1567.12	93.5556
1569.27	94.2222
1571.43	90.8889
1573.58	95.5556
1575.73	93.5556
1577.88	93.5555
1580.02	93.7778
1582.17	92
1584.32	89.5556
1586.47	95.1111
1588.61	92.4444
1590.76	94.6667
1592.91	90
1595.05	90.6667
1597.19	92
1599.34	94.4444
1601.48	95.1111
1603.62	96
1605.76	94.8889
1607.9	95.5556
1610.04	91.1111
1612.18	90.8889
1614.32	92
1616.46	89.3333
1618.59	90.4444
1620.73	88.2222
1622.87	93.5556
1625	93.1111
1627.14	92.4444
1629.27	89.3333
1631.4	87.1111
1633.54	88.4444
1635.67	93.5555
1637.8	91.7778
1639.93	92.6667
1642.06	88.4444
1644.19	91.3333
1646.32	93.5556
1648.44	98.2222
1650.57	91.7778
1652.7	96.2222
1654.82	92.8889
1656.95	96.6667
1659.07	95.5556
1661.2	92
1663.32	92.6667
1665.44	93.7778
1667.57	92
1669.69	95.1111
1671.81	89.7778
1673.93	93.3333
1676.05	94.4444
1678.17	98.6667
1680.28	92.2222
1682.4	92.6667
1684.52	92
1686.64	96.4445
1688.75	95.3333
1690.87	90.8889
1692.98	94.2222
1695.09	96.4444
1697.21	94.8889
1699.32	95.7778
1701.43	94
1703.54	90
1705.65	97.5556
1707.76	90.8889
1709.87	92.4444
1711.98	89.3333
1714.09	96.4444
1716.19	95.1111
1718.3	94
1720.41	92
1722.51	94.8889
1724.62	94.6667
1726.72	94
1728.82	89.3333
1730.93	92.8889
1733.03	92.8889
1735.13	92.2222
1737.23	89.7778
1739.33	95.3333
1741.43	92.4444
1743.53	90.8889
1745.63	91.5556
1747.72	93.5556
1749.82	92.4444
1751.92	94.6667
1754.01	94.8889
1756.11	93.7778
1758.2	96.4444
1760.29	90.2222
1762.39	90
1764.48	93.3333
1766.57	93.5556
1768.66	91.7778
1770.75	97.5556
1772.84	94.2222
1774.93	90.2222
1777.02	90.4444
1779.11	92.4444
1781.2	95.7778
1783.28	94.2222
1785.37	90.8889
1787.45	94.4444
1789.54	98.2222
1791.62	92.4445
1793.71	101.333
1795.79	93.7778
1797.87	96.2222
1799.95	94.8889
1802.03	92.2222
1804.11	98.2222
1806.19	90.8889
1808.27	93.1111
1810.35	94.2222
1812.43	93.1111
1814.51	97.7778
1816.58	95.7778
1818.66	90
1820.73	96.4444
1822.81	92.8889
1824.88	97.7778
1826.95	94.4444
1829.03	94.2222
1831.1	91.7778
1833.17	91.5556
1835.24	95.5556
1837.31	96.4444
1839.38	98.4444
1841.45	91.3333
1843.52	94.8889
1845.59	93.3333
1847.65	96.8889
1849.72	95.5556
1851.78	96
1853.85	100.667
1855.91	98.6667
1857.98	93.7778
1860.04	94.8889
1862.1	96.2222
1864.17	91.7778
1866.23	93.5556
1868.29	95.1111
1870.35	90
1872.41	91.5556
1874.47	96
1876.53	92.6667
1878.58	96.8889
1880.64	97.7778
1882.7	95.1111
1884.75	98.4444
1886.81	94.2222
1888.86	92
1890.92	95.5556
1892.97	96.8889
1895.02	96.6667
1897.07	96.4444
1899.12	96.6667
1901.17	97.3333
1903.23	101.333
1905.27	101.333
1907.32	96.2222
1909.37	96.6667
1911.42	99.3333
1913.47	101.778
1915.51	101.111
1917.56	97.7778
1919.6	100.222
1921.65	99.7778
1923.69	98
1925.74	99.3333
1927.78	95.5556
1929.82	98.6667
1931.86	95.5556
1933.9	94
1935.94	95.7778
1937.98	96.8889
1940.02	93.1111
1942.06	98.8889
1944.1	98.6667
1946.14	99.7778
1948.17	93.7778
1950.21	97.7778
1952.24	100.444
1954.28	97.1111
1956.31	99.3333
1958.35	97.3333
1960.38	101.333
1962.41	99.3333
1964.44	95.7778
1966.47	98.4444
1968.5	94
1970.53	97.1111
1972.56	97.1111
1974.59	97.3333
1976.62	104
1978.65	102
1980.67	100.667
1982.7	101.556
1984.73	97.3333
1986.75	98.8889
1988.78	104.667
1990.8	100.444
1992.82	99.5556
1994.85	104
1996.87	105.111
1998.89	101.778
2000.91	106
2002.93	103.111
2004.95	104.222
2006.97	103.333
2008.99	101.333
2011	102.667
2013.02	101.111
2015.04	97.1111
2017.05	104
2019.07	97.5556
2021.08	103.556
2023.1	97.3333
2025.11	101.556
2027.12	102.667
2029.14	100.667
2031.15	102.222
2033.16	102.444
2035.17	104.889
2037.18	101.333
2039.19	102.222
2041.2	104.667
2043.2	106.889
2045.21	99.7778
2047.22	109.778
2049.22	102.667
2051.23	104.667
2053.24	106.444
2055.24	99.5556
2057.24	105.778
2059.25	101.778
2061.25	105.778
2063.25	101.556
2065.25	102.889
2067.25	106.444
2069.25	104.444
2071.25	100.889
2073.25	100.667
2075.25	104.667
2077.25	100.444
2079.25	105.333
2081.24	104.889
2083.24	106.444
2085.23	103.111
2087.23	103.111
2089.22	102.222
2091.22	106.444
2093.21	106.889
2095.2	103.778
2097.19	102.889
2099.19	103.333
2101.18	104.444
2103.17	107.778
2105.16	102.667
2107.14	104.444
2109.13	106.667
2111.12	104.222
2113.11	106
2115.09	103.333
2117.08	112
2119.06	107.556
2121.05	106.222
2123.03	104
2125.02	106.222
2127	107.556
2128.98	106
2130.96	105.333
2132.95	104.667
2134.93	107.111
2136.91	108.444
2138.89	106.889
2140.87	110.444
2142.84	104.222
2144.82	105.778
2146.8	112
2148.77	109.333
2150.75	108
2152.73	108.222
2154.7	107.333
2156.68	104.444
2158.65	107.333
2160.62	110.889
2162.59	109.556
2164.57	111.111
2166.54	111.556
2168.51	110
2170.48	110.667
2172.45	106
2174.42	110.222
2176.38	107.556
2178.35	112.667
2180.32	111.556
2182.29	107.556
2184.25	109.111
2186.22	111.556
2188.18	111.778
2190.15	113.333
2192.11	110
2194.07	106.444
2196.03	115.111
2198	112.889
2199.96	108.667
2201.92	110
2203.88	110.444
2205.84	107.778
2207.8	107.778
2209.76	114.889
2211.71	108.667
2213.67	113.111
2215.63	110.889
2217.58	111.778
2219.54	109.778
2221.49	103.778
2223.45	112.444
2225.4	110
2227.36	113.556
2229.31	107.556
2231.26	108.222
2233.21	112.444
2235.16	114.444
2237.11	110.222
2239.06	109.333
2241.01	108.889
2242.96	111.778
2244.91	110
2246.86	110.667
2248.8	113.556
2250.75	114.222
2252.69	111.556
2254.64	112.222
2256.58	114.222
2258.53	109.556
2260.47	111.778
2262.41	113.333
2264.36	112.222
2266.3	116.444
2268.24	112.889
2270.18	114.444
2272.12	114.889
2274.06	114.222
2276	112.667
2277.94	115.778
2279.87	118.889
2281.81	116.444
2283.75	105.778
2285.68	116.889
2287.62	113.778
2289.55	111.778
2291.49	116
2293.42	112.444
2295.35	114.889
2297.29	114.222
2299.22	115.111
2301.15	116.222
2303.08	117.333
2305.01	114
2306.94	122
2308.87	116.889
2310.8	116.889
2312.73	113.778
2314.65	108
2316.58	115.333
2318.51	116
2320.43	115.778
2322.36	112.667
2324.28	112
2326.21	113.333
2328.13	112.222
2330.05	110
2331.98	110.222
2333.9	115.333
2335.82	111.778
2337.74	116.667
2339.66	113.778
2341.58	116.889
2343.5	110.889
2345.42	108
2347.33	113.778
2349.25	107.556
2351.17	113.333
2353.08	116.889
2355	114.667
2356.92	112.444
2358.83	114.444
2360.74	112.444
2362.66	114
2364.57	114.889
2366.48	115.333
2368.39	110.444
2370.31	112.667
2372.22	112.667
2374.13	112.889
2376.04	110.222
2377.94	113.778
2379.85	113.333
2381.76	114.222
2383.67	113.556
2385.57	117.333
2387.48	113.778
2389.39	109.778
2391.29	114.444
2393.2	113.778
2395.1	113.778
2397	116.667
2398.91	114.444
2400.81	117.333
2402.71	111.111
2404.61	116.889
2406.51	113.333
2408.41	113.778
2410.31	112
2412.21	115.556
2414.11	117.778
2416.01	110.222
2417.9	111.556
2419.8	113.111
2421.69	116.667
2423.59	112.889
2425.49	107.333
2427.38	113.556
2429.27	109.111
2431.17	112.667
2433.06	112.667
2434.95	117.778
2436.84	116.222
2438.73	119.111
2440.63	111.556
2442.52	118.222
2444.41	114
2446.29	112.222
2448.18	116.889
2450.07	114.889
2451.96	116.444
2453.84	118
