186.297	243.556
188.898	229.333
191.499	214.222
194.097	196.889
196.695	191.111
199.293	184.889
201.889	175.778
204.485	167.333
207.08	162
209.673	154.667
212.267	149.778
214.859	138.667
217.45	137.556
220.04	130.444
222.631	128.444
225.218	127.778
227.807	122.444
230.394	113.778
232.979	125.333
235.565	114.889
238.149	114.667
240.733	116.444
243.314	116.222
245.897	113.333
248.477	106
251.057	110.444
253.637	108
256.215	107.556
258.793	102.444
261.368	109.111
263.945	105.111
266.519	98.2222
269.093	101.333
271.666	100.222
274.237	100.222
276.809	100.889
279.379	94.2222
281.949	101.556
284.518	106.889
287.086	101.556
289.653	104.222
292.218	100.667
294.784	98.4444
297.348	101.333
299.913	98.8889
302.475	99.1111
305.036	94.4444
307.598	96.2222
310.157	99.3333
312.716	95.5555
315.276	100.889
317.833	103.111
320.389	99.1111
322.944	98.2222
325.5	99.7778
328.054	95.5556
330.607	99.1111
333.159	102.444
335.711	101.778
338.262	102.444
340.811	106
343.36	104.889
345.909	101.778
348.456	101.333
351.002	102.444
353.547	102.222
356.092	101.778
358.637	100.222
361.18	107.333
363.722	102.889
366.263	104.222
368.803	106.889
371.342	110.222
373.881	110.667
376.419	112.222
378.957	111.778
381.493	110
384.028	109.778
386.563	113.333
389.096	115.333
391.629	113.111
394.161	113.778
396.692	118.222
399.222	118.222
401.752	125.778
404.28	142.889
406.808	141.111
409.335	132.889
411.861	126.667
414.386	119.778
416.911	113.111
419.434	114.667
421.957	113.556
424.479	110.222
427	107.111
429.52	107.556
432.038	109.778
434.557	104.667
437.075	105.556
439.592	100.444
442.108	103.556
444.623	106.667
447.138	105.556
449.652	98.8889
452.163	103.778
454.675	102.444
457.186	103.333
459.697	101.556
462.206	103.111
464.714	102.222
467.222	103.556
469.729	96.4445
472.235	95.5556
474.739	98.6667
477.244	99.3333
479.748	98
482.251	100.222
484.752	97.5556
487.253	98.6667
489.754	100.667
492.252	98.8889
494.751	100.222
497.249	105.556
499.745	101.111
502.241	103.111
504.737	103.778
507.231	97.3333
509.725	100.444
512.218	100.222
514.709	98.6667
517.201	98.2222
519.69	100.667
522.18	96.4444
524.669	97.5556
527.156	96
529.644	98
532.129	97.3333
534.615	100.444
537.099	98.4444
539.583	99.5556
542.065	95.3333
544.548	99.7778
547.028	96.8889
549.509	95.3333
551.988	107.556
554.468	102.444
556.945	104.444
559.423	103.556
561.899	100.222
564.373	108.889
566.849	104.444
569.322	100.667
571.796	106.889
574.268	109.556
576.739	115.111
579.21	108.889
581.679	110.667
584.148	116.889
586.617	116.444
589.084	122.889
591.55	129.111
594.016	147.111
596.481	159.111
598.944	201.111
601.409	259.778
603.871	350.222
606.332	426.444
608.792	399.333
611.253	319.778
613.712	232.444
616.17	182
618.628	156.444
621.084	142.444
623.541	138.222
625.996	134.444
628.45	132.444
630.903	130.667
633.356	134.444
635.807	129.556
638.26	136.889
640.71	137.333
643.159	147.778
645.608	164.444
648.056	196.222
650.503	244.444
652.949	295.333
655.394	264.222
657.839	207.778
660.282	161.778
662.725	145.778
665.168	124.667
667.61	126
670.051	119.111
672.491	118.444
674.93	113.333
677.368	114.889
679.804	115.778
682.241	122
684.677	112.444
687.112	116.222
689.547	113.778
691.98	115.333
694.413	111.778
696.845	113.333
699.276	113.111
701.707	112.222
704.136	112.667
706.565	119.333
708.992	116.222
711.419	112.667
713.846	113.556
716.271	109.111
718.696	109.556
721.121	106.444
723.543	107.556
725.965	106.444
728.387	102.889
730.808	100.889
733.227	102
735.647	103.556
738.065	105.778
740.483	107.111
742.899	107.556
745.316	105.333
747.731	108.667
750.146	112.889
752.559	106.889
754.972	105.778
757.385	102.667
759.795	98.6667
762.206	99.3333
764.616	100
767.025	103.111
769.433	101.778
771.84	103.111
774.247	100.889
776.653	100
779.058	101.333
781.462	103.111
783.865	102
786.268	104.222
788.669	104.444
791.071	101.778
793.471	105.333
795.871	111.111
798.269	109.333
800.668	110.667
803.064	117.111
805.462	118.889
807.857	118.889
810.252	112.667
812.646	116.667
815.04	114.222
817.432	108.889
819.823	106.444
822.215	106.444
824.604	103.333
826.995	105.556
829.383	111.111
831.77	104.889
834.158	109.333
836.544	110
838.929	108.667
841.315	113.333
843.698	123.111
846.081	120.667
848.465	132.667
850.846	130.667
853.227	142.444
855.606	130.667
857.987	131.556
860.365	125.556
862.743	120.444
865.119	112.667
867.495	105.778
869.872	108.889
872.246	112.444
874.62	115.333
876.993	111.778
879.365	116.889
881.738	121.556
884.109	116.667
886.479	118.889
888.848	117.556
891.217	118.444
893.584	110
895.951	108.222
898.317	106.222
900.683	105.111
903.048	105.778
905.412	108.222
907.776	108
910.139	104.444
912.5	110.667
914.861	108.222
917.221	106.222
919.581	109.778
921.94	109.556
924.296	113.111
926.653	109.778
929.01	113.111
931.366	114.444
933.721	110.667
936.075	118.222
938.428	117.778
940.781	122.667
943.133	122.889
945.484	126
947.835	122.889
950.183	122
952.532	124.667
954.88	123.778
957.228	123.111
959.575	127.556
961.921	128.444
964.265	137.556
966.609	150.667
968.953	157.333
971.296	182.667
973.637	218.222
975.979	294.889
978.32	451.333
980.66	582.667
982.998	735.778
985.337	836.222
987.675	1624.44
990.01	4975.11
992.347	7594.67
994.683	5429.11
997.016	2660.89
999.35	1302.89
1001.68	693.111
1004.02	391.778
1006.35	294.889
1008.68	238.444
1011.01	205.111
1013.34	186.444
1015.67	193.111
1017.99	205.778
1020.32	229.111
1022.65	251.556
1024.97	328.667
1027.3	741.556
1029.62	1916.44
1031.94	2267.33
1034.27	1340.67
1036.59	525.111
1038.91	265.556
1041.23	195.333
1043.55	170.444
1045.87	162.667
1048.19	156.667
1050.5	151.778
1052.82	146.222
1055.14	142.222
1057.45	144.222
1059.77	134.444
1062.08	144.889
1064.39	150.222
1066.7	166
1069.02	173.556
1071.33	163.778
1073.64	149.111
1075.95	136.222
1078.25	128.889
1080.56	128.444
1082.87	128.667
1085.17	128
1087.48	124.444
1089.79	121.111
1092.09	127.333
1094.39	118
1096.69	121.333
1099	116.889
1101.3	117.556
1103.6	119.556
1105.9	120.667
1108.2	124
1110.49	126.667
1112.79	124
1115.09	125.778
1117.39	128.667
1119.68	122
1121.98	130.444
1124.27	129.778
1126.56	130.222
1128.85	130.222
1131.15	129.111
1133.44	135.111
1135.73	138.222
1138.02	145.111
1140.3	153.111
1142.59	164.889
1144.88	173.333
1147.17	181.556
1149.45	182.222
1151.74	169.333
1154.02	166.444
1156.31	164.444
1158.59	167.556
1160.87	162
1163.15	168
1165.43	186.667
1167.71	203.333
1169.99	243.111
1172.27	288.889
1174.55	348.667
1176.83	386.222
1179.1	386.667
1181.38	332.444
1183.65	279.333
1185.93	234.222
1188.2	202.889
1190.47	185.333
1192.74	169.778
1195.02	162.444
1197.29	155.111
1199.56	159.333
1201.82	162.222
1204.09	178.222
1206.36	176
1208.63	187.333
1210.89	218
1213.16	252.444
1215.42	325.778
1217.69	353.333
1219.95	331.111
1222.21	276.444
1224.48	247.778
1226.74	220.222
1229	205.556
1231.26	189.556
1233.52	169.556
1235.78	152.889
1238.03	145.333
1240.29	141.778
1242.55	130.889
1244.8	126.667
1247.06	130
1249.31	126
1251.56	120.444
1253.82	127.778
1256.07	120
1258.32	120
1260.57	123.333
1262.82	118
1265.07	119.778
1267.32	118.444
1269.57	118.222
1271.81	118.222
1274.06	124.667
1276.3	120.444
1278.55	116.889
1280.79	117.778
1283.04	118.889
1285.28	116.889
1287.52	118.889
1289.76	116
1292	118.667
1294.24	116
1296.48	119.111
1298.72	113.556
1300.96	117.556
1303.2	117.111
1305.43	114.667
1307.67	120.889
1309.9	120.222
1312.14	116.444
1314.37	114
1316.6	112.444
1318.84	114.222
1321.07	122.889
1323.3	117.778
1325.53	117.111
1327.76	122.222
1329.99	113.333
1332.21	113.111
1334.44	114
1336.67	116.667
1338.89	111.333
1341.12	120
1343.34	120.667
1345.57	117.556
1347.79	123.333
1350.01	119.556
1352.24	124.222
1354.46	125.556
1356.68	123.556
1358.9	118.889
1361.11	118
1363.33	122
1365.55	119.778
1367.77	119.556
1369.98	123.333
1372.2	117.333
1374.41	118.222
1376.63	122
1378.84	116.444
1381.05	116.667
1383.27	119.333
1385.48	118.889
1387.69	115.778
1389.9	117.556
1392.11	116
1394.31	111.111
1396.52	115.111
1398.73	116.222
1400.94	121.556
1403.14	129.111
1405.35	132
1407.55	130.444
1409.75	131.778
1411.96	126.889
1414.16	120
1416.36	122.889
1418.56	117.111
1420.76	118.667
1422.96	121.333
1425.16	121.778
1427.36	118
1429.56	119.778
1431.75	121.333
1433.95	120.667
1436.14	124.889
1438.34	122
1440.53	122.889
1442.73	120
1444.92	123.111
1447.11	125.556
1449.3	115.778
1451.49	123.111
1453.68	116.222
1455.87	120
1458.06	122.889
1460.25	122
1462.44	122.667
1464.62	118.889
1466.81	118.889
1468.99	119.111
1471.18	123.556
1473.36	128.889
1475.55	133.333
1477.73	131.111
1479.91	152.667
1482.09	178
1484.27	172.222
1486.45	151.778
1488.63	132.889
1490.81	130.667
1492.99	129.333
1495.16	126.667
1497.34	123.333
1499.51	123.778
1501.69	122.444
1503.86	121.333
1506.04	119.333
1508.21	114
1510.38	123.556
1512.55	126
1514.73	121.333
1516.9	121.333
1519.06	122.889
1521.23	120.667
1523.4	122
1525.57	123.556
1527.74	121.556
1529.9	129.111
1532.07	124
1534.23	127.556
1536.4	126.222
1538.56	130.222
1540.72	134.222
1542.89	134
1545.05	131.333
1547.21	138.444
1549.37	145.556
1551.53	144.444
1553.69	143.556
1555.84	151.333
1558	158.444
1560.16	164.222
1562.32	180.889
1564.47	195.556
1566.63	207.778
1568.78	238.889
1570.93	290.667
1573.09	327.778
1575.24	348.444
1577.39	351.778
1579.54	380.667
1581.69	430.222
1583.84	445.556
1585.99	447.556
1588.14	425.778
1590.29	371.111
1592.43	327.333
1594.58	297.556
1596.72	288.889
1598.87	292.667
1601.01	291.556
1603.16	297.778
1605.3	306.667
1607.44	294.222
1609.58	264.444
1611.72	230.667
1613.86	204
1616	193.778
1618.14	173.556
1620.28	170.667
1622.42	162.222
1624.56	154.667
1626.69	149.778
1628.83	145.778
1630.96	142.444
1633.1	140.889
1635.23	140.667
1637.36	135.778
1639.5	129.333
1641.63	134.889
1643.76	135.556
1645.89	131.333
1648.02	128.667
1650.15	129.556
1652.28	125.111
1654.4	124.889
1656.53	125.556
1658.66	127.556
1660.78	126.889
1662.91	126.889
1665.03	121.556
1667.16	121.111
1669.28	123.556
1671.4	121.111
1673.52	118.444
1675.65	120.889
1677.77	123.333
1679.89	120.889
1682.01	123.556
1684.12	125.111
1686.24	121.333
1688.36	118.667
1690.48	123.556
1692.59	124.222
1694.71	127.556
1696.82	122
1698.94	120
1701.05	126
1703.16	125.333
1705.27	123.333
1707.39	125.556
1709.5	125.111
1711.61	123.778
1713.72	122
1715.83	123.333
1717.93	122
1720.04	123.778
1722.15	121.778
1724.25	119.111
1726.36	121.111
1728.47	121.333
1730.57	120.889
1732.67	118
1734.78	117.111
1736.88	119.778
1738.98	122.222
1741.08	119.556
1743.18	122.444
1745.28	117.111
1747.38	121.111
1749.48	118.667
1751.58	120.444
1753.67	120
1755.77	121.556
1757.87	119.778
1759.96	122.667
1762.06	121.333
1764.15	120
1766.25	122.444
1768.34	123.778
1770.43	123.111
1772.52	120.222
1774.61	120.222
1776.7	124.444
1778.79	119.556
1780.88	119.556
1782.97	124.444
1785.06	120.444
1787.14	122.667
1789.23	119.778
1791.32	119.556
1793.4	113.111
1795.49	124.444
1797.57	122.444
1799.65	119.111
1801.74	115.556
1803.82	118.889
1805.9	118.667
1807.98	118.444
1810.06	118.667
1812.14	121.556
1814.22	119.111
1816.3	115.333
1818.38	120.444
1820.45	118.667
1822.53	114
1824.6	118.222
1826.68	119.556
1828.75	118.889
1830.83	124.889
1832.9	120.667
1834.97	121.333
1837.05	117.333
1839.12	121.778
1841.19	121.333
1843.26	116.889
1845.33	118.222
1847.4	121.778
1849.46	120.444
1851.53	117.556
1853.6	114
1855.66	115.556
1857.73	125.556
1859.79	116.222
1861.86	117.778
1863.92	118.667
1865.99	122.222
1868.05	120.444
1870.11	120.444
1872.17	117.778
1874.23	122.222
1876.29	124
1878.35	119.111
1880.41	124.444
1882.47	122
1884.53	118.444
1886.58	121.111
1888.64	121.333
1890.69	120
1892.75	120.889
1894.8	115.556
1896.86	122
1898.91	116
1900.96	119.778
1903.02	121.556
1905.07	120.889
1907.12	126.667
1909.17	127.778
1911.22	127.111
1913.27	130
1915.31	124.222
1917.36	119.778
1919.41	124
1921.45	120.444
1923.5	118
1925.55	122.222
1927.59	126.444
1929.63	123.333
1931.68	123.778
1933.72	119.778
1935.76	122.444
1937.8	124.889
1939.84	122.889
1941.88	125.111
1943.92	121.556
1945.96	124.222
1948	125.778
1950.04	119.111
1952.08	125.333
1954.11	121.556
1956.15	120.222
1958.18	116.667
1960.22	122.222
1962.25	124
1964.29	126.444
1966.32	117.556
1968.35	117.556
1970.38	119.111
1972.41	121.778
1974.44	121.778
1976.47	122.667
1978.5	119.556
1980.53	119.556
1982.56	118.444
1984.59	126
1986.61	120.889
1988.64	118.667
1990.66	122.444
1992.69	122.667
1994.71	119.778
1996.74	117.111
1998.76	120
2000.78	122.889
2002.8	122.444
2004.82	120.222
2006.85	120
2008.87	122.222
2010.88	122.667
2012.9	118
2014.92	122.667
2016.94	123.556
2018.96	124
2020.97	125.778
2022.99	124.667
2025	124.222
2027.02	121.556
2029.03	121.111
2031.05	122.667
2033.06	122.667
2035.07	120
2037.08	116.889
2039.09	123.778
2041.1	124.444
2043.11	122.444
2045.12	117.778
2047.13	116.444
2049.14	124.444
2051.15	122.889
2053.15	119.778
2055.16	118
2057.16	122.444
2059.17	126.889
2061.17	124.667
2063.18	121.111
2065.18	117.333
2067.18	123.556
2069.18	114.444
2071.19	122.889
2073.19	121.111
2075.19	123.556
2077.19	120.889
2079.19	116.667
2081.18	121.111
2083.18	124.667
2085.18	120
2087.17	117.778
2089.17	124
2091.17	119.333
2093.16	119.778
2095.16	118.444
2097.15	121.556
2099.14	123.556
2101.13	119.111
2103.13	120.667
2105.12	122.222
2107.11	117.556
2109.1	119.778
2111.09	118.889
2113.08	123.333
2115.06	120
2117.05	119.778
2119.04	122.444
2121.02	124
2123.01	122.667
2125	119.556
2126.98	122.889
2128.96	118
2130.95	122.667
2132.93	115.778
2134.91	122.667
2136.9	117.556
2138.88	119.556
2140.86	122.667
2142.84	122.667
2144.82	122
2146.8	116.889
2148.77	117.333
2150.75	118.444
2152.73	123.778
2154.7	118.667
2156.68	119.778
2158.65	121.556
2160.63	118
2162.6	119.111
2164.58	124.444
2166.55	122.444
2168.52	124.222
2170.49	117.778
2172.47	118.889
2174.44	118.667
2176.41	121.556
2178.38	123.111
2180.34	118
2182.31	122.889
2184.28	121.778
2186.25	119.556
2188.21	125.778
2190.18	125.778
2192.14	124.889
2194.11	129.111
2196.07	123.111
2198.04	124.222
2200	122.444
2201.96	122.889
2203.92	123.111
2205.89	120
2207.85	119.778
2209.81	123.778
2211.77	118.667
2213.72	122.444
2215.68	123.778
2217.64	124.222
2219.6	126.667
2221.55	122.222
2223.51	122.667
2225.47	120.667
2227.42	118.222
2229.37	118.889
2231.33	122.444
2233.28	121.556
2235.23	120.222
2237.19	119.333
2239.14	123.556
2241.09	121.333
2243.04	120
2244.99	123.556
2246.94	122.222
2248.89	120.667
2250.83	121.333
2252.78	121.111
2254.73	122
2256.67	119.556
2258.62	119.333
2260.56	119.333
2262.51	117.333
2264.45	117.111
2266.4	116.667
2268.34	123.111
2270.28	122.889
2272.22	122.444
2274.16	116
2276.1	117.778
2278.04	119.556
2279.98	120.889
2281.92	122.889
2283.86	123.556
2285.8	118
2287.74	124
2289.67	120.667
2291.61	119.778
2293.54	123.556
2295.48	132.889
2297.41	128.667
2299.35	121.556
2301.28	124
2303.21	126.222
2305.14	122
2307.07	121.111
2309.01	118.444
2310.94	118.667
2312.86	118
2314.79	118.444
2316.72	114.444
2318.65	120.444
2320.58	119.333
2322.5	120.222
2324.43	117.778
2326.36	118.222
2328.28	124.667
2330.21	120.444
2332.13	120.444
2334.05	118.667
2335.98	116.444
2337.9	120.889
2339.82	118.889
2341.74	123.111
2343.66	115.333
2345.58	119.778
2347.5	118.444
2349.42	124
2351.34	123.111
2353.26	124.444
2355.17	123.778
2357.09	123.556
2359.01	118.222
2360.92	115.111
2362.84	121.556
2364.75	120.667
2366.67	120.444
2368.58	126.889
2370.49	124.222
2372.4	130.667
2374.32	131.111
2376.23	131.111
2378.14	131.333
2380.05	130.444
2381.96	127.778
2383.86	124.667
2385.77	123.778
2387.68	120.667
2389.59	125.778
2391.5	121.333
2393.4	119.333
2395.31	122.222
2397.21	117.111
2399.12	121.778
2401.02	115.333
2402.92	118.444
2404.83	124.444
2406.73	119.556
2408.63	118.667
2410.53	119.556
2412.43	120
2414.33	118.667
2416.23	118.667
2418.13	122
2420.03	120.889
2421.93	119.556
2423.82	120
2425.72	122
2427.61	121.556
2429.51	119.556
2431.4	121.111
2433.3	119.111
2435.19	120.667
2437.09	124.444
2438.98	125.556
2440.87	122.444
2442.76	129.333
2444.65	124
2446.55	136
2448.44	136.222
2450.32	140.889
2452.21	146.889
2454.1	144.222
