186.297	243.556
188.898	230
191.499	219.111
194.097	207.111
196.695	196.444
199.293	191.778
201.889	180.667
204.485	173.111
207.08	159.111
209.673	159.111
212.267	154.222
214.859	148
217.45	138.222
220.04	139.778
222.631	139.556
225.218	137.778
227.807	126.667
230.394	124.444
232.979	119.333
235.565	122
238.149	115.111
240.733	114.889
243.314	117.556
245.897	110.444
248.477	114.222
251.057	107.556
253.637	111.778
256.215	109.778
258.793	108.889
261.368	104.889
263.945	106.889
266.519	103.111
269.093	102
271.666	109.778
274.237	105.333
276.809	104.889
279.379	102.222
281.949	104.444
284.518	110.444
287.086	102
289.653	105.111
292.218	106.889
294.784	99.1111
297.348	104
299.913	102.667
302.475	102.667
305.036	102
307.598	104.444
310.157	102
312.716	102.444
315.276	100.667
317.833	102.667
320.389	105.556
322.944	105.333
325.5	101.556
328.054	103.111
330.607	103.556
333.159	101.778
335.711	104.889
338.262	101.333
340.811	105.778
343.36	104
345.909	104.667
348.456	110.444
351.002	109.556
353.547	104.222
356.092	108.444
358.637	109.333
361.18	103.111
363.722	111.778
366.263	110.889
368.803	113.556
371.342	110.889
373.881	116.222
376.419	110.889
378.957	116.667
381.493	111.111
384.028	116.889
386.563	113.778
389.096	116.667
391.629	112.222
394.161	116.222
396.692	118
399.222	126.222
401.752	134.444
404.28	143.111
406.808	141.111
409.335	140.222
411.861	130.667
414.386	125.111
416.911	118.667
419.434	115.778
421.957	116.222
424.479	111.111
427	111.778
429.52	108.889
432.038	110.444
434.557	108
437.075	107.333
439.592	108.222
442.108	108.667
444.623	103.111
447.138	108.444
449.652	103.556
452.163	107.556
454.675	108.444
457.186	104.222
459.697	102
462.206	105.111
464.714	106
467.222	104.222
469.729	106.444
472.235	105.333
474.739	105.333
477.244	105.556
479.748	108
482.251	106.444
484.752	100.444
487.253	106.667
489.754	101.556
492.252	103.111
494.751	102.889
497.249	108.444
499.745	103.556
502.241	100
504.737	96.8889
507.231	103.111
509.725	103.778
512.218	105.556
514.709	104.889
517.201	101.778
519.69	102.222
522.18	105.556
524.669	103.111
527.156	103.111
529.644	101.333
532.129	105.778
534.615	102
537.099	105.778
539.583	104.889
542.065	100.667
544.548	103.333
547.028	107.778
549.509	105.556
551.988	106.889
554.468	108.222
556.945	107.556
559.423	106.667
561.899	107.111
564.373	106.444
566.849	111.556
569.322	107.556
571.796	109.778
574.268	106.667
576.739	109.778
579.21	111.333
581.679	113.111
584.148	122
586.617	121.111
589.084	127.778
591.55	134
594.016	144.444
596.481	168.889
598.944	208.444
601.409	267.778
603.871	355.333
606.332	413.111
608.792	412
611.253	320.222
613.712	227.556
616.17	189.778
618.628	163.333
621.084	152.667
623.541	137.333
625.996	140.222
628.45	136.222
630.903	129.333
633.356	135.556
635.807	136
638.26	135.111
640.71	139.556
643.159	153.333
645.608	170
648.056	209.111
650.503	250.444
652.949	288.667
655.394	263.111
657.839	215.111
660.282	167.778
662.725	148.444
665.168	136.667
667.61	126.889
670.051	123.333
672.491	124.444
674.93	118.444
677.368	116
679.804	116.889
682.241	122.444
684.677	120
687.112	117.556
689.547	116.889
691.98	114
694.413	115.556
696.845	114.667
699.276	115.111
701.707	114
704.136	114.444
706.565	116.889
708.992	120.444
711.419	118
713.846	111.778
716.271	113.333
718.696	110
721.121	112
723.543	109.111
725.965	106
728.387	109.333
730.808	105.333
733.227	108.222
735.647	103.556
738.065	110.667
740.483	111.556
742.899	113.556
745.316	113.333
747.731	111.333
750.146	112.889
752.559	112.889
754.972	109.556
757.385	106.667
759.795	104.889
762.206	104
764.616	107.556
767.025	110
769.433	109.111
771.84	101.111
774.247	102.444
776.653	105.556
779.058	107.333
781.462	103.111
783.865	107.333
786.268	105.556
788.669	108.667
791.071	108.667
793.471	106.667
795.871	108
798.269	114
800.668	118.667
803.064	121.778
805.462	126.222
807.857	119.333
810.252	118.444
812.646	112
815.04	117.556
817.432	112.889
819.823	109.333
822.215	109.333
824.604	111.556
826.995	108.444
829.383	111.556
831.77	110.222
834.158	110.667
836.544	112
838.929	115.556
841.315	120.444
843.698	123.111
846.081	129.333
848.465	131.333
850.846	143.111
853.227	142.444
855.606	140.222
857.987	134.889
860.365	123.111
862.743	121.556
865.119	116.444
867.495	118.667
869.872	113.111
872.246	118.444
874.62	116.444
876.993	123.556
879.365	120.222
881.738	122.667
884.109	125.556
886.479	119.333
888.848	120.222
891.217	118.889
893.584	117.111
895.951	112.667
898.317	110.444
900.683	106.444
903.048	114.222
905.412	112.444
907.776	109.778
910.139	110.222
912.5	107.778
914.861	113.111
917.221	107.778
919.581	111.111
921.94	115.556
924.296	115.778
926.653	116.667
929.01	112.889
931.366	118.444
933.721	116.889
936.075	122.444
938.428	126.889
940.781	126.444
943.133	123.111
945.484	124.222
947.835	124.667
950.183	124
952.532	123.333
954.88	127.333
957.228	129.333
959.575	130
961.921	134
964.265	143.778
966.609	148.222
968.953	160.889
971.296	184.667
973.637	226.667
975.979	297.556
978.32	448.444
980.66	596.444
982.998	735.778
985.337	842
987.675	1620.44
990.01	4979.11
992.347	7550.89
994.683	5429.78
997.016	2661.11
999.35	1292.67
1001.68	683.111
1004.02	390.667
1006.35	295.111
1008.68	243.333
1011.01	207.778
1013.34	199.556
1015.67	195.111
1017.99	208.667
1020.32	231.111
1022.65	250.889
1024.97	326.889
1027.3	746.667
1029.62	1917.78
1031.94	2232.89
1034.27	1321.56
1036.59	517.333
1038.91	261.556
1041.23	196.889
1043.55	179.111
1045.87	162.667
1048.19	159.111
1050.5	155.556
1052.82	153.556
1055.14	148.222
1057.45	142.667
1059.77	144.667
1062.08	148.889
1064.39	150.667
1066.7	172.444
1069.02	176.667
1071.33	166.667
1073.64	154
1075.95	139.111
1078.25	135.556
1080.56	126.889
1082.87	132
1085.17	123.778
1087.48	127.111
1089.79	126
1092.09	122.222
1094.39	120.444
1096.69	124
1099	118.889
1101.3	125.333
1103.6	126.444
1105.9	125.333
1108.2	124.444
1110.49	127.556
1112.79	123.778
1115.09	132
1117.39	127.333
1119.68	134.222
1121.98	135.333
1124.27	129.556
1126.56	137.333
1128.85	135.556
1131.15	138.444
1133.44	143.778
1135.73	143.111
1138.02	144.222
1140.3	153.111
1142.59	169.556
1144.88	179.111
1147.17	190.222
1149.45	186.667
1151.74	175.778
1154.02	170.889
1156.31	170.667
1158.59	163.333
1160.87	167.556
1163.15	174.889
1165.43	188.444
1167.71	204.444
1169.99	235.778
1172.27	295.556
1174.55	349.778
1176.83	389.111
1179.1	382.444
1181.38	340.667
1183.65	280
1185.93	234.889
1188.2	206.222
1190.47	184.667
1192.74	166.889
1195.02	161.333
1197.29	159.333
1199.56	162.222
1201.82	163.556
1204.09	169.333
1206.36	181.778
1208.63	192
1210.89	217.556
1213.16	261.556
1215.42	322
1217.69	362.889
1219.95	337.556
1222.21	284.889
1224.48	244.889
1226.74	227.333
1229	211.333
1231.26	187.778
1233.52	171.333
1235.78	152.222
1238.03	146.667
1240.29	141.333
1242.55	137.556
1244.8	130.889
1247.06	130.444
1249.31	130.222
1251.56	122.444
1253.82	129.778
1256.07	123.778
1258.32	120.667
1260.57	121.111
1262.82	118.444
1265.07	122
1267.32	119.556
1269.57	119.556
1271.81	123.778
1274.06	114.889
1276.3	119.778
1278.55	118.667
1280.79	116.667
1283.04	117.333
1285.28	117.778
1287.52	120.667
1289.76	113.111
1292	119.556
1294.24	118.889
1296.48	114.444
1298.72	116
1300.96	115.333
1303.2	117.333
1305.43	117.778
1307.67	121.333
1309.9	115.111
1312.14	117.111
1314.37	119.556
1316.6	120.222
1318.84	120
1321.07	122.444
1323.3	118.444
1325.53	118.222
1327.76	122.444
1329.99	121.778
1332.21	116.222
1334.44	116.444
1336.67	120.667
1338.89	124
1341.12	117.556
1343.34	114.889
1345.57	118.222
1347.79	123.111
1350.01	122.889
1352.24	122.444
1354.46	123.556
1356.68	129.556
1358.9	122.222
1361.11	122.444
1363.33	121.778
1365.55	122.667
1367.77	128.889
1369.98	120.889
1372.2	124.889
1374.41	126.444
1376.63	120.222
1378.84	123.333
1381.05	119.778
1383.27	122.444
1385.48	118
1387.69	120.444
1389.9	117.111
1392.11	124.667
1394.31	122
1396.52	122.444
1398.73	119.111
1400.94	122.889
1403.14	120.667
1405.35	134.222
1407.55	136.444
1409.75	136
1411.96	127.778
1414.16	124.444
1416.36	126.667
1418.56	123.778
1420.76	117.111
1422.96	122.667
1425.16	120.222
1427.36	119.333
1429.56	120.667
1431.75	120.444
1433.95	124.667
1436.14	122.444
1438.34	127.778
1440.53	125.556
1442.73	121.778
1444.92	123.333
1447.11	118.667
1449.3	127.778
1451.49	120
1453.68	119.556
1455.87	123.778
1458.06	122.667
1460.25	121.111
1462.44	118.667
1464.62	121.556
1466.81	119.111
1468.99	120.667
1471.18	120.444
1473.36	129.778
1475.55	132.444
1477.73	137.778
1479.91	152.889
1482.09	172
1484.27	173.111
1486.45	148.222
1488.63	131.111
1490.81	132.667
1492.99	132
1495.16	132.889
1497.34	128.889
1499.51	123.111
1501.69	124.667
1503.86	123.778
1506.04	125.778
1508.21	117.111
1510.38	119.778
1512.55	122.889
1514.73	121.556
1516.9	122.667
1519.06	125.778
1521.23	127.111
1523.4	126
1525.57	127.556
1527.74	128.667
1529.9	127.556
1532.07	126.444
1534.23	126.444
1536.4	132.889
1538.56	128.667
1540.72	134
1542.89	137.778
1545.05	135.111
1547.21	139.556
1549.37	137.778
1551.53	148.222
1553.69	145.556
1555.84	158.444
1558	160.222
1560.16	167.111
1562.32	185.333
1564.47	200.444
1566.63	215.556
1568.78	245.333
1570.93	288.667
1573.09	333.556
1575.24	344.889
1577.39	353.333
1579.54	391.111
1581.69	432.889
1583.84	454.667
1585.99	446
1588.14	429.111
1590.29	378.889
1592.43	319.778
1594.58	295.111
1596.72	291.333
1598.87	297.556
1601.01	291.111
1603.16	294.667
1605.3	299.111
1607.44	301.333
1609.58	267.111
1611.72	240.444
1613.86	212.222
1616	194.667
1618.14	180.444
1620.28	168
1622.42	163.333
1624.56	156.444
1626.69	153.778
1628.83	149.778
1630.96	146.667
1633.1	138.444
1635.23	142
1637.36	142
1639.5	140
1641.63	134.444
1643.76	137.333
1645.89	130
1648.02	130.222
1650.15	132.667
1652.28	129.333
1654.4	129.111
1656.53	128.444
1658.66	127.111
1660.78	125.111
1662.91	126.444
1665.03	122.222
1667.16	123.778
1669.28	123.778
1671.4	125.111
1673.52	120.667
1675.65	126.222
1677.77	119.556
1679.89	128
1682.01	125.333
1684.12	124.444
1686.24	122.667
1688.36	124.667
1690.48	128.222
1692.59	124
1694.71	125.333
1696.82	127.556
1698.94	123.111
1701.05	129.333
1703.16	124.667
1705.27	125.111
1707.39	126.222
1709.5	123.778
1711.61	122.222
1713.72	122.222
1715.83	120.222
1717.93	121.778
1720.04	126.889
1722.15	115.778
1724.25	124
1726.36	116
1728.47	123.333
1730.57	126.444
1732.67	118.889
1734.78	123.556
1736.88	111.556
1738.98	118.444
1741.08	122.889
1743.18	123.111
1745.28	128
1747.38	124.667
1749.48	121.778
1751.58	121.333
1753.67	118.889
1755.77	123.556
1757.87	119.778
1759.96	126.222
1762.06	122
1764.15	119.556
1766.25	123.778
1768.34	122.444
1770.43	121.556
1772.52	122.889
1774.61	121.556
1776.7	119.556
1778.79	120.889
1780.88	126.667
1782.97	122.889
1785.06	119.333
1787.14	122
1789.23	118.444
1791.32	120.667
1793.4	124.222
1795.49	118.444
1797.57	119.333
1799.65	120
1801.74	115.111
1803.82	117.778
1805.9	121.333
1807.98	120.222
1810.06	121.778
1812.14	122
1814.22	118.889
1816.3	125.111
1818.38	122.889
1820.45	120.444
1822.53	123.333
1824.6	121.778
1826.68	127.556
1828.75	118.667
1830.83	120.667
1832.9	120.222
1834.97	122.889
1837.05	123.778
1839.12	121.778
1841.19	121.111
1843.26	120
1845.33	122.889
1847.4	119.333
1849.46	118.444
1851.53	122.222
1853.6	120
1855.66	119.556
1857.73	116.889
1859.79	114
1861.86	116.889
1863.92	119.556
1865.99	121.556
1868.05	114.444
1870.11	121.778
1872.17	120.889
1874.23	118.667
1876.29	122
1878.35	120.444
1880.41	121.778
1882.47	125.778
1884.53	121.778
1886.58	122.222
1888.64	121.778
1890.69	118
1892.75	121.556
1894.8	123.111
1896.86	125.111
1898.91	126.444
1900.96	122.444
1903.02	127.556
1905.07	122.222
1907.12	122.222
1909.17	121.778
1911.22	133.111
1913.27	129.111
1915.31	123.111
1917.36	122.222
1919.41	124.222
1921.45	122.667
1923.5	124.444
1925.55	121.556
1927.59	120.222
1929.63	122.444
1931.68	121.556
1933.72	123.556
1935.76	123.556
1937.8	124.444
1939.84	129.778
1941.88	121.333
1943.92	122.444
1945.96	124.667
1948	122
1950.04	121.333
1952.08	121.556
1954.11	124.444
1956.15	122.889
1958.18	121.556
1960.22	118
1962.25	123.778
1964.29	120
1966.32	119.778
1968.35	124.889
1970.38	122.667
1972.41	122.222
1974.44	125.111
1976.47	120.889
1978.5	123.556
1980.53	119.778
1982.56	122.889
1984.59	123.333
1986.61	119.556
1988.64	124.889
1990.66	123.111
1992.69	120.222
1994.71	124.222
1996.74	123.556
1998.76	126.889
2000.78	120.667
2002.8	118.222
2004.82	121.778
2006.85	124.889
2008.87	119.778
2010.88	122.444
2012.9	124.889
2014.92	127.333
2016.94	123.111
2018.96	118
2020.97	127.778
2022.99	126.444
2025	121.556
2027.02	122.444
2029.03	122.667
2031.05	119.778
2033.06	121.333
2035.07	121.556
2037.08	121.111
2039.09	124
2041.1	120
2043.11	120.889
2045.12	123.111
2047.13	126.889
2049.14	124.889
2051.15	119.333
2053.15	122.444
2055.16	121.778
2057.16	120.222
2059.17	122.222
2061.17	122
2063.18	122.222
2065.18	125.111
2067.18	121.111
2069.18	125.778
2071.19	119.778
2073.19	121.778
2075.19	120
2077.19	119.778
2079.19	120.889
2081.18	122.444
2083.18	120
2085.18	123.111
2087.17	124.222
2089.17	122
2091.17	124.667
2093.16	123.111
2095.16	117.556
2097.15	115.778
2099.14	118.889
2101.13	122.667
2103.13	122.444
2105.12	117.778
2107.11	125.111
2109.1	124.444
2111.09	120.889
2113.08	121.333
2115.06	126.444
2117.05	120.222
2119.04	122.667
2121.02	121.778
2123.01	115.556
2125	120
2126.98	113.111
2128.96	119.778
2130.95	118.889
2132.93	121.111
2134.91	122.889
2136.9	121.778
2138.88	124.667
2140.86	120.222
2142.84	127.111
2144.82	122.222
2146.8	123.333
2148.77	123.111
2150.75	121.333
2152.73	126.444
2154.7	119.111
2156.68	120
2158.65	119.333
2160.63	119.778
2162.6	123.111
2164.58	123.778
2166.55	118.667
2168.52	122
2170.49	121.778
2172.47	122.889
2174.44	122.667
2176.41	125.333
2178.38	123.556
2180.34	126
2182.31	122.444
2184.28	119.556
2186.25	125.111
2188.21	122.889
2190.18	123.111
2192.14	128
2194.11	125.111
2196.07	119.111
2198.04	124.667
2200	119.111
2201.96	122.889
2203.92	119.778
2205.89	120.667
2207.85	122.222
2209.81	123.333
2211.77	120.889
2213.72	119.556
2215.68	120.889
2217.64	121.333
2219.6	119.556
2221.55	120.222
2223.51	121.556
2225.47	128.222
2227.42	119.111
2229.37	123.333
2231.33	118
2233.28	122
2235.23	114.222
2237.19	119.333
2239.14	118.667
2241.09	123.111
2243.04	121.556
2244.99	120.667
2246.94	120.667
2248.89	118.667
2250.83	120.444
2252.78	122.889
2254.73	125.111
2256.67	118.444
2258.62	123.556
2260.56	118.222
2262.51	119.333
2264.45	122.222
2266.4	119.111
2268.34	123.333
2270.28	118.889
2272.22	122.889
2274.16	127.556
2276.1	119.556
2278.04	118.444
2279.98	115.778
2281.92	123.333
2283.86	120
2285.8	118
2287.74	124.222
2289.67	125.333
2291.61	128.889
2293.54	131.333
2295.48	128.667
2297.41	131.333
2299.35	125.556
2301.28	128.444
2303.21	120.889
2305.14	120.222
2307.07	118.444
2309.01	120.667
2310.94	121.111
2312.86	120.889
2314.79	118.889
2316.72	123.333
2318.65	117.556
2320.58	121.111
2322.5	117.333
2324.43	113.111
2326.36	119.333
2328.28	119.111
2330.21	122.889
2332.13	123.556
2334.05	118
2335.98	119.333
2337.9	117.111
2339.82	114.889
2341.74	120
2343.66	122.889
2345.58	120.444
2347.5	121.111
2349.42	119.333
2351.34	117.778
2353.26	118.889
2355.17	120.444
2357.09	119.556
2359.01	118.444
2360.92	118
2362.84	126.889
2364.75	126.222
2366.67	126
2368.58	125.111
2370.49	131.333
2372.4	133.556
2374.32	135.333
2376.23	131.778
2378.14	132.667
2380.05	122.889
2381.96	128.667
2383.86	125.778
2385.77	120.222
2387.68	125.333
2389.59	122.444
2391.5	121.556
2393.4	121.333
2395.31	118.667
2397.21	118.889
2399.12	122.889
2401.02	116
2402.92	115.333
2404.83	117.556
2406.73	120.222
2408.63	116.444
2410.53	120.222
2412.43	116.889
2414.33	122.444
2416.23	119.778
2418.13	122.667
2420.03	117.333
2421.93	121.111
2423.82	117.333
2425.72	123.111
2427.61	119.556
2429.51	122.667
2431.4	124.222
2433.3	117.778
2435.19	126
2437.09	123.333
2438.98	122.667
2440.87	127.333
2442.76	130
2444.65	130
2446.55	133.778
2448.44	132.667
2450.32	137.778
2452.21	140
2454.1	143.778
