186.297	242.222
188.898	228.222
191.499	205.778
194.097	197.778
196.695	194
199.293	182.889
201.889	170.444
204.485	164.222
207.08	162.444
209.673	151.778
212.267	147.333
214.859	140.222
217.45	137.333
220.04	130.444
222.631	123.111
225.218	125.111
227.807	121.111
230.394	121.556
232.979	122
235.565	119.111
238.149	111.333
240.733	107.111
243.314	109.556
245.897	111.778
248.477	104.889
251.057	109.556
253.637	103.556
256.215	104.889
258.793	101.778
261.368	104.222
263.945	101.111
266.519	99.3333
269.093	99.1111
271.666	98.4444
274.237	100
276.809	100
279.379	100.222
281.949	100.889
284.518	100
287.086	97.5556
289.653	96.6667
292.218	98.6667
294.784	95.1111
297.348	92.6667
299.913	100.222
302.475	94.8889
305.036	98.2222
307.598	96.2222
310.157	98.8889
312.716	93.7778
315.276	95.5556
317.833	96
320.389	96.8889
322.944	99.5556
325.5	102
328.054	96.8889
330.607	98.8889
333.159	99.3333
335.711	99.5556
338.262	98.8889
340.811	98.4444
343.36	97.3333
345.909	101.333
348.456	94.6667
351.002	98.6667
353.547	98.4444
356.092	102
358.637	104.444
361.18	103.111
363.722	100
366.263	104.444
368.803	108.444
371.342	106.667
373.881	112.667
376.419	108.222
378.957	107.556
381.493	112.667
384.028	109.556
386.563	110
389.096	110
391.629	112.889
394.161	118.667
396.692	116.222
399.222	128
401.752	128.667
404.28	130.667
406.808	131.111
409.335	135.778
411.861	126
414.386	115.556
416.911	113.111
419.434	109.333
421.957	113.556
424.479	106.889
427	99.3333
429.52	107.333
432.038	101.556
434.557	102.444
437.075	100.889
439.592	98.4444
442.108	102.889
444.623	100.444
447.138	100
449.652	99.3333
452.163	100.222
454.675	100
457.186	98.4444
459.697	100
462.206	98
464.714	100
467.222	98.2222
469.729	97.1111
472.235	96
474.739	98.6667
477.244	96
479.748	96
482.251	96.2222
484.752	94.2222
487.253	101.333
489.754	97.1111
492.252	97.5556
494.751	99.5555
497.249	98.8889
499.745	99.3333
502.241	96.8889
504.737	94.8889
507.231	99.3333
509.725	92.2222
512.218	93.7778
514.709	99.1111
517.201	96.2222
519.69	101.333
522.18	96.8889
524.669	95.7778
527.156	95.7778
529.644	98
532.129	94.4444
534.615	97.3333
537.099	94.6667
539.583	96.2222
542.065	97.7778
544.548	100.222
547.028	99.3333
549.509	101.556
551.988	99.3333
554.468	98
556.945	96
559.423	98.6667
561.899	101.111
564.373	97.5556
566.849	101.556
569.322	100.444
571.796	104.222
574.268	105.556
576.739	106.667
579.21	106.444
581.679	106.667
584.148	116.889
586.617	114
589.084	120
591.55	127.778
594.016	139.556
596.481	160.222
598.944	202.667
601.409	264.444
603.871	344.889
606.332	420
608.792	400.667
611.253	315.556
613.712	227.556
616.17	178.444
618.628	156.444
621.084	147.111
623.541	131.556
625.996	135.556
628.45	126.667
630.903	127.111
633.356	130.222
635.807	126.889
638.26	130.667
640.71	142.444
643.159	146.889
645.608	156.889
648.056	195.111
650.503	243.778
652.949	289.111
655.394	258.667
657.839	203.778
660.282	164.222
662.725	141.111
665.168	131.778
667.61	120.222
670.051	117.333
672.491	119.556
674.93	117.333
677.368	119.556
679.804	110.444
682.241	114
684.677	109.556
687.112	111.333
689.547	111.778
691.98	111.333
694.413	107.778
696.845	108.444
699.276	110
701.707	108.444
704.136	109.111
706.565	114.444
708.992	110.444
711.419	109.111
713.846	104
716.271	103.556
718.696	109.556
721.121	100.444
723.543	104.667
725.965	99.5556
728.387	103.778
730.808	106.667
733.227	102.667
735.647	105.111
738.065	106
740.483	102.222
742.899	102.667
745.316	108.667
747.731	109.778
750.146	106.667
752.559	107.556
754.972	104.889
757.385	103.556
759.795	101.333
762.206	97.3333
764.616	102
767.025	101.778
769.433	99.3333
771.84	98
774.247	98
776.653	102.222
779.058	101.333
781.462	104
783.865	102
786.268	99.1111
788.669	92.8889
791.071	103.778
793.471	105.333
795.871	100.889
798.269	106.667
800.668	107.556
803.064	113.111
805.462	123.111
807.857	115.556
810.252	117.333
812.646	107.556
815.04	108.222
817.432	107.111
819.823	104.444
822.215	106.667
824.604	106.889
826.995	106.444
829.383	104.667
831.77	104
834.158	108
836.544	112.667
838.929	115.333
841.315	110.222
843.698	112
846.081	129.778
848.465	130.222
850.846	136
853.227	136.667
855.606	136
857.987	126.222
860.365	123.111
862.743	117.556
865.119	113.556
867.495	108.444
869.872	111.556
872.246	113.333
874.62	110.889
876.993	116.667
879.365	114.222
881.738	124
884.109	123.333
886.479	116.444
888.848	114.889
891.217	115.333
893.584	107.778
895.951	111.111
898.317	107.111
900.683	105.778
903.048	110.222
905.412	106.222
907.776	100.667
910.139	102
912.5	109.111
914.861	104
917.221	109.556
919.581	105.778
921.94	110.889
924.296	108.667
926.653	103.333
929.01	106.889
931.366	112.667
933.721	116.222
936.075	117.111
938.428	120
940.781	122.667
943.133	120.444
945.484	121.556
947.835	122
950.183	120.889
952.532	124.222
954.88	123.333
957.228	124.889
959.575	128.889
961.921	136.444
964.265	135.778
966.609	148
968.953	155.778
971.296	180.444
973.637	217.111
975.979	296.889
978.32	446.667
980.66	581.333
982.998	725.111
985.337	824.444
987.675	1634.44
990.01	4987.56
992.347	7552
994.683	5407.78
997.016	2615.11
999.35	1268.89
1001.68	669.333
1004.02	387.333
1006.35	294.889
1008.68	245.556
1011.01	202
1013.34	188.667
1015.67	191.111
1017.99	195.333
1020.32	223.333
1022.65	238
1024.97	319.556
1027.3	744
1029.62	1916.89
1031.94	2224.89
1034.27	1304.44
1036.59	519.778
1038.91	257.556
1041.23	194
1043.55	163.333
1045.87	152.222
1048.19	148.444
1050.5	150.889
1052.82	142.222
1055.14	144.889
1057.45	138.444
1059.77	141.333
1062.08	140
1064.39	150.222
1066.7	160.444
1069.02	169.556
1071.33	161.556
1073.64	146.667
1075.95	135.778
1078.25	130.444
1080.56	124.444
1082.87	123.333
1085.17	121.333
1087.48	117.333
1089.79	123.333
1092.09	122.222
1094.39	120.667
1096.69	116.889
1099	116.444
1101.3	113.333
1103.6	116.667
1105.9	121.111
1108.2	117.778
1110.49	124.222
1112.79	124
1115.09	126
1117.39	125.778
1119.68	124
1121.98	129.333
1124.27	127.778
1126.56	127.778
1128.85	130
1131.15	127.778
1133.44	131.556
1135.73	133.556
1138.02	137.333
1140.3	152.444
1142.59	164.667
1144.88	175.778
1147.17	184.444
1149.45	181.556
1151.74	175.333
1154.02	164.222
1156.31	163.111
1158.59	162.444
1160.87	162.444
1163.15	171.333
1165.43	184.889
1167.71	198.222
1169.99	228.889
1172.27	278.222
1174.55	342.889
1176.83	382.444
1179.1	377.556
1181.38	333.333
1183.65	281.556
1185.93	223.778
1188.2	193.111
1190.47	178.444
1192.74	171.556
1195.02	159.333
1197.29	154
1199.56	162.444
1201.82	159.778
1204.09	165.778
1206.36	176.667
1208.63	190.222
1210.89	210.444
1213.16	260
1215.42	319.333
1217.69	358.222
1219.95	323.333
1222.21	276.889
1224.48	247.333
1226.74	224
1229	203.111
1231.26	179.111
1233.52	168.222
1235.78	152.889
1238.03	138.444
1240.29	137.111
1242.55	129.111
1244.8	126
1247.06	126.444
1249.31	124.222
1251.56	123.556
1253.82	122
1256.07	121.556
1258.32	122.222
1260.57	117.778
1262.82	116.667
1265.07	121.333
1267.32	116
1269.57	115.778
1271.81	114
1274.06	116.222
1276.3	114.889
1278.55	115.778
1280.79	110.889
1283.04	114
1285.28	111.333
1287.52	113.778
1289.76	111.778
1292	110.222
1294.24	118.222
1296.48	113.556
1298.72	116.667
1300.96	115.111
1303.2	118.667
1305.43	112.222
1307.67	115.111
1309.9	117.556
1312.14	118
1314.37	119.111
1316.6	114.444
1318.84	109.778
1321.07	115.111
1323.3	115.333
1325.53	116.667
1327.76	117.333
1329.99	115.556
1332.21	117.333
1334.44	120
1336.67	115.333
1338.89	112.444
1341.12	116.667
1343.34	116.667
1345.57	118.667
1347.79	120.444
1350.01	119.111
1352.24	120
1354.46	120.889
1356.68	121.333
1358.9	118.444
1361.11	114.889
1363.33	122.444
1365.55	120.222
1367.77	118.889
1369.98	120.444
1372.2	118.667
1374.41	120.444
1376.63	118.444
1378.84	116.889
1381.05	116.222
1383.27	113.778
1385.48	113.333
1387.69	116.222
1389.9	121.556
1392.11	117.333
1394.31	116.222
1396.52	115.333
1398.73	117.111
1400.94	118.667
1403.14	130.222
1405.35	132.667
1407.55	136.889
1409.75	131.778
1411.96	116.667
1414.16	125.333
1416.36	120.222
1418.56	116.444
1420.76	113.333
1422.96	118.889
1425.16	118.889
1427.36	118.667
1429.56	117.778
1431.75	112
1433.95	121.333
1436.14	119.333
1438.34	122.222
1440.53	122.444
1442.73	122.222
1444.92	118.889
1447.11	119.333
1449.3	116.444
1451.49	118.889
1453.68	118.222
1455.87	118.444
1458.06	117.111
1460.25	115.778
1462.44	114.889
1464.62	116
1466.81	122.222
1468.99	118.667
1471.18	121.333
1473.36	124.667
1475.55	126.889
1477.73	139.111
1479.91	147.778
1482.09	173.333
1484.27	167.778
1486.45	147.111
1488.63	132
1490.81	128.667
1492.99	124.889
1495.16	125.778
1497.34	125.556
1499.51	122.667
1501.69	119.556
1503.86	119.556
1506.04	118
1508.21	122.667
1510.38	122.444
1512.55	122.444
1514.73	118.667
1516.9	123.333
1519.06	118.667
1521.23	124
1523.4	121.333
1525.57	122
1527.74	119.556
1529.9	128.444
1532.07	123.111
1534.23	126.667
1536.4	125.778
1538.56	128
1540.72	131.556
1542.89	132.889
1545.05	134.667
1547.21	141.778
1549.37	139.111
1551.53	143.778
1553.69	150.889
1555.84	148
1558	159.778
1560.16	158.444
1562.32	176.889
1564.47	190.222
1566.63	214.444
1568.78	244.222
1570.93	286.222
1573.09	333.111
1575.24	349.111
1577.39	349.333
1579.54	379.111
1581.69	422.222
1583.84	448.889
1585.99	441.556
1588.14	426
1590.29	377.333
1592.43	315.333
1594.58	292.444
1596.72	284.889
1598.87	291.556
1601.01	284.667
1603.16	286
1605.3	302.444
1607.44	300.444
1609.58	266.889
1611.72	234.222
1613.86	211.778
1616	182.667
1618.14	175.333
1620.28	165.333
1622.42	160.222
1624.56	148.667
1626.69	151.333
1628.83	148
1630.96	146.667
1633.1	144.667
1635.23	137.778
1637.36	137.111
1639.5	138.222
1641.63	140.889
1643.76	130.667
1645.89	130.222
1648.02	133.111
1650.15	126.667
1652.28	130.889
1654.4	126.889
1656.53	122
1658.66	126.444
1660.78	123.556
1662.91	121.556
1665.03	116.667
1667.16	123.111
1669.28	120.667
1671.4	120.889
1673.52	121.778
1675.65	122.222
1677.77	120.444
1679.89	119.556
1682.01	118.222
1684.12	123.778
1686.24	118.222
1688.36	120.222
1690.48	124.667
1692.59	120.889
1694.71	120.222
1696.82	123.111
1698.94	119.333
1701.05	123.778
1703.16	122
1705.27	125.111
1707.39	121.333
1709.5	124.222
1711.61	120.667
1713.72	116.444
1715.83	122
1717.93	124.222
1720.04	118
1722.15	117.556
1724.25	116.667
1726.36	119.778
1728.47	118.667
1730.57	125.333
1732.67	122
1734.78	120.667
1736.88	118.222
1738.98	122.889
1741.08	118
1743.18	120.444
1745.28	118.222
1747.38	118.222
1749.48	118.889
1751.58	120
1753.67	116.889
1755.77	114.667
1757.87	119.111
1759.96	120.889
1762.06	117.556
1764.15	117.778
1766.25	117.556
1768.34	117.778
1770.43	118
1772.52	123.111
1774.61	123.333
1776.7	122.222
1778.79	117.778
1780.88	117.556
1782.97	118.222
1785.06	118
1787.14	113.778
1789.23	117.333
1791.32	117.111
1793.4	115.778
1795.49	121.778
1797.57	116.222
1799.65	120
1801.74	117.111
1803.82	117.333
1805.9	118
1807.98	120.667
1810.06	123.111
1812.14	119.111
1814.22	120.222
1816.3	120.222
1818.38	116
1820.45	116.222
1822.53	120.667
1824.6	120.444
1826.68	123.333
1828.75	117.333
1830.83	121.556
1832.9	118.667
1834.97	116.222
1837.05	120.444
1839.12	117.556
1841.19	113.333
1843.26	118.889
1845.33	119.111
1847.4	118.667
1849.46	116.667
1851.53	117.778
1853.6	118.667
1855.66	115.778
1857.73	121.556
1859.79	120.444
1861.86	114
1863.92	119.778
1865.99	118
1868.05	119.556
1870.11	120.667
1872.17	123.778
1874.23	117.111
1876.29	120.222
1878.35	122.667
1880.41	114.444
1882.47	121.556
1884.53	119.111
1886.58	122
1888.64	119.333
1890.69	115.556
1892.75	118.667
1894.8	120.667
1896.86	119.778
1898.91	120
1900.96	117.333
1903.02	116.444
1905.07	128.444
1907.12	122
1909.17	131.333
1911.22	121.778
1913.27	116.444
1915.31	125.556
1917.36	116.667
1919.41	117.778
1921.45	118.889
1923.5	120.667
1925.55	123.333
1927.59	120.889
1929.63	121.333
1931.68	124
1933.72	123.778
1935.76	120.667
1937.8	122
1939.84	124.222
1941.88	120.444
1943.92	125.333
1945.96	124.222
1948	120.444
1950.04	126.444
1952.08	117.556
1954.11	124.667
1956.15	118.667
1958.18	123.333
1960.22	122.222
1962.25	121.556
1964.29	119.556
1966.32	121.111
1968.35	119.333
1970.38	122
1972.41	125.111
1974.44	118.444
1976.47	115.111
1978.5	120.889
1980.53	116.889
1982.56	116.889
1984.59	117.556
1986.61	123.556
1988.64	116.889
1990.66	119.333
1992.69	117.556
1994.71	115.778
1996.74	123.111
1998.76	115.333
2000.78	118.444
2002.8	125.111
2004.82	124.444
2006.85	120.222
2008.87	119.778
2010.88	120
2012.9	119.333
2014.92	116.667
2016.94	119.333
2018.96	126
2020.97	123.333
2022.99	123.556
2025	122.889
2027.02	122
2029.03	121.778
2031.05	124.667
2033.06	119.778
2035.07	121.111
2037.08	120.889
2039.09	120.444
2041.1	120.444
2043.11	119.556
2045.12	122.444
2047.13	118
2049.14	117.778
2051.15	118
2053.15	117.778
2055.16	119.111
2057.16	119.333
2059.17	116.222
2061.17	116.889
2063.18	118
2065.18	117.111
2067.18	118.444
2069.18	116
2071.19	123.778
2073.19	117.333
2075.19	117.333
2077.19	121.333
2079.19	115.333
2081.18	116.444
2083.18	123.111
2085.18	120
2087.17	118.444
2089.17	122.222
2091.17	120.444
2093.16	120.889
2095.16	118.444
2097.15	120.222
2099.14	124
2101.13	116
2103.13	118.444
2105.12	120.889
2107.11	116
2109.1	120.667
2111.09	117.778
2113.08	119.333
2115.06	118.667
2117.05	127.111
2119.04	118.222
2121.02	117.778
2123.01	123.111
2125	116.444
2126.98	117.556
2128.96	121.778
2130.95	113.778
2132.93	117.333
2134.91	126
2136.9	116
2138.88	120
2140.86	121.778
2142.84	120
2144.82	122.444
2146.8	119.778
2148.77	120.222
2150.75	120
2152.73	120
2154.7	118.222
2156.68	118.222
2158.65	118.667
2160.63	119.556
2162.6	113.333
2164.58	122.889
2166.55	120.222
2168.52	119.333
2170.49	120
2172.47	118.444
2174.44	120.444
2176.41	120.222
2178.38	119.556
2180.34	118
2182.31	121.333
2184.28	118
2186.25	124.444
2188.21	123.556
2190.18	122.667
2192.14	119.111
2194.11	123.333
2196.07	120.667
2198.04	122.222
2200	120.444
2201.96	123.778
2203.92	120.444
2205.89	120.889
2207.85	121.778
2209.81	123.778
2211.77	119.556
2213.72	124.444
2215.68	119.778
2217.64	123.556
2219.6	121.333
2221.55	120.667
2223.51	124.889
2225.47	120.889
2227.42	115.111
2229.37	116.222
2231.33	114.889
2233.28	117.778
2235.23	115.778
2237.19	121.556
2239.14	122.444
2241.09	124
2243.04	120
2244.99	113.556
2246.94	121.556
2248.89	119.778
2250.83	117.778
2252.78	117.111
2254.73	118.889
2256.67	124.222
2258.62	123.333
2260.56	120.667
2262.51	117.111
2264.45	122
2266.4	121.556
2268.34	120
2270.28	119.778
2272.22	119.333
2274.16	117.556
2276.1	121.556
2278.04	111.111
2279.98	113.778
2281.92	119.556
2283.86	116
2285.8	117.111
2287.74	119.556
2289.67	117.778
2291.61	123.333
2293.54	128.222
2295.48	129.778
2297.41	128.444
2299.35	128
2301.28	116
2303.21	123.778
2305.14	123.556
2307.07	118.222
2309.01	117.778
2310.94	116.889
2312.86	121.111
2314.79	120.222
2316.72	113.333
2318.65	118.667
2320.58	117.333
2322.5	122.444
2324.43	119.556
2326.36	118.444
2328.28	117.333
2330.21	122.222
2332.13	116.889
2334.05	113.556
2335.98	116.444
2337.9	119.556
2339.82	114.667
2341.74	118.889
2343.66	119.111
2345.58	116.667
2347.5	116.889
2349.42	116.889
2351.34	117.778
2353.26	120.889
2355.17	116.889
2357.09	118
2359.01	122.444
2360.92	119.556
2362.84	119.333
2364.75	124.222
2366.67	121.111
2368.58	124.444
2370.49	122.444
2372.4	124.889
2374.32	130.889
2376.23	130.889
2378.14	127.556
2380.05	124.444
2381.96	127.556
2383.86	120.889
2385.77	121.333
2387.68	116.444
2389.59	115.556
2391.5	119.333
2393.4	116.667
2395.31	117.333
2397.21	122.667
2399.12	116.667
2401.02	118.667
2402.92	117.778
2404.83	114
2406.73	110.444
2408.63	120.444
2410.53	116.889
2412.43	112.667
2414.33	119.556
2416.23	112.889
2418.13	115.778
2420.03	118.444
2421.93	116.444
2423.82	121.778
2425.72	113.333
2427.61	123.556
2429.51	120
2431.4	122.444
2433.3	123.778
2435.19	123.778
2437.09	120
2438.98	122.667
2440.87	128.222
2442.76	130.444
2444.65	121.333
2446.55	125.778
2448.44	131.556
2450.32	140.444
2452.21	144.222
2454.1	144.889
