105.443	1262.57
108.528	1171.85
111.612	1076.81
114.693	955.504
117.774	885.358
120.854	807.371
123.931	749.211
127.007	670.61
130.081	620.408
133.155	584.799
136.226	535.648
139.296	496.456
142.364	461.565
145.431	419.95
148.496	397.696
151.559	366.897
154.622	349.42
157.682	322.159
160.741	302.908
163.799	278.942
166.855	283.649
169.91	261.956
172.963	257.455
176.014	244.555
179.064	228.001
182.113	223.832
185.16	216.328
188.205	208.542
191.249	205.244
194.291	198.182
197.333	204.466
200.372	201.537
203.409	195.401
206.446	194.48
209.48	195.07
212.514	190.064
215.546	195.345
218.577	191.104
221.605	196.223
224.633	205.796
227.658	214.391
230.682	220.923
233.706	226.755
236.727	240.354
239.747	253.506
242.765	281.421
245.782	312.565
248.797	341.943
251.811	371.542
254.823	433.179
257.834	520.945
260.844	674.851
263.852	968.667
266.858	1561.92
269.863	2789.65
272.866	4479.76
275.868	5422.32
278.869	4416.34
281.867	2728.06
284.865	1620.68
287.861	999.898
290.856	678.097
293.848	533.225
296.84	426.891
299.83	359.586
302.819	307.644
305.806	278.082
308.791	258.242
311.775	226.311
314.758	215.002
317.739	194.238
320.719	181.275
323.697	161.435
326.674	169.631
329.649	146.798
332.623	144.418
335.595	140.877
338.566	136.225
341.535	134.318
344.504	128.048
347.47	124.464
350.434	117.638
353.399	113.789
356.36	108.088
359.321	107.471
362.281	104.709
365.238	98.3995
368.194	96.7886
371.149	98.0346
374.102	100.081
377.054	99.5165
380.005	97.5126
382.954	97.0231
385.901	93.8335
388.847	92.2397
391.792	96.166
394.735	90.1196
397.676	94.3305
400.617	95.6223
403.555	91.1009
406.493	99.7487
409.429	102.505
412.363	99.1115
415.297	98.8947
418.228	89.1549
421.158	87.0828
424.087	91.4551
427.014	90.5896
429.94	89.8865
432.864	94.9882
435.787	91.2383
438.709	91.4477
441.629	86.2689
444.547	93.4921
447.464	86.842
450.38	91.7348
453.294	92.6565
456.208	94.3172
459.119	90.4233
462.028	88.4064
464.938	89.2057
467.844	91.8581
470.75	90.6678
473.654	80.0372
476.557	86.8023
479.459	85.5588
482.359	83.9683
485.257	85.7817
488.154	80.4429
491.05	78.1059
493.945	81.5081
496.838	81.3919
499.729	82.9078
502.619	84.943
505.508	84.8415
508.395	84.2517
511.281	89.355
514.165	84.0295
517.049	83.3919
519.93	82.2106
522.81	86.3697
525.689	87.0838
528.566	81.318
531.442	83.1366
534.317	79.9466
537.19	76.4325
540.062	78.8542
542.932	79.4639
545.801	78.1406
548.669	81.6206
551.534	82.3586
554.399	78.9355
557.262	85.2713
560.124	91.9031
562.985	91.5547
565.844	87.2859
568.702	82.6006
571.558	79.7444
574.413	78.5403
577.266	76.6852
580.118	78.9712
582.969	78.7292
585.819	78.9365
588.666	78.687
591.513	73.463
594.359	79.1087
597.202	79.4918
600.045	87.1604
602.885	75.8658
605.725	82.3175
608.564	85.0251
611.4	79.318
614.236	83.5216
617.07	89.4218
619.902	88.9134
622.734	93.4443
625.564	96.9074
628.393	95.3415
631.219	100.544
634.045	110.068
636.87	113.177
639.693	113
642.515	111.787
645.335	122.016
648.153	128.769
650.971	133.825
653.787	136.685
656.602	154.866
659.416	160.857
662.228	176.873
665.038	199.781
667.848	228.114
670.655	282.522
673.462	359.072
676.268	470.25
679.071	643.506
681.874	959.207
684.675	1599.96
687.475	2880.19
690.273	4845.91
693.07	6440.84
695.866	6286.62
698.66	4692.78
701.453	2906.5
704.244	1704.61
707.035	1088.02
709.824	769.282
712.612	661.438
715.397	598.04
718.183	610.747
720.966	648.877
723.748	712.956
726.529	773.464
729.308	817.358
732.087	817.839
734.863	806.798
737.639	741.954
740.413	649.735
743.186	551.553
745.956	471.258
748.726	401.431
751.495	334.07
754.262	297.896
757.029	252.493
759.793	221.539
762.557	207.571
765.318	192.494
768.079	177.044
770.839	166.902
773.597	155.466
776.353	147.638
779.109	131.022
781.862	124.742
784.615	125.862
787.366	117.312
790.116	113.95
792.865	109.58
795.612	102.177
798.358	104.681
801.102	96.3338
803.846	101.766
806.588	95.6615
809.329	91.049
812.068	91.8387
814.806	87.0812
817.542	87.3459
820.278	86.6036
823.012	79.1719
825.744	84.3776
828.476	80.5789
831.206	87.0764
833.935	75.38
836.662	81.4903
839.388	82.4903
842.113	78.9621
844.836	80.8989
847.558	79.02
850.279	80.4455
852.999	76.95
855.718	73.1406
858.435	75.2994
861.15	76.2331
863.865	76.38
866.577	73.5972
869.289	76.5851
871.999	82.0337
874.709	84.258
877.417	89.0081
880.123	89.4153
882.828	94.0711
885.531	95.6102
888.234	96.7199
890.936	96.3338
893.635	88.6773
896.334	90.9362
899.031	80.2052
901.728	71.7363
904.422	72.1071
907.116	64.6178
909.808	66.7013
912.499	63.272
915.188	66.0467
917.877	64.7768
920.563	64.5025
923.249	67.2238
925.934	63.7946
928.617	65.1178
931.298	66.7363
933.979	60.6313
936.658	65.3358
939.336	64.2307
942.013	61.2043
944.688	60.0697
947.362	57.6
950.035	57.1356
952.706	58.644
955.377	55.4911
958.045	60.7207
960.714	57.5397
963.38	59.0481
966.044	58.8954
968.709	60.1184
971.372	59.7628
974.033	57.5087
976.693	58.9616
979.351	64.8446
982.009	65.0476
984.665	67.8632
987.32	65.5623
989.974	62.6756
992.626	57.3284
995.277	52.3758
997.926	57.1102
1000.57	59.1272
1003.22	58.0831
1005.87	48.5588
1008.51	57.4639
1011.16	51.8615
1013.8	56.02
1016.44	57.1364
1019.08	55.4808
1021.72	56.6793
1024.35	54.4477
1026.99	55.4286
1029.63	54.7382
1032.26	53.7754
1034.89	51.7938
1037.52	53.5902
1040.15	52.5811
1042.78	54.6657
1045.41	50.8385
1048.03	53.1069
1050.66	57.8739
1053.28	53.4258
1055.9	57.1443
1058.52	57.6718
1061.14	54.029
1063.76	63.2239
1066.38	53.4443
1068.99	55.6302
1071.61	59.6981
1074.22	60.6283
1076.83	57.0182
1079.44	57.556
1082.05	58.6928
1084.66	61.9584
1087.27	60.4187
1089.87	62.0642
1092.48	61.1293
1095.08	61.6808
1097.68	65.4539
1100.29	68.9199
1102.88	66.2546
1105.48	69.7267
1108.08	70.7642
1110.68	71.0168
1113.27	69.2577
1115.86	72.212
1118.46	77.6844
1121.05	79.5194
1123.64	83.1119
1126.23	90.9218
1128.81	98.4699
1131.4	104.381
1133.98	107.255
1136.57	127.221
1139.15	144.676
1141.73	170.404
1144.31	202.547
1146.89	227.207
1149.47	222.67
1152.04	200.59
1154.62	170.418
1157.19	150.175
1159.76	127.358
1162.33	110.12
1164.9	102.346
1167.47	94.8846
1170.04	93.575
1172.61	85.5233
1175.17	76.7785
1177.74	78.2546
1180.3	84.1888
1182.86	74.5851
1185.42	74.5112
1187.98	70.7967
1190.54	73.0547
1193.09	70.2459
1195.65	69.2173
1198.2	70.1229
1200.76	69.9379
1203.31	68.4258
1205.86	65.6249
1208.41	66.2763
1210.96	68.0075
1213.5	66.0086
1216.05	68.1406
1218.59	67.3352
1221.14	68.5975
1223.68	66.7599
1226.22	68.3327
1228.76	71.4157
1231.3	68.8082
1233.84	71.3215
1236.37	74.5411
1238.91	73.1238
1241.44	74.5397
1243.97	77.9882
1246.5	78.1258
1249.03	82.0011
1251.56	89.0637
1254.09	93.999
1256.62	93.1747
1259.14	97.1293
1261.67	94.2453
1264.19	88.9641
1266.71	87.6149
1269.23	82.4052
1271.75	84.2126
1274.27	78.9078
1276.78	77.6313
1279.3	80.4565
1281.81	82.657
1284.33	78.0623
1286.84	78.1215
1289.35	74.4556
1291.86	74.6699
1294.37	77.4105
1296.88	73.5566
1299.38	82.903
1301.89	74.9703
1304.39	81.4387
1306.89	80.6192
1309.4	78.8792
1311.9	81.9313
1314.4	82.3392
1316.89	84.1869
1319.39	81.0016
1321.89	82.3037
1324.38	84.9977
1326.87	86.5863
1329.37	88.4342
1331.86	91.4154
1334.35	89.3519
1336.83	90.9543
1339.32	92.6223
1341.81	92.2498
1344.29	89.3175
1346.78	97.9543
1349.26	96.7473
1351.74	100.522
1354.22	99.7431
1356.7	102.924
1359.18	109.73
1361.65	105.768
1364.13	108.645
1366.6	108.218
1369.08	107.549
1371.55	106.81
1374.02	101.925
1376.49	115.516
1378.96	114.088
1381.43	119.716
1383.89	116.883
1386.36	133.034
1388.82	127.536
1391.28	129.147
1393.75	148.271
1396.21	151.434
1398.67	166.332
1401.12	178.622
1403.58	200.505
1406.04	221.7
1408.49	263.478
1410.95	311.241
1413.4	364.207
1415.85	376.462
1418.3	337.133
1420.75	277.667
1423.2	239.342
1425.64	205.291
1428.09	174.742
1430.53	159.622
1432.97	151.783
1435.42	131.777
1437.86	133.978
1440.3	127.811
1442.74	120.7
1445.17	121.167
1447.61	117.271
1450.05	114.293
1452.48	115.527
1454.91	113.909
1457.34	114.67
1459.77	109.493
1462.2	108.172
1464.63	105.889
1467.06	106.172
1469.48	106.914
1471.91	101.488
1474.33	100.604
1476.76	100.65
1479.18	91.3036
1481.6	93.0955
1484.02	92.3459
1486.44	92.8124
1488.85	92.0806
1491.27	93.2924
1493.68	93.5981
1496.1	86.6149
1498.51	84.4281
1500.92	84.6618
1503.33	86.4714
1505.74	80.4044
1508.15	80.2681
1510.55	79.8028
1512.96	80.1232
1515.36	75.4418
1517.77	78.2946
1520.17	81.3147
1522.57	77.3914
1524.97	78.9422
1527.37	76.3814
1529.77	71.1096
1532.16	74.0967
1534.56	74.4808
1536.95	77.1362
1539.35	77.2777
1541.74	82.3536
1544.13	76.1748
1546.52	70.9469
1548.91	76.5825
1551.3	71.7898
1553.68	73.5907
1556.07	73.6657
1558.45	76.7109
1560.84	73.8251
1563.22	73.6379
1565.6	73.0715
1567.98	69.2331
1570.36	68.3919
1572.74	69.4455
1575.11	72.6192
1577.49	69.3295
1579.86	71.5972
1582.24	68.2893
1584.61	74.4199
1586.98	69.8329
1589.35	65.3579
1591.72	67.9422
1594.08	69.7046
1596.45	65.6756
1598.82	68.8364
1601.18	64.403
1603.54	67.4421
1605.91	69.3406
1608.27	67.7938
1610.63	65.6223
1612.99	66.5442
1615.34	68.1793
1617.7	65.2715
1620.06	64.2859
1622.41	66.5555
1624.76	60.6252
1627.12	61.8201
1629.47	63.6787
1631.82	61.8496
1634.17	59.9473
1636.51	64.3628
1638.86	63.4154
1641.21	62.4436
1643.55	62.4362
1645.9	62.4342
1648.24	62.0445
1650.58	56.5038
1652.92	64.8092
1655.26	56.3046
1657.6	60.0577
1659.93	58.7681
1662.27	59.6827
1664.6	56.2173
1666.94	58.4401
1669.27	60.6133
1671.6	56.8923
1673.93	56.6917
1676.26	60.1314
1678.59	61.792
1680.92	58.8184
1683.24	56.3494
1685.57	53.0838
1687.89	57.5698
1690.22	56.7013
1692.54	60.5902
1694.86	55.7385
1697.18	53.318
1699.5	57.8874
1701.81	58.5605
1704.13	58.2459
1706.45	55.8371
1708.76	56.6827
1711.07	54.9838
1713.38	54.8921
1715.7	50.2348
1718.01	52.2227
1720.31	53.8445
1722.62	59.1891
1724.93	48.3475
1727.24	52.1392
1729.54	52.7039
1731.84	53.503
1734.15	50.2703
1736.45	52.6096
1738.75	53.6142
1741.05	51.7842
1743.35	48.5099
1745.64	53.6629
1747.94	51.4585
1750.23	50.6982
1752.53	50.8194
1754.82	48.9295
1757.11	50.5038
1759.4	47.9678
1761.69	48.4392
1763.98	46.9898
1766.27	47.6032
1768.56	48.1638
1770.84	44.9482
1773.13	47.0955
1775.41	50.0953
1777.69	46.9539
1779.97	45.7221
1782.25	46.1734
1784.53	48.5905
1786.81	46.5069
1789.09	43.95
1791.36	46.1239
1793.64	44.6071
1795.91	46.5316
1798.18	43.3704
1800.46	40.4449
1802.73	43.0941
1805	42.7785
1807.27	43.0108
1809.53	43.2044
1811.8	41.381
1814.07	42.6393
1816.33	43.4816
1818.59	44.6235
1820.86	40.2281
1823.12	39.5526
1825.38	44.7789
1827.64	42.1835
1829.89	43.7109
1832.15	40.9584
1834.41	40.8406
1836.66	42.4443
1838.92	37.598
1841.17	41.9362
1843.42	41.1054
1845.67	40.6041
1847.92	42.1822
1850.17	42.9001
1852.42	35.4503
1854.67	38.7416
1856.91	41.1692
1859.16	41.5194
1861.4	40.9616
1863.64	41.8155
1865.88	38.8202
1868.12	36.2546
1870.36	39.871
1872.6	40.0533
1874.84	39.9247
1877.08	38.1829
1879.31	39.2574
1881.54	38.7369
1883.78	34.9117
1886.01	40.2146
1888.24	43.5106
1890.47	38.0581
1892.7	38.9712
1894.93	39.2295
1897.16	36.564
1899.38	38.3927
1901.61	35.1145
1903.83	39.0194
1906.05	35.4477
1908.28	36.6274
1910.5	37.2001
1912.72	35.8978
1914.94	36.1311
1917.16	35.725
1919.37	33.6048
1921.59	36.3516
1923.8	34.9838
1926.02	36.1286
1928.23	34.7999
1930.44	33.9639
1932.65	34.3542
1934.86	32.8896
1937.07	35.3475
1939.28	35.8787
1941.48	33.5637
1943.69	33.5329
1945.9	34.1105
1948.1	32.9977
1950.3	32.2642
1952.5	31.9976
1954.7	30.9078
1956.9	32.894
1959.1	30.457
1961.3	32.2453
1963.5	34.811
1965.69	33.7032
1967.89	34.6054
1970.08	28.2646
1972.27	33.2438
1974.46	31.6029
1976.66	32.1015
1978.84	29.2602
1981.03	32.223
1983.22	29.3475
1985.41	33.5851
1987.59	31.1443
1989.78	29.8787
1991.96	31.6519
1994.14	29.9184
1996.32	28.9972
1998.51	31.4266
2000.69	29.0217
2002.86	28.9712
2005.04	29.9748
2007.22	25.2517
2009.39	28.8428
2011.57	26.4406
2013.74	29.8186
2015.91	26.5507
2018.09	26.0845
2020.26	25.381
2022.43	26.3175
2024.59	26.564
2026.76	25.9365
2028.93	25.4579
2031.09	23.6739
2033.26	27.1939
2035.42	25.6751
2037.59	25.3299
2039.75	28.3045
2041.91	30.1102
2044.07	27.2043
2046.23	25.2817
2048.38	23.924
2050.54	22.5845
2052.7	25.2255
2054.85	23.2769
2057	26.7955
2059.16	25.8831
2061.31	22.1531
2063.46	23.7133
2065.61	19.7625
2067.76	23.1239
2069.91	24.6508
2072.05	23.1627
2074.2	22.6812
2076.34	23.785
2078.49	26.15
2080.63	21.7777
2082.77	21.12
2084.91	20.76
2087.05	23.5442
2089.19	20.1592
2091.33	21.2198
2093.47	21.1697
2095.6	23.4252
2097.74	20.8896
2099.87	18.144
2102.01	20.1595
2104.14	21.4935
2106.27	20.7046
2108.4	19.0245
2110.53	19.9466
2112.66	19.7923
2114.79	20.8011
2116.91	17.4639
2119.04	19.5208
2121.16	23.9436
2123.29	20.0067
2125.41	22.0459
2127.53	20.012
2129.65	18.5112
2131.77	17.8982
2133.89	19.8528
2136.01	19.0141
2138.12	20.4646
2140.24	18.1192
2142.35	19.4782
2144.47	18.0052
2146.58	18.3217
2148.69	22.6591
2150.8	20.5028
2152.91	18.542
2155.02	23.397
2157.13	17.9475
2159.24	19.002
2161.34	19.19
2163.45	18.7951
2165.55	20.2769
2167.66	18.9466
2169.76	30.4877
2171.86	19.3919
2173.96	18.2216
2176.06	17.8975
2178.16	19.785
2180.26	16.9972
2182.35	19.1144
2184.45	16.4195
2186.54	19.9773
2188.64	18.4794
2190.73	17.2221
2192.82	17.1469
2194.91	18.1765
2197	16.0997
2199.09	17.897
2201.18	15.8496
2203.27	19.5039
2205.35	21.4027
2207.44	15.9184
2209.52	14.9187
2211.61	17.9078
2213.69	18.9497
2215.77	18.8263
2217.85	17.1815
2219.93	18.9769
2222.01	17.178
2224.09	16.1463
2226.16	16.6685
2228.24	19.6164
2230.31	17.0972
2232.39	15.5628
2234.46	17.5549
2236.53	16.2126
2238.6	16.4286
2240.67	17.3406
2242.74	14.8837
2244.81	20.6849
2246.88	15.3535
2248.94	16.305
2251.01	19.4568
2253.07	18.7859
2255.14	15.6699
2257.2	14.1808
2259.26	17.1305
2261.32	16.2919
2263.38	21.9387
2265.44	16.6909
2267.5	14.748
2269.56	18.3212
2271.61	17.9387
2273.67	16.0547
2275.72	16.2579
2277.78	17.6266
2279.83	19.6401
2281.88	16.648
2283.93	16.2241
2285.98	16.2994
2288.03	18.4463
2290.08	20.598
2292.12	19.4734
2294.17	19.7438
2296.21	21.272
2298.26	19.2304
2300.3	19.3422
2302.34	23.3699
2304.38	18.6852
2306.42	17.3632
2308.46	17.9985
2310.5	18.6173
2312.54	17.9261
2314.58	17.4911
2316.61	17.8362
2318.65	19.1651
2320.68	18.133
2322.71	14.3344
2324.75	17.0168
2326.78	16.1356
2328.81	16.1271
2330.84	14.0366
2332.86	15.1237
2334.89	17.2602
2336.92	16.6766
2338.94	14.9878
2340.97	13.8592
2342.99	18.2646
2345.02	16.8896
2347.04	14.0245
2349.06	15.9244
2351.08	14.6036
2353.1	13.5806
2355.12	12.6421
2357.13	15.8245
2359.15	14.897
2361.17	15.0824
2363.18	13.7702
2365.19	14.1071
2367.21	14.6379
2369.22	14.8268
2371.23	12.5112
2373.24	13.2182
2375.25	14.7898
2377.26	14.8787
2379.27	13.029
2381.27	14.9475
2383.28	12.2106
2385.28	17.9653
2387.29	18.8358
2389.29	12.8487
2391.29	11.6149
2393.29	13.3679
2395.29	12.587
2397.29	15.2146
2399.29	13.239
2401.29	13.5425
2403.28	12.2173
2405.28	15.3758
2407.27	14.4387
2409.27	16.8087
2411.26	13.0366
2413.25	12.4503
2415.25	11.8662
2417.24	16.234
2419.22	13.1956
2421.21	13.3919
2423.2	13.43
2425.19	12.8268
2427.17	16.5623
2429.16	12.8954
2431.14	12.463
2433.13	15.1102
2435.11	15.6494
2437.09	12.492
2439.07	13.9976
2441.05	12.4052
2443.03	11.2703
2445.01	13.3459
2446.98	14.8459
2448.96	14.5081
2450.93	14.7179
2452.91	13.2646
2454.88	12.1535
2456.85	12.2078
2458.83	14.8067
2460.8	13.6909
2462.77	15.1914
2464.74	14.9653
2466.7	14.8014
2468.67	16.6976
2470.64	13.624
2472.6	15.381
2474.57	11.1101
2476.53	14.7207
2478.49	13.4503
2480.46	12.6956
2482.42	14.2439
2484.38	12.7963
2486.34	13.5581
2488.29	15.9212
2490.25	19.749
2492.21	21.7789
2494.16	19.7346
2496.12	19.4165
2498.07	18.2808
2500.03	14.7015
2501.98	15.1692
2503.93	18.1782
2505.88	18.3704
2507.83	17.428
2509.78	29.6771
2511.73	32.8601
2513.67	31.9355
2515.62	31.2593
2517.56	23.2368
2519.51	21.1332
2521.45	14.9379
2523.4	14.2173
2525.34	14.0824
2527.28	15.7676
2529.22	10.937
2531.16	11.9193
2533.1	13.6775
2535.03	11.3366
2536.97	11.7702
2538.91	11.3325
2540.84	11.5902
2542.77	13.3341
2544.71	10.5265
2546.64	10.4646
2548.57	11.5702
2550.5	11.7877
2552.43	11.2314
2554.36	10.5052
2556.29	12.7811
2558.21	10.884
2560.14	12.3288
2562.07	10.6223
2563.99	12.1949
2565.91	13.4252
2567.84	9.76617
2569.76	10.5676
2571.68	11.3332
2573.6	10.3161
2575.52	11.7151
2577.44	8.90495
2579.36	9.39703
2581.27	11.5073
2583.19	10.7912
2585.1	9.78624
2587.02	12.4817
2588.93	9.89779
2590.84	9.85579
2592.75	9.73709
2594.67	8.62511
2596.58	9.82422
2598.48	12.6192
2600.39	8.95508
