#wnum,raman
275,48.7728
276,48.7794
277,48.7285
278,48.3189
279,46.8034
280,44.7781
281,43.4547
282,43.3456
283,43.0717
284,43.0613
285,43.0027
286,41.2848
287,36.9212
288,34.2036
289,34.21
290,35.0297
291,35.036
292,31.8059
293,27.2041
294,24.698
295,22.3806
296,16.867
297,9.19811
298,6.71354
299,6.71913
300,10.3197
301,11.6123
302,11.6175
303,10.4454
304,5.37839
305,5.38309
306,5.5301
307,12.3392
308,12.3433
309,9.60795
310,7.22899
311,7.23247
312,7.58578
313,7.58878
314,2.34784
315,-0.597058
316,-0.594856
317,0.11193
318,0.113576
319,-0.365303
320,-0.364205
321,5.99934
322,7.16032
323,7.16064
324,-0.0265002
325,-0.0266482
326,1.2624
327,4.84134
328,6.89798
329,8.82806
330,10.9781
331,13.4533
332,13.4518
333,12.6387
334,11.5638
335,11.5619
336,14.8495
337,18.1769
338,21.8648
339,21.8624
340,21.1961
341,15.9291
342,15.9264
343,16.6417
344,18.3147
345,18.3118
346,17.5376
347,12.1879
348,4.60461
349,4.60159
350,9.97042
351,17.7561
352,17.753
353,15.632
354,15.6289
355,19.6021
356,19.5991
357,18.7538
358,14.9084
359,12.9345
360,12.0392
361,10.5534
362,7.13636
363,7.13353
364,8.49264
365,15.4753
366,17.4309
367,17.4283
368,15.3687
369,15.3663
370,15.3639
371,14.7277
372,12.5688
373,12.5667
374,19.5586
375,23.6333
376,23.6314
377,18.468
378,13.9273
379,10.3393
380,10.3379
381,12.6449
382,19.0699
383,22.2152
384,22.2155
385,22.2146
386,17.0893
387,11.9799
388,10.3322
389,10.3318
390,10.8101
391,14.8939
392,18.096
393,18.096
394,16.8106
395,16.2016
396,15.975
397,15.1395
398,12.4606
399,11.6965
400,11.6973
401,14.7642
402,17.6626
403,20.0721
404,20.0733
405,16.9968
406,12.2615
407,9.61616
408,8.31769
409,8.31946
410,13.0648
411,18.0122
412,18.6643
413,18.6664
414,17.5787
415,15.5751
416,13.5523
417,11.3233
418,11.3258
419,13.2865
420,19.1398
421,19.1425
422,9.90573
423,0.676183
424,-0.19999
425,-0.197125
426,2.67417
427,8.94521
428,11.3045
429,11.3075
430,9.4519
431,8.91492
432,8.57728
433,8.58041
434,9.80778
435,11.2723
436,14.1442
437,17.181
438,17.1842
439,16.2695
440,13.9026
441,9.50021
442,5.76807
443,5.77141
444,5.90089
445,5.90425
446,3.77137
447,3.77473
448,5.83806
449,8.63705
450,11.0484
451,11.8197
452,11.823
453,5.7508
454,3.07263
455,3.0759
456,5.10858
457,5.11179
458,4.3416
459,2.99912
460,0.879136
461,0.882203
462,1.41982
463,3.78596
464,8.56832
465,14.3771
466,14.3799
467,11.2969
468,11.2995
469,11.3158
470,15.5521
471,15.5546
472,11.1198
473,8.72604
474,8.72821
475,9.49043
476,9.4924
477,9.39668
478,9.28624
479,9.26857
480,9.2688
481,8.2514
482,7.13334
483,7.13443
484,7.13538
485,7.05291
486,6.16016
487,5.75221
488,5.75251
489,5.75265
490,2.84012
491,-0.782597
492,-0.783028
493,0.80026
494,3.07747
495,3.92433
496,4.1621
497,4.16081
498,3.74693
499,3.74536
500,6.42036
501,7.64512
502,7.6432
503,7.00542
504,6.43792
505,6.43574
506,7.6745
507,13.9953
508,16.3464
509,16.344
510,13.2353
511,11.9455
512,11.943
513,12.988
514,18.291
515,20.0249
516,20.0224
517,18.2601
518,18.2576
519,22.0896
520,25.6686
521,28.5034
522,28.5012
523,27.0226
524,23.3412
525,22.0127
526,21.6873
527,19.6164
528,15.3562
529,11.631
530,10.7634
531,10.6919
532,10.6905
533,12.1873
534,13.7861
535,14.6062
536,15.1428
537,18.0902
538,20.9192
539,20.9186
540,20.7685
541,20.1133
542,19.4552
543,19.4552
544,20.3871
545,20.3874
546,17.8663
547,12.0928
548,8.69984
549,8.55317
550,8.55424
551,8.73505
552,8.83256
553,13.2548
554,18.7763
555,18.7782
556,16.7394
557,13.9947
558,13.9971
559,14.3122
560,18.2434
561,22.9371
562,22.9402
563,21.9877
564,19.6901
565,17.9688
566,16.0462
567,12.1932
568,8.87699
569,8.88115
570,13.4281
571,13.4326
572,11.7326
573,11.7374
574,12.4393
575,18.6844
576,18.6896
577,17.3981
578,13.9413
579,6.35833
580,6.2149
581,6.22078
582,13.9022
583,18.8621
584,22.4955
585,22.5019
586,17.1413
587,14.4333
588,14.44
589,16.814
590,20.2336
591,23.1762
592,23.1833
593,17.3851
594,17.3924
595,17.6884
596,21.9796
597,21.987
598,20.9409
599,17.4171
600,11.4686
601,6.65385
602,5.68873
603,5.69635
604,8.64263
605,12.8196
606,13.4124
607,13.4648
608,13.4724
609,14.9626
610,14.9701
611,11.0626
612,8.14208
613,8.14948
614,12.0086
615,14.0149
616,14.0983
617,14.1054
618,12.2962
619,10.2319
620,4.40463
621,-0.807234
622,-0.800707
623,4.7538
624,9.77039
625,13.6239
626,13.63
627,13.1466
628,8.58701
629,6.21479
630,6.22044
631,7.54172
632,15.0438
633,18.7688
634,18.7742
635,18.7795
636,22.4035
637,28.9715
638,28.9767
639,24.1931
640,22.7996
641,22.8047
642,24.3901
643,27.4323
644,28.2698
645,28.2749
646,24.5135
647,24.5185
648,26.0915
649,26.0966
650,19.7589
651,19.764
652,20.246
653,26.6886
654,26.6937
655,17.274
656,16.1784
657,16.1835
658,16.1886
659,9.30461
660,2.64049
661,2.64569
662,8.78079
663,11.1755
664,11.2758
665,11.2811
666,13.033
667,14.4106
668,14.4159
669,13.9904
670,10.8871
671,6.7742
672,4.34547
673,3.96709
674,3.97247
675,4.53368
676,5.26553
677,8.50478
678,11.9727
679,12.9269
680,12.9323
681,12.1723
682,10.4898
683,10.4952
684,11.8188
685,11.8242
686,9.77607
687,4.34754
688,3.69959
689,3.7049
690,4.93309
691,6.65325
692,6.72201
693,6.72722
694,6.58849
695,6.59363
696,7.14324
697,7.14831
698,3.46021
699,2.32603
700,2.33095
701,3.3086
702,3.4907
703,3.68611
704,4.59136
705,5.68833
706,7.54175
707,9.96406
708,9.96846
709,5.38695
710,2.04478
711,2.04892
712,3.43032
713,5.05023
714,6.67756
715,9.51072
716,13.4488
717,13.4524
718,7.98452
719,7.98782
720,11.9841
721,14.8653
722,14.8682
723,4.29177
724,4.2944
725,6.73448
726,6.73682
727,6.64303
728,6.64504
729,8.01952
730,11.4168
731,14.1403
732,15.3858
733,15.387
734,10.861
735,8.71824
736,8.71875
737,9.71935
738,13.7992
739,15.8943
740,15.8939
741,12.9481
742,12.2323
743,12.0893
744,11.1131
745,7.83678
746,6.30025
747,6.29805
748,7.41548
749,9.57131
750,11.8311
751,14.628
752,17.1126
753,17.1085
754,12.482
755,8.70357
756,7.9519
757,7.94647
758,8.57459
759,10.0487
760,12.6853
761,15.5725
762,18.1001
763,20.4849
764,20.4767
765,17.1539
766,17.1448
767,17.4236
768,21.0934
769,21.083
770,20.8644
771,16.1103
772,8.86382
773,8.8514
774,9.24594
775,12.3412
776,13.9688
777,13.9542
778,7.40826
779,-1.47905
780,-1.49537
781,1.60207
782,5.26544
783,9.32961
784,9.31105
785,9.14322
786,9.12364
787,11.4223
788,12.8735
789,12.8525
790,9.63029
791,9.60847
792,12.9812
793,12.9587
794,11.7529
795,9.38115
796,6.61303
797,6.5891
798,7.91062
799,11.9706
800,15.885
801,19.8367
802,22.0235
803,23.055
804,23.0293
805,22.358
806,22.332
807,26.2245
808,26.1982
809,25.8421
810,21.3195
811,19.1612
812,18.0618
813,16.2603
814,13.6295
815,11.9787
816,11.9519
817,12.2546
818,15.1504
819,15.4474
820,15.4205
821,12.6124
822,11.9878
823,11.9091
824,9.60612
825,5.41792
826,5.39147
827,9.64134
828,12.9108
829,12.8847
830,12.2059
831,12.1801
832,12.1915
833,14.5749
834,15.7696
835,15.7446
836,9.75707
837,9.73243
838,10.3202
839,13.3312
840,14.2483
841,15.2194
842,15.196
843,15.1729
844,18.2981
845,19.6411
846,19.6189
847,9.9874
848,9.96584
849,17.5591
850,26.142
851,30.0079
852,34.046
853,43.0046
854,50.2368
855,50.2177
856,46.4585
857,46.4403
858,49.4267
859,49.4093
860,45.3533
861,40.0449
862,30.9911
863,22.2082
864,19.0298
865,19.0149
866,19.9713
867,19.9572
868,18.8211
869,9.78942
870,5.64696
871,5.61545
872,5.35607
873,4.08848
874,2.98661
875,2.5997
876,2.58968
877,3.59254
878,5.11186
879,6.48017
880,7.77237
881,8.93854
882,10.1901
883,10.1833
884,9.79254
885,8.7295
886,7.31896
887,5.89221
888,3.92229
889,3.91826
890,12.33
891,23.3705
892,23.3678
893,20.6689
894,20.1032
895,20.1012
896,17.9416
897,13.2724
898,9.63986
899,8.74505
900,7.92168
901,7.52367
902,7.44202
903,5.36845
904,4.55114
905,4.55458
906,7.6814
907,7.68576
908,5.25117
909,2.81826
910,0.449251
911,0.455419
912,1.31569
913,3.57743
914,7.62437
915,7.80648
916,7.81487
917,5.57017
918,5.57944
919,9.77235
920,11.9048
921,12.7915
922,14.232
923,16.2205
924,19.0921
925,24.1036
926,29.2029
927,33.3652
928,36.6209
929,36.6349
930,36.0624
931,36.0772
932,36.0923
933,34.0023
934,29.287
935,29.2354
936,29.252
937,32.7724
938,39.8749
939,39.8926
940,38.3438
941,32.7475
942,32.0125
943,31.5453
944,29.0936
945,26.4148
946,21.8543
947,16.8686
948,16.8891
949,18.2251
950,18.2462
951,16.3714
952,13.9017
953,11.5317
954,11.5025
955,11.5246
956,12.5388
957,12.5613
958,12.3555
959,6.60027
960,6.62319
961,8.77232
962,20.9955
963,21.0187
964,13.3251
965,11.8737
966,11.8972
967,14.0766
968,15.7488
969,15.7724
970,5.67926
971,5.70288
972,8.58456
973,17.7055
974,17.7291
975,15.8526
976,13.1643
977,9.88366
978,9.9069
979,10.2541
980,10.2771
981,5.56132
982,1.68861
983,-0.858035
984,-0.835669
985,2.03331
986,5.36739
987,7.36814
988,9.68811
989,17.6831
990,21.148
991,21.1691
992,16.018
993,15.626
994,15.6465
995,19.7837
996,26.1243
997,30.5819
998,33.103
999,36.0169
1000,40.0413
1001,43.9589
1002,46.5588
1003,46.5778
1004,37.7216
1005,26.8988
1006,22.5858
1007,18.7385
1008,14.4489
1009,10.2725
1010,10.2904
1011,12.3042
1012,13.126
1013,13.1432
1014,12.4016
1015,11.4071
1016,10.8894
1017,10.6605
1018,10.6767
1019,11.1799
1020,11.1956
1021,8.9993
1022,9.01455
1023,13.1589
1024,17.3219
1025,17.3364
1026,15.454
1027,14.1551
1028,12.8987
1029,12.9121
1030,13.1082
1031,13.2307
1032,13.3201
1033,13.3324
1034,13.3283
1035,13.0852
1036,11.3758
1037,11.3868
1038,11.9344
1039,11.9447
1040,10.7881
1041,10.6571
1042,10.6663
1043,12.275
1044,13.4873
1045,13.4955
1046,10.9528
1047,7.19808
1048,7.20503
1049,7.1442
1050,6.90707
1051,5.43054
1052,3.8647
1053,2.11072
1054,2.08211
1055,1.56301
1056,1.51899
1057,-1.00494
1058,-1.00252
1059,3.52038
1060,5.54099
1061,5.54197
1062,3.86761
1063,1.86145
1064,1.14011
1065,1.13933
1066,2.44666
1067,5.14582
1068,7.8653
1069,8.28424
1070,8.42321
1071,8.99077
1072,8.98735
1073,8.23047
1074,6.23091
1075,4.42461
1076,2.68841
1077,1.43157
1078,1.42631
1079,1.79603
1080,6.10688
1081,10.9952
1082,17.9153
1083,19.1216
1084,19.1149
1085,15.3419
1086,11.7285
1087,7.89028
1088,6.94667
1089,6.93902
1090,10.8147
1091,10.8067
1092,8.58302
1093,5.21126
1094,5.20291
1095,15.6524
1096,15.6438
1097,12.916
1098,12.9072
1099,12.7255
1100,12.7166
1101,11.583
1102,11.574
1103,24.1473
1104,24.1382
1105,18.5367
1106,18.5276
1107,25.3663
1108,32.6316
1109,32.6224
1110,32.6132
1111,34.6521
1112,39.0255
1113,39.0163
1114,36.4494
1115,33.1423
1116,30.5064
1117,26.6329
1118,23.2243
1119,23.2154
1120,23.2065
1121,19.6651
1122,8.65248
1123,2.88362
1124,2.87498
1125,4.89818
1126,14.7092
1127,14.7008
1128,9.74757
1129,5.67246
1130,4.6033
1131,4.59514
1132,7.45889
1133,10.5707
1134,14.0361
1135,14.0282
1136,6.72025
1137,6.71258
1138,7.81193
1139,12.9906
1140,12.9832
1141,12.9758
1142,13.5448
1143,13.5377
1144,8.19237
1145,8.1854
1146,11.384
1147,17.9353
1148,17.9286
1149,17.122
1150,17.1155
1151,22.0923
1152,23.6059
1153,24.3212
1154,25.0012
1155,25.5185
1156,29.1458
1157,34.7535
1158,34.7477
1159,34.1136
1160,32.607
1161,32.4451
1162,32.4396
1163,33.1316
1164,35.1316
1165,37.53
1166,37.5248
1167,30.8513
1168,25.5709
1169,23.9663
1170,21.4854
1171,16.9566
1172,14.1707
1173,14.1656
1174,15.5456
1175,22.1491
1176,25.6698
1177,25.6647
1178,24.097
1179,19.168
1180,14.7969
1181,14.7917
1182,15.6005
1183,21.2094
1184,21.204
1185,18.0715
1186,15.8964
1187,15.8907
1188,15.8849
1189,13.1986
1190,1.71103
1191,-1.07732
1192,-1.0837
1193,0.316582
1194,3.84091
1195,6.91557
1196,9.69417
1197,12.0985
1198,12.0914
1199,11.4919
1200,8.32639
1201,8.31907
1202,15.1418
1203,20.2785
1204,21.4483
1205,21.4409
1206,13.1595
1207,11.9138
1208,11.9064
1209,11.899
1210,11.8937
1211,13.0518
1212,20.0229
1213,20.0156
1214,17.3081
1215,12.5231
1216,9.53785
1217,9.53097
1218,10.3561
1219,12.6507
1220,15.1799
1221,15.1735
1222,14.822
1223,14.8159
1224,20.9484
1225,20.9426
1226,18.1867
1227,18.1812
1228,28.0268
1229,37.8464
1230,39.5225
1231,39.5178
1232,36.8127
1233,36.8085
1234,41.5814
1235,48.1979
1236,52.2026
1237,53.7924
1238,53.7893
1239,52.8801
1240,50.8681
1241,50.8657
1242,58.4559
1243,61.6104
1244,61.6088
1245,57.1162
1246,55.9013
1247,54.425
1248,45.5117
1249,38.3317
1250,38.3314
1251,40.4186
1252,48.3631
1253,50.3632
1254,50.3638
1255,44.0737
1256,37.9455
1257,32.0785
1258,31.3601
1259,30.5636
1260,22.441
1261,14.224
1262,11.3075
1263,11.3098
1264,16.0469
1265,18.9038
1266,18.9064
1267,12.7385
1268,12.7414
1269,12.7444
1270,12.5327
1271,11.2674
1272,8.79081
1273,8.38647
1274,8.38985
1275,11.0937
1276,11.7743
1277,11.7777
1278,9.3328
1279,6.38247
1280,4.73539
1281,4.73887
1282,4.90012
1283,4.90353
1284,4.65303
1285,1.38762
1286,-0.658549
1287,-0.655389
1288,0.925012
1289,4.88455
1290,10.0036
1291,11.8121
1292,11.8148
1293,9.73376
1294,9.73639
1295,11.942
1296,11.9445
1297,9.18577
1298,5.87574
1299,2.69183
1300,2.6941
1301,2.98826
1302,3.31701
1303,3.64112
1304,9.02102
1305,11.9005
1306,11.9024
1307,11.4386
1308,11.4405
1309,11.4423
1310,11.2969
1311,7.32269
1312,7.32438
1313,9.03269
1314,16.8624
1315,16.8639
1316,15.9312
1317,14.7078
1318,14.7092
1319,23.6321
1320,23.6334
1321,23.6347
1322,30.1544
1323,36.6887
1324,38.2912
1325,38.2923
1326,32.5733
1327,25.6145
1328,19.297
1329,13.5134
1330,12.7865
1331,12.7873
1332,19.9283
1333,23.1496
1334,23.1502
1335,20.324
1336,17.2755
1337,17.2758
1338,25.3522
1339,28.1651
1340,28.1652
1341,28.1651
1342,34.347
1343,34.3467
1344,30.8084
1345,30.8078
1346,33.1845
1347,33.1837
1348,31.6224
1349,31.6212
1350,32.7309
1351,32.7295
1352,25.2094
1353,17.3248
1354,9.17132
1355,9.16903
1356,16.5196
1357,16.5169
1358,7.37449
1359,0.904325
1360,-1.14397
1361,-1.14776
1362,1.01184
1363,4.22639
1364,7.69788
1365,7.69308
1366,2.81461
1367,2.80937
1368,3.53818
1369,4.83614
1370,5.73135
1371,8.81623
1372,12.7006
1373,12.6944
1374,12.688
1375,16.3861
1376,19.3814
1377,19.3747
1378,11.4331
1379,11.4263
1380,17.9989
1381,19.2605
1382,19.7405
1383,23.2698
1384,26.2239
1385,26.2169
1386,26.2099
1387,28.4511
1388,32.1294
1389,41.6312
1390,42.1474
1391,42.1406
1392,36.287
1393,36.2804
1394,39.1084
1395,39.2069
1396,39.8106
1397,43.0372
1398,45.465
1399,45.6906
1400,45.6846
1401,45.0001
1402,43.8623
1403,43.6444
1404,43.3047
1405,39.594
1406,33.2462
1407,24.5406
1408,22.6862
1409,22.6813
1410,22.6766
1411,21.9593
1412,21.9548
1413,22.0715
1414,23.9474
1415,23.9433
1416,19.6075
1417,10.1116
1418,8.02056
1419,7.89628
1420,3.64283
1421,3.63954
1422,4.66175
1423,12.4397
1424,14.8669
1425,14.8641
1426,14.7697
1427,12.8604
1428,5.60611
1429,4.02289
1430,4.02071
1431,4.01865
1432,0.873794
1433,0.871956
1434,2.85225
1435,7.51274
1436,11.1337
1437,11.1323
1438,10.8906
1439,10.8894
1440,15.0461
1441,17.9369
1442,18.3891
1443,18.3882
1444,16.1757
1445,16.175
1446,16.7697
1447,23.3781
1448,23.3776
1449,23.262
1450,3.81139
1451,2.93978
1452,2.93952
1453,5.99868
1454,9.21598
1455,10.0226
1456,11.1017
1457,17.5736
1458,22.3981
1459,26.0224
1460,30.0044
1461,32.4511
1462,32.4511
1463,23.6308
1464,15.5927
1465,11.8199
1466,8.95091
1467,7.2609
1468,7.26071
1469,8.09574
1470,8.09544
1471,8.32444
1472,9.61927
1473,13.1195
1474,17.2126
1475,17.2119
1476,14.0662
1477,-0.338583
1478,-0.339622
1479,2.50165
1480,11.9721
1481,13.3248
1482,13.3232
1483,10.9299
1484,10.9281
1485,14.6919
1486,14.6898
1487,14.0786
1488,14.0762
1489,18.061
1490,26.261
1491,26.2582
1492,19.6567
1493,13.6663
1494,8.73153
1495,8.72805
1496,8.39341
1497,4.5377
1498,0.0603311
1499,0.0561535
1500,4.11014
1501,12.3635
1502,21.1
1503,24.1444
1504,24.1392
1505,19.064
1506,16.8964
1507,16.8906
1508,16.8846
1509,11.4582
1510,7.59427
1511,7.58754
1512,10.3875
1513,16.96
1514,16.9525
1515,16.4035
1516,16.3955
1517,15.8392
1518,15.0694
1519,12.2574
1520,12.2482
1521,13.4645
1522,13.4547
1523,10.1826
1524,6.84367
1525,5.40471
1526,5.39358
1527,7.63634
1528,14.0247
1529,18.4267
1530,18.4141
1531,16.9117
1532,11.2956
1533,7.25807
1534,7.2439
1535,12.7288
1536,25.6403
1537,25.6248
1538,24.5016
1539,14.4652
1540,10.058
1541,10.0407
1542,10.0229
1543,9.79764
1544,7.49552
1545,7.47623
1546,8.73262
1547,16.593
1548,18.4397
1549,18.4183
1550,14.1935
1551,11.8661
1552,8.05097
1553,7.92573
1554,7.90133
1555,9.36219
1556,9.33653
1557,3.29332
1558,-1.62151
1559,-1.64915
1560,12.5323
1561,24.1208
1562,27.9848
1563,27.9547
1564,26.3922
1565,25.8729
1566,25.1516
1567,25.1192
1568,24.5512
1569,23.7044
1570,21.4485
1571,18.3567
1572,18.322
1573,19.7277
1574,20.4622
1575,23.9431
1576,25.8853
1577,25.8487
1578,25.8117
1579,25.327
1580,25.2894
1581,19.9715
1582,19.9334
1583,19.8951
1584,18.1545
1585,6.73993
1586,6.70095
1587,9.36721
1588,17.6762
1589,18.7646
1590,20.3348
1591,20.2951
1592,20.7152
1593,22.2
1594,32.2184
1595,40.8927
1596,40.8526
1597,39.3606
1598,34.4069
1599,33.7491
1600,33.4808
1601,22.4158
1602,19.7612
1603,19.721
1604,26.3917
1605,26.8349
1606,26.7949
1607,23.0538
1608,22.6035
1609,20.651
1610,12.915
1611,4.8648
1612,4.82534
1613,18.1114
1614,18.0722
1615,10.9987
1616,10.9598
1617,11.322
1618,15.9465
1619,15.9081
1620,14.9871
1621,14.9491
1622,16.9837
1623,16.9461
1624,8.69174
1625,4.54963
1626,4.5127
1627,13.555
1628,18.0502
1629,18.014
1630,13.2553
1631,13.2197
1632,15.5124
1633,17.4545
1634,17.4196
1635,7.60783
1636,0.0168511
1637,-0.0218391
1638,-0.0554778
1639,9.19771
1640,11.5529
1641,13.8874
1642,13.8551
1643,13.958
1644,14.2696
1645,14.2383
1646,11.2115
1647,10.8353
1648,10.5736
1649,5.87165
1650,4.02754
1651,3.99846
1652,10.9851
1653,10.9568
1654,7.85883
1655,7.40571
1656,6.20366
1657,1.52523
1658,1.49897
1659,11.6621
1660,11.6367
1661,7.97135
1662,7.94681
1663,16.9743
1664,16.9507
1665,9.36257
1666,3.1652
1667,3.1429
1668,4.04815
1669,8.54729
1670,10.808
1671,10.7876
1672,5.7096
1673,5.69013
1674,7.75292
1675,7.73442
1676,3.99862
1677,3.98109
1678,7.8036
1679,13.6139
1680,13.5978
1681,-0.0177972
1682,-0.0328189
1683,6.56637
1684,11.2211
1685,11.2076
1686,9.22245
1687,4.28131
1688,4.26939
1689,4.41409
1690,10.2073
1691,10.197
1692,11.269
1693,11.2598
1694,15.3096
1695,15.3014
1696,6.53793
1697,4.21277
1698,4.20624
1699,9.09517
1700,14.7263
1701,19.9065
1702,19.9022
1703,14.0929
1704,14.0897
1705,15.5091
1706,17.7128
1707,17.7113
1708,16.1064
1709,16.1061
1710,23.7511
1711,23.7518
1712,8.78406
1713,-0.19235
1714,-0.189916
1715,3.62325
1716,13.2889
1717,13.293
1718,13.2977
1719,25.8319
1720,25.8378
1721,22.6081
1722,18.0356
1723,17.3454
1724,6.42413
1725,6.43293
1726,7.30763
1727,29.4687
1728,29.4792
1729,28.1026
1730,25.069
1731,19.3798
1732,11.0778
1733,11.0914
1734,18.4151
1735,19.6894
1736,19.7048
1737,14.5307
1738,14.5472
1739,24.4497
1740,24.4675
1741,20.8577
1742,13.578
1743,8.57953
1744,8.59968
1745,9.91076
1746,9.93209
1747,9.954
1748,14.8854
1749,14.9084
1750,13.382
1751,13.4062
1752,25.7914
1753,25.8168
1754,23.6592
1755,22.7895
1756,21.9206
1757,18.9038
1758,14.6768
1759,8.67994
1760,4.97888
1761,5.00872
1762,7.4128
1763,14.8093
1764,22.6869
1765,28.4029
1766,34.3104
1767,34.3434
1768,11.2051
1769,11.2391
1770,12.731
1771,26.0183
1772,35.6575
1773,35.6935
1774,30.1342
1775,29.8324
1776,25.87
1777,14.2134
1778,6.41336
1779,6.45207
1780,10.2935
1781,16.0973
1782,16.1372
1783,14.7217
1784,14.7625
1785,17.2597
1786,17.3012
1787,17.3431
1788,16.9541
1789,12.2208
1790,12.2637
1791,19.5227
1792,19.5663
1793,15.2681
1794,15.2872
1795,15.3317
1796,19.5912
1797,21.5837
1798,26.5683
1799,31.342
1800,31.3877
1801,25.8824
1802,6.68334
1803,6.72969
1804,10.9173
1805,13.3769
1806,13.4238
1807,8.74638
1808,8.79353
1809,20.7108
1810,20.7581
1811,8.24137
1812,8.28892
1813,13.5384
1814,13.586
1815,9.81713
1816,9.86487
1817,9.91261
1818,8.10999
1819,3.77158
1820,2.06802
1821,-0.936214
1822,-0.888624
1823,1.57475
1824,8.77438
1825,17.1772
1826,17.2245
1827,5.29131
1828,5.33858
1829,11.4609
1830,18.234
1831,18.2812
1832,15.9137
1833,6.89583
1834,0.63116
1835,0.678195
1836,10.4373
1837,13.9742
1838,18.0016
1839,18.0485
1840,17.7846
1841,16.2084
1842,16.2553
1843,20.9464
1844,25.9602
1845,28.9319
1846,28.9788
1847,25.7052
1848,12.5184
1849,12.5653
