#wnum,raman
275,10.2661
276,10.2462
277,11.1295
278,12.0119
279,13.1238
280,14.306
281,14.2862
282,14.0992
283,13.4095
284,12.4796
285,11.5466
286,10.1195
287,8.22031
288,6.35615
289,4.59871
290,4.57882
291,5.58903
292,9.98676
293,9.96682
294,7.56608
295,5.38494
296,5.36495
297,6.01192
298,6.55661
299,7.43661
300,8.56734
301,8.54719
302,6.86659
303,5.11434
304,3.95794
305,3.93763
306,5.08387
307,6.40095
308,8.03058
309,10.1485
310,10.1279
311,5.7991
312,4.24453
313,4.22375
314,11.6581
315,11.6372
316,9.25402
317,4.97648
318,3.29609
319,1.7681
320,1.11274
321,1.0913
322,1.15029
323,2.35609
324,3.89767
325,6.57836
326,10.2822
327,13.8727
328,14.5407
329,14.5184
330,8.65962
331,2.49212
332,2.46937
333,9.50281
334,16.2637
335,16.2405
336,12.3263
337,8.72099
338,5.74518
339,4.09218
340,4.06815
341,5.62238
342,10.5496
343,17.4862
344,19.119
345,19.094
346,15.2344
347,11.3699
348,7.10051
349,7.07462
350,7.28301
351,11.2536
352,11.2844
353,11.2575
354,7.07563
355,1.64704
356,1.61937
357,8.30969
358,14.4018
359,14.3733
360,4.07803
361,4.04888
362,9.41068
363,12.7828
364,12.7526
365,8.09724
366,8.06642
367,13.9604
368,13.9289
369,11.8209
370,9.21233
371,4.62179
372,-1.41228
373,-1.44576
374,7.30608
375,18.6011
376,20.919
377,20.884
378,20.0258
379,18.4242
380,16.7469
381,12.9915
382,8.93301
383,6.19602
384,4.04899
385,2.54522
386,2.14669
387,2.10938
388,10.725
389,16.1006
390,16.063
391,8.50845
392,7.94812
393,7.9103
394,8.01383
395,7.97598
396,5.30989
397,5.27209
398,9.26418
399,13.2499
400,21.3674
401,27.9825
402,27.9451
403,20.2123
404,17.6557
405,17.6188
406,21.4728
407,29.1927
408,34.8997
409,34.8636
410,27.4753
411,22.4986
412,16.2192
413,13.7526
414,13.7178
415,23.7307
416,30.1825
417,30.9347
418,30.1154
419,27.4687
420,21.6277
421,21.5954
422,23.9001
423,27.0543
424,29.6613
425,34.3798
426,34.3497
427,31.667
428,31.6379
429,34.3519
430,42.117
431,42.0894
432,42.0623
433,44.5557
434,44.5297
435,44.4126
436,42.3396
437,41.3863
438,40.4782
439,37.8182
440,37.7955
441,39.0055
442,40.9136
443,40.8927
444,38.4669
445,36.0734
446,34.5757
447,30.9995
448,22.8558
449,22.8385
450,29.0577
451,39.5469
452,39.5314
453,30.5126
454,21.3486
455,13.3885
456,13.3755
457,14.082
458,21.4457
459,21.4345
460,20.4473
461,20.4374
462,21.2246
463,21.8526
464,21.8445
465,18.6238
466,18.6169
467,19.0508
468,19.0451
469,12.0291
470,5.02084
471,5.01698
472,13.1486
473,15.5127
474,15.5106
475,15.2168
476,15.2159
477,16.1151
478,19.316
479,23.1718
480,24.4967
481,24.4987
482,24.4271
483,18.9494
484,14.4824
485,14.1932
486,13.7876
487,11.3714
488,6.79614
489,6.80249
490,7.06957
491,12.5469
492,12.5548
493,10.7502
494,5.94172
495,4.43691
496,4.4468
497,8.62545
498,13.5034
499,13.7008
500,13.7126
501,13.1469
502,10.8638
503,10.877
504,13.6728
505,14.1216
506,14.136
507,4.31439
508,4.32965
509,6.77102
510,12.8587
511,16.8574
512,18.0885
513,18.1057
514,6.18603
515,1.96547
516,1.98373
517,6.78928
518,7.90962
519,8.60348
520,11.5599
521,15.7982
522,15.8183
523,10.8316
524,5.13994
525,5.08565
526,5.10691
527,7.77122
528,12.8672
529,16.605
530,17.7472
531,17.7696
532,11.0966
533,2.86229
534,2.8853
535,3.83811
536,4.77559
537,4.7991
538,4.58731
539,3.31469
540,2.49486
541,2.51888
542,6.21229
543,9.79485
544,10.5934
545,10.6178
546,8.4379
547,4.30986
548,2.06485
549,2.08941
550,2.71378
551,10.8385
552,15.8147
553,15.8393
554,10.9747
555,10.9992
556,12.6522
557,12.6766
558,12.2114
559,10.5126
560,10.5368
561,11.2368
562,11.2607
563,8.96174
564,8.98537
565,14.3403
566,14.926
567,14.9491
568,10.2238
569,10.2465
570,11.9686
571,11.9909
572,11.2429
573,10.7935
574,7.62269
575,7.64388
576,8.78916
577,16.3976
578,16.4178
579,11.0903
580,11.1099
581,13.7322
582,21.7326
583,22.0069
584,22.0248
585,13.8933
586,3.13191
587,3.14679
588,3.16294
589,9.5587
590,9.57385
591,7.74754
592,3.03832
593,-1.40454
594,-1.39159
595,3.8882
596,10.7599
597,11.2212
598,11.4242
599,14.2583
600,18.5574
601,18.5666
602,14.6522
603,9.16628
604,8.69065
605,8.56716
606,5.47978
607,0.528416
608,0.534415
609,5.45718
610,9.5979
611,9.85278
612,10.2186
613,10.8551
614,10.8588
615,8.81539
616,4.67021
617,4.67287
618,10.1695
619,15.7985
620,16.0918
621,16.0933
622,12.4756
623,6.19155
624,6.19218
625,13.64
626,20.5485
627,21.3085
628,21.3082
629,18.3719
630,17.7984
631,17.7974
632,23.7732
633,25.2265
634,25.225
635,22.9547
636,22.1294
637,21.2978
638,16.8352
639,10.53
640,6.02487
641,3.53562
642,3.53297
643,8.98644
644,13.9905
645,13.9875
646,11.6405
647,11.6373
648,13.0599
649,14.4369
650,14.8789
651,14.8754
652,13.4291
653,11.8976
654,9.9372
655,7.79618
656,5.29062
657,3.38195
658,3.37811
659,11.0689
660,19.0916
661,19.3485
662,19.3446
663,18.5485
664,17.2842
665,17.2802
666,19.4615
667,22.0206
668,25.5043
669,25.5003
670,25.2043
671,20.7175
672,20.6563
673,20.3068
674,20.3029
675,18.2133
676,18.2094
677,28.065
678,29.3526
679,29.3487
680,13.1747
681,13.1709
682,18.6792
683,18.6754
684,13.1965
685,13.1927
686,13.6908
687,21.2605
688,21.2568
689,14.7858
690,14.6211
691,14.6174
692,18.3027
693,27.3036
694,27.2999
695,25.7774
696,12.5493
697,12.5456
698,17.1035
699,20.2018
700,21.4725
701,21.4688
702,13.3206
703,11.3954
704,11.3916
705,17.698
706,22.8612
707,27.5935
708,27.5895
709,27.3915
710,24.8942
711,19.1647
712,13.1054
713,13.1011
714,13.3871
715,16.9117
716,22.0851
717,22.0804
718,19.3157
719,18.7818
720,18.7767
721,18.7715
722,12.7956
723,5.43921
724,5.43358
725,10.0008
726,14.4195
727,19.0374
728,19.0311
729,13.4998
730,12.0961
731,12.0892
732,14.1395
733,14.1321
734,7.19716
735,7.18927
736,10.6491
737,10.6407
738,9.55976
739,8.07604
740,8.06677
741,8.05718
742,5.04971
743,2.20328
744,2.19271
745,17.2642
746,27.3674
747,27.3557
748,27.3437
749,29.0618
750,29.049
751,22.1062
752,10.3386
753,10.3245
754,10.8772
755,17.7027
756,30.6838
757,30.6679
758,21.605
759,7.06249
760,7.04501
761,11.6619
762,17.4364
763,22.4913
764,22.4716
765,8.19119
766,8.17029
767,8.45105
768,15.0276
769,15.0048
770,11.8689
771,11.412
772,11.3528
773,11.0536
774,11.0259
775,10.3711
776,7.83356
777,7.80503
778,10.2418
779,12.3072
780,12.2762
781,9.51154
782,4.08064
783,-2.14107
784,-2.17542
785,4.59903
786,12.0491
787,19.0456
788,21.4601
789,21.4216
790,16.2971
791,15.3799
792,15.3393
793,18.9454
794,26.7973
795,26.7549
796,17.951
797,16.7795
798,16.7354
799,17.8555
800,17.8103
801,11.5287
802,11.4826
803,11.0109
804,10.6993
805,8.59991
806,8.55238
807,15.1671
808,15.8133
809,15.7649
810,12.7793
811,12.7304
812,14.0914
813,15.1443
814,15.3022
815,15.2527
816,12.2691
817,9.58615
818,9.53637
819,9.80815
820,11.7179
821,12.9558
822,14.5236
823,14.4738
824,10.6681
825,6.57622
826,6.52671
827,6.91859
828,8.00338
829,11.7242
830,14.8545
831,14.8059
832,13.7418
833,7.92354
834,6.47752
835,6.42996
836,17.1816
837,22.78
838,23.0241
839,22.978
840,16.3798
841,10.4456
842,10.1486
843,10.1041
844,17.1653
845,25.1173
846,25.0744
847,19.2203
848,18.0221
849,17.9807
850,19.268
851,20.0502
852,20.6765
853,21.8682
854,23.3004
855,28.3466
856,33.7435
857,36.1595
858,36.1241
859,34.069
860,32.4566
861,32.4234
862,33.0118
863,34.505
864,38.6327
865,43.1648
866,44.1807
867,44.4116
868,46.6375
869,48.8315
870,58.8133
871,74.478
872,90.8937
873,106.244
874,118.643
875,127.652
876,141.345
877,169.687
878,194.8
879,214.312
880,234.683
881,244.596
882,248.276
883,248.533
884,249.829
885,249.817
886,244.38
887,233.647
888,217.587
889,201.606
890,181.243
891,160.53
892,141.533
893,118.974
894,100.653
895,88.6288
896,77.7925
897,70.1942
898,65.872
899,63.0576
900,57.6952
901,45.5519
902,44.3717
903,44.3722
904,53.7624
905,53.7635
906,45.3027
907,36.3393
908,26.1689
909,17.8299
910,11.9801
911,11.9823
912,19.1894
913,28.6619
914,39.3963
915,39.3985
916,30.173
917,13.2713
918,13.2729
919,15.4527
920,15.4538
921,14.9919
922,14.9922
923,19.9863
924,23.6622
925,24.7659
926,24.7643
927,23.8047
928,22.9645
929,22.961
930,22.9567
931,9.79225
932,-3.06041
933,-3.06718
934,2.50587
935,7.46082
936,15.7816
937,15.7714
938,14.6068
939,8.76631
940,-0.109399
941,-0.122805
942,1.1841
943,8.46557
944,14.8378
945,14.8214
946,11.7253
947,11.3763
948,11.358
949,14.389
950,14.3694
951,9.24387
952,9.22306
953,12.344
954,15.1611
955,18.3533
956,18.3303
957,8.43954
958,8.06732
959,8.04284
960,15.9611
961,15.9357
962,11.196
963,10.2565
964,10.2299
965,12.3196
966,17.871
967,17.8433
968,16.473
969,15.5017
970,15.473
971,16.8864
972,16.8571
973,16.6239
974,14.042
975,9.42754
976,2.83873
977,-0.349467
978,-0.380187
979,0.59841
980,2.65294
981,3.26298
982,3.23163
983,1.69887
984,1.66733
985,11.1898
986,18.129
987,18.0973
988,12.4029
989,4.37795
990,0.979398
991,0.947827
992,2.44705
993,7.95687
994,15.6503
995,15.6191
996,15.8223
997,15.7915
998,19.8553
999,19.8249
1000,16.6594
1001,16.6294
1002,24.5439
1003,24.5145
1004,14.0312
1005,9.30022
1006,9.27177
1007,9.24367
1008,0.958634
1009,0.931294
1010,2.16412
1011,15.9487
1012,18.6244
1013,18.5987
1014,16.0153
1015,10.4193
1016,8.31444
1017,7.90403
1018,5.50116
1019,1.4835
1020,1.46155
1021,18.2426
1022,18.2218
1023,13.3694
1024,7.33508
1025,7.00242
1026,6.98424
1027,17.231
1028,23.8833
1029,23.8672
1030,18.1341
1031,17.7362
1032,17.7224
1033,21.915
1034,26.5431
1035,26.5316
1036,24.5451
1037,22.4319
1038,22.4229
1039,27.7197
1040,35.5405
1041,36.937
1042,38.1217
1043,39.28
1044,44.3384
1045,49.0738
1046,55.7936
1047,60.7866
1048,64.917
1049,69.1688
1050,77.8214
1051,87.9718
1052,87.9758
1053,85.3371
1054,71.3759
1055,55.5713
1056,53.7638
1057,53.7729
1058,59.9891
1059,60.0001
1060,58.8955
1061,48.8494
1062,48.8635
1063,51.6186
1064,53.7226
1065,54.9053
1066,54.9235
1067,44.1387
1068,44.1589
1069,46.8851
1070,46.9072
1071,46.1076
1072,38.803
1073,35.0942
1074,33.3688
1075,23.583
1076,17.7966
1077,17.8256
1078,32.8587
1079,42.1548
1080,51.7295
1081,54.9995
1082,55.0332
1083,55.0678
1084,63.1057
1085,63.1421
1086,56.4842
1087,53.8277
1088,52.8888
1089,53.9066
1090,55.7124
1091,61.835
1092,70.4533
1093,70.4964
1094,63.3935
1095,63.4382
1096,67.4614
1097,67.7252
1098,75.5341
1099,75.6657
1100,75.714
1101,60.826
1102,60.8755
1103,63.2201
1104,63.2709
1105,54.3131
1106,47.4453
1107,41.1371
1108,35.9962
1109,31.563
1110,28.6621
1111,28.7163
1112,29.4096
1113,35.2534
1114,35.3087
1115,25.8902
1116,25.9461
1117,26.8591
1118,31.5931
1119,31.6497
1120,28.1307
1121,27.2916
1122,26.4028
1123,25.142
1124,24.222
1125,21.9453
1126,20.508
1127,20.5652
1128,20.6378
1129,21.0727
1130,21.5877
1131,21.6445
1132,16.4585
1133,14.8266
1134,13.8686
1135,12.7862
1136,12.8418
1137,14.8704
1138,17.7384
1139,20.8097
1140,26.1142
1141,26.1678
1142,10.7652
1143,3.22775
1144,3.27976
1145,8.26412
1146,13.9257
1147,20.0234
1148,20.0728
1149,16.1144
1150,6.64837
1151,-1.18525
1152,-1.16095
1153,-1.11551
1154,7.53482
1155,10.0931
1156,10.1359
1157,4.58997
1158,4.63109
1159,12.2206
1160,12.26
1161,6.95612
1162,5.41308
1163,5.4499
1164,6.16378
1165,7.45197
1166,7.4862
1167,7.51957
1168,9.03416
1169,12.6157
1170,17.4408
1171,19.679
1172,19.7081
1173,16.5666
1174,13.3974
1175,13.4239
1176,15.1348
1177,20.9001
1178,20.9239
1179,10.5353
1180,2.25558
1181,-0.396321
1182,-0.376019
1183,2.81021
1184,3.12957
1185,3.14724
1186,3.16405
1187,11.4312
1188,20.4034
1189,22.0626
1190,22.076
1191,19.7182
1192,18.6182
1193,18.6291
1194,18.6391
1195,12.2068
1196,3.91007
1197,3.91766
1198,5.96907
1199,8.72187
1200,10.7886
1201,10.793
1202,10.7965
1203,20.3625
1204,33.988
1205,33.9892
1206,23.6634
1207,16.316
1208,12.5338
1209,12.5318
1210,17.4482
1211,22.4727
1212,22.4684
1213,20.6937
1214,7.03811
1215,7.03147
1216,14.4741
1217,18.9083
1218,18.8994
1219,18.382
1220,10.7333
1221,10.722
1222,15.416
1223,15.4031
1224,16.2316
1225,16.4248
1226,29.5883
1227,29.5724
1228,16.6607
1229,7.47542
1230,6.60728
1231,6.58821
1232,14.797
1233,14.7763
1234,7.35448
1235,-0.747389
1236,-0.770415
1237,0.438809
1238,13.1938
1239,20.0593
1240,20.0332
1241,16.9694
1242,10.9015
1243,10.8732
1244,14.847
1245,16.101
1246,16.0707
1247,16.0396
1248,23.9473
1249,24.5346
1250,24.5016
1251,18.2836
1252,13.6266
1253,13.5918
1254,14.4544
1255,17.7249
1256,17.886
1257,18.4959
1258,28.7925
1259,31.147
1260,31.1083
1261,26.4902
1262,26.4504
1263,27.2087
1264,28.0759
1265,29.0613
1266,29.0195
1267,28.9772
1268,34.8795
1269,39.2172
1270,39.1735
1271,37.232
1272,33.4239
1273,33.3789
1274,33.4062
1275,36.8931
1276,43.1471
1277,46.0357
1278,45.9885
1279,43.3881
1280,41.3358
1281,39.514
1282,39.4651
1283,39.4159
1284,32.7761
1285,25.3325
1286,25.282
1287,25.4338
1288,30.6239
1289,35.1003
1290,36.6112
1291,36.5586
1292,29.7342
1293,26.1817
1294,26.1278
1295,26.0735
1296,21.1408
1297,12.9884
1298,10.8805
1299,10.8244
1300,17.8211
1301,27.0601
1302,29.9101
1303,29.8522
1304,19.6982
1305,11.196
1306,11.1367
1307,13.8882
1308,13.828
1309,12.7219
1310,3.13679
1311,-1.21222
1312,-1.27444
1313,2.09305
1314,15.2109
1315,23.2926
1316,23.2285
1317,17.8838
1318,11.9145
1319,5.84298
1320,2.97407
1321,2.90802
1322,10.2253
1323,18.1685
1324,32.4441
1325,32.3768
1326,25.5528
1327,16.1007
1328,16.0327
1329,17.849
1330,22.4383
1331,22.3697
1332,7.4286
1333,1.7182
1334,1.64917
1335,5.99493
1336,15.74
1337,15.6706
1338,9.59966
1339,9.53021
1340,18.1563
1341,18.0868
1342,12.4788
1343,4.31056
1344,-0.155458
1345,-0.224912
1346,9.19017
1347,11.8172
1348,11.748
1349,8.1705
1350,3.53363
1351,0.534672
1352,0.117468
1353,0.0489505
1354,2.01138
1355,10.2484
1356,24.2877
1357,24.2201
1358,19.3416
1359,15.3704
1360,13.0953
1361,10.6825
1362,10.6164
1363,14.9435
1364,28.3607
1365,28.2958
1366,23.4563
1367,14.9994
1368,10.1424
1369,10.0792
1370,18.8855
1371,18.8232
1372,13.5599
1373,4.53039
1374,4.46963
1375,4.75452
1376,18.6663
1377,18.6072
1378,17.5056
1379,15.1664
1380,11.8267
1381,-0.16979
1382,-0.225804
1383,3.31279
1384,16.7595
1385,18.2889
1386,18.2356
1387,18.5311
1388,18.4793
1389,21.6552
1390,21.7422
1391,21.6928
1392,21.6441
1393,24.9064
1394,24.8595
1395,17.4223
1396,9.95489
1397,7.41226
1398,7.30341
1399,7.26093
1400,8.31596
1401,15.1575
1402,28.2506
1403,31.5832
1404,31.5456
1405,0.221756
1406,0.186177
1407,7.21991
1408,12.8165
1409,18.5921
1410,24.9044
1411,25.8693
1412,25.8402
1413,25.4259
1414,22.3908
1415,22.3651
1416,25.052
1417,32.4943
1418,32.4721
1419,33.12
1420,33.1002
1421,39.2629
1422,46.7684
1423,46.7523
1424,33.8393
1425,33.8257
1426,34.1797
1427,35.5364
1428,35.5266
1429,35.1044
1430,35.0973
1431,35.0914
1432,37.0875
1433,37.0842
1434,49.5831
1435,49.5825
1436,34.6291
1437,34.6312
1438,39.8047
1439,50.6366
1440,63.6574
1441,65.3017
1442,65.3106
1443,55.0195
1444,55.0311
1445,59.454
1446,74.7587
1447,88.8733
1448,88.8904
1449,88.2026
1450,88.2224
1451,89.9943
1452,99.866
1453,99.8898
1454,92.7753
1455,92.8017
1456,97.0083
1457,97.0374
1458,96.6499
1459,89.8471
1460,83.4542
1461,73.6122
1462,66.9299
1463,62.4354
1464,62.4733
1465,66.5872
1466,66.6275
1467,43.1629
1468,43.2055
1469,54.001
1470,59.3926
1471,60.8849
1472,67.4295
1473,67.4775
1474,50.5484
1475,46.0653
1476,46.1163
1477,47.7473
1478,47.8002
1479,40.104
1480,40.1587
1481,43.6866
1482,43.743
1483,43.5078
1484,42.6513
1485,38.1892
1486,38.2487
1487,40.8907
1488,46.6534
1489,54.711
1490,54.7731
1491,54.5019
1492,40.3831
1493,29.6639
1494,29.7282
1495,29.793
1496,24.689
1497,13.5223
1498,12.3959
1499,12.1625
1500,12.5289
1501,20.3433
1502,25.3451
1503,25.4124
1504,20.9524
1505,11.7129
1506,8.63957
1507,8.70747
1508,16.2445
1509,17.5912
1510,17.6591
1511,9.74732
1512,6.22035
1513,6.28801
1514,10.7486
1515,10.8159
1516,8.89429
1517,8.96111
1518,10.9819
1519,20.6467
1520,21.584
1521,21.6494
1522,21.7144
1523,20.3606
1524,6.95857
1525,1.96876
1526,2.03163
1527,11.1181
1528,21.7845
1529,23.7443
1530,23.8045
1531,14.4589
1532,14.5175
1533,17.0925
1534,30.3021
1535,30.3581
1536,26.4076
1537,26.4617
1538,26.5147
1539,20.5487
1540,20.5996
1541,19.6357
1542,19.6842
1543,-0.554208
1544,-0.508133
1545,17.9957
1546,21.0414
1547,21.0835
1548,13.9212
1549,12.2011
1550,12.239
1551,23.471
1552,29.2866
1553,29.3199
1554,16.9015
1555,16.9318
1556,24.3896
1557,24.4165
1558,19.0395
1559,19.063
1560,24.5082
1561,24.5282
1562,19.872
1563,12.7923
1564,-0.182756
1565,-0.170144
1566,9.95639
1567,9.96509
1568,1.52203
1569,1.52671
1570,17.3391
1571,19.7089
1572,19.7074
1573,-3.01776
1574,-3.02365
1575,25.8688
1576,25.8586
1577,13.5309
1578,13.5164
1579,15.8509
1580,16.2134
1581,16.1929
1582,13.0227
1583,12.9983
1584,13.6716
1585,13.6434
1586,12.2462
1587,12.2143
1588,14.8853
1589,22.0334
1590,25.1074
1591,25.0685
1592,20.5948
1593,12.6993
1594,2.98193
1595,2.9365
1596,20.8667
1597,20.8181
1598,13.9956
1599,4.11139
1600,4.05836
1601,9.61102
1602,20.4291
1603,20.3719
1604,15.8503
1605,15.3806
1606,15.3194
1607,21.6029
1608,21.5391
1609,22.5714
1610,22.5052
1611,29.7541
1612,29.6855
1613,28.0507
1614,13.815
1615,13.7431
1616,26.2286
1617,26.1546
1618,15.3351
1619,15.2591
1620,15.0044
1621,14.9265
1622,11.7995
1623,8.69045
1624,8.60978
1625,9.17247
1626,12.2209
1627,21.7528
1628,21.6688
1629,14.99
1630,14.9045
1631,31.9477
1632,31.8608
1633,29.1059
1634,25.8409
1635,14.3915
1636,14.3019
1637,14.2118
1638,10.6244
1639,9.10687
1640,9.01499
1641,8.92259
1642,10.2766
1643,10.1832
1644,18.6877
1645,20.7638
1646,25.4048
1647,25.3096
1648,18.8988
1649,18.8028
1650,31.9376
1651,31.8409
1652,25.4807
1653,8.33342
1654,8.2358
1655,44.9506
1656,44.8525
1657,10.7096
1658,8.36972
1659,3.78786
1660,3.68882
1661,3.58958
1662,8.64487
1663,11.1495
1664,11.3471
1665,11.2473
1666,20.0371
1667,25.7038
1668,28.6464
1669,35.9946
1670,35.8944
1671,25.8528
1672,25.7525
1673,26.1897
1674,26.0894
1675,23.0109
1676,18.9928
1677,17.2145
1678,17.1144
1679,23.2846
1680,27.5278
1681,27.4279
1682,25.9226
1683,25.8229
1684,36.7071
1685,36.6076
1686,26.0681
1687,5.5619
1688,5.46289
1689,5.7903
1690,21.3562
1691,21.2578
1692,10.4936
1693,10.3955
1694,31.5197
1695,41.544
1696,42.6255
1697,42.9021
1698,42.4314
1699,32.2275
1700,20.1267
1701,20.0306
1702,23.7828
1703,25.0869
1704,24.9916
1705,16.5717
1706,16.477
1707,35.308
1708,35.2139
1709,28.5757
1710,28.4822
1711,29.9042
1712,45.5193
1713,45.4267
1714,28.9216
1715,27.2484
1716,27.1568
1717,36.9609
1718,36.8699
1719,36.2035
1720,35.15
1721,32.4828
1722,22.9685
1723,11.5199
1724,11.431
1725,31.5807
1726,36.7836
1727,36.6956
1728,18.782
1729,18.6946
1730,34.4537
1731,38.2113
1732,38.125
1733,36.3816
1734,31.0943
1735,11.5629
1736,11.4778
1737,16.1922
1738,16.6199
1739,16.5356
1740,16.4517
1741,20.2661
1742,38.6738
1743,51.9842
1744,51.9013
1745,32.5141
1746,30.6981
1747,27.4777
1748,26.6439
1749,26.5622
1750,40.0351
1751,39.9539
1752,-0.866039
1753,-0.946817
1754,16.5278
1755,34.557
1756,34.4768
1757,29.8824
1758,29.8027
1759,45.2022
1760,55.1605
1761,55.0815
1762,43.6164
1763,22.5763
1764,22.4982
1765,24.3312
1766,41.6033
1767,41.526
1768,22.6398
1769,22.5632
1770,43.7304
1771,43.6544
1772,37.707
1773,37.6316
1774,37.7532
1775,37.6785
1776,29.7365
1777,20.1801
1778,20.1063
1779,32.5387
1780,36.9758
1781,36.903
1782,32.704
1783,32.6318
1784,52.483
1785,52.4115
1786,31.5001
1787,31.4293
1788,39.3679
1789,39.2977
1790,21.5444
1791,20.7947
1792,16.8496
1793,12.9786
1794,12.9099
1795,24.4907
1796,29.628
1797,35.6125
1798,41.1029
1799,41.0356
1800,43.4335
1801,46.2901
1802,59.4634
1803,59.3972
1804,53.2308
1805,33.3434
1806,33.2779
1807,56.929
1808,56.864
1809,54.1795
1810,54.1149
1811,58.1463
1812,66.6608
1813,66.5966
1814,43.0868
1815,12.4312
1816,-0.764246
1817,-0.827908
1818,14.1423
1819,24.001
1820,35.6568
1821,39.2158
1822,41.5997
1823,46.3245
1824,61.774
1825,61.7111
1826,48.7969
1827,0.292
1828,0.229458
1829,33.0157
1830,54.9851
1831,63.078
1832,63.0159
1833,55.6794
1834,46.4392
1835,36.217
1836,36.1551
1837,39.4329
1838,40.5292
1839,49.0914
1840,58.4885
1841,58.427
1842,54.0472
1843,47.1767
1844,14.8359
1845,-0.468745
1846,-0.530175
1847,14.8743
1848,28.5672
1849,28.5058
