#wnum,raman
275,546.677
276,547.16
277,516.051
278,485.235
279,453.333
280,420.88
281,393.871
282,380.099
283,366.402
284,339.284
285,309.741
286,281.579
287,255.151
288,229.073
289,219.538
290,210.893
291,198.581
292,182.084
293,168.937
294,160.612
295,152.668
296,141.582
297,128.027
298,123.65
299,124.123
300,124.595
301,123.836
302,112.484
303,105.513
304,105.98
305,106.445
306,89.9976
307,72.0598
308,62.8963
309,63.1269
310,62.7898
311,51.4595
312,39.4888
313,38.6723
314,39.1204
315,39.5662
316,25.6619
317,11.4268
318,11.8651
319,13.7418
320,16.1288
321,16.5588
322,16.9629
323,11.5561
324,5.6924
325,6.11016
326,15.2054
327,15.6165
328,14.9
329,8.68542
330,9.08592
331,19.4221
332,19.8151
333,18.8531
334,11.9088
335,8.52822
336,6.0224
337,2.82627
338,-1.87613
339,-1.51225
340,8.46973
341,24.5979
342,24.9481
343,21.8581
344,15.3875
345,8.9512
346,4.11371
347,4.44011
348,9.287
349,14.4188
350,21.0932
351,24.2534
352,24.5546
353,19.822
354,17.6447
355,17.93
356,18.8135
357,19.8407
358,20.1097
359,13.9917
360,2.51224
361,-4.43023
362,-4.1838
363,-2.60777
364,-0.466199
365,1.81001
366,5.39033
367,9.89978
368,14.1722
369,16.8493
370,17.6154
371,17.8119
372,14.2153
373,14.4014
374,16.8197
375,20.9059
376,25.8749
377,31.1277
378,31.2886
379,29.4709
380,25.7775
381,20.7827
382,16.2591
383,16.3963
384,16.7703
385,17.8549
386,19.8458
387,19.9651
388,17.8609
389,12.6437
390,12.75
391,13.4539
392,13.5519
393,8.73092
394,2.22679
395,-0.00586726
396,0.0761088
397,4.09235
398,20.1357
399,34.57
400,34.6368
401,32.0159
402,29.2431
403,25.5261
404,24.8363
405,24.8854
406,27.6337
407,32.2451
408,37.4987
409,37.5345
410,27.6135
411,27.6429
412,42.075
413,69.1658
414,69.1861
415,44.8334
416,39.0058
417,39.0174
418,50.924
419,54.1856
420,54.1889
421,54.0975
422,46.6101
423,38.7321
424,31.2764
425,27.7067
426,27.6946
427,37.6428
428,41.6918
429,41.6727
430,40.5566
431,36.6259
432,35.672
433,35.644
434,47.2553
435,50.8766
436,50.8424
437,45.016
438,44.9779
439,46.6512
440,46.6093
441,39.9446
442,33.4453
443,33.3979
444,34.258
445,34.8408
446,34.8954
447,35.9672
448,40.5857
449,46.4286
450,46.6133
451,46.9802
452,47.3958
453,49.0133
454,48.9487
455,36.4618
456,24.9745
457,24.9059
458,28.5087
459,37.118
460,51.5328
461,55.149
462,55.0743
463,46.3707
464,46.2938
465,48.4713
466,48.3923
467,47.4503
468,46.2037
469,45.987
470,45.9039
471,48.8857
472,50.4465
473,50.3608
474,33.0418
475,19.2053
476,19.1171
477,23.2473
478,23.1575
479,20.0003
480,19.9091
481,20.5987
482,23.837
483,28.3032
484,31.3127
485,31.2182
486,23.9173
487,16.2919
488,11.6835
489,11.5868
490,15.8742
491,26.2721
492,26.1738
493,18.2877
494,18.1885
495,22.5943
496,32.5973
497,40.693
498,48.2984
499,53.2916
500,55.5646
501,55.4627
502,40.8687
503,25.8107
504,22.8054
505,22.7024
506,28.8307
507,43.1051
508,43.0014
509,34.0404
510,13.061
511,12.9567
512,18.6577
513,25.2495
514,31.7017
515,37.6278
516,37.5228
517,37.0755
518,32.4059
519,25.8882
520,18.9847
521,12.9442
522,12.8385
523,14.7244
524,21.5648
525,25.8368
526,27.3173
527,27.2114
528,18.4589
529,13.5625
530,13.4566
531,13.3506
532,11.9365
533,4.7623
534,4.37565
535,4.26981
536,7.29479
537,13.7015
538,20.1422
539,28.0304
540,36.3614
541,36.2559
542,32.4852
543,25.756
544,15.6753
545,15.5701
546,21.0349
547,44.2788
548,44.174
549,31.0128
550,18.4964
551,18.3919
552,19.6073
553,19.503
554,17.3214
555,16.4791
556,15.8962
557,13.7187
558,4.36929
559,3.81196
560,3.70864
561,16.0671
562,25.257
563,31.151
564,31.0482
565,30.1538
566,25.1249
567,20.128
568,18.6448
569,18.5428
570,27.8053
571,33.5674
572,33.4659
573,33.2626
574,30.2055
575,29.7252
576,29.6242
577,36.991
578,41.7884
579,41.6878
580,39.9724
581,26.3825
582,18.4004
583,18.3003
584,31.867
585,31.7672
586,26.4103
587,22.6697
588,22.5701
589,22.4706
590,15.0153
591,-1.08759
592,-1.18685
593,17.0751
594,32.0259
595,32.4261
596,32.8749
597,32.7762
598,31.9998
599,26.6145
600,19.627
601,19.5289
602,25.9833
603,25.8857
604,18.6986
605,10.2741
606,10.1772
607,25.1091
608,25.0128
609,23.7925
610,16.7216
611,11.3209
612,11.2259
613,19.2934
614,37.5813
615,37.4873
616,32.7258
617,32.6326
618,34.2233
619,34.6645
620,34.5725
621,28.2445
622,28.1533
623,36.9072
624,46.0346
625,54.511
626,54.4217
627,38.8684
628,17.3451
629,17.2572
630,17.3715
631,21.9547
632,28.1594
633,28.0736
634,21.2524
635,11.5572
636,11.2721
637,11.1884
638,12.6606
639,14.929
640,17.3595
641,20.1451
642,20.0642
643,12.3841
644,2.76641
645,2.68714
646,4.81587
647,9.34325
648,16.3582
649,20.2361
650,20.1597
651,18.4255
652,6.9974
653,-0.682786
654,-0.756824
655,12.1798
656,18.1103
657,18.0381
658,16.0198
659,10.7559
660,10.6857
661,14.3325
662,25.4051
663,25.3371
664,24.7963
665,23.4401
666,23.3743
667,23.3094
668,21.2372
669,18.1401
670,12.2071
671,5.70824
672,5.64744
673,7.8215
674,11.3826
675,14.1111
676,16.8316
677,33.265
678,40.7144
679,40.66
680,18.1544
681,18.102
682,21.0495
683,20.9991
684,14.7141
685,11.6393
686,11.5919
687,24.711
688,24.6658
689,23.4813
690,20.766
691,19.113
692,19.072
693,22.5331
694,22.4944
695,17.2091
696,5.2152
697,4.53593
698,4.50176
699,7.4337
700,11.5379
701,12.4948
702,12.4654
703,9.78512
704,7.75069
705,5.86521
706,4.68508
707,4.66169
708,8.87136
709,24.6079
710,27.046
711,27.0276
712,15.8434
713,8.90058
714,6.11369
715,6.1004
716,16.2752
717,21.1036
718,21.0943
719,19.8619
720,19.5257
721,19.1867
722,16.5867
723,13.4841
724,13.4827
725,13.7157
726,18.8963
727,32.3733
728,43.0734
729,43.0788
730,42.043
731,35.7078
732,28.7905
733,28.8014
734,31.3491
735,36.0126
736,43.5872
737,46.559
738,46.5768
739,46.596
740,59.4723
741,77.2547
742,84.2545
743,84.2793
744,80.2672
745,64.5462
746,61.6814
747,61.7118
748,64.1515
749,64.1845
750,57.8079
751,49.3546
752,39.8644
753,39.9028
754,44.7592
755,50.1552
756,51.8637
757,51.9074
758,38.3071
759,23.8949
760,23.9424
761,27.8917
762,30.2974
763,30.3486
764,29.619
765,20.6164
766,16.8925
767,16.9485
768,17.0636
769,17.1219
770,11.8167
771,11.2364
772,11.298
773,15.3632
774,24.099
775,33.2592
776,40.6535
777,40.7204
778,33.9148
779,20.576
780,20.646
781,24.7197
782,25.9123
783,25.9851
784,25.0567
785,23.2762
786,22.3189
787,22.3952
788,22.4725
789,19.6056
790,16.9424
791,17.022
792,21.389
793,24.8547
794,27.8613
795,31.0849
796,32.7806
797,34.58
798,37.8185
799,37.9037
800,33.9739
801,25.2736
802,18.388
803,12.6968
804,12.7849
805,22.5421
806,31.5395
807,38.2989
808,38.3889
809,35.9069
810,27.1795
811,27.2705
812,28.7559
813,28.8476
814,21.6002
815,21.6925
816,27.1364
817,32.0296
818,32.1225
819,32.0327
820,32.1259
821,33.9773
822,37.713
823,42.1202
824,47.1883
825,51.632
826,51.7254
827,40.3681
828,38.1994
829,38.2924
830,44.7068
831,48.7097
832,51.7361
833,51.8283
834,50.1534
835,48.7105
836,47.25
837,47.3408
838,49.8505
839,49.9404
840,43.5073
841,36.2448
842,26.3337
843,26.4215
844,29.7484
845,38.6601
846,38.7458
847,6.45909
848,6.54322
849,23.1324
850,24.0439
851,24.1254
852,9.28718
853,3.83859
854,-1.41466
855,-1.3372
856,-1.05393
857,9.27177
858,24.7599
859,34.1541
860,36.4461
861,36.5169
862,31.416
863,26.8637
864,25.9021
865,24.6468
866,22.4882
867,22.5523
868,23.9665
869,30.402
870,34.3588
871,34.4183
872,33.4292
873,19.944
874,9.35221
875,9.40701
876,9.46062
877,4.50882
878,4.56005
879,8.12989
880,19.1875
881,24.722
882,24.7684
883,22.399
884,6.6969
885,1.31576
886,1.35718
887,1.95929
888,1.99818
889,0.710209
890,0.746537
891,2.68551
892,9.61023
893,17.7617
894,26.7263
895,34.7304
896,36.8936
897,36.9208
898,31.4559
899,13.1033
900,-0.572342
901,-0.550669
902,1.77493
903,6.44834
904,11.4679
905,19.1671
906,19.1819
907,18.3385
908,-1.41186
909,-1.4012
910,12.5251
911,12.533
912,5.84503
913,3.26309
914,3.26724
915,10.8715
916,26.4712
917,32.4822
918,32.4816
919,19.4152
920,13.9913
921,12.1822
922,12.1774
923,18.4081
924,24.1358
925,27.5511
926,29.7178
927,30.6291
928,30.6187
929,21.1472
930,9.21733
931,5.63061
932,3.29751
933,3.28317
934,3.69371
935,6.27167
936,10.4604
937,14.8221
938,15.924
939,15.9057
940,-0.375219
941,-0.39459
942,-0.245287
943,12.3088
944,13.3529
945,13.3317
946,11.8517
947,11.8298
948,13.5925
949,18.8676
950,18.8448
951,10.399
952,10.3758
953,10.9759
954,10.9524
955,5.02005
956,4.99644
957,11.4651
958,22.6369
959,23.6407
960,23.6172
961,16.5466
962,5.93739
963,5.91433
964,9.51392
965,9.4913
966,1.13818
967,1.11613
968,12.374
969,21.2724
970,21.9064
971,22.9811
972,25.6058
973,25.9103
974,25.8912
975,24.4337
976,22.0035
977,21.9861
978,26.7242
979,36.9167
980,36.9013
981,37.6555
982,37.6416
983,46.0571
984,55.4383
985,70.3458
986,79.5757
987,79.5659
988,79.557
989,88.2122
990,97.5681
991,111.082
992,127.896
993,135.677
994,140.134
995,155.13
996,179.224
997,199.25
998,215.508
999,232.349
1000,251.971
1001,262.522
1002,263.608
1003,263.615
1004,275.631
1005,275.64
1006,241.011
1007,202.362
1008,184.004
1009,171.321
1010,154.967
1011,135.501
1012,103.533
1013,72.6478
1014,55.6208
1015,51.2341
1016,41.7467
1017,28.6908
1018,19.025
1019,16.8134
1020,16.1338
1021,16.1587
1022,21.6375
1023,48.4022
1024,75.7124
1025,86.0476
1026,97.5853
1027,97.6145
1028,98.8664
1029,114.017
1030,122.713
1031,122.745
1032,98.3656
1033,86.2167
1034,79.0698
1035,74.3412
1036,74.0182
1037,72.2875
1038,65.0423
1039,56.6699
1040,43.6416
1041,31.2839
1042,25.7516
1043,19.6464
1044,6.24485
1045,-0.573968
1046,-0.538534
1047,7.12897
1048,9.88598
1049,9.92115
1050,7.11236
1051,0.583784
1052,0.618425
1053,1.27736
1054,1.3115
1055,-1.64166
1056,-1.60815
1057,20.9288
1058,22.5129
1059,22.5454
1060,14.2632
1061,13.4377
1062,13.4692
1063,17.4554
1064,17.4862
1065,11.5399
1066,6.6509
1067,6.68074
1068,13.4682
1069,19.4927
1070,19.5216
1071,16.1686
1072,4.67001
1073,4.69789
1074,8.74858
1075,14.5791
1076,22.089
1077,23.4816
1078,23.5078
1079,22.1426
1080,21.3961
1081,20.5873
1082,19.7673
1083,17.2372
1084,12.0262
1085,12.0501
1086,23.7839
1087,23.8072
1088,14.916
1089,13.1703
1090,13.1925
1091,34.185
1092,34.2065
1093,28.5838
1094,20.7225
1095,17.8051
1096,17.8251
1097,28.7202
1098,37.5547
1099,39.7555
1100,39.7739
1101,21.6607
1102,20.7461
1103,20.7634
1104,27.5744
1105,33.0144
1106,33.0304
1107,24.9396
1108,20.2889
1109,18.7486
1110,15.2737
1111,15.2874
1112,15.3199
1113,15.3326
1114,15.3448
1115,19.8498
1116,20.9689
1117,20.9795
1118,20.9897
1119,22.9257
1120,25.8961
1121,25.9045
1122,25.9124
1123,26.9291
1124,47.6924
1125,48.8461
1126,48.8515
1127,37.3016
1128,18.1034
1129,18.1069
1130,21.4124
1131,21.4145
1132,9.49876
1133,9.49948
1134,9.56229
1135,13.3639
1136,16.7161
1137,16.7138
1138,9.91274
1139,9.90887
1140,12.1948
1141,12.1893
1142,11.5378
1143,4.4077
1144,0.503341
1145,-2.02232
1146,-2.03222
1147,-0.049262
1148,11.7025
1149,20.1331
1150,20.1198
1151,13.1009
1152,12.0693
1153,12.0536
1154,19.9833
1155,30.9883
1156,35.1877
1157,35.1693
1158,26.5094
1159,13.7452
1160,13.33
1161,13.3092
1162,24.7758
1163,44.0909
1164,44.0685
1165,20.1662
1166,20.143
1167,31.4163
1168,31.3922
1169,22.6952
1170,19.8524
1171,19.8272
1172,25.1432
1173,29.4813
1174,33.3024
1175,37.3639
1176,37.3374
1177,37.0671
1178,37.0401
1179,42.4111
1180,42.3837
1181,40.3591
1182,32.2098
1183,24.7579
1184,17.2199
1185,15.8535
1186,15.8255
1187,27.5812
1188,27.5531
1189,26.1583
1190,8.88168
1191,8.85356
1192,11.5992
1193,23.6885
1194,23.6605
1195,21.2841
1196,5.50861
1197,5.48083
1198,18.7253
1199,18.6977
1200,13.5884
1201,13.5611
1202,27.7319
1203,31.0538
1204,31.1831
1205,31.0005
1206,31.1302
1207,36.4669
1208,51.2679
1209,51.2422
1210,47.3394
1211,47.3143
1212,46.3378
1213,46.3132
1214,39.8313
1215,39.8073
1216,50.8865
1217,50.8632
1218,32.1177
1219,32.095
1220,42.9437
1221,42.9216
1222,15.4292
1223,15.4078
1224,28.9153
1225,38.3763
1226,38.356
1227,30.1155
1228,17.2171
1229,17.1979
1230,31.1125
1231,31.0941
1232,14.8769
1233,13.1344
1234,13.1171
1235,23.8111
1236,23.7946
1237,20.7052
1238,2.37854
1239,2.30254
1240,2.28758
1241,16.9759
1242,25.5598
1243,27.4516
1244,27.4383
1245,27.4253
1246,29.3966
1247,29.3844
1248,26.8399
1249,20.9812
1250,20.9702
1251,24.0016
1252,34.3023
1253,34.2924
1254,24.8535
1255,18.6777
1256,18.669
1257,18.6607
1258,14.6811
1259,6.96369
1260,6.95652
1261,12.3831
1262,25.6999
1263,28.6151
1264,28.6094
1265,20.1455
1266,20.1405
1267,20.1358
1268,18.9631
1269,13.389
1270,12.9125
1271,12.9091
1272,15.3139
1273,19.4036
1274,32.5389
1275,32.5367
1276,30.5889
1277,24.3865
1278,24.3853
1279,27.5494
1280,27.5486
1281,18.7398
1282,18.7396
1283,18.7396
1284,8.54118
1285,-0.928741
1286,-0.928093
1287,2.12995
1288,17.045
1289,29.4124
1290,29.414
1291,26.9233
1292,26.9254
1293,30.969
1294,30.9716
1295,29.9673
1296,21.6231
1297,21.6267
1298,23.3939
1299,25.8189
1300,25.8234
1301,19.5315
1302,19.5366
1303,26.3757
1304,26.3815
1305,26.3877
1306,26.5247
1307,26.5316
1308,25.9401
1309,25.9477
1310,29.1642
1311,33.7256
1312,45.7144
1313,45.7236
1314,42.5792
1315,27.3766
1316,25.4104
1317,22.9651
1318,20.6833
1319,19.0383
1320,16.8562
1321,16.8687
1322,24.219
1323,27.8969
1324,27.9106
1325,22.3528
1326,15.5942
1327,14.8168
1328,14.8321
1329,14.8479
1330,14.7822
1331,14.7988
1332,20.5061
1333,26.537
1334,27.1448
1335,28.5033
1336,33.2213
1337,37.4386
1338,41.4911
1339,41.5109
1340,38.5997
1341,31.8828
1342,20.6957
1343,20.717
1344,23.1499
1345,23.172
1346,18.5977
1347,12.6611
1348,12.6843
1349,14.1821
1350,19.1948
1351,24.3238
1352,30.89
1353,30.9148
1354,26.0966
1355,23.6773
1356,23.7031
1357,27.8845
1358,32.5802
1359,32.6068
1360,22.1742
1361,22.2014
1362,35.8658
1363,40.7536
1364,40.7814
1365,34.8027
1366,25.6216
1367,25.6502
1368,26.12
1369,26.1489
1370,19.4735
1371,16.828
1372,16.8574
1373,18.1151
1374,19.5084
1375,19.5382
1376,17.2
1377,17.23
1378,22.8622
1379,41.7166
1380,54.4214
1381,54.4515
1382,39.853
1383,39.3307
1384,38.9575
1385,32.9923
1386,33.0224
1387,50.0609
1388,50.0909
1389,39.0846
1390,18.4837
1391,18.5134
1392,25.4053
1393,34.8064
1394,34.8355
1395,18.9359
1396,18.9647
1397,24.1494
1398,39.8214
1399,44.908
1400,44.9357
1401,36.2747
1402,36.3017
1403,39.6808
1404,39.707
1405,38.2542
1406,38.2796
1407,38.658
1408,38.6825
1409,36.5807
1410,32.2741
1411,32.297
1412,34.1031
1413,37.7347
1414,37.7558
1415,29.1982
1416,29.218
1417,53.4927
1418,53.511
1419,41.9257
1420,41.9424
1421,41.9584
1422,39.3339
1423,35.5073
1424,35.5207
1425,43.0076
1426,44.5376
1427,44.548
1428,24.4585
1429,24.4668
1430,29.4189
1431,44.269
1432,45.8046
1433,46.7228
1434,46.773
1435,46.7743
1436,35.1174
1437,35.1161
1438,30.2568
1439,27.1922
1440,-3.62405
1441,-3.63103
1442,11.8009
1443,24.6435
1444,33.2633
1445,33.2507
1446,31.2522
1447,31.2369
1448,46.0055
1449,50.9661
1450,50.9472
1451,41.5511
1452,37.8285
1453,37.8062
1454,49.027
1455,57.0363
1456,63.8135
1457,65.117
1458,65.0898
1459,56.9781
1460,49.8624
1461,47.8127
1462,47.7609
1463,47.4237
1464,46.4249
1465,46.3921
1466,52.1061
1467,59.7075
1468,59.6726
1469,51.7022
1470,45.5932
1471,45.5565
1472,54.911
1473,63.1689
1474,63.1306
1475,63.0917
1476,66.3592
1477,66.3194
1478,42.0439
1479,31.4512
1480,31.4102
1481,39.6852
1482,39.6434
1483,36.2938
1484,36.2514
1485,37.9004
1486,44.3566
1487,44.3132
1488,38.2002
1489,30.4864
1490,30.4424
1491,31.1813
1492,38.0471
1493,38.0024
1494,13.7181
1495,13.673
1496,12.8695
1497,9.27523
1498,9.22978
1499,22.4658
1500,43.4375
1501,43.3917
1502,34.1139
1503,29.0045
1504,24.4674
1505,24.4214
1506,29.7718
1507,48.6653
1508,48.6192
1509,46.1394
1510,46.0933
1511,46.5062
1512,46.4601
1513,37.1843
1514,35.174
1515,34.6973
1516,25.3155
1517,14.4549
1518,14.4091
1519,16.8881
1520,16.8442
1521,17.0221
1522,29.5656
1523,41.4247
1524,45.2156
1525,45.1703
1526,33.9551
1527,33.91
1528,44.1512
1529,44.1063
1530,44.8115
1531,44.7668
1532,44.7221
1533,41.8077
1534,17.0862
1535,17.0419
1536,23.3163
1537,23.2722
1538,13.278
1539,-1.12704
1540,-1.17082
1541,31.4545
1542,37.1899
1543,37.1466
1544,15.7382
1545,11.7481
1546,7.53944
1547,6.39483
1548,6.35255
1549,16.225
1550,31.0865
1551,49.6742
1552,52.5627
1553,52.522
1554,46.7001
1555,40.1501
1556,38.0164
1557,37.9773
1558,42.2814
1559,42.2433
1560,38.8479
1561,29.4243
1562,23.7628
1563,17.9046
1564,17.8691
1565,20.2327
1566,46.8764
1567,46.8426
1568,35.0246
1569,34.9919
1570,41.3981
1571,41.3667
1572,41.336
1573,57.4344
1574,68.7302
1575,68.7015
1576,63.2571
1577,60.2397
1578,55.5118
1579,55.4859
1580,58.8823
1581,70.3242
1582,80.0438
1583,83.9257
1584,83.9036
1585,76.0866
1586,67.0536
1587,67.0338
1588,68.8538
1589,73.5351
1590,75.4911
1591,78.9919
1592,85.4394
1593,85.4242
1594,65.1445
1595,65.1308
1596,72.4074
1597,75.2988
1598,77.3046
1599,88.4598
1600,88.4498
1601,83.554
1602,83.5455
1603,92.965
1604,92.9579
1605,86.4709
1606,79.9904
1607,74.2846
1608,74.2801
1609,53.8893
1610,53.8861
1611,59.0799
1612,59.0779
1613,59.0765
1614,67.9632
1615,74.4291
1616,74.4293
1617,69.4005
1618,62.8488
1619,60.8729
1620,58.2566
1621,56.0373
1622,44.0038
1623,44.0069
1624,58.0825
1625,68.5532
1626,68.5573
1627,60.984
1628,60.9886
1629,62.162
1630,62.167
1631,52.4978
1632,52.5031
1633,60.546
1634,60.5514
1635,42.9257
1636,42.9312
1637,45.1114
1638,45.1168
1639,32.7926
1640,32.7978
1641,36.3637
1642,36.5223
1643,36.5269
1644,40.1815
1645,46.1876
1646,57.7412
1647,57.7445
1648,49.1999
1649,49.2024
1650,49.2045
1651,48.8264
1652,42.8417
1653,42.068
1654,41.8624
1655,34.0321
1656,34.0305
1657,48.7635
1658,48.7604
1659,43.9961
1660,37.1096
1661,37.1039
1662,38.469
1663,40.6745
1664,40.6658
1665,32.269
1666,32.2581
1667,35.5847
1668,37.9277
1669,37.9132
1670,28.6893
1671,28.6721
1672,39.836
1673,48.6755
1674,48.654
1675,29.0325
1676,-0.643769
1677,-3.46906
1678,-3.497
1679,33.4159
1680,47.5707
1681,47.5378
1682,39.4737
1683,29.7155
1684,22.7496
1685,17.4262
1686,1.81032
1687,1.76825
1688,2.88364
1689,15.4613
1690,27.3773
1691,41.5116
1692,41.4626
1693,39.652
1694,9.10849
1695,9.05564
1696,12.7834
1697,21.107
1698,25.9987
1699,25.9411
1700,21.7757
1701,21.7158
1702,30.7543
1703,34.3023
1704,34.2391
1705,14.3055
1706,14.2403
1707,29.4682
1708,29.4011
1709,27.5002
1710,24.5054
1711,19.3272
1712,19.2564
1713,27.4499
1714,31.7442
1715,31.6708
1716,22.8059
1717,22.731
1718,29.8384
1719,29.762
1720,29.6848
1721,48.9963
1722,61.8736
1723,61.7944
1724,41.2688
1725,23.4221
1726,23.341
1727,23.2592
1728,21.5339
1729,15.8483
1730,15.7648
1731,15.6807
1732,19.7545
1733,23.2602
1734,46.3762
1735,58.6513
1736,65.2223
1737,65.1351
1738,60.7246
1739,50.1593
1740,37.7632
1741,16.4403
1742,16.351
1743,29.7215
1744,29.6314
1745,21.0457
1746,8.22567
1747,6.22871
1748,6.13704
1749,18.2806
1750,19.1974
1751,19.1047
1752,10.0275
1753,9.93413
1754,50.171
1755,50.077
1756,32.824
1757,32.7294
1758,41.9693
1759,56.4868
1760,56.3913
1761,34.9817
1762,25.1567
1763,25.0604
1764,51.093
1765,50.9962
1766,31.1292
1767,31.0319
1768,36.8808
1769,36.7831
1770,36.151
1771,36.0527
1772,35.9542
1773,25.053
1774,17.4172
1775,17.318
1776,20.9445
1777,22.9045
1778,23.7072
1779,23.7838
1780,34.6802
1781,34.5796
1782,23.9755
1783,5.48679
1784,5.38536
1785,11.5487
1786,24.134
1787,24.0318
1788,12.4489
1789,12.3462
1790,12.2432
1791,10.2354
1792,10.1318
1793,20.234
1794,20.1724
1795,20.8535
1796,20.7488
1797,20.6439
1798,15.4838
1799,15.3782
1800,16.1892
1801,16.0831
1802,7.42217
1803,-0.862856
1804,-0.970004
1805,2.42288
1806,17.1396
1807,38.2256
1808,40.8175
1809,40.7089
1810,25.9587
1811,8.38627
1812,8.16329
1813,8.05368
1814,17.1185
1815,24.4576
1816,24.3474
1817,21.8255
1818,19.6039
1819,19.4932
1820,44.089
1821,43.978
1822,39.6042
1823,30.1933
1824,30.0819
1825,43.2881
1826,43.1765
1827,18.1083
1828,17.9965
1829,37.5637
1830,37.4517
1831,37.3397
1832,38.1603
1833,38.0482
1834,35.1631
1835,27.6091
1836,25.1908
1837,25.0786
1838,24.9663
1839,23.6475
1840,18.6362
1841,18.3934
1842,16.774
1843,16.6616
1844,26.1341
1845,36.0494
1846,39.1908
1847,48.3749
1848,48.4775
1849,57.1075
