#wnum,raman
275,36.0848
276,36.0633
277,28.9808
278,22.1413
279,22.1198
280,24.4318
281,29.5026
282,43.4565
283,50.7673
284,50.7457
285,36.7633
286,24.5419
287,15.0522
288,15.0305
289,21.8343
290,43.4371
291,58.1092
292,58.0874
293,52.4015
294,51.5792
295,45.2535
296,39.8355
297,39.8134
298,39.7912
299,32.2438
300,21.9327
301,16.5537
302,12.4865
303,12.4637
304,20.4146
305,20.3915
306,11.7014
307,9.70741
308,9.68388
309,19.133
310,22.7725
311,22.7484
312,16.2214
313,10.4007
314,9.49987
315,9.47477
316,11.8948
317,11.8691
318,10.131
319,10.1048
320,11.7688
321,15.2056
322,17.2071
323,17.1795
324,9.45819
325,9.10561
326,9.0769
327,10.1115
328,10.082
329,5.84491
330,2.54494
331,-0.140084
332,-0.171409
333,0.0855958
334,6.55438
335,12.7713
336,16.1833
337,18.1302
338,19.3844
339,19.3495
340,15.4367
341,9.45026
342,9.41366
343,12.1394
344,12.1017
345,9.89317
346,7.43878
347,7.39913
348,13.0989
349,15.4767
350,15.4351
351,15.3928
352,17.8304
353,21.6474
354,21.603
355,13.3114
356,13.2655
357,17.7786
358,24.6434
359,24.5952
360,2.34597
361,-2.66478
362,-2.71543
363,10.5106
364,16.3191
365,20.9325
366,27.6103
367,32.7482
368,32.6933
369,32.6378
370,34.2794
371,36.3606
372,36.3036
373,23.435
374,9.16244
375,9.10423
376,12.6148
377,16.3419
378,16.2828
379,13.8877
380,13.8282
381,20.7245
382,24.2247
383,25.0266
384,24.9875
385,25.388
386,25.5559
387,25.8666
388,25.8071
389,22.9587
390,20.8278
391,20.7688
392,26.554
393,33.7042
394,33.646
395,25.5923
396,8.47461
397,8.41755
398,21.1329
399,21.0768
400,16.4302
401,13.7031
402,13.6485
403,35.3867
404,35.3333
405,34.7951
406,33.1187
407,33.0675
408,39.1949
409,40.7864
410,42.0691
411,44.0709
412,67.6251
413,76.745
414,76.6995
415,49.4063
416,49.3627
417,51.3327
418,56.5043
419,60.9052
420,69.742
421,80.3663
422,80.329
423,81.6448
424,84.8679
425,101.453
426,109.46
427,109.429
428,97.9503
429,97.9213
430,101.617
431,105.25
432,105.225
433,88.2763
434,74.2887
435,74.2674
436,85.8048
437,90.6625
438,90.6451
439,87.8939
440,87.8793
441,91.1264
442,91.4578
443,91.4471
444,75.4589
445,63.0378
446,62.2693
447,62.2641
448,74.5068
449,74.5043
450,65.7063
451,47.6537
452,47.0554
453,47.0583
454,52.1804
455,52.1859
456,49.2222
457,49.2304
458,54.2344
459,71.9378
460,71.9499
461,62.0216
462,47.3429
463,39.5046
464,39.0784
465,39.0968
466,39.1164
467,37.2792
468,29.6427
469,23.9998
470,22.1927
471,21.6494
472,18.6769
473,18.7049
474,25.256
475,36.9123
476,36.9436
477,36.0918
478,33.7882
479,33.8227
480,36.8818
481,36.9183
482,34.2287
483,21.7763
484,11.7705
485,11.811
486,27.6123
487,37.6607
488,37.9112
489,37.9554
490,46.4391
491,51.383
492,51.4297
493,28.0839
494,17.6346
495,17.6837
496,24.2691
497,24.3197
498,21.6737
499,21.375
500,19.0374
501,14.0588
502,2.63298
503,2.38151
504,2.43666
505,19.8376
506,23.1865
507,23.2432
508,22.3875
509,21.2133
510,18.8553
511,14.55
512,10.3011
513,10.3605
514,12.2295
515,12.2895
516,11.0125
517,10.2074
518,10.2683
519,18.1142
520,18.5931
521,18.6546
522,9.89055
523,9.95234
524,10.0735
525,10.1355
526,8.286
527,7.83772
528,5.48044
529,5.5425
530,27.0852
531,42.6835
532,42.7453
533,20.818
534,7.9812
535,0.273266
536,-1.35525
537,-1.29429
538,5.46649
539,10.4788
540,14.6592
541,23.4872
542,26.3037
543,26.3632
544,23.2225
545,17.9754
546,15.6484
547,15.3686
548,12.4034
549,2.00768
550,2.06539
551,8.65647
552,15.9582
553,16.0151
554,5.69329
555,5.74966
556,9.12287
557,9.17869
558,3.55852
559,-0.372372
560,-0.317417
561,18.4228
562,29.7202
563,37.1559
564,48.3885
565,48.4421
566,43.6375
567,26.5895
568,10.8964
569,10.9489
570,13.95
571,14.002
572,10.2543
573,10.3057
574,14.1534
575,25.666
576,25.7166
577,18.5714
578,17.9054
579,16.6173
580,16.6668
581,26.9036
582,42.9971
583,43.0459
584,37.7855
585,28.7457
586,21.2802
587,14.3898
588,11.7652
589,11.8123
590,18.2694
591,29.8557
592,29.9019
593,17.8901
594,17.9356
595,22.1014
596,22.4239
597,22.4686
598,6.2371
599,5.72853
600,5.77222
601,9.40533
602,20.2265
603,29.9185
604,31.1788
605,31.2207
606,21.991
607,7.32867
608,7.36951
609,16.4504
610,19.8467
611,19.8864
612,16.4297
613,16.4685
614,22.7943
615,22.8323
616,13.5529
617,7.62688
618,-0.07241
619,-0.0361996
620,5.97381
621,27.5826
622,27.6174
623,12.1569
624,11.9596
625,11.9929
626,18.8652
627,22.6258
628,26.1535
629,35.9934
630,47.2661
631,47.2961
632,40.181
633,34.0433
634,27.1924
635,18.5438
636,16.3754
637,16.0011
638,11.544
639,-0.774833
640,-0.750295
641,3.49377
642,9.02256
643,9.04511
644,6.08143
645,6.10268
646,13.1347
647,21.2956
648,26.7981
649,26.8167
650,22.3962
651,16.9512
652,8.24157
653,0.959662
654,0.975165
655,9.48459
656,12.5784
657,12.5921
658,11.7422
659,7.56678
660,2.21933
661,2.23046
662,3.93223
663,16.1468
664,39.16
665,39.1686
666,31.2379
667,19.66
668,19.6668
669,28.0024
670,28.0079
671,20.2505
672,15.5087
673,13.7687
674,13.2682
675,13.2707
676,13.6221
677,24.8705
678,32.0972
679,32.0971
680,13.9469
681,13.9455
682,19.3071
683,20.7348
684,20.7316
685,20.7276
686,28.7932
687,47.5847
688,47.5788
689,25.5011
690,25.4938
691,37.2681
692,51.8284
693,51.8191
694,47.5932
695,35.8438
696,22.1061
697,22.0939
698,27.6702
699,27.6565
700,22.4832
701,8.7063
702,8.68724
703,8.67053
704,11.2043
705,15.5394
706,22.9787
707,33.0036
708,37.6789
709,37.6573
710,35.6073
711,24.0145
712,23.9903
713,24.8093
714,46.9123
715,46.8855
716,43.128
717,35.6781
718,34.8668
719,32.2346
720,29.2572
721,22.8993
722,21.3233
723,21.089
724,18.8434
725,13.4823
726,13.4445
727,17.2937
728,17.2538
729,11.0265
730,10.9844
731,14.9465
732,37.5036
733,53.3
734,60.2925
735,60.2444
736,30.6573
737,21.9223
738,21.8704
739,31.0437
740,30.9892
741,19.1616
742,10.6815
743,9.21304
744,9.15312
745,22.0564
746,30.3983
747,33.2344
748,36.0373
749,38.411
750,38.3423
751,22.751
752,-2.95859
753,-3.03201
754,17.1737
755,24.5188
756,24.4408
757,17.2004
758,17.1194
759,18.246
760,20.6917
761,23.8398
762,26.3706
763,27.6274
764,29.9445
765,38.4878
766,38.3966
767,36.4017
768,25.2139
769,25.1195
770,24.6856
771,24.5892
772,18.3372
773,18.2389
774,24.7213
775,24.6212
776,20.9544
777,20.0354
778,19.933
779,31.6617
780,41.2044
781,41.0998
782,40.2821
783,16.4033
784,16.2969
785,24.3488
786,28.2986
787,28.1906
788,15.1078
789,14.9989
790,19.9252
791,19.8155
792,13.8472
793,13.7369
794,30.8486
795,30.7376
796,22.5258
797,14.5114
798,14.3998
799,28.2159
800,28.104
801,25.9415
802,22.1762
803,21.6957
804,21.5834
805,11.829
806,3.21587
807,-1.46674
808,-1.57886
809,6.44138
810,16.6672
811,16.5555
812,16.4441
813,22.0666
814,30.716
815,34.8171
816,38.8546
817,38.7453
818,37.3446
819,32.9122
820,27.5266
821,19.3113
822,19.2055
823,20.2618
824,20.1576
825,14.5451
826,14.443
827,31.9053
828,31.8052
829,30.7295
830,17.8425
831,17.7461
832,24.1891
833,44.1953
834,72.6572
835,72.5663
836,54.2415
837,37.369
838,34.0724
839,33.9877
840,47.3069
841,47.2255
842,36.5454
843,7.58727
844,7.5114
845,24.3158
846,24.2438
847,10.1376
848,8.45808
849,8.39215
850,16.0214
851,24.9454
852,33.1211
853,33.0639
854,33.009
855,33.2601
856,46.4835
857,51.2848
858,51.8811
859,59.1215
860,71.784
861,81.8736
862,93.3307
863,93.2983
864,88.0306
865,88.0036
866,109.851
867,167.22
868,197.897
869,198.216
870,200.312
871,218.97
872,240.212
873,276.605
874,320.19
875,373.176
876,422.525
877,467.513
878,528.184
879,594.571
880,635.869
881,673.621
882,699.561
883,699.588
884,696.673
885,690.588
886,660.098
887,616.304
888,575.468
889,536.053
890,476.761
891,421.85
892,394.813
893,367.62
894,323.514
895,277.605
896,237.266
897,197.787
898,160.708
899,148.045
900,145.752
901,137.434
902,113.838
903,93.5029
904,92.5332
905,92.6081
906,92.684
907,89.9391
908,55.3771
909,40.0932
910,40.1725
911,49.6549
912,69.7811
913,69.8617
914,42.0262
915,8.5989
916,4.85499
917,4.93566
918,19.0168
919,51.2288
920,51.3083
921,38.3533
922,38.4315
923,45.4493
924,45.5257
925,31.4515
926,24.6589
927,24.7316
928,44.926
929,44.9958
930,43.552
931,35.9055
932,24.4149
933,24.4772
934,24.3659
935,23.7865
936,23.842
937,33.3625
938,42.6781
939,44.5025
940,45.4132
941,45.4548
942,44.0157
943,37.989
944,38.0207
945,50.5182
946,50.5427
947,32.3678
948,22.7042
949,17.9863
950,5.98622
951,-10.669
952,-10.6691
953,6.73005
954,6.72117
955,0.983486
956,0.966159
957,1.24518
958,23.9861
959,24.0179
960,23.9846
961,23.9477
962,28.3616
963,28.3174
964,29.2058
965,29.1546
966,39.7955
967,46.9821
968,46.9211
969,46.6806
970,34.0535
971,26.4134
972,16.3694
973,12.3002
974,12.2219
975,31.4523
976,31.3689
977,26.9045
978,22.2574
979,22.1669
980,26.8921
981,33.0961
982,32.9991
983,21.9767
984,21.876
985,26.975
986,26.8707
987,21.9096
988,21.802
989,30.9527
990,48.3137
991,48.2018
992,45.5359
993,45.4216
994,59.3353
995,59.2187
996,37.078
997,19.7763
998,12.4991
999,12.3791
1000,23.5244
1001,33.85
1002,45.3706
1003,45.2482
1004,18.9739
1005,11.1887
1006,11.0653
1007,21.3467
1008,21.223
1009,13.6729
1010,13.5492
1011,17.0509
1012,30.2084
1013,33.2208
1014,33.0978
1015,20.4746
1016,16.5825
1017,16.2103
1018,16.0892
1019,23.1264
1020,23.0067
1021,18.3467
1022,18.2286
1023,28.4221
1024,46.1953
1025,46.0801
1026,36.2458
1027,36.1328
1028,36.6442
1029,54.0699
1030,75.5758
1031,76.8484
1032,76.7423
1033,76.2194
1034,76.1165
1035,80.0348
1036,86.56
1037,101.367
1038,113.293
1039,119.512
1040,120.006
1041,129.856
1042,153.361
1043,153.276
1044,151.945
1045,151.864
1046,158.403
1047,194.649
1048,207.854
1049,207.782
1050,206.314
1051,201.347
1052,201.283
1053,214.288
1054,214.229
1055,192.15
1056,183.932
1057,183.88
1058,183.832
1059,168.101
1060,147.527
1061,142.21
1062,140.837
1063,122.504
1064,120.397
1065,116.358
1066,113.081
1067,97.9277
1068,88.3794
1069,83.4633
1070,83.4488
1071,111.596
1072,130.902
1073,130.897
1074,104.014
1075,100.153
1076,94.8252
1077,91.7532
1078,91.7622
1079,113.54
1080,113.555
1081,112.916
1082,89.1945
1083,89.2181
1084,97.1784
1085,100.971
1086,101.003
1087,97.2344
1088,97.2725
1089,109.197
1090,151.884
1091,187.279
1092,187.328
1093,184.54
1094,184.595
1095,210.038
1096,210.099
1097,207.794
1098,188.568
1099,175.583
1100,162.729
1101,142.945
1102,123.828
1103,111.321
1104,101.621
1105,84.6841
1106,65.9564
1107,66.0454
1108,66.6073
1109,97.4277
1110,97.5237
1111,80.5176
1112,80.618
1113,104.452
1114,104.557
1115,93.3928
1116,84.0591
1117,75.7454
1118,63.2652
1119,63.3798
1120,74.3856
1121,74.5037
1122,43.8843
1123,44.0058
1124,49.2647
1125,49.3894
1126,51.7616
1127,52.8618
1128,54.4735
1129,56.2886
1130,58.6375
1131,58.7704
1132,36.8511
1133,36.9863
1134,46.8884
1135,47.0257
1136,33.2768
1137,26.3811
1138,23.9947
1139,13.2036
1140,13.3451
1141,17.0983
1142,26.1574
1143,30.2085
1144,30.3522
1145,25.488
1146,23.5345
1147,23.3552
1148,15.7577
1149,3.44746
1150,0.622107
1151,0.767426
1152,7.10803
1153,7.25326
1154,3.20005
1155,-0.580593
1156,-0.435974
1157,15.1387
1158,24.3397
1159,26.7511
1160,26.8941
1161,16.1331
1162,4.96263
1163,-1.70981
1164,-1.56921
1165,3.65967
1166,12.6219
1167,19.3337
1168,19.4713
1169,9.28821
1170,6.25326
1171,5.61762
1172,5.22383
1173,5.35719
1174,14.8154
1175,40.8065
1176,40.9371
1177,24.6406
1178,18.8475
1179,18.9751
1180,19.1017
1181,7.95006
1182,8.07448
1183,12.4089
1184,29.7045
1185,29.8255
1186,27.7601
1187,27.8788
1188,27.9962
1189,20.8578
1190,14.3412
1191,14.4548
1192,21.2835
1193,26.3458
1194,26.4554
1195,22.0932
1196,22.2
1197,23.5064
1198,23.6103
1199,21.1086
1200,21.2094
1201,21.9455
1202,22.0432
1203,20.0516
1204,-2.53175
1205,-2.439
1206,3.716
1207,10.649
1208,14.5937
1209,25.8567
1210,44.5338
1211,44.6169
1212,33.2895
1213,31.0105
1214,31.089
1215,35.1413
1216,35.2169
1217,33.2192
1218,0.926177
1219,0.99751
1220,11.2647
1221,11.3333
1222,0.0333212
1223,0.0992364
1224,17.2806
1225,17.3439
1226,10.6717
1227,10.7325
1228,23.4347
1229,23.493
1230,15.7933
1231,15.8493
1232,33.0282
1233,33.5938
1234,33.6463
1235,14.9231
1236,7.43471
1237,7.4839
1238,22.6191
1239,41.3346
1240,45.0204
1241,45.0654
1242,32.6301
1243,15.4591
1244,15.5011
1245,20.4363
1246,25.7778
1247,25.817
1248,21.4049
1249,21.4422
1250,36.5981
1251,50.2795
1252,50.3141
1253,37.7779
1254,37.8108
1255,37.8429
1256,37.6021
1257,34.9066
1258,33.5105
1259,33.5392
1260,48.1195
1261,57.3392
1262,57.3656
1263,46.1888
1264,42.3073
1265,39.498
1266,38.6856
1267,38.7082
1268,60.6538
1269,86.5646
1270,98.0124
1271,98.0321
1272,92.941
1273,76.8801
1274,69.7967
1275,69.8134
1276,90.6819
1277,120.181
1278,120.196
1279,112.488
1280,112.501
1281,112.513
1282,89.4524
1283,62.1706
1284,62.1806
1285,68.9144
1286,68.9228
1287,64.6988
1288,64.7056
1289,64.7115
1290,58.0921
1291,46.5956
1292,39.62
1293,39.6225
1294,45.9708
1295,60.0656
1296,60.0653
1297,52.9952
1298,29.2389
1299,19.3474
1300,19.3431
1301,39.573
1302,39.5667
1303,39.5593
1304,42.0874
1305,46.3449
1306,46.3342
1307,36.0208
1308,36.0078
1309,35.9936
1310,19.7096
1311,9.01558
1312,8.9977
1313,20.4997
1314,27.9124
1315,31.8363
1316,31.8132
1317,31.7887
1318,34.4528
1319,44.6086
1320,45.0671
1321,45.0369
1322,32.4284
1323,25.597
1324,25.5622
1325,25.5259
1326,20.2247
1327,20.1851
1328,38.0093
1329,42.5109
1330,42.4663
1331,21.8043
1332,1.36077
1333,1.31089
1334,26.5788
1335,30.1987
1336,30.1432
1337,24.8455
1338,24.7863
1339,24.725
1340,13.1337
1341,13.0685
1342,21.8487
1343,45.7276
1344,45.6561
1345,38.9513
1346,15.8061
1347,7.18958
1348,7.10928
1349,13.6535
1350,21.6589
1351,26.0964
1352,26.9363
1353,30.496
1354,34.3241
1355,36.4006
1356,38.0487
1357,37.9467
1358,-6.23503
1359,-6.34223
1360,16.0459
1361,18.0488
1362,18.0567
1363,17.9397
1364,37.8517
1365,56.8068
1366,69.8404
1367,69.715
1368,44.6338
1369,27.9415
1370,19.9219
1371,19.7895
1372,33.4374
1373,33.3021
1374,29.7825
1375,29.6446
1376,29.5055
1377,25.1966
1378,25.0555
1379,35.8632
1380,59.8568
1381,64.4938
1382,64.3494
1383,43.8545
1384,26.444
1385,26.2981
1386,48.2342
1387,48.0877
1388,47.941
1389,54.9357
1390,73.5295
1391,96.577
1392,96.4304
1393,82.944
1394,53.006
1395,45.1148
1396,44.9695
1397,50.1938
1398,50.0496
1399,46.0306
1400,34.8002
1401,34.4764
1402,34.3352
1403,36.7551
1404,36.616
1405,38.1998
1406,38.0629
1407,45.1541
1408,46.6528
1409,50.366
1410,62.9776
1411,81.4704
1412,98.4441
1413,101.543
1414,101.418
1415,92.2523
1416,91.5131
1417,86.8648
1418,70.3176
1419,41.7508
1420,41.6373
1421,83.9616
1422,110.9
1423,110.793
1424,103.854
1425,89.9709
1426,86.0005
1427,85.9033
1428,87.4464
1429,93.9235
1430,125.501
1431,149.161
1432,156.141
1433,156.06
1434,134.548
1435,115.548
1436,115.476
1437,116.51
1438,117.043
1439,124.696
1440,147.868
1441,153.859
1442,159.012
1443,158.962
1444,184.025
1445,195.078
1446,206.255
1447,225.352
1448,255.538
1449,261.042
1450,261.015
1451,260.992
1452,259.86
1453,256.639
1454,246.792
1455,246.782
1456,246.775
1457,241.49
1458,212.226
1459,212.23
1460,219.532
1461,236.585
1462,236.6
1463,215.371
1464,174.111
1465,174.136
1466,189.3
1467,193.403
1468,193.438
1469,169.62
1470,152.207
1471,151.243
1472,152.301
1473,158.18
1474,158.235
1475,148.152
1476,146.331
1477,145.416
1478,136.606
1479,136.677
1480,135.15
1481,135.227
1482,124.362
1483,115.724
1484,114.868
1485,114.38
1486,114.471
1487,118.53
1488,142.4
1489,142.499
1490,108.388
1491,90.8192
1492,90.9257
1493,100.692
1494,100.803
1495,94.1322
1496,71.1515
1497,55.3078
1498,55.4278
1499,56.3185
1500,73.7763
1501,90.2671
1502,90.395
1503,74.8804
1504,67.3406
1505,67.4737
1506,71.7975
1507,71.9337
1508,62.0284
1509,49.2049
1510,47.9548
1511,48.0966
1512,52.166
1513,66.717
1514,66.8622
1515,59.7653
1516,40.4461
1517,27.4345
1518,22.5005
1519,22.6499
1520,54.1075
1521,54.2582
1522,50.2503
1523,27.7187
1524,27.8706
1525,57.4008
1526,61.2939
1527,61.4464
1528,61.5989
1529,65.9838
1530,66.1361
1531,63.0098
1532,56.3995
1533,38.8017
1534,32.4307
1535,32.5813
1536,49.7052
1537,49.8545
1538,47.9661
1539,48.1138
1540,53.5021
1541,53.6479
1542,53.7926
1543,73.4501
1544,87.8166
1545,87.9575
1546,65.1604
1547,26.5021
1548,26.6385
1549,37.1347
1550,46.6121
1551,46.7431
1552,45.0751
1553,45.2022
1554,67.5225
1555,67.6453
1556,43.108
1557,43.226
1558,51.9246
1559,52.0375
1560,21.8318
1561,10.6921
1562,2.06126
1563,-5.56564
1564,-5.46711
1565,7.36098
1566,31.4504
1567,43.9417
1568,53.5352
1569,53.6184
1570,41.3477
1571,41.4249
1572,39.4646
1573,20.9454
1574,21.0136
1575,53.4803
1576,62.5374
1577,62.5967
1578,55.3964
1579,54.8102
1580,51.1039
1581,48.5923
1582,51.1966
1583,52.8107
1584,70.5808
1585,70.6171
1586,58.4761
1587,58.5067
1588,58.7341
1589,64.1136
1590,64.1357
1591,60.344
1592,60.3605
1593,59.6007
1594,57.8969
1595,45.531
1596,42.8098
1597,42.8122
1598,43.1703
1599,43.1671
1600,32.2089
1601,32.2001
1602,60.7433
1603,60.7288
1604,30.2507
1605,30.2306
1606,41.2187
1607,71.8636
1608,71.8349
1609,37.4072
1610,20.1242
1611,20.087
1612,26.2283
1613,56.3821
1614,60.3971
1615,76.2319
1616,90.985
1617,90.9305
1618,64.8469
1619,58.3444
1620,36.7304
1621,36.6643
1622,36.7864
1623,51.2728
1624,57.9816
1625,57.9036
1626,57.8226
1627,74.4025
1628,74.3154
1629,66.138
1630,66.0449
1631,66.9435
1632,90.7599
1633,90.6575
1634,86.8504
1635,57.1692
1636,57.0573
1637,57.0514
1638,56.9331
1639,56.8115
1640,63.9568
1641,65.9812
1642,65.8497
1643,65.7149
1644,83.1625
1645,100.868
1646,100.723
1647,66.1174
1648,65.791
1649,65.6355
1650,65.4765
1651,54.1167
1652,53.9505
1653,64.1402
1654,90.1406
1655,89.9634
1656,76.1928
1657,44.8155
1658,44.627
1659,101.157
1660,100.961
1661,53.0198
1662,52.8157
1663,52.6076
1664,53.5663
1665,53.35
1666,53.1296
1667,56.6069
1668,57.0793
1669,76.6908
1670,87.7751
1671,88.4757
1672,87.2873
1673,58.5437
1674,32.3561
1675,32.0966
1676,36.0145
1677,49.4199
1678,55.5419
1679,60.0337
1680,73.4515
1681,76.8137
1682,76.5211
1683,49.8375
1684,24.844
1685,24.5365
1686,46.8187
1687,70.0033
1688,71.4862
1689,79.8
1690,79.4665
1691,45.1019
1692,-6.39864
1693,-6.74836
1694,42.8573
1695,73.9393
1696,88.9106
1697,88.5394
1698,80.7686
1699,40.8802
1700,40.4937
1701,59.4004
1702,59.0041
1703,40.2161
1704,39.8102
1705,47.4035
1706,46.9883
1707,46.5685
1708,48.7966
1709,48.3679
1710,6.53546
1711,6.09812
1712,28.3902
1713,43.227
1714,51.4739
1715,69.5184
1716,69.0606
1717,67.2287
1718,66.7631
1719,65.3671
1720,64.894
1721,50.2267
1722,49.7463
1723,63.4659
1724,81.4309
1725,81.9858
1726,81.4916
1727,56.4934
1728,26.4734
1729,25.9694
1730,58.635
1731,58.1248
1732,23.4944
1733,22.9781
1734,58.1558
1735,72.2271
1736,71.7022
1737,57.2045
1738,38.3076
1739,37.7745
1740,48.9273
1741,91.7041
1742,91.1632
1743,78.0117
1744,50.7856
1745,40.6005
1746,40.05
1747,39.4972
1748,25.9023
1749,21.5991
1750,21.0396
1751,20.4781
1752,20.4889
1753,30.2535
1754,69.3589
1755,68.7893
1756,69.2485
1757,70.3627
1758,69.7875
1759,32.6721
1760,32.0934
1761,59.2068
1762,66.9503
1763,66.3666
1764,12.988
1765,1.37879
1766,0.790445
1767,11.5265
1768,15.0648
1769,14.4721
1770,45.014
1771,69.3189
1772,73.0829
1773,72.485
1774,62.3946
1775,61.7943
1776,61.1928
1777,48.1069
1778,47.5032
1779,45.7172
1780,44.192
1781,20.3159
1782,19.7082
1783,33.4783
1784,70.0631
1785,83.9876
1786,86.7729
1787,86.1608
1788,102.177
1789,107.309
1790,106.695
1791,61.1026
1792,33.5
1793,32.8835
1794,32.2663
1795,22.016
1796,7.84187
1797,7.22291
1798,45.2663
1799,71.2599
1800,70.6393
1801,58.8599
1802,58.2383
1803,57.6163
1804,57.2685
1805,60.3724
1806,74.4324
1807,73.8087
1808,52.5952
1809,50.671
1810,44.899
1811,36.8595
1812,24.7412
1813,12.5112
1814,0.454362
1815,-0.172004
1816,5.42043
1817,27.4361
1818,30.5235
1819,29.8961
1820,45.271
1821,44.6432
1822,10.2735
1823,9.64538
1824,51.4648
1825,50.8363
1826,50.2077
1827,84.8891
1828,84.2602
1829,39.6123
1830,33.5121
1831,32.8829
1832,65.0198
1833,64.3905
1834,43.1109
1835,16.417
1836,15.7875
1837,45.0555
1838,44.4259
1839,26.9573
1840,26.3276
1841,41.9887
1842,41.359
1843,3.51418
1844,2.88445
1845,88.0928
1846,87.4631
1847,67.408
1848,61.7097
1849,61.08
