187.964	130.222
190.563	132.667
193.16	131.778
195.757	128.444
198.354	128
200.948	124.889
203.543	124.889
206.136	123.556
208.729	124.222
211.321	117.778
213.912	114.889
216.502	118.667
219.09	119.556
221.679	127.778
224.266	126.222
226.853	128.444
229.438	131.333
232.023	137.333
234.607	132
237.19	134.667
239.772	140.444
242.352	149.333
244.934	157.333
247.512	158.222
250.092	167.556
252.669	175.111
255.247	193.556
257.822	205.556
260.397	216.667
262.972	245.556
265.545	267.111
268.117	316
270.69	380
273.26	483.333
275.829	702.222
278.4	1132.44
280.967	1953.78
283.534	2936.89
286.102	3296
288.667	2550
291.231	1480.89
293.795	847.111
296.359	573.556
298.921	426.889
301.482	333.111
304.042	287.778
306.603	262.444
309.161	221.333
311.719	205.111
314.276	183.111
316.832	172.667
319.388	163.778
321.942	158.667
324.496	142.444
327.048	136.222
329.6	129.778
332.151	122.889
334.701	119.556
337.252	114
339.8	114.222
342.347	110
344.894	104.667
347.44	98.8889
349.985	99.3333
352.529	99.1111
355.072	97.1111
357.615	99.7778
360.156	94.6667
362.697	98.2222
365.237	98
367.776	91.1111
370.315	87.7778
372.852	91.1111
375.389	91.7778
377.925	85.3333
380.46	89.5556
382.994	88.2222
385.527	83.5556
388.059	86
390.591	81.3333
393.122	84.6667
395.65	85.3333
398.18	85.7778
400.708	85.1111
403.235	86.6667
405.762	87.3333
408.288	84.8889
410.813	84.2222
413.335	87.5556
415.859	91.7778
418.381	93.7778
420.903	94
423.424	84.6667
425.942	86.4444
428.462	82.8889
430.98	82.6667
433.498	84.4444
436.013	81.5556
438.529	84
441.044	81.3333
443.558	81.7778
446.07	88.2222
448.583	82.2222
451.095	84.8889
453.604	87.3333
456.114	82
458.624	83.1111
461.131	80.8889
463.638	81.5556
466.145	84.4444
468.65	85.1111
471.155	81.5556
473.659	83.1111
476.162	81.3333
478.664	84.8889
481.165	84.4444
483.666	79.1111
486.165	86.2222
488.664	83.5556
491.162	81.7778
493.66	84.8889
496.155	86.6667
498.651	88.2222
501.145	80.6667
503.64	87.5556
506.132	86
508.625	84.6667
511.116	84.4444
513.608	82.4444
516.097	80
518.586	85.3333
521.074	82.6667
523.562	82.8889
526.048	83.7778
528.533	84.6667
531.019	88
533.502	83.7778
535.985	80
538.468	90.2222
540.949	81.7778
543.43	84
545.91	82.4444
548.389	84
550.867	85.7778
553.345	88.4444
555.821	89.3333
558.297	85.7778
560.771	86.4444
563.247	91.5556
565.72	93.3333
568.192	97.1111
570.663	92.2222
573.135	95.1111
575.605	94.6667
578.074	95.1111
580.542	93.1111
583.01	88.6667
585.478	86.8889
587.943	89.3333
590.408	88.6667
592.873	89.7778
595.336	90.4444
597.799	90
600.26	86.2222
602.721	86.8889
605.183	88.8889
607.643	91.5556
610.101	89.1111
612.559	95.7778
615.016	94.2222
617.472	91.1111
619.928	96.2222
622.382	97.5556
624.836	96.8889
627.289	100.667
629.741	95.5556
632.193	100.889
634.644	100.667
637.093	105.556
639.543	106.222
641.991	105.778
644.438	108.889
646.885	114.222
649.33	112.889
651.775	120.889
654.219	121.556
656.663	121.111
659.105	125.333
661.547	129.333
663.989	136.667
666.429	140.889
668.867	148.667
671.306	157.333
673.744	172.667
676.181	194.444
678.618	211.556
681.052	248.889
683.487	300.222
685.921	379.778
688.355	479.778
690.786	606.889
693.218	899.555
695.649	1496.22
698.079	2686.89
700.507	4305.56
702.935	5212.67
705.363	4768.67
707.789	3334.22
710.215	1945.78
712.641	1134
715.064	749.111
717.488	572
719.91	493.111
722.333	456.667
724.754	450.889
727.174	449.556
729.594	482.667
732.012	505.556
734.43	560.667
736.848	601.333
739.263	638.222
741.68	645.778
744.094	605.333
746.508	562.444
748.921	504
751.334	454.889
753.745	385.778
756.157	339.111
758.566	296.444
760.975	265.333
763.384	242
765.791	222.444
768.199	200.889
770.604	191.556
773.01	175.556
775.414	170.667
777.818	161.111
780.221	158.889
782.623	152.444
785.024	150.444
787.426	138.889
789.825	133.556
792.224	135.111
794.623	130.889
797.02	128.222
799.416	119.333
801.812	126
804.208	119.111
806.602	119.778
808.996	111.111
811.388	113.333
813.781	112.889
816.172	105.333
818.562	106.889
820.952	105.333
823.341	109.111
825.73	103.333
828.117	104.222
830.503	98
832.889	104.667
835.274	100.222
837.658	104.667
840.042	99.3333
842.424	103.556
844.807	100.667
847.188	101.556
849.569	96.4444
851.948	98.2222
854.327	99.1111
856.705	102.889
859.083	98.2222
861.459	102.222
863.835	103.778
866.21	97.3333
868.584	98.6667
870.958	98.4444
873.331	104
875.703	100.444
878.074	103.333
880.445	104.889
882.814	107.333
885.182	106.889
887.55	110.889
889.918	111.556
892.284	117.556
894.651	116.222
897.016	122.889
899.38	116.444
901.744	118.444
904.106	110.222
906.468	102.667
908.829	104.889
911.19	100.889
913.55	100.889
915.908	97.1111
918.267	100.667
920.624	101.333
922.982	98
925.336	97.3333
927.692	93.5556
930.047	93.7778
932.399	96
934.753	96.2222
937.105	91.7778
939.456	98
941.807	93.5556
944.157	98.2222
946.505	96.2222
948.854	94.6667
951.202	95.7778
953.548	94
955.895	90.4444
958.24	92.6667
960.585	91.1111
962.929	94.2222
965.271	92.6667
967.614	93.7778
969.955	95.7778
972.296	92.8889
974.636	95.3333
976.976	89.1111
979.314	97.5556
981.652	96.8889
983.989	104.222
986.326	99.3333
988.66	94
990.995	98.6667
993.329	98.4444
995.662	94
997.995	93.7778
1000.33	92.2222
1002.66	95.7778
1004.99	90
1007.32	90.8889
1009.65	90.4444
1011.97	91.7778
1014.3	90.6667
1016.63	93.1111
1018.95	97.1111
1021.28	91.5556
1023.6	94
1025.93	88.8889
1028.25	94.8889
1030.57	93.7778
1032.89	92.6667
1035.21	95.3333
1037.53	87.7778
1039.85	94.2222
1042.17	94.8889
1044.49	93.3333
1046.81	94.6667
1049.12	95.5556
1051.44	92.8889
1053.75	96.6667
1056.07	92.6667
1058.38	96.2222
1060.69	93.1111
1063	96
1065.31	97.1111
1067.62	99.7778
1069.93	93.7778
1072.24	96.8889
1074.55	96.8889
1076.86	93.5556
1079.16	93.1111
1081.47	96.2222
1083.77	95.1111
1086.08	92
1088.38	96.4444
1090.69	96.2222
1092.99	96.8889
1095.29	97.5555
1097.59	97.5556
1099.89	96.4445
1102.19	103.556
1104.49	105.111
1106.78	104.222
1109.08	99.7778
1111.38	103.778
1113.67	105.778
1115.97	104.667
1118.26	104.222
1120.55	110.444
1122.85	116.667
1125.14	115.556
1127.43	108.222
1129.72	117.778
1132.01	123.556
1134.3	128
1136.59	128.444
1138.87	131.778
1141.16	143.333
1143.45	148.444
1145.73	169.111
1148.02	187.556
1150.3	214
1152.59	248
1154.87	270
1157.15	261.778
1159.43	243.778
1161.71	216.444
1163.99	190.222
1166.27	170.222
1168.55	158
1170.82	149.556
1173.1	137.778
1175.38	136.444
1177.65	130
1179.93	128.444
1182.2	122.889
1184.47	119.778
1186.74	116.667
1189.02	120.444
1191.29	114.667
1193.56	112.444
1195.83	118.667
1198.09	112.889
1200.36	114.889
1202.63	117.556
1204.9	108.667
1207.16	105.556
1209.43	110.222
1211.69	107.556
1213.95	109.333
1216.22	108.222
1218.48	108
1220.74	112.222
1223	110
1225.26	106.889
1227.52	108.222
1229.78	105.556
1232.04	107.333
1234.29	105.556
1236.55	108.222
1238.81	109.111
1241.06	107.111
1243.32	110
1245.57	109.556
1247.82	112.222
1250.08	114.444
1252.33	113.111
1254.58	115.778
1256.83	120.667
1259.08	119.333
1261.32	122.889
1263.57	130.444
1265.82	129.333
1268.07	130.889
1270.31	127.556
1272.56	123.556
1274.8	112.889
1277.05	113.778
1279.29	112.667
1281.53	110.444
1283.77	110.444
1286.01	114.444
1288.25	112.667
1290.49	116.444
1292.73	110.889
1294.97	113.111
1297.21	110
1299.44	108.444
1301.68	111.111
1303.92	112.444
1306.15	108.444
1308.38	113.111
1310.62	110.222
1312.85	108.444
1315.08	109.556
1317.31	108.667
1319.54	106.222
1321.77	107.333
1324	112
1326.23	110.889
1328.46	110.889
1330.68	119.111
1332.91	109.111
1335.13	108.889
1337.36	108.222
1339.58	116.222
1341.81	113.111
1344.03	117.333
1346.25	112.889
1348.47	117.111
1350.69	113.556
1352.91	121.333
1355.13	123.333
1357.35	115.111
1359.57	114.444
1361.78	119.556
1364	118.889
1366.22	122.444
1368.43	122.889
1370.65	123.556
1372.86	123.556
1375.07	132.222
1377.28	129.556
1379.5	127.111
1381.71	132.667
1383.92	138.222
1386.12	138.667
1388.33	136.222
1390.54	139.111
1392.75	142.667
1394.96	148.667
1397.16	156
1399.37	165.333
1401.57	171.556
1403.78	183.333
1405.98	193.111
1408.18	210
1410.38	225.333
1412.58	248.889
1414.78	288
1416.98	334.889
1419.18	402.444
1421.38	477.778
1423.58	494.889
1425.78	418.667
1427.97	348.444
1430.17	292.222
1432.36	256.889
1434.56	225.556
1436.75	207.556
1438.94	193.111
1441.13	185.111
1443.33	167.556
1445.52	165.333
1447.71	166
1449.9	158.667
1452.09	164.444
1454.27	148.444
1456.46	150.222
1458.65	153.778
1460.83	149.778
1463.02	152.889
1465.2	150.444
1467.39	153.778
1469.57	148.667
1471.75	148.222
1473.94	145.333
1476.12	153.778
1478.3	146
1480.48	142.889
1482.66	141.111
1484.84	141.778
1487.01	134.222
1489.19	130.889
1491.37	128.889
1493.54	127.556
1495.72	130.889
1497.89	126.667
1500.07	124.444
1502.24	127.778
1504.41	129.556
1506.58	125.556
1508.75	120.667
1510.93	119.556
1513.1	117.556
1515.26	120
1517.43	118
1519.6	119.333
1521.77	121.333
1523.93	120
1526.1	114.889
1528.26	117.778
1530.43	122.667
1532.59	120.222
1534.76	115.778
1536.92	120.444
1539.08	115.556
1541.24	117.111
1543.4	111.778
1545.56	112.667
1547.72	112.444
1549.88	110.444
1552.04	112.889
1554.19	113.556
1556.35	113.778
1558.51	112.444
1560.66	111.556
1562.81	116.222
1564.97	112.444
1567.12	115.111
1569.27	114.444
1571.43	114.667
1573.58	118
1575.73	112
1577.88	115.556
1580.02	114.889
1582.17	116
1584.32	111.778
1586.47	112.444
1588.61	109.556
1590.76	112
1592.91	114
1595.05	117.778
1597.19	112.444
1599.34	110
1601.48	114
1603.62	114.222
1605.76	115.778
1607.9	112.222
1610.04	116.889
1612.18	114.889
1614.32	112.889
1616.46	114
1618.59	114.444
1620.73	114
1622.87	110.667
1625	113.556
1627.14	110.889
1629.27	105.778
1631.4	113.333
1633.54	114.667
1635.67	119.778
1637.8	114.444
1639.93	113.556
1642.06	107.556
1644.19	113.778
1646.32	116.222
1648.44	116.667
1650.57	116.667
1652.7	114.667
1654.82	119.333
1656.95	114.889
1659.07	114.222
1661.2	116.889
1663.32	117.333
1665.44	116.222
1667.57	113.333
1669.69	115.333
1671.81	115.333
1673.93	113.778
1676.05	112.889
1678.17	114
1680.28	115.778
1682.4	116.667
1684.52	113.111
1686.64	116.889
1688.75	115.333
1690.87	116.667
1692.98	108.889
1695.09	118
1697.21	116.444
1699.32	116.222
1701.43	113.111
1703.54	121.111
1705.65	121.778
1707.76	119.111
1709.87	112.222
1711.98	118
1714.09	110.889
1716.19	110.889
1718.3	116.889
1720.41	111.111
1722.51	114.222
1724.62	117.333
1726.72	114.889
1728.82	114
1730.93	116
1733.03	117.556
1735.13	112.667
1737.23	114.444
1739.33	117.111
1741.43	113.111
1743.53	112.444
1745.63	112.222
1747.72	116.222
1749.82	117.333
1751.92	111.778
1754.01	113.333
1756.11	117.333
1758.2	120.444
1760.29	114.667
1762.39	121.778
1764.48	114.889
1766.57	116.889
1768.66	115.111
1770.75	117.778
1772.84	113.778
1774.93	116.667
1777.02	120
1779.11	114.444
1781.2	117.111
1783.28	120.889
1785.37	121.111
1787.45	120.222
1789.54	123.111
1791.62	116.889
1793.71	118.889
1795.79	122.222
1797.87	117.333
1799.95	120.667
1802.03	117.333
1804.11	119.556
1806.19	115.556
1808.27	118
1810.35	120
1812.43	117.111
1814.51	117.111
1816.58	116
1818.66	117.778
1820.73	114.667
1822.81	114.667
1824.88	116.222
1826.95	116.889
1829.03	117.333
1831.1	116.667
1833.17	116.222
1835.24	120
1837.31	116
1839.38	114.667
1841.45	116
1843.52	117.111
1845.59	118.444
1847.65	115.333
1849.72	113.778
1851.78	111.333
1853.85	114.667
1855.91	117.111
1857.98	116.222
1860.04	115.111
1862.1	118
1864.17	122.222
1866.23	120
1868.29	117.333
1870.35	118.889
1872.41	118.444
1874.47	118.444
1876.53	119.111
1878.58	119.111
1880.64	120.667
1882.7	115.333
1884.75	121.556
1886.81	119.333
1888.86	113.556
1890.92	114.222
1892.97	119.556
1895.02	120.444
1897.07	118.889
1899.12	115.111
1901.17	119.778
1903.23	116
1905.27	115.778
1907.32	119.111
1909.37	113.333
1911.42	115.111
1913.47	119.111
1915.51	123.111
1917.56	118.444
1919.6	125.111
1921.65	120
1923.69	116.222
1925.74	122.222
1927.78	118
1929.82	116.444
1931.86	116.667
1933.9	121.111
1935.94	118.889
1937.98	120.444
1940.02	118.222
1942.06	120.222
1944.1	120.222
1946.14	118
1948.17	123.111
1950.21	115.333
1952.24	114.667
1954.28	122.667
1956.31	116.444
1958.35	117.111
1960.38	121.333
1962.41	118.444
1964.44	124.667
1966.47	115.778
1968.5	120.889
1970.53	118.444
1972.56	119.111
1974.59	119.333
1976.62	122.444
1978.65	119.556
1980.67	118.889
1982.7	112
1984.73	121.778
1986.75	125.556
1988.78	117.778
1990.8	122.222
1992.82	122.222
1994.85	123.778
1996.87	123.556
1998.89	126.444
2000.91	122.667
2002.93	125.778
2004.95	123.556
2006.97	126.444
2008.99	122.667
2011	122.444
2013.02	123.111
2015.04	123.778
2017.05	118
2019.07	118.889
2021.08	123.111
2023.1	120.444
2025.11	119.556
2027.12	124.667
2029.14	124.889
2031.15	116.667
2033.16	117.778
2035.17	123.556
2037.18	120.889
2039.19	126.222
2041.2	121.556
2043.2	122.444
2045.21	127.111
2047.22	124.889
2049.22	123.111
2051.23	122.667
2053.24	125.333
2055.24	121.111
2057.24	123.333
2059.25	123.333
2061.25	124.667
2063.25	124.889
2065.25	119.778
2067.25	119.556
2069.25	121.778
2071.25	122.667
2073.25	122.222
2075.25	116
2077.25	120.667
2079.25	121.333
2081.24	126
2083.24	125.556
2085.23	120.222
2087.23	124.444
2089.22	122.222
2091.22	121.111
2093.21	119.333
2095.2	121.556
2097.19	124.889
2099.19	126.222
2101.18	118.444
2103.17	122
2105.16	125.111
2107.14	122.222
2109.13	118.444
2111.12	123.111
2113.11	125.111
2115.09	123.556
2117.08	124.667
2119.06	128
2121.05	122.667
2123.03	121.778
2125.02	127.556
2127	124.889
2128.98	122.667
2130.96	126.667
2132.95	121.556
2134.93	123.778
2136.91	121.111
2138.89	122.222
2140.87	127.556
2142.84	125.778
2144.82	120.222
2146.8	121.556
2148.77	123.333
2150.75	125.111
2152.73	126.222
2154.7	124.222
2156.68	123.333
2158.65	122.667
2160.62	127.778
2162.59	123.556
2164.57	120.444
2166.54	127.333
2168.51	117.778
2170.48	125.778
2172.45	125.556
2174.42	120.444
2176.38	127.556
2178.35	119.778
2180.32	122.444
2182.29	129.111
2184.25	126.444
2186.22	120.889
2188.18	121.333
2190.15	127.333
2192.11	124.889
2194.07	120.667
2196.03	127.778
2198	126.222
2199.96	124.444
2201.92	125.778
2203.88	124.444
2205.84	123.111
2207.8	120
2209.76	123.111
2211.71	124.222
2213.67	121.778
2215.63	126
2217.58	123.556
2219.54	129.778
2221.49	122
2223.45	127.556
2225.4	120.444
2227.36	123.778
2229.31	121.556
2231.26	120.667
2233.21	126.444
2235.16	122
2237.11	129.333
2239.06	124
2241.01	123.333
2242.96	124.667
2244.91	124.222
2246.86	129.333
2248.8	124
2250.75	125.778
2252.69	123.111
2254.64	120.444
2256.58	130
2258.53	126.667
2260.47	128
2262.41	125.111
2264.36	125.556
2266.3	127.111
2268.24	123.333
2270.18	126.222
2272.12	126
2274.06	129.333
2276	126.444
2277.94	126.667
2279.87	128
2281.81	128
2283.75	127.333
2285.68	130
2287.62	133.111
2289.55	129.556
2291.49	127.778
2293.42	131.778
2295.35	136.889
2297.29	135.333
2299.22	135.556
2301.15	136.889
2303.08	142.889
2305.01	140.444
2306.94	142.444
2308.87	138.667
2310.8	137.778
2312.73	132.444
2314.65	127.111
2316.58	132.667
2318.51	131.556
2320.43	132.222
2322.36	129.778
2324.28	124.222
2326.21	129.111
2328.13	126
2330.05	128.222
2331.98	129.111
2333.9	121.556
2335.82	125.333
2337.74	128.667
2339.66	126.667
2341.58	127.556
2343.5	127.556
2345.42	126.444
2347.33	129.111
2349.25	128.444
2351.17	118.444
2353.08	121.556
2355	126.889
2356.92	127.778
2358.83	123.333
2360.74	123.778
2362.66	127.778
2364.57	127.556
2366.48	120.667
2368.39	126.889
2370.31	128
2372.22	129.556
2374.13	127.333
2376.04	118.667
2377.94	125.111
2379.85	125.556
2381.76	123.333
2383.67	126.222
2385.57	119.111
2387.48	116.889
2389.39	128.667
2391.29	125.333
2393.2	125.778
2395.1	124
2397	126.444
2398.91	131.333
2400.81	128.667
2402.71	122.667
2404.61	125.556
2406.51	122.889
2408.41	127.333
2410.31	123.556
2412.21	128
2414.11	122
2416.01	122
2417.9	118.889
2419.8	128.444
2421.69	124.222
2423.59	127.111
2425.49	121.111
2427.38	123.778
2429.27	125.333
2431.17	121.333
2433.06	119.333
2434.95	122.889
2436.84	126.667
2438.73	126.222
2440.63	126.444
2442.52	124.667
2444.41	126.444
2446.29	125.333
2448.18	124
2450.07	121.778
2451.96	126.444
2453.84	127.556
