187.964	137.333
190.563	130
193.16	132.222
195.757	131.111
198.354	126.444
200.948	126.222
203.543	120.444
206.136	123.333
208.729	117.333
211.321	118.667
213.912	121.111
216.502	123.778
219.09	123.778
221.679	120.222
224.266	121.556
226.853	120.222
229.438	125.333
232.023	130.222
234.607	136
237.19	136.444
239.772	139.333
242.352	146.444
244.934	156
247.512	159.333
250.092	162.667
252.669	180.444
255.247	185.778
257.822	202
260.397	223.556
262.972	240.667
265.545	277.778
268.117	308.444
270.69	386.667
273.26	488.222
275.829	708
278.4	1164
280.967	1973.56
283.534	2948
286.102	3305.33
288.667	2498.22
291.231	1445.11
293.795	832.444
296.359	555.333
298.921	424.667
301.482	339.111
304.042	293.778
306.603	255.111
309.161	229.111
311.719	210.889
314.276	185.556
316.832	167.778
319.388	165.333
321.942	147.333
324.496	143.111
327.048	138.222
329.6	132
332.151	122.889
334.701	118.444
337.252	118.444
339.8	110.667
342.347	106.444
344.894	104.222
347.44	100.889
349.985	104
352.529	101.111
355.072	99.7778
357.615	96
360.156	96.8889
362.697	93.5556
365.237	90.8889
367.776	87.1111
370.315	90.2222
372.852	88
375.389	87.3333
377.925	89.7778
380.46	88.4444
382.994	88.4444
385.527	87.7778
388.059	86.4444
390.591	85.1111
393.122	84.8889
395.65	84.6667
398.18	84
400.708	83.1111
403.235	88.4444
405.762	84.4444
408.288	84.8889
410.813	86.4444
413.335	87.3333
415.859	91.7778
418.381	91.7778
420.903	92.2222
423.424	89.5556
425.942	87.5556
428.462	87.3333
430.98	84.6667
433.498	86.6667
436.013	83.7778
438.529	80.2222
441.044	84.4444
443.558	80.8889
446.07	83.3333
448.583	80.2222
451.095	82.2222
453.604	81.7778
456.114	86.8889
458.624	82
461.131	81.5556
463.638	84.4444
466.145	83.5556
468.65	87.7778
471.155	80
473.659	85.5555
476.162	80.8889
478.664	83.3333
481.165	85.7778
483.666	80.8889
486.165	86.6667
488.664	86.6667
491.162	78.2222
493.66	82.8889
496.155	82.8889
498.651	82.4444
501.145	88.2222
503.64	81.1111
506.132	83.5556
508.625	85.1111
511.116	83.7778
513.608	85.7778
516.097	84.6667
518.586	82
521.074	82.2222
523.562	81.3333
526.048	86.4444
528.533	82.6667
531.019	85.5556
533.502	82
535.985	84
538.468	84.6667
540.949	82.8889
543.43	86.6667
545.91	82.6667
548.389	83.3333
550.867	85.1111
553.345	85.7778
555.821	82.8889
558.297	89.5556
560.771	88.4444
563.247	92.4444
565.72	93.5556
568.192	92.4445
570.663	94
573.135	94.8889
575.605	95.7778
578.074	95.3333
580.542	86.4444
583.01	90.8889
585.478	91.3333
587.943	89.3333
590.408	87.1111
592.873	89.3333
595.336	87.7778
597.799	89.1111
600.26	90.6667
602.721	89.1111
605.183	89.3333
607.643	89.3333
610.101	92.4444
612.559	96.4444
615.016	92.8889
617.472	94.8889
619.928	95.7778
622.382	92.8889
624.836	99.5555
627.289	97.5556
629.741	97.5556
632.193	99.1111
634.644	104.667
637.093	102.889
639.543	106
641.991	105.111
644.438	113.556
646.885	114.444
649.33	113.333
651.775	118
654.219	119.778
656.663	127.556
659.105	130.444
661.547	136.444
663.989	136.222
666.429	146.222
668.867	152
671.306	158.667
673.744	170.444
676.181	187.778
678.618	215.111
681.052	248.222
683.487	305.556
685.921	377.333
688.355	478.889
690.786	618.222
693.218	907.556
695.649	1562.89
698.079	2789.11
700.507	4410.89
702.935	5319.78
705.363	4702.22
707.789	3176.67
710.215	1883.56
712.641	1079.11
715.064	737.556
717.488	578.667
719.91	486.667
722.333	452.667
724.754	440
727.174	453.556
729.594	488.222
732.012	510.444
734.43	558.444
736.848	600.444
739.263	615.778
741.68	614.222
744.094	589.111
746.508	563.778
748.921	510.222
751.334	442.444
753.745	384.222
756.157	333.556
758.566	297.111
760.975	267.111
763.384	234.667
765.791	217.778
768.199	206.222
770.604	190.889
773.01	179.333
775.414	169.778
777.818	161.333
780.221	156
782.623	148.889
785.024	143.333
787.426	143.556
789.825	133.556
792.224	128.667
794.623	120.444
797.02	128
799.416	124.889
801.812	120.222
804.208	117.778
806.602	115.333
808.996	111.778
811.388	111.778
813.781	108.444
816.172	108.889
818.562	111.556
820.952	107.333
823.341	100.222
825.73	109.111
828.117	102.222
830.503	102.222
832.889	107.333
835.274	103.556
837.658	98.4444
840.042	100.444
842.424	104.889
844.807	98.6667
847.188	99.3333
849.569	100.667
851.948	101.333
854.327	103.778
856.705	98.6667
859.083	98
861.459	100
863.835	99.7778
866.21	100.444
868.584	97.7778
870.958	97.7778
873.331	103.333
875.703	101.111
878.074	103.111
880.445	107.111
882.814	107.556
885.182	112.444
887.55	110.889
889.918	115.333
892.284	115.556
894.651	120.222
897.016	120
899.38	121.111
901.744	111.556
904.106	112.222
906.468	110.222
908.829	105.556
911.19	106
913.55	102.444
915.908	105.111
918.267	97.7778
920.624	101.556
922.982	96.2222
925.336	99.3333
927.692	93.5556
930.047	94
932.399	94.6667
934.753	95.1111
937.105	94.2222
939.456	92.4444
941.807	96.2222
944.157	93.1111
946.505	91.5556
948.854	94.6667
951.202	94
953.548	94.4444
955.895	92.2222
958.24	97.5556
960.585	90
962.929	92.8889
965.271	95.1111
967.614	94.2222
969.955	91.3333
972.296	96
974.636	99.7778
976.976	95.5556
979.314	101.111
981.652	97.5556
983.989	97.3333
986.326	97.3333
988.66	95.3333
990.995	100.444
993.329	98.6667
995.662	97.3333
997.995	93.1111
1000.33	93.7778
1002.66	95.3333
1004.99	95.5556
1007.32	90
1009.65	94.4444
1011.97	87.3333
1014.3	88.4445
1016.63	93.5556
1018.95	92.6667
1021.28	93.1111
1023.6	92
1025.93	94.8889
1028.25	92.6667
1030.57	96
1032.89	92.2222
1035.21	98
1037.53	93.7778
1039.85	95.3333
1042.17	94.8889
1044.49	90.6667
1046.81	92.6667
1049.12	95.1111
1051.44	97.5556
1053.75	94.2222
1056.07	94.2222
1058.38	94
1060.69	96.2222
1063	96.4444
1065.31	92.4444
1067.62	96
1069.93	97.3333
1072.24	91.7778
1074.55	97.7778
1076.86	98
1079.16	92.4444
1081.47	97.3333
1083.77	95.1111
1086.08	99.1111
1088.38	100.444
1090.69	97.3333
1092.99	102.889
1095.29	103.111
1097.59	97.5556
1099.89	97.7778
1102.19	98.6667
1104.49	100.889
1106.78	105.111
1109.08	103.111
1111.38	100.889
1113.67	105.556
1115.97	106.444
1118.26	108.222
1120.55	114.222
1122.85	114
1125.14	113.556
1127.43	111.111
1129.72	118
1132.01	121.333
1134.3	125.556
1136.59	134
1138.87	138.889
1141.16	142.889
1143.45	157.778
1145.73	169.556
1148.02	190.444
1150.3	219.111
1152.59	239.333
1154.87	271.333
1157.15	262.889
1159.43	250
1161.71	211.556
1163.99	191.333
1166.27	166
1168.55	158.889
1170.82	150
1173.1	140.889
1175.38	130.222
1177.65	130.222
1179.93	127.556
1182.2	125.778
1184.47	118.667
1186.74	117.778
1189.02	116.667
1191.29	120.444
1193.56	115.556
1195.83	109.778
1198.09	110.222
1200.36	112.444
1202.63	114.222
1204.9	115.333
1207.16	106.889
1209.43	111.778
1211.69	108.889
1213.95	112.667
1216.22	108.889
1218.48	110.889
1220.74	110.889
1223	109.333
1225.26	110.222
1227.52	109.556
1229.78	110.222
1232.04	110.444
1234.29	110
1236.55	108.444
1238.81	108.444
1241.06	109.778
1243.32	112.444
1245.57	109.778
1247.82	118
1250.08	116.667
1252.33	114.222
1254.58	117.333
1256.83	115.556
1259.08	120
1261.32	123.111
1263.57	125.333
1265.82	134.667
1268.07	129.111
1270.31	124.889
1272.56	128.889
1274.8	125.111
1277.05	115.556
1279.29	116.222
1281.53	117.111
1283.77	114.889
1286.01	115.333
1288.25	118.667
1290.49	115.556
1292.73	115.111
1294.97	113.778
1297.21	108.444
1299.44	113.778
1301.68	107.333
1303.92	112.889
1306.15	108.667
1308.38	110.444
1310.62	111.556
1312.85	116.222
1315.08	112.889
1317.31	108
1319.54	109.778
1321.77	110.889
1324	111.778
1326.23	116.444
1328.46	109.778
1330.68	115.111
1332.91	112
1335.13	109.556
1337.36	111.556
1339.58	116
1341.81	107.556
1344.03	115.556
1346.25	118.444
1348.47	114.667
1350.69	121.556
1352.91	119.333
1355.13	120.222
1357.35	116.222
1359.57	114.667
1361.78	119.111
1364	120
1366.22	126.667
1368.43	119.333
1370.65	127.556
1372.86	125.111
1375.07	121.778
1377.28	131.333
1379.5	129.778
1381.71	132.667
1383.92	134.444
1386.12	136.667
1388.33	138.889
1390.54	144
1392.75	149.556
1394.96	149.556
1397.16	160.889
1399.37	162
1401.57	175.111
1403.78	179.333
1405.98	194.667
1408.18	209.111
1410.38	225.333
1412.58	249.111
1414.78	283.778
1416.98	336.667
1419.18	416.444
1421.38	482.889
1423.58	484.444
1425.78	416.667
1427.97	344.444
1430.17	288.222
1432.36	252.889
1434.56	226.889
1436.75	202.222
1438.94	193.333
1441.13	176.222
1443.33	172.889
1445.52	166.222
1447.71	165.556
1449.9	158.889
1452.09	161.333
1454.27	160.444
1456.46	153.333
1458.65	153.333
1460.83	144.667
1463.02	153.778
1465.2	148
1467.39	150.889
1469.57	143.111
1471.75	152.444
1473.94	151.778
1476.12	142.222
1478.3	136.444
1480.48	145.778
1482.66	136.444
1484.84	134.444
1487.01	135.111
1489.19	141.556
1491.37	135.556
1493.54	128
1495.72	133.333
1497.89	125.556
1500.07	129.111
1502.24	122.889
1504.41	122
1506.58	127.333
1508.75	121.333
1510.93	120.444
1513.1	121.778
1515.26	118.222
1517.43	120.889
1519.6	121.333
1521.77	118
1523.93	118.667
1526.1	118.444
1528.26	120.222
1530.43	114.444
1532.59	114.222
1534.76	113.556
1536.92	119.778
1539.08	116.444
1541.24	116.222
1543.4	113.333
1545.56	113.333
1547.72	111.556
1549.88	110.444
1552.04	112
1554.19	115.333
1556.35	113.111
1558.51	110.667
1560.66	114.889
1562.81	110.667
1564.97	112
1567.12	116.222
1569.27	113.111
1571.43	117.778
1573.58	115.333
1575.73	117.556
1577.88	116.889
1580.02	112.444
1582.17	111.111
1584.32	113.778
1586.47	109.333
1588.61	116.444
1590.76	114.444
1592.91	117.111
1595.05	116.444
1597.19	113.333
1599.34	112.667
1601.48	117.778
1603.62	110.444
1605.76	111.556
1607.9	112.222
1610.04	113.778
1612.18	116.667
1614.32	118.444
1616.46	111.778
1618.59	116
1620.73	113.333
1622.87	112.667
1625	114.444
1627.14	110.444
1629.27	113.778
1631.4	113.556
1633.54	115.333
1635.67	112.222
1637.8	110.667
1639.93	114.222
1642.06	111.556
1644.19	116
1646.32	114.444
1648.44	115.111
1650.57	121.556
1652.7	113.778
1654.82	121.333
1656.95	118.222
1659.07	114.667
1661.2	118.667
1663.32	117.778
1665.44	120.444
1667.57	121.556
1669.69	118.444
1671.81	116.444
1673.93	118.222
1676.05	110.667
1678.17	111.778
1680.28	116.444
1682.4	118.222
1684.52	116.889
1686.64	117.556
1688.75	114.667
1690.87	115.333
1692.98	118.444
1695.09	114.889
1697.21	118.444
1699.32	115.333
1701.43	113.778
1703.54	119.556
1705.65	118.444
1707.76	114.889
1709.87	116.889
1711.98	116.444
1714.09	117.333
1716.19	110.444
1718.3	120.667
1720.41	115.778
1722.51	113.111
1724.62	111.333
1726.72	117.333
1728.82	120
1730.93	115.778
1733.03	116.444
1735.13	118.222
1737.23	114.444
1739.33	117.333
1741.43	117.333
1743.53	117.778
1745.63	116.889
1747.72	116.889
1749.82	113.778
1751.92	112.222
1754.01	111.111
1756.11	114.444
1758.2	117.556
1760.29	115.333
1762.39	116.222
1764.48	118
1766.57	119.333
1768.66	116.889
1770.75	114.444
1772.84	114.222
1774.93	111.333
1777.02	118.444
1779.11	113.333
1781.2	119.111
1783.28	118
1785.37	115.778
1787.45	119.111
1789.54	118.222
1791.62	119.556
1793.71	119.778
1795.79	115.111
1797.87	120.444
1799.95	114.889
1802.03	110.444
1804.11	119.556
1806.19	118
1808.27	117.778
1810.35	121.333
1812.43	113.111
1814.51	121.556
1816.58	119.778
1818.66	114.889
1820.73	118.889
1822.81	122.667
1824.88	115.333
1826.95	119.333
1829.03	117.111
1831.1	118.889
1833.17	114.222
1835.24	114
1837.31	117.778
1839.38	119.111
1841.45	120.667
1843.52	112.889
1845.59	120.889
1847.65	115.778
1849.72	118.889
1851.78	120
1853.85	114.667
1855.91	124.444
1857.98	120.667
1860.04	120.889
1862.1	116.889
1864.17	120
1866.23	119.333
1868.29	115.111
1870.35	119.778
1872.41	112.889
1874.47	119.333
1876.53	120
1878.58	122
1880.64	120.667
1882.7	118.444
1884.75	118.889
1886.81	120.444
1888.86	120.667
1890.92	118.889
1892.97	116.444
1895.02	116.222
1897.07	115.111
1899.12	116.222
1901.17	117.778
1903.23	118
1905.27	118.667
1907.32	120
1909.37	120
1911.42	116.667
1913.47	115.556
1915.51	120.667
1917.56	121.556
1919.6	122.444
1921.65	119.333
1923.69	120.444
1925.74	116.222
1927.78	124.444
1929.82	117.778
1931.86	123.778
1933.9	114.889
1935.94	121.778
1937.98	124
1940.02	120.222
1942.06	119.333
1944.1	121.333
1946.14	111.778
1948.17	117.333
1950.21	121.111
1952.24	117.333
1954.28	121.556
1956.31	118.889
1958.35	120.222
1960.38	118.444
1962.41	120.667
1964.44	120
1966.47	116.889
1968.5	115.778
1970.53	120.444
1972.56	121.333
1974.59	117.556
1976.62	120
1978.65	122
1980.67	122
1982.7	119.333
1984.73	123.778
1986.75	118.889
1988.78	123.778
1990.8	123.778
1992.82	123.556
1994.85	119.556
1996.87	123.778
1998.89	124
2000.91	126.667
2002.93	125.556
2004.95	126.667
2006.97	123.778
2008.99	121.111
2011	129.556
2013.02	122
2015.04	126.222
2017.05	118.667
2019.07	122.222
2021.08	117.333
2023.1	120.667
2025.11	126.222
2027.12	121.556
2029.14	124.222
2031.15	127.333
2033.16	122
2035.17	126
2037.18	121.333
2039.19	120.667
2041.2	121.778
2043.2	120.889
2045.21	123.778
2047.22	121.556
2049.22	126
2051.23	126.444
2053.24	120.222
2055.24	123.556
2057.24	124.222
2059.25	121.111
2061.25	122.444
2063.25	123.556
2065.25	121.556
2067.25	115.333
2069.25	122
2071.25	123.556
2073.25	129.556
2075.25	116.889
2077.25	122.222
2079.25	123.556
2081.24	125.333
2083.24	122.889
2085.23	123.333
2087.23	118
2089.22	125.778
2091.22	124.222
2093.21	122
2095.2	120.444
2097.19	120
2099.19	129.556
2101.18	118.889
2103.17	122.444
2105.16	122
2107.14	127.333
2109.13	126.889
2111.12	125.111
2113.11	120.889
2115.09	120.889
2117.08	125.333
2119.06	118.889
2121.05	126.444
2123.03	125.111
2125.02	123.556
2127	124.444
2128.98	121.778
2130.96	121.111
2132.95	122
2134.93	124.889
2136.91	123.556
2138.89	119.111
2140.87	119.556
2142.84	119.111
2144.82	124.222
2146.8	122.222
2148.77	122.222
2150.75	127.778
2152.73	117.778
2154.7	119.333
2156.68	127.111
2158.65	122
2160.62	120.667
2162.59	120.222
2164.57	119.778
2166.54	120.667
2168.51	121.556
2170.48	117.556
2172.45	128.889
2174.42	124.222
2176.38	119.778
2178.35	119.778
2180.32	121.333
2182.29	119.556
2184.25	124.444
2186.22	121.111
2188.18	124
2190.15	122.222
2192.11	120
2194.07	125.556
2196.03	123.556
2198	123.778
2199.96	114.444
2201.92	121.778
2203.88	128.667
2205.84	125.556
2207.8	122.222
2209.76	120
2211.71	122.444
2213.67	125.778
2215.63	121.333
2217.58	123.333
2219.54	126.444
2221.49	122.222
2223.45	120
2225.4	126.667
2227.36	122.222
2229.31	123.778
2231.26	125.778
2233.21	126.667
2235.16	125.111
2237.11	126
2239.06	119.778
2241.01	118.444
2242.96	121.333
2244.91	127.111
2246.86	116.444
2248.8	125.778
2250.75	118.667
2252.69	119.778
2254.64	125.111
2256.58	123.778
2258.53	126
2260.47	130.222
2262.41	128.667
2264.36	118.889
2266.3	127.111
2268.24	129.333
2270.18	124
2272.12	127.556
2274.06	129.111
2276	121.333
2277.94	128
2279.87	131.333
2281.81	125.778
2283.75	130.222
2285.68	129.778
2287.62	130
2289.55	127.333
2291.49	133.556
2293.42	134.667
2295.35	134.222
2297.29	136.222
2299.22	137.333
2301.15	137.111
2303.08	138.889
2305.01	141.556
2306.94	136.222
2308.87	133.778
2310.8	130.667
2312.73	138
2314.65	132.889
2316.58	128
2318.51	130.444
2320.43	123.556
2322.36	129.111
2324.28	125.778
2326.21	132
2328.13	126
2330.05	126.444
2331.98	130.222
2333.9	127.111
2335.82	124.222
2337.74	129.778
2339.66	119.333
2341.58	126.667
2343.5	124
2345.42	125.778
2347.33	127.111
2349.25	123.556
2351.17	123.333
2353.08	128.667
2355	126.444
2356.92	129.778
2358.83	126.222
2360.74	122.222
2362.66	125.111
2364.57	122.444
2366.48	128.667
2368.39	125.111
2370.31	122.222
2372.22	120.889
2374.13	122.889
2376.04	126.444
2377.94	128.889
2379.85	123.333
2381.76	122.667
2383.67	123.778
2385.57	119.778
2387.48	122.444
2389.39	119.556
2391.29	122.667
2393.2	122.222
2395.1	121.778
2397	122.222
2398.91	127.111
2400.81	120
2402.71	127.333
2404.61	129.556
2406.51	127.333
2408.41	127.778
2410.31	126.889
2412.21	126
2414.11	127.111
2416.01	125.111
2417.9	126.222
2419.8	121.111
2421.69	122.444
2423.59	127.556
2425.49	124
2427.38	127.778
2429.27	121.556
2431.17	126
2433.06	121.556
2434.95	118.444
2436.84	122.222
2438.73	119.333
2440.63	123.111
2442.52	127.556
2444.41	129.111
2446.29	125.111
2448.18	122.667
2450.07	127.333
2451.96	127.778
2453.84	121.111
