187.964	137.111
190.563	139.333
193.16	132.444
195.757	133.778
198.354	131.556
200.948	132.667
203.543	130
206.136	128.889
208.729	125.111
211.321	124.222
213.912	124.667
216.502	130
219.09	124.667
221.679	129.556
224.266	129.778
226.853	128.222
229.438	122.889
232.023	130.444
234.607	134.222
237.19	146.222
239.772	149.111
242.352	150.222
244.934	154.667
247.512	167.556
250.092	168.889
252.669	184.444
255.247	191.556
257.822	200.889
260.397	220
262.972	237.333
265.545	271.778
268.117	312.667
270.69	384.667
273.26	496.889
275.829	693.556
278.4	1112
280.967	1939.78
283.534	2929.11
286.102	3387.56
288.667	2686.89
291.231	1580.44
293.795	888.222
296.359	597.333
298.921	443.111
301.482	348
304.042	303.333
306.603	264.889
309.161	227.778
311.719	212.889
314.276	187.778
316.832	180.222
319.388	168.444
321.942	155.333
324.496	151.111
327.048	141.333
329.6	129.778
332.151	128.222
334.701	130.222
337.252	118.889
339.8	115.333
342.347	117.111
344.894	111.556
347.44	110.222
349.985	105.778
352.529	106.667
355.072	103.333
357.615	103.556
360.156	97.7778
362.697	96.8889
365.237	95.7778
367.776	93.5556
370.315	96.2222
372.852	95.3333
375.389	91.1111
377.925	90.2222
380.46	87.7778
382.994	89.5556
385.527	92.4444
388.059	85.5556
390.591	91.1111
393.122	89.1111
395.65	88.2222
398.18	85.5555
400.708	87.3333
403.235	89.1111
405.762	88.2222
408.288	88.8889
410.813	89.3333
413.335	88.4444
415.859	91.7778
418.381	89.7778
420.903	94.2222
423.424	88.2222
425.942	85.7778
428.462	86.6667
430.98	89.3333
433.498	87.3333
436.013	88.4444
438.529	84.4444
441.044	92.2222
443.558	86
446.07	82.2222
448.583	88.2222
451.095	84
453.604	81.7778
456.114	84
458.624	88.2222
461.131	84.6667
463.638	82.6667
466.145	84
468.65	83.7778
471.155	82.6667
473.659	87.7778
476.162	83.3333
478.664	86
481.165	87.1111
483.666	84.6667
486.165	87.1111
488.664	81.3333
491.162	84.6667
493.66	84.4445
496.155	84
498.651	88.6667
501.145	88.8889
503.64	86.2222
506.132	83.5556
508.625	88.8889
511.116	85.7778
513.608	90.8889
516.097	88.4444
518.586	87.3333
521.074	81.3333
523.562	90.6667
526.048	84.6667
528.533	86
531.019	92.4444
533.502	85.3333
535.985	87.5556
538.468	87.3333
540.949	87.1111
543.43	85.3333
545.91	86.6667
548.389	83.5556
550.867	86.8889
553.345	92.4444
555.821	88.8889
558.297	90.8889
560.771	92
563.247	95.1111
565.72	96.2222
568.192	98
570.663	100.667
573.135	99.1111
575.605	99.3333
578.074	96
580.542	94
583.01	91.7778
585.478	94.2222
587.943	89.5556
590.408	89.5556
592.873	90.4444
595.336	91.3333
597.799	95.7778
600.26	89.7778
602.721	93.5556
605.183	93.3333
607.643	92
610.101	95.5556
612.559	95.7778
615.016	92
617.472	97.7778
619.928	96.8889
622.382	97.1111
624.836	103.778
627.289	102.889
629.741	101.333
632.193	106
634.644	106.667
637.093	105.556
639.543	109.556
641.991	110.667
644.438	112
646.885	114.667
649.33	117.556
651.775	118.889
654.219	119.556
656.663	126.444
659.105	127.778
661.547	133.778
663.989	142.444
666.429	151.556
668.867	152.889
671.306	159.778
673.744	174.444
676.181	199.333
678.618	215.111
681.052	252
683.487	308.667
685.921	376.889
688.355	482.222
690.786	612.889
693.218	898.444
695.649	1492.44
698.079	2661.33
700.507	4309.11
702.935	5386.67
705.363	4900.44
707.789	3450.67
710.215	2040
712.641	1162
715.064	784
717.488	603.333
719.91	521.778
722.333	469.778
724.754	440.667
727.174	471.111
729.594	480.222
732.012	524.889
734.43	580
736.848	607.333
739.263	645.556
741.68	642.889
744.094	625.333
746.508	574
748.921	520.222
751.334	464.444
753.745	404.444
756.157	345.556
758.566	300.889
760.975	270.667
763.384	246.889
765.791	222.222
768.199	212.444
770.604	195.556
773.01	188
775.414	175.778
777.818	165.333
780.221	156.889
782.623	152.889
785.024	149.556
787.426	144.222
789.825	137.778
792.224	137.778
794.623	130.667
797.02	126
799.416	127.333
801.812	127.556
804.208	123.111
806.602	120.667
808.996	119.556
811.388	119.556
813.781	112.667
816.172	115.111
818.562	115.556
820.952	108.667
823.341	107.556
825.73	108.889
828.117	108.889
830.503	106.667
832.889	104.444
835.274	108.889
837.658	103.333
840.042	106.444
842.424	103.778
844.807	107.778
847.188	102.444
849.569	102
851.948	101.556
854.327	103.556
856.705	104.889
859.083	105.556
861.459	104.222
863.835	99.1111
866.21	103.333
868.584	103.778
870.958	102.222
873.331	105.556
875.703	104
878.074	103.333
880.445	105.111
882.814	108.667
885.182	110.444
887.55	112.444
889.918	117.333
892.284	119.111
894.651	123.778
897.016	128
899.38	122.667
901.744	120.667
904.106	110.222
906.468	107.778
908.829	110.889
911.19	105.556
913.55	102.889
915.908	102.222
918.267	99.5556
920.624	99.3333
922.982	96.6667
925.336	105.333
927.692	99.5556
930.047	103.778
932.399	97.1111
934.753	96.2222
937.105	94.6667
939.456	94.8889
941.807	94
944.157	96.4444
946.505	97.5555
948.854	96
951.202	95.3333
953.548	92
955.895	98
958.24	92.2222
960.585	96.6667
962.929	90.4444
965.271	97.7778
967.614	97.3333
969.955	97.3333
972.296	95.5556
974.636	98.4444
976.976	91.3333
979.314	100.444
981.652	98.8889
983.989	98.8889
986.326	98.6667
988.66	101.333
990.995	99.7778
993.329	104.222
995.662	98.2222
997.995	96.4444
1000.33	96
1002.66	97.1111
1004.99	96
1007.32	96.2222
1009.65	96.6667
1011.97	97.5556
1014.3	88.2222
1016.63	97.5556
1018.95	95.1111
1021.28	100
1023.6	97.5556
1025.93	95.1111
1028.25	95.5556
1030.57	98.8889
1032.89	97.1111
1035.21	94.4444
1037.53	99.3333
1039.85	92.4445
1042.17	99.7778
1044.49	95.5556
1046.81	97.1111
1049.12	96.2222
1051.44	99.7778
1053.75	100.667
1056.07	97.5556
1058.38	94.2222
1060.69	99.5556
1063	94.8889
1065.31	96.6667
1067.62	100
1069.93	94.4444
1072.24	94.8889
1074.55	101.111
1076.86	97.7778
1079.16	98
1081.47	96.6667
1083.77	100.667
1086.08	97.7778
1088.38	98.2222
1090.69	102.444
1092.99	104.667
1095.29	102.889
1097.59	98.6667
1099.89	105.333
1102.19	103.556
1104.49	109.111
1106.78	101.556
1109.08	106.667
1111.38	108
1113.67	108.444
1115.97	112.889
1118.26	112
1120.55	112.667
1122.85	115.111
1125.14	118.222
1127.43	116.222
1129.72	126
1132.01	128.667
1134.3	127.556
1136.59	140.222
1138.87	138.222
1141.16	144
1143.45	156.222
1145.73	174.222
1148.02	191.111
1150.3	215.111
1152.59	238.222
1154.87	268.889
1157.15	273.111
1159.43	257.111
1161.71	220.444
1163.99	192.889
1166.27	174.444
1168.55	164.889
1170.82	150.222
1173.1	145.333
1175.38	134.667
1177.65	136.889
1179.93	130.444
1182.2	120.444
1184.47	122.889
1186.74	125.556
1189.02	122.222
1191.29	124
1193.56	117.778
1195.83	122.444
1198.09	111.333
1200.36	114.889
1202.63	113.111
1204.9	118.889
1207.16	117.333
1209.43	110.222
1211.69	116.222
1213.95	114
1216.22	111.111
1218.48	109.111
1220.74	110.444
1223	111.556
1225.26	104.222
1227.52	112.667
1229.78	114.222
1232.04	116.444
1234.29	108.222
1236.55	108.889
1238.81	111.111
1241.06	115.111
1243.32	116.222
1245.57	115.333
1247.82	112
1250.08	116.889
1252.33	118
1254.58	119.111
1256.83	124.667
1259.08	126
1261.32	130.889
1263.57	134
1265.82	138
1268.07	135.111
1270.31	129.333
1272.56	134.222
1274.8	122
1277.05	119.556
1279.29	120.444
1281.53	116.889
1283.77	116
1286.01	117.556
1288.25	117.333
1290.49	120
1292.73	119.556
1294.97	116.889
1297.21	116
1299.44	116
1301.68	115.333
1303.92	119.111
1306.15	116.222
1308.38	112.667
1310.62	116.222
1312.85	119.778
1315.08	112.444
1317.31	114.667
1319.54	112.667
1321.77	112.889
1324	113.111
1326.23	116.444
1328.46	116.889
1330.68	114.444
1332.91	114.667
1335.13	115.111
1337.36	117.556
1339.58	122.222
1341.81	113.333
1344.03	118.889
1346.25	119.333
1348.47	116.222
1350.69	118.667
1352.91	117.778
1355.13	124.222
1357.35	123.778
1359.57	123.333
1361.78	124.667
1364	123.333
1366.22	120
1368.43	131.111
1370.65	132.444
1372.86	127.778
1375.07	129.556
1377.28	136.222
1379.5	132
1381.71	135.556
1383.92	138.222
1386.12	142.889
1388.33	144.222
1390.54	149.333
1392.75	144
1394.96	154.444
1397.16	158.444
1399.37	172.222
1401.57	170
1403.78	187.111
1405.98	198.667
1408.18	215.333
1410.38	232.444
1412.58	260.444
1414.78	287.556
1416.98	340.222
1419.18	406.444
1421.38	488.444
1423.58	507.778
1425.78	436.889
1427.97	356
1430.17	296.222
1432.36	263.778
1434.56	231.111
1436.75	206.444
1438.94	198.667
1441.13	189.333
1443.33	178.667
1445.52	171.111
1447.71	166.889
1449.9	164.889
1452.09	157.556
1454.27	158.889
1456.46	158.889
1458.65	157.556
1460.83	161.111
1463.02	152.889
1465.2	154.667
1467.39	151.111
1469.57	151.556
1471.75	153.111
1473.94	151.333
1476.12	150.222
1478.3	154.889
1480.48	146.222
1482.66	143.778
1484.84	142.444
1487.01	139.111
1489.19	139.778
1491.37	138
1493.54	133.778
1495.72	136.222
1497.89	128.222
1500.07	130.889
1502.24	129.778
1504.41	121.556
1506.58	125.333
1508.75	123.111
1510.93	122.889
1513.1	123.556
1515.26	125.778
1517.43	118.667
1519.6	122.222
1521.77	119.111
1523.93	122.444
1526.1	120
1528.26	121.111
1530.43	118.889
1532.59	122.222
1534.76	118
1536.92	118.889
1539.08	116.444
1541.24	114.889
1543.4	116.222
1545.56	117.111
1547.72	115.556
1549.88	112.667
1552.04	118.444
1554.19	118.222
1556.35	115.778
1558.51	111.333
1560.66	112.444
1562.81	114.889
1564.97	120.222
1567.12	116.889
1569.27	122.667
1571.43	118.222
1573.58	117.111
1575.73	115.111
1577.88	119.333
1580.02	113.556
1582.17	113.778
1584.32	124.667
1586.47	116.222
1588.61	118.222
1590.76	120.667
1592.91	118.444
1595.05	115.111
1597.19	117.556
1599.34	116.222
1601.48	121.778
1603.62	112.889
1605.76	117.556
1607.9	118.889
1610.04	115.556
1612.18	119.556
1614.32	116.889
1616.46	118.444
1618.59	116.444
1620.73	114.444
1622.87	113.333
1625	117.778
1627.14	115.556
1629.27	114.222
1631.4	118.444
1633.54	117.333
1635.67	114.667
1637.8	115.111
1639.93	114
1642.06	118.889
1644.19	121.778
1646.32	120
1648.44	120.444
1650.57	119.111
1652.7	122.667
1654.82	119.556
1656.95	117.556
1659.07	119.778
1661.2	120.889
1663.32	121.778
1665.44	118
1667.57	115.333
1669.69	120.667
1671.81	118.667
1673.93	119.333
1676.05	116.222
1678.17	119.111
1680.28	118.667
1682.4	116.444
1684.52	117.333
1686.64	119.111
1688.75	117.111
1690.87	117.333
1692.98	122.222
1695.09	117.556
1697.21	122.222
1699.32	119.111
1701.43	119.333
1703.54	119.556
1705.65	113.778
1707.76	120.222
1709.87	120.444
1711.98	114.667
1714.09	118.667
1716.19	114.444
1718.3	120.889
1720.41	116
1722.51	124.444
1724.62	120.889
1726.72	122.889
1728.82	120.889
1730.93	119.778
1733.03	124.444
1735.13	119.111
1737.23	119.778
1739.33	119.111
1741.43	118.222
1743.53	116.889
1745.63	121.111
1747.72	119.556
1749.82	117.556
1751.92	119.778
1754.01	119.778
1756.11	112
1758.2	125.333
1760.29	119.111
1762.39	118.222
1764.48	121.333
1766.57	121.556
1768.66	119.111
1770.75	123.333
1772.84	116.667
1774.93	116
1777.02	116.889
1779.11	122.222
1781.2	117.778
1783.28	123.111
1785.37	125.111
1787.45	122.222
1789.54	124.667
1791.62	123.778
1793.71	121.333
1795.79	129.556
1797.87	123.111
1799.95	125.333
1802.03	123.556
1804.11	119.556
1806.19	123.111
1808.27	118.889
1810.35	120.667
1812.43	123.111
1814.51	122.444
1816.58	121.333
1818.66	119.111
1820.73	118.667
1822.81	116.222
1824.88	120.444
1826.95	119.778
1829.03	121.333
1831.1	121.556
1833.17	114.667
1835.24	116.444
1837.31	123.333
1839.38	123.556
1841.45	120.889
1843.52	118.889
1845.59	116
1847.65	121.556
1849.72	122
1851.78	121.111
1853.85	121.333
1855.91	118
1857.98	126.222
1860.04	122
1862.1	121.778
1864.17	119.333
1866.23	120.444
1868.29	121.778
1870.35	118.889
1872.41	124.667
1874.47	121.556
1876.53	116.889
1878.58	120.222
1880.64	124
1882.7	119.111
1884.75	115.111
1886.81	121.111
1888.86	118.222
1890.92	124.444
1892.97	120
1895.02	124.667
1897.07	123.333
1899.12	122.222
1901.17	120.222
1903.23	118.889
1905.27	122.667
1907.32	120.667
1909.37	127.333
1911.42	124.444
1913.47	125.778
1915.51	123.333
1917.56	121.778
1919.6	122
1921.65	119.333
1923.69	121.778
1925.74	120.444
1927.78	123.556
1929.82	119.778
1931.86	124.444
1933.9	121.778
1935.94	116.222
1937.98	123.778
1940.02	126.222
1942.06	116.889
1944.1	122.444
1946.14	121.333
1948.17	122.667
1950.21	120
1952.24	122
1954.28	120.889
1956.31	124.889
1958.35	121.333
1960.38	125.333
1962.41	120.222
1964.44	124.222
1966.47	120
1968.5	121.333
1970.53	116.444
1972.56	125.333
1974.59	121.111
1976.62	125.778
1978.65	124.222
1980.67	123.778
1982.7	124
1984.73	126
1986.75	124.222
1988.78	126.444
1990.8	126.444
1992.82	126.889
1994.85	133.778
1996.87	128
1998.89	129.333
2000.91	126.889
2002.93	128.222
2004.95	126.889
2006.97	123.778
2008.99	121.111
2011	127.778
2013.02	126.667
2015.04	131.778
2017.05	124.889
2019.07	122.667
2021.08	123.556
2023.1	124
2025.11	123.111
2027.12	123.333
2029.14	127.333
2031.15	125.333
2033.16	122.667
2035.17	129.111
2037.18	123.778
2039.19	121.556
2041.2	130
2043.2	122.889
2045.21	130.222
2047.22	129.111
2049.22	129.111
2051.23	133.778
2053.24	124.222
2055.24	128.222
2057.24	127.556
2059.25	128.889
2061.25	129.556
2063.25	124.222
2065.25	131.778
2067.25	126
2069.25	130.444
2071.25	122.667
2073.25	128.889
2075.25	126.444
2077.25	126.444
2079.25	126.444
2081.24	128.444
2083.24	124.444
2085.23	126.667
2087.23	123.111
2089.22	120.444
2091.22	118
2093.21	123.778
2095.2	126.222
2097.19	127.111
2099.19	127.778
2101.18	128.667
2103.17	122.222
2105.16	118.889
2107.14	128.889
2109.13	118.444
2111.12	124.889
2113.11	124
2115.09	126.222
2117.08	121.778
2119.06	127.556
2121.05	129.778
2123.03	129.111
2125.02	125.778
2127	128
2128.98	120.667
2130.96	123.556
2132.95	126.889
2134.93	125.778
2136.91	124.667
2138.89	129.778
2140.87	126.889
2142.84	129.556
2144.82	127.778
2146.8	128
2148.77	129.778
2150.75	126.444
2152.73	129.111
2154.7	128
2156.68	126.222
2158.65	124.444
2160.62	135.556
2162.59	129.333
2164.57	130
2166.54	124.667
2168.51	129.556
2170.48	128.889
2172.45	129.333
2174.42	128
2176.38	126
2178.35	122.889
2180.32	127.111
2182.29	124.889
2184.25	122.889
2186.22	125.333
2188.18	125.333
2190.15	127.111
2192.11	126.222
2194.07	125.333
2196.03	123.556
2198	124.222
2199.96	127.111
2201.92	126.222
2203.88	126.222
2205.84	129.333
2207.8	122.444
2209.76	125.778
2211.71	126.667
2213.67	123.556
2215.63	129.778
2217.58	129.778
2219.54	126.444
2221.49	121.556
2223.45	124
2225.4	129.778
2227.36	132.222
2229.31	124.889
2231.26	128.667
2233.21	126
2235.16	125.333
2237.11	128
2239.06	126.667
2241.01	126
2242.96	125.556
2244.91	127.111
2246.86	128.222
2248.8	130
2250.75	130.889
2252.69	133.778
2254.64	127.556
2256.58	130.889
2258.53	126.667
2260.47	128.444
2262.41	126
2264.36	129.778
2266.3	123.333
2268.24	126
2270.18	129.556
2272.12	123.556
2274.06	126.222
2276	132.889
2277.94	124.889
2279.87	131.111
2281.81	132.667
2283.75	131.111
2285.68	128
2287.62	131.333
2289.55	130.222
2291.49	130
2293.42	132.889
2295.35	136.222
2297.29	139.778
2299.22	138.222
2301.15	144
2303.08	141.333
2305.01	142.889
2306.94	141.111
2308.87	141.556
2310.8	137.556
2312.73	138
2314.65	136.444
2316.58	130.667
2318.51	134.444
2320.43	133.333
2322.36	133.111
2324.28	134.222
2326.21	132.889
2328.13	133.333
2330.05	131.556
2331.98	130
2333.9	129.778
2335.82	128.222
2337.74	132
2339.66	131.556
2341.58	128.444
2343.5	126.444
2345.42	130.667
2347.33	126.667
2349.25	126.667
2351.17	123.778
2353.08	128
2355	124.889
2356.92	128.444
2358.83	126.222
2360.74	131.111
2362.66	136
2364.57	131.556
2366.48	126.889
2368.39	126
2370.31	129.333
2372.22	124.667
2374.13	128.667
2376.04	121.556
2377.94	126.444
2379.85	130.222
2381.76	125.333
2383.67	127.333
2385.57	127.111
2387.48	124.667
2389.39	129.111
2391.29	127.333
2393.2	128.222
2395.1	126.444
2397	130
2398.91	124.222
2400.81	127.111
2402.71	127.111
2404.61	130.667
2406.51	129.111
2408.41	124
2410.31	132.222
2412.21	130.444
2414.11	128.889
2416.01	129.556
2417.9	122.222
2419.8	132.889
2421.69	126.444
2423.59	130.667
2425.49	129.111
2427.38	130.667
2429.27	131.333
2431.17	123.111
2433.06	127.556
2434.95	124
2436.84	130.444
2438.73	119.778
2440.63	130
2442.52	127.778
2444.41	129.333
2446.29	132.222
2448.18	127.333
2450.07	128.444
2451.96	132.889
2453.84	126.444
