105.443	591.861
108.528	557.751
111.612	517.037
114.693	482.818
117.774	461.664
120.854	426.076
123.931	400.568
127.007	386.975
130.081	364.104
133.155	360.333
136.226	337.101
139.296	317.663
142.364	315.3
145.431	302.945
148.496	278.444
151.559	262.626
154.622	258.507
157.682	235.544
160.741	228.69
163.799	223.665
166.855	226.665
169.91	207.055
172.963	193.051
176.014	193.349
179.064	186.265
182.113	174.675
185.16	172.866
188.205	164.572
191.249	172.975
194.291	172.933
197.333	159.393
200.372	158.264
203.409	162.291
206.446	149.596
209.48	150.126
212.514	150.271
215.546	150.712
218.577	155.159
221.605	152.545
224.633	160.546
227.658	152.5
230.682	159.495
233.706	152.133
236.727	151.639
239.747	150.349
242.765	149.784
245.782	143.775
248.797	144.544
251.811	142.276
254.823	134.099
257.834	134.161
260.844	135.783
263.852	138.317
266.858	147.262
269.863	148.326
272.866	149.406
275.868	163.359
278.869	182.427
281.867	197.707
284.865	216.553
287.861	241.499
290.856	265.514
293.848	286.147
296.84	310.62
299.83	330.047
302.819	336.837
305.806	347.164
308.791	353.58
311.775	340.182
314.758	323.833
317.739	338.57
320.719	340.825
323.697	338.118
326.674	309.41
329.649	264.566
332.623	232.335
335.595	201.346
338.566	186.329
341.535	180.991
344.504	178.981
347.47	191.477
350.434	222.625
353.399	275.316
356.36	365.427
359.321	469.996
362.281	487.624
365.238	401.176
368.194	285.836
371.149	214.423
374.102	182.85
377.054	162.672
380.005	162.636
382.954	189.504
385.901	225.476
388.847	262.657
391.792	294.516
394.735	277.74
397.676	243.561
400.617	193.531
403.555	147.491
406.493	134.975
409.429	117.437
412.363	108.192
415.297	103.177
418.228	105.983
421.158	99.8819
424.087	101.822
427.014	104.309
429.94	112.937
432.864	118.267
435.787	121.494
438.709	144.351
441.629	158.166
444.547	168.89
447.464	161.298
450.38	138.961
453.294	116.778
456.208	105.147
459.119	102.544
462.028	100.79
464.938	100.23
467.844	102.814
470.75	107.658
473.654	109.837
476.557	108.702
479.459	109.322
482.359	101.912
485.257	93.3264
488.154	88.4835
491.05	83.9562
493.945	81.839
496.838	75.0362
499.729	76.5092
502.619	76.7321
505.508	77.4004
508.395	79.6063
511.281	80.6713
514.165	68.7578
517.049	67.4326
519.93	62.5842
522.81	60.9251
525.689	64.7337
528.566	62.8256
531.442	61.1947
534.317	62.5146
537.19	59.2351
540.062	57.9736
542.932	55.5788
545.801	55.7261
548.669	55.3975
551.534	55.5092
554.399	53.806
557.262	54.6251
560.124	51.6199
562.985	57.7976
565.844	51.9794
568.702	52.6642
571.558	56.3232
574.413	53.2241
577.266	55.907
580.118	52.9456
582.969	53.1415
585.819	51.5678
588.666	53.5795
591.513	51.0865
594.359	52.3916
597.202	49.5975
600.045	54.3116
602.885	52.1831
605.725	49.7268
608.564	51.8998
611.4	50.9294
614.236	55.1883
617.07	51.8754
619.902	53.8495
622.734	48.7659
625.564	56.4431
628.393	53.2361
631.219	55.2437
634.045	55.0572
636.87	54.0449
639.693	50.2848
642.515	52.1098
645.335	50.0169
648.153	52.4328
650.971	55.3801
653.787	51.0327
656.602	51.1987
659.416	50.8965
662.228	51.5661
665.038	49.7957
667.848	50.101
670.655	55.5146
673.462	55.1514
676.268	52.252
679.071	53.4434
681.874	54.3171
684.675	52.7543
687.475	56.9058
690.273	55.1661
693.07	55.0129
695.866	58.5766
698.66	62.2012
701.453	60.5975
704.244	61.9544
707.035	69.0894
709.824	70.8128
712.612	68.835
715.397	74.6028
718.183	83.2646
720.966	86.2023
723.748	97.5531
726.529	92.5914
729.308	99.4626
732.087	105.103
734.863	117.64
737.639	120.332
740.413	119.715
743.186	110.525
745.956	114.055
748.726	111.23
751.495	116.015
754.262	103.022
757.029	92.5303
759.793	90.9087
762.557	87.349
765.318	89.3783
768.079	92.7871
770.839	88.3264
773.597	95.4965
776.353	98.3682
779.109	100.196
781.862	109.489
784.615	118.49
787.366	127.261
790.116	119.082
792.865	121.826
795.612	159.987
798.358	196.447
801.102	237.361
803.846	246.496
806.588	259.492
809.329	285.326
812.068	330.395
814.806	356.055
817.542	333.386
820.278	263.016
823.012	200.884
825.744	146.04
828.476	125.48
831.206	111.047
833.935	103.006
836.662	101.824
839.388	99.0612
842.113	107.424
844.836	108.151
847.558	132.975
850.279	158.944
852.999	219.775
855.718	291.205
858.435	366.279
861.15	383.289
863.865	321.262
866.577	247.442
869.289	202.512
871.999	191.677
874.709	221.039
877.417	285.343
880.123	380.959
882.828	438.143
885.531	431.374
888.234	415.386
890.936	388.047
893.635	321.519
896.334	243.938
899.031	197.401
901.728	157.927
904.422	131.238
907.116	107.68
909.808	98.5379
912.499	90.3134
915.188	81.3235
917.877	79.51
920.563	75.4847
923.249	74.9461
925.934	77.1777
928.617	79.3608
931.298	81.6403
933.979	82.6772
936.658	92.0595
939.336	96.9309
942.013	99.1948
944.688	98.6673
947.362	97.3462
950.035	90.5309
952.706	86.6673
955.377	86.9579
958.045	97.8104
960.714	96.4093
963.38	103.02
966.044	100.294
968.709	95.9736
971.372	92.9766
974.033	83.9812
976.693	80.1118
979.351	85.417
982.009	88.104
984.665	92.835
987.32	109.336
989.974	132.627
992.626	139.112
995.277	163.863
997.926	167.731
1000.57	162.168
1003.22	149.596
1005.87	144.514
1008.51	132.956
1011.16	121.626
1013.8	118.003
1016.44	115.765
1019.08	128.28
1021.72	148.309
1024.35	193.406
1026.99	241.499
1029.63	296.153
1032.26	301.757
1034.89	253.86
1037.52	200.054
1040.15	175.341
1042.78	162.51
1045.41	175.174
1048.03	182.143
1050.66	194.681
1053.28	203.069
1055.9	226.959
1058.52	221.515
1061.14	213.433
1063.76	213.089
1066.38	229.232
1068.99	243.102
1071.61	262.949
1074.22	245.889
1076.83	222.227
1079.44	188.254
1082.05	160.07
1084.66	144.639
1087.27	120.147
1089.87	107.858
1092.48	97.2602
1095.08	92.1174
1097.68	93.0872
1100.29	80.3532
1102.88	88.3134
1105.48	84.2772
1108.08	83.5256
1110.68	90.3095
1113.27	88.7502
1115.86	102.427
1118.46	109.854
1121.05	116.621
1123.64	135.621
1126.23	162.323
1128.81	203.436
1131.4	232.316
1133.98	227.128
1136.57	192.965
1139.15	154.01
1141.73	125.772
1144.31	111.974
1146.89	103.762
1149.47	110.086
1152.04	112.456
1154.62	118.162
1157.19	115.415
1159.76	112.966
1162.33	95.9812
1164.9	86.1936
1167.47	82.9128
1170.04	74.3462
1172.61	71.5393
1175.17	69.9397
1177.74	72.3
1180.3	69.5081
1182.86	68.4282
1185.42	66.8719
1187.98	64.7542
1190.54	60.5609
1193.09	65.8994
1195.65	66.9591
1198.2	66.4702
1200.76	69.0232
1203.31	70.4268
1205.86	70.2316
1208.41	77.1742
1210.96	87.8683
1213.5	78.3778
1216.05	77.1777
1218.59	73.2287
1221.14	76.742
1223.68	75.0876
1226.22	79.0555
1228.76	75.3905
1231.3	81.953
1233.84	85.4948
1236.37	86.0445
1238.91	91.6971
1241.44	93.9812
1243.97	96.5023
1246.5	93.8965
1249.03	95.4601
1251.56	93.577
1254.09	96.9262
1256.62	96.1322
1259.14	102.033
1261.67	108.969
1264.19	115.393
1266.71	124.547
1269.23	130.8
1271.75	136.547
1274.27	151.061
1276.78	159.492
1279.3	169.223
1281.81	186.822
1284.33	195.536
1286.84	214.426
1289.35	240.587
1291.86	281.74
1294.37	303.056
1296.88	295.277
1299.38	277.252
1301.89	244.957
1304.39	213.46
1306.89	184.655
1309.4	167.671
1311.9	155.424
1314.4	142.148
1316.89	133.917
1319.39	118.31
1321.89	121.971
1324.38	119.82
1326.87	122.611
1329.37	121.944
1331.86	124.383
1334.35	134.349
1336.83	123.707
1339.32	122.65
1341.81	119.397
1344.29	116.193
1346.78	119.064
1349.26	117.907
1351.74	123.516
1354.22	132.62
1356.7	127.512
1359.18	125.44
1361.65	123.335
1364.13	122.285
1366.6	120.689
1369.08	117.68
1371.55	121.055
1374.02	121.235
1376.49	125.772
1378.96	121.778
1381.43	115.497
1383.89	113.996
1386.36	120.205
1388.82	115.863
1391.28	117.854
1393.75	121.069
1396.21	128.205
1398.67	130.991
1401.12	129.141
1403.58	135.912
1406.04	141.485
1408.49	146.702
1410.95	152.618
1413.4	176.202
1415.85	190.492
1418.3	211.615
1420.75	238.114
1423.2	277.37
1425.64	321.733
1428.09	364.271
1430.53	403.43
1432.97	412.258
1435.42	427.981
1437.86	434.787
1440.3	447.798
1442.74	465.855
1445.17	474.049
1447.61	484.554
1450.05	472.891
1452.48	448.192
1454.91	420.764
1457.34	376.214
1459.77	322.7
1462.2	301.264
1464.63	256.636
1467.06	231.403
1469.48	211.289
1471.91	190.936
1474.33	179.252
1476.76	160.692
1479.18	158.605
1481.6	151.315
1484.02	148.901
1486.44	138.136
1488.85	126.902
1491.27	117.381
1493.68	121.495
1496.1	114.724
1498.51	113.11
1500.92	106.967
1503.33	107.719
1505.74	104.09
1508.15	93.338
1510.55	101.834
1512.96	97.2602
1515.36	97.3888
1517.77	97.5088
1520.17	88.1234
1522.57	87.1813
1524.97	90.9591
1527.37	88.6892
1529.77	91.9367
1532.16	87.0403
1534.56	86.2052
1536.95	82.4227
1539.35	82.4134
1541.74	91.5205
1544.13	83.7871
1546.52	81.1459
1548.91	87.3192
1551.3	86.5309
1553.68	80.1831
1556.07	75.3308
1558.45	79.676
1560.84	77.3913
1563.22	80.6947
1565.6	76.9169
1567.98	77.0472
1570.36	76.9041
1572.74	74.6479
1575.11	74.4574
1577.49	67.8198
1579.86	73.4952
1582.24	75.9433
1584.61	71.4803
1586.98	74.4963
1589.35	70.7993
1591.72	72.6808
1594.08	68.0485
1596.45	68.2123
1598.82	72.3615
1601.18	71.9374
1603.54	71.0579
1605.91	71.2707
1608.27	69.7042
1610.63	72.0648
1612.99	69.5678
1615.34	64.3901
1617.7	68.6526
1620.06	74.1531
1622.41	66.1976
1624.76	63.0764
1627.12	64.7578
1629.47	64.5064
1631.82	66.5317
1634.17	67.0331
1636.51	65.2694
1638.86	63.2351
1641.21	61.4344
1643.55	64.0485
1645.9	62.1046
1648.24	64.5397
1650.58	60.2325
1652.92	62.983
1655.26	62.5473
1657.6	62.7799
1659.93	62.0742
1662.27	63.5292
1664.6	61.6285
1666.94	62.1831
1669.27	55.8952
1671.6	57.907
1673.93	63.9707
1676.26	63.2508
1678.59	62.4463
1680.92	59.2541
1683.24	58.873
1685.57	63.873
1687.89	61.2088
1690.22	62.7659
1692.54	59.4431
1694.86	55.1474
1697.18	61.2834
1699.5	57.2942
1701.81	58.793
1704.13	56.6211
1706.45	54.8701
1708.76	61.104
1711.07	56.9982
1713.38	52.3648
1715.7	55.9414
1718.01	52.6787
1720.31	52.8375
1722.62	57.1583
1724.93	50.4466
1727.24	55.0666
1729.54	52.879
1731.84	49.672
1734.15	48.2316
1736.45	49.1351
1738.75	51.1813
1741.05	51.0123
1743.35	47.4894
1745.64	45.3858
1747.94	44.9374
1750.23	46.131
1752.53	51.6228
1754.82	48.7807
1757.11	48.8819
1759.4	45.5075
1761.69	45.5783
1763.98	41.0485
1766.27	43.8849
1768.56	48.307
1770.84	50.3391
1773.13	43.6298
1775.41	46.4672
1777.69	41.131
1779.97	42.2153
1782.25	40.311
1784.53	43.1227
1786.81	40.5486
1789.09	39.5216
1791.36	40.6275
1793.64	41.9725
1795.91	44.4847
1798.18	40.2034
1800.46	40.9132
1802.73	42.677
1805	42.8596
1807.27	41.7467
1809.53	40.9776
1811.8	40.6865
1814.07	40.0923
1816.33	41.042
1818.59	37.3945
1820.86	42.1883
1823.12	41.3905
1825.38	41.3352
1827.64	39.3953
1829.89	34.9186
1832.15	38.2128
1834.41	43.0654
1836.66	40.7239
1838.92	38.0007
1841.17	40.2153
1843.42	40.11
1845.67	38.7402
1847.92	39.2682
1850.17	39.2363
1852.42	39.0597
1854.67	37.1615
1856.91	36.7738
1859.16	39.4274
1861.4	37.0093
1863.64	35.835
1865.88	37.2954
1868.12	39.1883
1870.36	35.19
1872.6	35.9117
1874.84	38.2378
1877.08	37.2421
1879.31	34.9309
1881.54	35.4538
1883.78	36.9408
1886.01	36.6993
1888.24	35.232
1890.47	36.2834
1892.7	35.8023
1894.93	37.452
1897.16	31.9884
1899.38	34.2747
1901.61	35.8954
1903.83	34.0199
1906.05	37.3753
1908.28	34.6941
1910.5	36.7767
1912.72	39.615
1914.94	34.6551
1917.16	32.2625
1919.37	30.0129
1921.59	35.5725
1923.8	31.677
1926.02	32.658
1928.23	31.9678
1930.44	33.4368
1932.65	31.6123
1934.86	28.4847
1937.07	34.3841
1939.28	34.638
1941.48	31.8983
1943.69	33.9175
1945.9	32.9776
1948.1	33.4368
1950.3	32.0778
1952.5	32.3503
1954.7	33.0847
1956.9	29.6718
1959.1	28.4303
1961.3	31.1305
1963.5	33.1351
1965.69	29.7767
1967.89	28.6823
1970.08	28.2045
1972.27	30.4314
1974.46	28.0561
1976.66	28.556
1978.84	25.4257
1981.03	30.376
1983.22	30.3905
1985.41	28.4344
1987.59	24.6005
1989.78	27.124
1991.96	29.1147
1994.14	24.8227
1996.32	28.8923
1998.51	28.3333
2000.69	27.6127
2002.86	28.2229
2005.04	24.6572
2007.22	24.9736
2009.39	29.3783
2011.57	27.5545
2013.74	23.5929
2015.91	28.5935
2018.09	29.3652
2020.26	24.5263
2022.43	25.4578
2024.59	23.1853
2026.76	23.5794
2028.93	24.8923
2031.09	25.334
2033.26	22.3192
2035.42	23.6443
2037.59	25.1988
2039.75	21.4404
2041.91	24.9591
2044.07	24.4326
2046.23	21.9982
2048.38	21.2316
2050.54	21.5146
2052.7	23.2694
2054.85	18.9882
2057	20.5292
2059.16	23.2598
2061.31	21.1204
2063.46	22.3076
2065.61	21.7491
2067.76	21.0818
2069.91	22.7572
2072.05	20.7087
2074.2	22.004
2076.34	22.7778
2078.49	20.9087
2080.63	21.5245
2082.77	20.7384
2084.91	18.2842
2087.05	21.5735
2089.19	20.6952
2091.33	23.8741
2093.47	20.2343
2095.6	21.6504
2097.74	20.4127
2099.87	19.5701
2102.01	18.1029
2104.14	23.0196
2106.27	21.969
2108.4	18.0508
2110.53	18.7409
2112.66	20.4065
2114.79	21.5694
2116.91	18.9987
2119.04	17.7036
2121.16	18.8719
2123.29	19.2642
2125.41	20.67
2127.53	16.159
2129.65	21.3013
2131.77	18.9338
2133.89	18.4835
2136.01	16.8433
2138.12	20.0818
2140.24	22.4046
2142.35	20.969
2144.47	17.6819
2146.58	18.3363
2148.69	18.4
2150.8	18.8794
2152.91	18.2045
2155.02	21.3127
2157.13	18.6526
2159.24	18.3239
2161.34	18.2954
2163.45	18.7784
2165.55	16.818
2167.66	20.055
2169.76	31.0771
2171.86	22.0964
2173.96	18.8602
2176.06	19.3156
2178.16	19.0004
2180.26	21.9117
2182.35	22.307
2184.45	22.5191
2186.54	21.6981
2188.64	20.2895
2190.73	16.8227
2192.82	20.6443
2194.91	18.9736
2197	16.6428
2199.09	17.1069
2201.18	16.9946
2203.27	17.848
2205.35	19.7015
2207.44	18.7192
2209.52	16.9776
2211.61	20.8538
2213.69	17.8316
2215.77	17.2252
2217.85	15.5437
2219.93	19.5052
2222.01	19.5659
2224.09	17.1174
2226.16	17.1263
2228.24	15.0995
2230.31	18.8907
2232.39	17.1752
2234.46	16.9087
2236.53	17.2958
2238.6	16.1503
2240.67	16.0847
2242.74	16.1531
2244.81	16.0597
2246.88	19.3087
2248.94	18.2227
2251.01	16.028
2253.07	19.1058
2255.14	15.7708
2257.2	18.7239
2259.26	15.7472
2261.32	14.9175
2263.38	18.3975
2265.44	17.2421
2267.5	17.1238
2269.56	17.9484
2271.61	17.3338
2273.67	16.2209
2275.72	13.1706
2277.78	17.3959
2279.83	16.2893
2281.88	14.6197
2283.93	16.3156
2285.98	16.2667
2288.03	18.2064
2290.08	19.2817
2292.12	15.2817
2294.17	18.1086
2296.21	15.0579
2298.26	14.949
2300.3	16.9987
2302.34	18.6251
2304.38	15.8362
2306.42	15.3696
2308.46	16.0007
2310.5	14.5303
2312.54	15.4
2314.58	13.5321
2316.61	17.0671
2318.65	13.4209
2320.68	15.9087
2322.71	14.9964
2324.75	14.5683
2326.78	14.9066
2328.81	13.7521
2330.84	14.8625
2332.86	15.186
2334.89	18.7369
2336.92	14.6526
2338.94	14.3901
2340.97	15.3427
2342.99	14.7438
2345.02	16.8079
2347.04	13.9789
2349.06	17.1128
2351.08	13.8139
2353.1	13.7601
2355.12	13.4035
2357.13	14.7637
2359.15	15.865
2361.17	12.6273
2363.18	12.8252
2365.19	14.8198
2367.21	14.0671
2369.22	11.9789
2371.23	15.3462
2373.24	13.5842
2375.25	16.8478
2377.26	13.0764
2379.27	15.5801
2381.27	13.3869
2383.28	14.2222
2385.28	15.914
2387.29	16.6197
2389.29	13.497
2391.29	13.8881
2393.29	13.5146
2395.29	13.9291
2397.29	12.806
2399.29	12.3613
2401.29	15.0934
2403.28	13.5632
2405.28	11.5263
2407.27	12.9584
2409.27	16.4141
2411.26	13.821
2413.25	14.4712
2415.25	14.3159
2417.24	14.2806
2419.22	12.0865
2421.21	10.79
2423.2	12.0911
2425.19	14.9931
2427.17	16.2391
2429.16	14.0063
2431.14	11.9245
2433.13	13.1332
2435.11	14.7337
2437.09	15.143
2439.07	13.1118
2441.05	16.6863
2443.03	12.497
2445.01	14.2802
2446.98	15.1234
2448.96	17.2971
2450.93	14.3396
2452.91	14.0934
2454.88	12.6654
2456.85	12.3235
2458.83	13.3262
2460.8	15.2273
2462.77	15.0141
2464.74	13.7854
2466.7	17.1368
2468.67	17.1075
2470.64	14.8274
2472.6	16.3232
2474.57	14.6966
2476.53	11.0344
2478.49	12.131
2480.46	14.3901
2482.42	14.0818
2484.38	16.7367
2486.34	18.5397
2488.29	19.8016
2490.25	19.0199
2492.21	19.4952
2494.16	15.7679
2496.12	19.8971
2498.07	16.4684
2500.03	15.5836
2501.98	15.1151
2503.93	16.3689
2505.88	17.7905
2507.83	19.3613
2509.78	27.2256
2511.73	31.9461
2513.67	33.4919
2515.62	30.3736
2517.56	24.5385
2519.51	17.4187
2521.45	17.9544
2523.4	12.3134
2525.34	10.9591
2527.28	14.4082
2529.22	13.9009
2531.16	11.5332
2533.1	13.2606
2535.03	14.2758
2536.97	13.9562
2538.91	11.9608
2540.84	11.7281
2542.77	11.4643
2544.71	12.0449
2546.64	13.1619
2548.57	13.452
2550.5	15.6385
2552.43	13.2012
2554.36	14.1292
2556.29	12.5609
2558.21	14.1533
2560.14	15.1853
2562.07	13.4813
2563.99	13.0017
2565.91	14.3098
2567.84	10.076
2569.76	14.5537
2571.68	13.163
2573.6	16.1455
2575.52	16.0297
2577.44	12.7467
2579.36	14.8895
2581.27	14.9638
2583.19	16.5676
2585.1	14.1232
2587.02	14.7947
2588.93	14.9696
2590.84	12.6197
2592.75	13.1292
2594.67	15.4035
2596.58	15.4326
2598.48	14.0525
2600.39	13.8375
