105.443	583.782
108.528	549.514
111.612	518.655
114.693	492.094
117.774	444.738
120.854	430.517
123.931	395.126
127.007	373.13
130.081	372.88
133.155	355.811
136.226	336.477
139.296	324.58
142.364	312.996
145.431	284.902
148.496	273.826
151.559	264.296
154.622	251.554
157.682	240.599
160.741	228.228
163.799	213.348
166.855	213.383
169.91	205.791
172.963	193.296
176.014	185.407
179.064	180.162
182.113	175.13
185.16	164.993
188.205	156.625
191.249	172.344
194.291	163.133
197.333	161.128
200.372	152.376
203.409	151.094
206.446	142.445
209.48	149.506
212.514	143.272
215.546	149.382
218.577	153.352
221.605	151.164
224.633	150.938
227.658	152.315
230.682	151.591
233.706	155.161
236.727	148.699
239.747	148.019
242.765	145.476
245.782	144.422
248.797	141.973
251.811	143.94
254.823	140.967
257.834	138.307
260.844	132.852
263.852	134.956
266.858	134.895
269.863	144.978
272.866	146.574
275.868	160.699
278.869	184.114
281.867	193.292
284.865	205.154
287.861	235.316
290.856	266.014
293.848	297.459
296.84	318.875
299.83	328.975
302.819	333.04
305.806	343.995
308.791	344.014
311.775	347.373
314.758	330.939
317.739	328.813
320.719	343.337
323.697	338.651
326.674	308.672
329.649	260.751
332.623	226.014
335.595	202.348
338.566	183.666
341.535	180.52
344.504	183.782
347.47	182.56
350.434	215.004
353.399	266.095
356.36	365.846
359.321	467.104
362.281	489.828
365.238	395.77
368.194	289.542
371.149	218.586
374.102	175.432
377.054	165.427
380.005	165.167
382.954	183.13
385.901	220.682
388.847	261.392
391.792	296.37
394.735	294.206
397.676	239.628
400.617	191.459
403.555	147.666
406.493	124.2
409.429	117.161
412.363	104.061
415.297	101.422
418.228	100.255
421.158	103.99
424.087	94.4677
427.014	99.2157
429.94	112.327
432.864	118.867
435.787	124.682
438.709	146.301
441.629	163.988
444.547	178.026
447.464	169.272
450.38	141.862
453.294	115.38
456.208	104.559
459.119	95.659
462.028	93.9213
464.938	100.494
467.844	103.089
470.75	104.197
473.654	109.208
476.557	108.918
479.459	106.236
482.359	101.246
485.257	102.506
488.154	89.8038
491.05	79.7144
493.945	81.4808
496.838	75.5594
499.729	74.9652
502.619	70.5447
505.508	76.9882
508.395	78.1003
511.281	74.2374
514.165	73.9141
517.049	66.7106
519.93	60.6341
522.81	64.1436
525.689	58.3785
528.566	63.4982
531.442	62.032
534.317	56.3167
537.19	57.5467
540.062	58.7669
542.932	59.4007
545.801	51.2364
548.669	55.2358
551.534	49.7768
554.399	50.6708
557.262	54.3954
560.124	52.5334
562.985	47.9489
565.844	54.389
568.702	51.6288
571.558	50.1573
574.413	55.6025
577.266	55.5396
580.118	49.6914
582.969	55.6885
585.819	55.1105
588.666	51.9984
591.513	52.6389
594.359	53.8519
597.202	51.2372
600.045	52.8255
602.885	51.7398
605.725	54.503
608.564	51.6666
611.4	47.878
614.236	48.2483
617.07	51.8382
619.902	53.311
622.734	50.2477
625.564	55.0393
628.393	50.2263
631.219	56.3513
634.045	50.154
636.87	50.4176
639.693	52.4171
642.515	51.6596
645.335	55.0697
648.153	50.9989
650.971	49.5418
653.787	51.8462
656.602	49.9499
659.416	52.4481
662.228	52.268
665.038	52.3273
667.848	48.63
670.655	45.951
673.462	47.5501
676.268	54.7427
679.071	52.4577
681.874	53.2801
684.675	52.3164
687.475	54.228
690.273	56.6449
693.07	51.3528
695.866	57.1697
698.66	55.2553
701.453	57.7811
704.244	64.6676
707.035	65.8828
709.824	69.7665
712.612	72.0448
715.397	80.6769
718.183	84.7253
720.966	85.1036
723.748	93.1699
726.529	89.9449
729.308	93.1785
732.087	104.842
734.863	111.433
737.639	129.019
740.413	119.228
743.186	112.932
745.956	111.038
748.726	109.337
751.495	114.417
754.262	98.2209
757.029	95.6554
759.793	89.6285
762.557	90.9984
765.318	88.0359
768.079	88.1209
770.839	90.312
773.597	90.4223
776.353	98.4133
779.109	108.715
781.862	108.376
784.615	121.872
787.366	117.561
790.116	122.242
792.865	123.337
795.612	154.544
798.358	192.423
801.102	237.604
803.846	252.395
806.588	262.598
809.329	288.651
812.068	335.519
814.806	354.018
817.542	318.417
820.278	260.725
823.012	196.137
825.744	154.624
828.476	125.714
831.206	111.878
833.935	102.709
836.662	99.3244
839.388	100.759
842.113	104.206
844.836	115.106
847.558	132.031
850.279	159.084
852.999	213.477
855.718	289.583
858.435	376.52
861.15	385.853
863.865	323.634
866.577	250.63
869.289	203.206
871.999	189.564
874.709	209.185
877.417	285.888
880.123	380.518
882.828	435.751
885.531	426.74
888.234	414.675
890.936	382.984
893.635	307.295
896.334	258.012
899.031	201.255
901.728	166.25
904.422	131.205
907.116	106.559
909.808	99.2594
912.499	83.5285
915.188	85.1751
917.877	76.7673
920.563	77.4384
923.249	73.4367
925.934	77.1046
928.617	73.1315
931.298	80.9776
933.979	84.7299
936.658	88.9314
939.336	93.8548
942.013	98.8987
944.688	99.4696
947.362	98.1538
950.035	87.4594
952.706	87.1668
955.377	85.1346
958.045	88.8672
960.714	92.6341
963.38	99.9155
966.044	100.239
968.709	96.8436
971.372	89.0945
974.033	81.5313
976.693	81.686
979.351	83.2259
982.009	86.437
984.665	91.6762
987.32	105.932
989.974	125.389
992.626	140.156
995.277	159.117
997.926	169.529
1000.57	160.57
1003.22	153.428
1005.87	143.412
1008.51	129.361
1011.16	120.1
1013.8	113.058
1016.44	117.348
1019.08	133.561
1021.72	149.17
1024.35	176.342
1026.99	239.081
1029.63	298.131
1032.26	299.554
1034.89	258.64
1037.52	203.73
1040.15	167.125
1042.78	164.488
1045.41	166.725
1048.03	175.311
1050.66	193.862
1053.28	198.673
1055.9	224.348
1058.52	227.575
1061.14	221.337
1063.76	211.298
1066.38	227.778
1068.99	236.756
1071.61	249.476
1074.22	245.512
1076.83	215.12
1079.44	187.989
1082.05	158.569
1084.66	130.609
1087.27	114.939
1089.87	104.216
1092.48	94.4699
1095.08	91.2502
1097.68	90.0779
1100.29	80.0779
1102.88	83.8344
1105.48	81.9979
1108.08	87.7036
1110.68	89.1451
1113.27	83.8817
1115.86	92.9946
1118.46	106.248
1121.05	110.339
1123.64	133.365
1126.23	164.847
1128.81	202.487
1131.4	221.645
1133.98	226.095
1136.57	199.329
1139.15	151.437
1141.73	121.417
1144.31	106.723
1146.89	105.06
1149.47	104.089
1152.04	113.858
1154.62	120.944
1157.19	121.14
1159.76	113.392
1162.33	93.751
1164.9	91.5026
1167.47	78.5481
1170.04	79.7608
1172.61	72.4898
1175.17	71.6809
1177.74	68.2412
1180.3	72.4007
1182.86	69.8156
1185.42	65.7065
1187.98	56.9835
1190.54	69.3551
1193.09	65.0027
1195.65	67.0841
1198.2	66.4227
1200.76	68.8926
1203.31	71.3483
1205.86	67.3701
1208.41	69.7035
1210.96	74.4978
1213.5	78.8615
1216.05	78.8171
1218.59	74.5259
1221.14	74.2527
1223.68	73.8506
1226.22	75.6646
1228.76	76.1305
1231.3	78.1694
1233.84	79.7151
1236.37	81.7508
1238.91	91.9693
1241.44	92.8824
1243.97	99.0907
1246.5	91.6819
1249.03	92.8684
1251.56	95.4373
1254.09	95.4176
1256.62	98.4434
1259.14	100.923
1261.67	109.094
1264.19	117.315
1266.71	117.984
1269.23	125.555
1271.75	139.857
1274.27	144.844
1276.78	155.869
1279.3	166.254
1281.81	174.6
1284.33	188.391
1286.84	215.66
1289.35	243.202
1291.86	276.887
1294.37	289.407
1296.88	295.015
1299.38	273.699
1301.89	250.81
1304.39	220.784
1306.89	189.312
1309.4	166.625
1311.9	157.387
1314.4	140.528
1316.89	132.69
1319.39	127.477
1321.89	122.25
1324.38	117.494
1326.87	119.686
1329.37	122.714
1331.86	125.411
1334.35	130.286
1336.83	124.984
1339.32	127.4
1341.81	118.984
1344.29	109.961
1346.78	116.078
1349.26	118.048
1351.74	120.233
1354.22	126.799
1356.7	131.739
1359.18	126.578
1361.65	118.306
1364.13	115.397
1366.6	118.433
1369.08	125.444
1371.55	127.545
1374.02	114.548
1376.49	120.437
1378.96	118.998
1381.43	117.58
1383.89	113.137
1386.36	114.861
1388.82	122.438
1391.28	119.588
1393.75	117.614
1396.21	129.472
1398.67	125.935
1401.12	133.1
1403.58	137.433
1406.04	137.522
1408.49	149.114
1410.95	162.72
1413.4	165.331
1415.85	188.697
1418.3	203.167
1420.75	239.477
1423.2	275.182
1425.64	321.94
1428.09	366.17
1430.53	394.13
1432.97	410.537
1435.42	426.269
1437.86	441.195
1440.3	450.084
1442.74	468.396
1445.17	461.945
1447.61	476.686
1450.05	477.451
1452.48	445.861
1454.91	411.559
1457.34	374.109
1459.77	326.208
1462.2	295.546
1464.63	265.443
1467.06	235.716
1469.48	210.235
1471.91	183.723
1474.33	171.661
1476.76	170.312
1479.18	156.327
1481.6	146.725
1484.02	134.27
1486.44	129.96
1488.85	124.236
1491.27	117.377
1493.68	118.441
1496.1	115.601
1498.51	105.478
1500.92	107.252
1503.33	105.74
1505.74	99.228
1508.15	98.5441
1510.55	101.047
1512.96	94.4311
1515.36	96.8873
1517.77	93.1145
1520.17	90.4787
1522.57	88.5075
1524.97	93.8217
1527.37	88.2263
1529.77	85.3938
1532.16	81.8878
1534.56	81.8255
1536.95	84.6033
1539.35	84.5382
1541.74	83.3701
1544.13	88.7615
1546.52	86.1338
1548.91	81.4918
1551.3	81.6883
1553.68	79.6507
1556.07	79.2216
1558.45	79.0124
1560.84	75.7885
1563.22	76.2308
1565.6	80.026
1567.98	73.609
1570.36	75.3513
1572.74	75.2221
1575.11	72.5727
1577.49	77.2757
1579.86	77.1974
1582.24	71.8009
1584.61	67.575
1586.98	71.1235
1589.35	72.7844
1591.72	72.2133
1594.08	72.9472
1596.45	64.9863
1598.82	67.1329
1601.18	69.9887
1603.54	68.1034
1605.91	69.4023
1608.27	68.8312
1610.63	68.6007
1612.99	67.8916
1615.34	68.7811
1617.7	67.3613
1620.06	68.9674
1622.41	65.0477
1624.76	66.0522
1627.12	64.9614
1629.47	71.1585
1631.82	65.9287
1634.17	65.2913
1636.51	62.4223
1638.86	62.7669
1641.21	57.0124
1643.55	59.2216
1645.9	58.0952
1648.24	64.3875
1650.58	60.7668
1652.92	56.7249
1655.26	62.8557
1657.6	61.4914
1659.93	59.8092
1662.27	58.6813
1664.6	59.8981
1666.94	60.8452
1669.27	58.4428
1671.6	58.6156
1673.93	58.6284
1676.26	61.1949
1678.59	55.1791
1680.92	60.6898
1683.24	59.1623
1685.57	58.9179
1687.89	63.9057
1690.22	57.2822
1692.54	61.0445
1694.86	57.9472
1697.18	58.503
1699.5	56.5044
1701.81	55.4591
1704.13	58.6393
1706.45	59.3773
1708.76	60.2801
1711.07	54.7245
1713.38	55.4438
1715.7	53.837
1718.01	52.7996
1720.31	51.8356
1722.62	55.5702
1724.93	52.8364
1727.24	54.322
1729.54	50.2008
1731.84	50.1257
1734.15	47.0231
1736.45	47.1551
1738.75	49.9373
1741.05	45.549
1743.35	50.6819
1745.64	47.1824
1747.94	46.7713
1750.23	45.076
1752.53	43.1546
1754.82	48.7815
1757.11	47.0694
1759.4	45.1483
1761.69	45.7713
1763.98	42.8251
1766.27	47.5851
1768.56	44.0694
1770.84	46.3623
1773.13	42.1697
1775.41	40.6908
1777.69	45.0893
1779.97	41.2005
1782.25	43.1363
1784.53	42.7866
1786.81	44.9082
1789.09	40.6705
1791.36	37.5592
1793.64	43.6917
1795.91	39.3523
1798.18	41.1534
1800.46	39.7287
1802.73	40.9987
1805	43.1273
1807.27	42.2502
1809.53	36.787
1811.8	38.2483
1814.07	34.7554
1816.33	41.32
1818.59	38.026
1820.86	41.7233
1823.12	37.7707
1825.38	39.4068
1827.64	36.5807
1829.89	39.3367
1832.15	39.6488
1834.41	38.5059
1836.66	40.3116
1838.92	36.7375
1841.17	37.7253
1843.42	37.8213
1845.67	38.2355
1847.92	39.0614
1850.17	35.2808
1852.42	36.0837
1854.67	36.8054
1856.91	36.7656
1859.16	34.2034
1861.4	34.6813
1863.64	37.4779
1865.88	37.673
1868.12	37.7504
1870.36	37.2626
1872.6	34.4812
1874.84	33.9324
1877.08	38.673
1879.31	32.9312
1881.54	32.2989
1883.78	35.0034
1886.01	38.1041
1888.24	37.3895
1890.47	37.2542
1892.7	33.5054
1894.93	37.1237
1897.16	31.9935
1899.38	36.5617
1901.61	32.4227
1903.83	38.1697
1906.05	30.8486
1908.28	33.5007
1910.5	30.366
1912.72	34.4112
1914.94	31.6813
1917.16	31.8668
1919.37	32.7224
1921.59	34.0484
1923.8	31.6496
1926.02	30.3759
1928.23	32.6809
1930.44	37.8888
1932.65	37.191
1934.86	34.1689
1937.07	31.0477
1939.28	32.3158
1941.48	29.7607
1943.69	28.7644
1945.9	29.2601
1948.1	32.2038
1950.3	28.5957
1952.5	34.508
1954.7	29.7056
1956.9	29.1436
1959.1	27.5885
1961.3	27.2416
1963.5	29.5844
1965.69	28.3768
1967.89	26.3317
1970.08	24.2109
1972.27	28.8724
1974.46	26.7598
1976.66	24.0586
1978.84	26.9362
1981.03	27.2674
1983.22	29.0295
1985.41	26.5415
1987.59	24.8414
1989.78	23.322
1991.96	24.2263
1994.14	27.1711
1996.32	25.8873
1998.51	27.27
2000.69	26.8231
2002.86	23.5651
2005.04	25.5575
2007.22	25.5141
2009.39	25.6176
2011.57	20.934
2013.74	23.7844
2015.91	20.984
2018.09	24.1352
2020.26	23.92
2022.43	21.0562
2024.59	24.2168
2026.76	24.2836
2028.93	25.1949
2031.09	20.5443
2033.26	23.6453
2035.42	23.018
2037.59	26.2145
2039.75	24.2001
2041.91	23.3021
2044.07	19.7287
2046.23	20.201
2048.38	24.4377
2050.54	21.0476
2052.7	21.1844
2054.85	23.5722
2057	20.39
2059.16	19.5396
2061.31	20.332
2063.46	20.6502
2065.61	18.2145
2067.76	20.6554
2069.91	21.5118
2072.05	20.4671
2074.2	23.787
2076.34	22.8882
2078.49	22.4007
2080.63	21.9045
2082.77	19.7974
2084.91	21.1844
2087.05	18.2152
2089.19	17.8251
2091.33	20.7525
2093.47	18.3224
2095.6	20.5753
2097.74	22.8946
2099.87	19.1699
2102.01	21.6402
2104.14	19.1742
2106.27	16.9188
2108.4	18.8083
2110.53	19.1546
2112.66	17.3469
2114.79	20.5339
2116.91	16.7681
2119.04	19.7249
2121.16	22.3391
2123.29	18.8229
2125.41	17.424
2127.53	19.4787
2129.65	24.2173
2131.77	17.6998
2133.89	18.7971
2136.01	17.6637
2138.12	18.0578
2140.24	16.9805
2142.35	18.5481
2144.47	17.0927
2146.58	18.1839
2148.69	16.8751
2150.8	17.976
2152.91	17.7727
2155.02	15.5136
2157.13	17.2161
2159.24	17.4641
2161.34	18.8066
2163.45	20.5224
2165.55	18.7554
2167.66	21.824
2169.76	31.1411
2171.86	18.4591
2173.96	17.3279
2176.06	18.5613
2178.16	17.8614
2180.26	20.3628
2182.35	20.0534
2184.45	15.2254
2186.54	21.3551
2188.64	17.851
2190.73	19.5954
2192.82	16.4434
2194.91	17.3827
2197	19.5186
2199.09	18.2957
2201.18	14.3759
2203.27	16.7669
2205.35	15.322
2207.44	18.5212
2209.52	17.7669
2211.61	19.6987
2213.69	15.9426
2215.77	15.503
2217.85	14.9362
2219.93	15.1445
2222.01	18.3851
2224.09	15.6708
2226.16	14.7287
2228.24	17.5371
2230.31	16.4472
2232.39	14.6558
2234.46	15.9569
2236.53	12.7363
2238.6	16.3353
2240.67	16.1329
2242.74	17.2782
2244.81	14.7538
2246.88	17.4486
2248.94	17.2957
2251.01	15.0838
2253.07	17.3919
2255.14	16.8512
2257.2	13.3508
2259.26	16.4868
2261.32	13.2063
2263.38	16.4918
2265.44	15.5023
2267.5	14.6583
2269.56	16.6004
2271.61	15.7771
2273.67	15.4884
2275.72	14.6656
2277.78	15.5007
2279.83	15.226
2281.88	15.5141
2283.93	13.2808
2285.98	13.8262
2288.03	14.6898
2290.08	14.7777
2292.12	13.8486
2294.17	14.0368
2296.21	14.6032
2298.26	14.32
2300.3	13.9232
2302.34	18.1678
2304.38	13.4068
2306.42	12.6029
2308.46	15.7351
2310.5	17.9401
2312.54	13.6315
2314.58	14.9757
2316.61	15.3732
2318.65	16.1406
2320.68	14.2259
2322.71	11.2161
2324.75	13.6165
2326.78	12.9093
2328.81	13.7835
2330.84	14.9984
2332.86	11.1689
2334.89	14.6885
2336.92	10.2004
2338.94	12.7255
2340.97	12.1646
2342.99	14.0474
2345.02	14.3623
2347.04	12.7811
2349.06	12.9324
2351.08	11.6781
2353.1	11.1454
2355.12	11.5549
2357.13	10.0425
2359.15	10.9031
2361.17	13.7551
2363.18	11.3938
2365.19	13.5443
2367.21	16.9585
2369.22	12.2706
2371.23	11.3001
2373.24	10.8776
2375.25	12.4033
2377.26	14.3095
2379.27	13.545
2381.27	13.523
2383.28	11.3483
2385.28	13.815
2387.29	12.5253
2389.29	12.8179
2391.29	11.7713
2393.29	13.2005
2395.29	12.2049
2397.29	13.0685
2399.29	11.5396
2401.29	13.3947
2403.28	13.3919
2405.28	13.574
2407.27	9.99392
2409.27	14.0426
2411.26	10.9028
2413.25	14.9455
2415.25	12.3116
2417.24	10.2967
2419.22	13.4486
2421.21	13.0996
2423.2	11.8458
2425.19	11.5592
2427.17	12.503
2429.16	11.746
2431.14	13.6813
2433.13	12.1893
2435.11	12.0041
2437.09	11.5054
2439.07	11.8112
2441.05	11.7169
2443.03	12.7939
2445.01	11.8121
2446.98	11.9925
2448.96	11.2004
2450.93	12.9362
2452.91	14.1391
2454.88	11.8458
2456.85	12.4666
2458.83	11.0439
2460.8	10.6987
2462.77	13.353
2464.74	11.6833
2466.7	13.4171
2468.67	10.9697
2470.64	12.503
2472.6	15.1948
2474.57	12.3001
2476.53	9.85124
2478.49	11.8882
2480.46	12.7613
2482.42	11.5832
2484.38	12.7271
2486.34	14.9862
2488.29	17.5609
2490.25	19.3915
2492.21	23.5835
2494.16	18.4749
2496.12	19.6642
2498.07	16.6033
2500.03	14.7815
2501.98	14.8937
2503.93	16.4787
2505.88	15.5597
2507.83	16.182
2509.78	27.439
2511.73	27.4285
2513.67	24.6354
2515.62	25.9732
2517.56	18.3726
2519.51	15.6191
2521.45	14.8899
2523.4	9.66699
2525.34	11.9887
2527.28	12.7141
2529.22	11.437
2531.16	11.8607
2533.1	12.7092
2535.03	10.7598
2536.97	12.2619
2538.91	11.9757
2540.84	11.3785
2542.77	7.76128
2544.71	11.3294
2546.64	10.7179
2548.57	13.2474
2550.5	13.7102
2552.43	12.0916
2554.36	10.6054
2556.29	7.90831
2558.21	12.5641
2560.14	11.763
2562.07	13.8818
2563.99	11.4448
2565.91	13.2046
2567.84	13.8167
2569.76	10.3322
2571.68	15.2369
2573.6	13.6418
2575.52	14.311
2577.44	10.756
2579.36	13.9878
2581.27	15.6998
2583.19	12.4685
2585.1	11.709
2587.02	12.508
2588.93	14.6533
2590.84	12.9929
2592.75	12.9317
2594.67	12.2556
2596.58	14.2259
2598.48	10.617
2600.39	13.5026
