186.297	231.111
188.898	216.889
191.499	208
194.097	201.333
196.695	203.111
199.293	192.889
201.889	176.444
204.485	177.556
207.08	169.333
209.673	166
212.267	161.556
214.859	161.111
217.45	155.556
220.04	150.889
222.631	146.667
225.218	146.889
227.807	139.111
230.394	140.444
232.979	142.222
235.565	134.889
238.149	142.222
240.733	135.333
243.314	136.222
245.897	133.111
248.477	128.444
251.057	132.889
253.637	132.444
256.215	131.111
258.793	127.778
261.368	131.111
263.945	123.111
266.519	128.889
269.093	126.889
271.666	123.778
274.237	126.667
276.809	123.778
279.379	124.889
281.949	126.444
284.518	127.333
287.086	124.222
289.653	125.556
292.218	124.667
294.784	122.889
297.348	124.222
299.913	130.667
302.475	125.111
305.036	123.111
307.598	126.889
310.157	123.111
312.716	128.222
315.276	134.667
317.833	127.333
320.389	126.889
322.944	127.778
325.5	128.222
328.054	131.111
330.607	128.222
333.159	132.222
335.711	136.667
338.262	131.333
340.811	134.222
343.36	134
345.909	140.222
348.456	140.444
351.002	153.556
353.547	153.111
356.092	152.444
358.637	168
361.18	177.556
363.722	184.444
366.263	196.444
368.803	227.333
371.342	263.333
373.881	310.667
376.419	369.333
378.957	394.444
381.493	391.111
384.028	340.444
386.563	268.444
389.096	232
391.629	205.111
394.161	182.667
396.692	177.111
399.222	166
401.752	164
404.28	164
406.808	165.333
409.335	165.333
411.861	156.444
414.386	149.556
416.911	146.889
419.434	146.667
421.957	140.444
424.479	138.222
427	130
429.52	139.333
432.038	135.778
434.557	134.444
437.075	135.778
439.592	136
442.108	132.222
444.623	135.333
447.138	130.444
449.652	130.444
452.163	130.444
454.675	130
457.186	127.556
459.697	126.222
462.206	130
464.714	125.556
467.222	128.222
469.729	130.667
472.235	130.667
474.739	130
477.244	130.444
479.748	130.667
482.251	128.444
484.752	128.889
487.253	132.444
489.754	122
492.252	125.556
494.751	129.556
497.249	128
499.745	131.556
502.241	128.667
504.737	127.556
507.231	130.222
509.725	129.111
512.218	128
514.709	119.333
517.201	130.889
519.69	125.556
522.18	128.444
524.669	124.667
527.156	130
529.644	125.556
532.129	126.667
534.615	126.667
537.099	126
539.583	126.444
542.065	126.889
544.548	126
547.028	128.444
549.509	124.889
551.988	122.667
554.468	131.778
556.945	126.444
559.423	125.333
561.899	129.111
564.373	129.556
566.849	124
569.322	128.889
571.796	131.778
574.268	127.333
576.739	126.889
579.21	128.444
581.679	132
584.148	133.111
586.617	124
589.084	123.778
591.55	140.222
594.016	138
596.481	149.333
598.944	152.444
601.409	181.556
603.871	201.778
606.332	193.111
608.792	176.222
611.253	163.111
613.712	160
616.17	154
618.628	147.333
621.084	140.444
623.541	140.444
625.996	140.667
628.45	138.889
630.903	144.889
633.356	141.778
635.807	149.556
638.26	151.333
640.71	155.556
643.159	167.556
645.608	182.222
648.056	208
650.503	257.556
652.949	299.333
655.394	282
657.839	228.889
660.282	181.333
662.725	158.222
665.168	148.444
667.61	145.111
670.051	142.444
672.491	133.778
674.93	134
677.368	134.667
679.804	133.333
682.241	134
684.677	131.111
687.112	127.778
689.547	134.889
691.98	126
694.413	137.111
696.845	128.222
699.276	126.667
701.707	132.667
704.136	135.778
706.565	133.556
708.992	137.778
711.419	130.667
713.846	132.444
716.271	125.333
718.696	127.556
721.121	127.111
723.543	125.556
725.965	133.556
728.387	124.444
730.808	128.222
733.227	128.667
735.647	127.556
738.065	133.778
740.483	138.222
742.899	137.111
745.316	141.556
747.731	143.778
750.146	144.444
752.559	148.444
754.972	141.111
757.385	141.111
759.795	132.222
762.206	134.667
764.616	132.444
767.025	130.667
769.433	124
771.84	123.111
774.247	128.222
776.653	124.222
779.058	125.778
781.462	125.111
783.865	126.667
786.268	126
788.669	124.222
791.071	125.333
793.471	119.333
795.871	124
798.269	124.667
800.668	123.111
803.064	124
805.462	127.333
807.857	124.667
810.252	131.111
812.646	127.111
815.04	123.333
817.432	125.111
819.823	125.111
822.215	122.667
824.604	123.111
826.995	121.111
829.383	124.222
831.77	121.778
834.158	117.333
836.544	121.333
838.929	120.889
841.315	120
843.698	121.111
846.081	124.222
848.465	118.889
850.846	121.778
853.227	118.444
855.606	119.333
857.987	118.222
860.365	121.556
862.743	120
865.119	121.556
867.495	123.778
869.872	124.444
872.246	119.111
874.62	124.667
876.993	126.889
879.365	127.778
881.738	129.333
884.109	134.444
886.479	135.778
888.848	135.556
891.217	136.444
893.584	124.889
895.951	124.222
898.317	129.333
900.683	129.778
903.048	132.889
905.412	133.556
907.776	132.444
910.139	145.556
912.5	158.667
914.861	208
917.221	352.444
919.581	457.333
921.94	394.889
924.296	296
926.653	221.556
929.01	176.222
931.366	149.111
933.721	138.889
936.075	132.667
938.428	132.667
940.781	136.444
943.133	129.778
945.484	132.222
947.835	126.889
950.183	130
952.532	130
954.88	128.444
957.228	131.556
959.575	126.667
961.921	126.667
964.265	132.889
966.609	136.444
968.953	130.667
971.296	141.111
973.637	151.333
975.979	171.111
978.32	215.778
980.66	251.778
982.998	250
985.337	289.111
987.675	619.333
990.01	1924.89
992.347	2525.56
994.683	1646.44
997.016	875.333
999.35	508.444
1001.68	316.444
1004.02	208.889
1006.35	174.667
1008.68	162.667
1011.01	158.667
1013.34	165.111
1015.67	173.333
1017.99	180.444
1020.32	198.889
1022.65	226.444
1024.97	274.444
1027.3	505.556
1029.62	1367.33
1031.94	2026.22
1034.27	1357.11
1036.59	581.778
1038.91	271.556
1041.23	200.222
1043.55	170.667
1045.87	154.222
1048.19	156.444
1050.5	158.222
1052.82	147.778
1055.14	143.556
1057.45	143.556
1059.77	143.556
1062.08	143.111
1064.39	149.778
1066.7	161.333
1069.02	169.778
1071.33	161.556
1073.64	150.667
1075.95	139.333
1078.25	128.667
1080.56	130
1082.87	127.111
1085.17	123.111
1087.48	124.222
1089.79	119.111
1092.09	124.889
1094.39	119.333
1096.69	125.111
1099	124
1101.3	122.889
1103.6	123.111
1105.9	124
1108.2	127.333
1110.49	126.222
1112.79	124
1115.09	133.778
1117.39	125.111
1119.68	130.222
1121.98	127.111
1124.27	125.333
1126.56	124.444
1128.85	129.333
1131.15	128
1133.44	132
1135.73	128.444
1138.02	129.333
1140.3	134.222
1142.59	141.778
1144.88	149.111
1147.17	155.333
1149.45	159.556
1151.74	153.333
1154.02	138
1156.31	136
1158.59	130
1160.87	131.556
1163.15	130.667
1165.43	127.556
1167.71	127.333
1169.99	125.111
1172.27	124.444
1174.55	121.111
1176.83	119.556
1179.1	125.333
1181.38	126.444
1183.65	125.333
1185.93	123.778
1188.2	125.111
1190.47	125.111
1192.74	126.444
1195.02	127.556
1197.29	128.667
1199.56	133.556
1201.82	137.556
1204.09	148.667
1206.36	154.889
1208.63	167.556
1210.89	184.889
1213.16	212.222
1215.42	260.889
1217.69	304.889
1219.95	294.667
1222.21	258.444
1224.48	228.222
1226.74	208.889
1229	195.556
1231.26	174.889
1233.52	158.444
1235.78	150.667
1238.03	139.556
1240.29	137.333
1242.55	133.333
1244.8	130
1247.06	132
1249.31	124.667
1251.56	123.556
1253.82	125.556
1256.07	125.556
1258.32	124.667
1260.57	128
1262.82	120.222
1265.07	123.111
1267.32	125.111
1269.57	123.556
1271.81	126.222
1274.06	117.556
1276.3	118.667
1278.55	122.889
1280.79	119.111
1283.04	119.333
1285.28	118.889
1287.52	129.333
1289.76	120.222
1292	125.556
1294.24	120.444
1296.48	123.111
1298.72	124.667
1300.96	122.889
1303.2	118.222
1305.43	119.778
1307.67	124.667
1309.9	126.667
1312.14	121.778
1314.37	122.667
1316.6	128
1318.84	121.778
1321.07	123.556
1323.3	125.778
1325.53	128.444
1327.76	121.778
1329.99	124.889
1332.21	128.667
1334.44	125.556
1336.67	121.778
1338.89	125.333
1341.12	125.778
1343.34	130
1345.57	131.556
1347.79	131.556
1350.01	131.778
1352.24	133.556
1354.46	135.556
1356.68	140
1358.9	143.111
1361.11	145.778
1363.33	152.222
1365.55	163.556
1367.77	175.556
1369.98	192.889
1372.2	221.778
1374.41	235.333
1376.63	238
1378.84	214.444
1381.05	194.889
1383.27	178.889
1385.48	172.222
1387.69	161.111
1389.9	160.222
1392.11	157.111
1394.31	152.222
1396.52	154.889
1398.73	153.778
1400.94	158.667
1403.14	154
1405.35	158.667
1407.55	158.889
1409.75	156.667
1411.96	160
1414.16	163.333
1416.36	157.333
1418.56	161.111
1420.76	155.778
1422.96	158.222
1425.16	152.889
1427.36	156.222
1429.56	158.889
1431.75	162.667
1433.95	160.889
1436.14	164.222
1438.34	163.778
1440.53	169.111
1442.73	170.222
1444.92	169.333
1447.11	166.667
1449.3	158.444
1451.49	162.889
1453.68	164
1455.87	163.556
1458.06	161.778
1460.25	157.778
1462.44	150.222
1464.62	148.444
1466.81	149.778
1468.99	150.667
1471.18	150
1473.36	148.889
1475.55	147.778
1477.73	143.778
1479.91	149.556
1482.09	173.111
1484.27	183.333
1486.45	172
1488.63	152.222
1490.81	141.556
1492.99	139.333
1495.16	135.333
1497.34	140
1499.51	136.667
1501.69	134.667
1503.86	135.556
1506.04	134.889
1508.21	132
1510.38	133.111
1512.55	134.889
1514.73	134.222
1516.9	132
1519.06	124.889
1521.23	133.556
1523.4	133.556
1525.57	132.444
1527.74	130.889
1529.9	129.111
1532.07	129.333
1534.23	132.444
1536.4	134.222
1538.56	130.444
1540.72	131.111
1542.89	136.222
1545.05	133.111
1547.21	139.778
1549.37	142
1551.53	140.444
1553.69	140
1555.84	140.667
1558	142.444
1560.16	156
1562.32	154.444
1564.47	167.778
1566.63	173.333
1568.78	197.778
1570.93	222.889
1573.09	254.667
1575.24	264.444
1577.39	255.111
1579.54	245.778
1581.69	272.444
1583.84	276.222
1585.99	252.889
1588.14	222
1590.29	204
1592.43	188.889
1594.58	185.556
1596.72	187.333
1598.87	197.111
1601.01	190
1603.16	171.778
1605.3	164.444
1607.44	156.889
1609.58	144.889
1611.72	144.222
1613.86	136
1616	137.556
1618.14	133.111
1620.28	130
1622.42	125.333
1624.56	132.889
1626.69	127.333
1628.83	125.556
1630.96	125.556
1633.1	127.333
1635.23	128.222
1637.36	126.889
1639.5	126
1641.63	122.889
1643.76	128.444
1645.89	124.444
1648.02	123.778
1650.15	122.444
1652.28	124
1654.4	123.111
1656.53	114
1658.66	117.111
1660.78	118
1662.91	122.222
1665.03	116.889
1667.16	112.667
1669.28	120
1671.4	118
1673.52	118.667
1675.65	120.667
1677.77	116
1679.89	118.667
1682.01	120
1684.12	118.667
1686.24	121.111
1688.36	117.333
1690.48	117.556
1692.59	127.111
1694.71	122.889
1696.82	119.333
1698.94	120.444
1701.05	115.111
1703.16	115.778
1705.27	115.111
1707.39	118.444
1709.5	117.333
1711.61	118.222
1713.72	118.444
1715.83	115.778
1717.93	118.444
1720.04	121.556
1722.15	117.333
1724.25	118.667
1726.36	115.778
1728.47	115.111
1730.57	111.556
1732.67	119.778
1734.78	120.667
1736.88	119.333
1738.98	118.222
1741.08	116.889
1743.18	116.222
1745.28	117.778
1747.38	118.222
1749.48	121.111
1751.58	118.889
1753.67	116.667
1755.77	118.889
1757.87	116.667
1759.96	117.111
1762.06	117.111
1764.15	122.222
1766.25	116.222
1768.34	119.778
1770.43	116.889
1772.52	121.333
1774.61	118.444
1776.7	118.889
1778.79	118.222
1780.88	118.444
1782.97	120
1785.06	117.778
1787.14	115.778
1789.23	121.333
1791.32	118.667
1793.4	122
1795.49	116.444
1797.57	120.444
1799.65	121.111
1801.74	118
1803.82	115.556
1805.9	112.222
1807.98	112
1810.06	117.333
1812.14	117.111
1814.22	116.667
1816.3	117.333
1818.38	120.889
1820.45	118.444
1822.53	118
1824.6	121.111
1826.68	121.778
1828.75	112
1830.83	120.667
1832.9	116.667
1834.97	116.444
1837.05	116.444
1839.12	118.444
1841.19	119.333
1843.26	120.222
1845.33	120.222
1847.4	117.778
1849.46	119.778
1851.53	118.444
1853.6	120.444
1855.66	123.778
1857.73	116.889
1859.79	115.778
1861.86	118
1863.92	112.889
1865.99	113.778
1868.05	119.333
1870.11	117.556
1872.17	116.667
1874.23	119.333
1876.29	120.222
1878.35	117.333
1880.41	123.111
1882.47	123.556
1884.53	117.556
1886.58	122.667
1888.64	119.556
1890.69	117.556
1892.75	121.111
1894.8	114.889
1896.86	118.444
1898.91	119.556
1900.96	119.333
1903.02	116.222
1905.07	122.222
1907.12	113.333
1909.17	115.111
1911.22	122
1913.27	126.444
1915.31	117.333
1917.36	120.222
1919.41	117.333
1921.45	117.556
1923.5	116.889
1925.55	116.667
1927.59	118.444
1929.63	116.667
1931.68	115.556
1933.72	119.778
1935.76	115.556
1937.8	119.333
1939.84	119.556
1941.88	118.667
1943.92	116.667
1945.96	118.667
1948	121.556
1950.04	117.778
1952.08	117.333
1954.11	120.222
1956.15	115.111
1958.18	119.111
1960.22	116.667
1962.25	120.444
1964.29	117.111
1966.32	118.889
1968.35	114.667
1970.38	118.667
1972.41	113.333
1974.44	113.333
1976.47	122.667
1978.5	114.222
1980.53	117.111
1982.56	123.778
1984.59	111.333
1986.61	110
1988.64	117.111
1990.66	119.556
1992.69	118.889
1994.71	120
1996.74	118.222
1998.76	115.556
2000.78	114.444
2002.8	113.778
2004.82	120
2006.85	118.667
2008.87	115.556
2010.88	118.889
2012.9	110.889
2014.92	118.222
2016.94	116.889
2018.96	119.556
2020.97	122
2022.99	122.444
2025	119.556
2027.02	120.222
2029.03	120
2031.05	119.333
2033.06	115.556
2035.07	111.111
2037.08	119.333
2039.09	115.333
2041.1	115.778
2043.11	119.111
2045.12	116.889
2047.13	122.889
2049.14	118.444
2051.15	118
2053.15	117.778
2055.16	113.556
2057.16	122.444
2059.17	118.222
2061.17	120.444
2063.18	119.556
2065.18	116.889
2067.18	117.111
2069.18	118.444
2071.19	119.556
2073.19	116.889
2075.19	119.556
2077.19	123.333
2079.19	120.222
2081.18	117.556
2083.18	115.333
2085.18	115.778
2087.17	119.333
2089.17	117.778
2091.17	118.667
2093.16	119.333
2095.16	120.444
2097.15	116.667
2099.14	122.444
2101.13	123.333
2103.13	121.778
2105.12	117.778
2107.11	112.444
2109.1	121.111
2111.09	118.667
2113.08	119.333
2115.06	113.111
2117.05	118
2119.04	116.889
2121.02	114.667
2123.01	119.111
2125	121.111
2126.98	120.889
2128.96	119.556
2130.95	120.889
2132.93	119.778
2134.91	119.111
2136.9	114.444
2138.88	120.667
2140.86	116.889
2142.84	117.778
2144.82	120
2146.8	120.889
2148.77	121.778
2150.75	121.333
2152.73	122
2154.7	120
2156.68	121.778
2158.65	117.111
2160.63	121.111
2162.6	114.444
2164.58	119.778
2166.55	116.222
2168.52	117.778
2170.49	121.333
2172.47	121.333
2174.44	121.556
2176.41	123.778
2178.38	121.556
2180.34	121.111
2182.31	120.222
2184.28	122.444
2186.25	123.333
2188.21	123.111
2190.18	120.222
2192.14	118.222
2194.11	120.667
2196.07	122.222
2198.04	124.889
2200	130.222
2201.96	131.111
2203.92	130.222
2205.89	132.222
2207.85	127.556
2209.81	123.111
2211.77	123.778
2213.72	124.889
2215.68	124.222
2217.64	126.667
2219.6	125.111
2221.55	129.333
2223.51	133.556
2225.47	131.111
2227.42	136.444
2229.37	135.778
2231.33	134.667
2233.28	136
2235.23	139.778
2237.19	154.667
2239.14	171.111
2241.09	192
2243.04	239.778
2244.99	315.333
2246.94	415.556
2248.89	571.556
2250.83	796.889
2252.78	999.556
2254.73	909.556
2256.67	601.111
2258.62	355.556
2260.56	248.889
2262.51	195.556
2264.45	171.333
2266.4	162.667
2268.34	147.111
2270.28	148.667
2272.22	142.667
2274.16	139.778
2276.1	145.111
2278.04	142
2279.98	141.333
2281.92	147.111
2283.86	145.778
2285.8	152.889
2287.74	166
2289.67	182.889
2291.61	189.556
2293.54	196
2295.48	183.111
2297.41	174
2299.35	159.333
2301.28	142.444
2303.21	134.444
2305.14	129.778
2307.07	126.444
2309.01	129.111
2310.94	123.556
2312.86	124
2314.79	121.556
2316.72	120.889
2318.65	119.333
2320.58	125.556
2322.5	117.556
2324.43	121.111
2326.36	121.556
2328.28	122
2330.21	125.778
2332.13	119.333
2334.05	121.778
2335.98	119.111
2337.9	117.778
2339.82	121.333
2341.74	118.889
2343.66	118.889
2345.58	123.333
2347.5	120
2349.42	119.333
2351.34	124.667
2353.26	120.889
2355.17	119.333
2357.09	115.333
2359.01	116.889
2360.92	119.333
2362.84	118
2364.75	117.333
2366.67	117.111
2368.58	123.111
2370.49	125.111
2372.4	122.667
2374.32	124.222
2376.23	130.667
2378.14	128
2380.05	125.556
2381.96	122.444
2383.86	122
2385.77	122
2387.68	119.111
2389.59	115.333
2391.5	119.333
2393.4	118.222
2395.31	115.333
2397.21	117.778
2399.12	120.444
2401.02	118.889
2402.92	121.333
2404.83	114.222
2406.73	122.444
2408.63	117.556
2410.53	112.444
2412.43	119.333
2414.33	124.444
2416.23	118.667
2418.13	114.667
2420.03	118.222
2421.93	122.667
2423.82	118
2425.72	121.111
2427.61	117.111
2429.51	125.556
2431.4	126
2433.3	118.444
2435.19	122
2437.09	123.333
2438.98	126.667
2440.87	122.222
2442.76	126.889
2444.65	126.222
2446.55	130.444
2448.44	127.556
2450.32	130.667
2452.21	133.778
2454.1	138
