186.297	270.222
188.898	260.667
191.499	259.111
194.097	250.222
196.695	247.778
199.293	244.667
201.889	226.444
204.485	224.889
207.08	218.889
209.673	217.111
212.267	217.111
214.859	212
217.45	208.222
220.04	203.778
222.631	204
225.218	195.333
227.807	191.556
230.394	194.222
232.979	193.111
235.565	188.667
238.149	187.778
240.733	187.111
243.314	186.222
245.897	190.444
248.477	189.556
251.057	181.333
253.637	191.778
256.215	181.333
258.793	181.556
261.368	184.889
263.945	182.444
266.519	185.333
269.093	181.556
271.666	188.889
274.237	179.333
276.809	180.444
279.379	181.556
281.949	184
284.518	181.333
287.086	189.556
289.653	188.222
292.218	189.778
294.784	186.889
297.348	183.333
299.913	179.778
302.475	182.889
305.036	185.333
307.598	188.444
310.157	188
312.716	184.667
315.276	188.444
317.833	193.111
320.389	192.444
322.944	188
325.5	192.222
328.054	188.222
330.607	193.111
333.159	197.111
335.711	193.333
338.262	206.889
340.811	199.333
343.36	204.222
345.909	202.222
348.456	208
351.002	209.778
353.547	220.667
356.092	225.333
358.637	233.556
361.18	245.556
363.722	253.778
366.263	268.222
368.803	296
371.342	336.444
373.881	380.667
376.419	434
378.957	458.667
381.493	445.111
384.028	404.222
386.563	347.778
389.096	302.667
391.629	275.111
394.161	251.556
396.692	240.222
399.222	234.444
401.752	234.444
404.28	246
406.808	245.556
409.335	236.222
411.861	224.889
414.386	225.556
416.911	218.222
419.434	214.889
421.957	213.333
424.479	214.222
427	208.667
429.52	208.444
432.038	207.111
434.557	206.889
437.075	206.667
439.592	210.444
442.108	205.111
444.623	203.778
447.138	207.778
449.652	204.444
452.163	196
454.675	198.667
457.186	203.778
459.697	203.556
462.206	202
464.714	199.111
467.222	200.667
469.729	198.667
472.235	202.444
474.739	204.667
477.244	199.556
479.748	204.889
482.251	201.111
484.752	202.667
487.253	204
489.754	200.444
492.252	201.778
494.751	201.333
497.249	204.889
499.745	202.444
502.241	198.667
504.737	200.667
507.231	198.889
509.725	198.222
512.218	196.444
514.709	199.333
517.201	195.778
519.69	198.444
522.18	200
524.669	204.222
527.156	196.889
529.644	196.222
532.129	190.889
534.615	198.222
537.099	204.667
539.583	200.667
542.065	200.444
544.548	199.111
547.028	199.111
549.509	199.333
551.988	203.778
554.468	197.556
556.945	203.778
559.423	200.889
561.899	203.778
564.373	200.444
566.849	202.444
569.322	200
571.796	205.778
574.268	200
576.739	205.556
579.21	200.889
581.679	210
584.148	205.333
586.617	198.889
589.084	205.333
591.55	211.778
594.016	214.889
596.481	219.111
598.944	230.222
601.409	256.222
603.871	273.556
606.332	269.111
608.792	253.333
611.253	232.889
613.712	226.222
616.17	226
618.628	218
621.084	215.556
623.541	221.333
625.996	212.889
628.45	213.556
630.903	215.333
633.356	212.889
635.807	220.444
638.26	221.111
640.71	231.111
643.159	236.667
645.608	258.444
648.056	279.556
650.503	326.667
652.949	363.111
655.394	352.222
657.839	294
660.282	248
662.725	231.556
665.168	215.556
667.61	216
670.051	215.778
672.491	207.333
674.93	203.111
677.368	203.556
679.804	201.778
682.241	201.556
684.677	201.556
687.112	202.667
689.547	197.778
691.98	198.222
694.413	198.889
696.845	201.333
699.276	194.444
701.707	199.556
704.136	194
706.565	205.111
708.992	206.222
711.419	198.667
713.846	202.444
716.271	201.778
718.696	196.222
721.121	201.556
723.543	190.667
725.965	198
728.387	193.778
730.808	197.556
733.227	197.778
735.647	200
738.065	200.444
740.483	208.222
742.899	205.111
745.316	203.333
747.731	204.667
750.146	208.889
752.559	203.556
754.972	207.778
757.385	197.556
759.795	203.778
762.206	196.444
764.616	198.889
767.025	197.111
769.433	190
771.84	195.333
774.247	194.444
776.653	193.111
779.058	188.222
781.462	188.222
783.865	191.556
786.268	187.333
788.669	188.667
791.071	191.333
793.471	185.333
795.871	187.333
798.269	188.889
800.668	184.444
803.064	190.667
805.462	191.556
807.857	190.222
810.252	191.556
812.646	199.778
815.04	188.222
817.432	193.556
819.823	185.778
822.215	183.556
824.604	187.556
826.995	181.333
829.383	180.444
831.77	183.111
834.158	183.556
836.544	178.889
838.929	184.667
841.315	183.333
843.698	176.222
846.081	178
848.465	180.667
850.846	181.778
853.227	179.111
855.606	180.889
857.987	175.111
860.365	184
862.743	184.444
865.119	176
867.495	187.778
869.872	178.444
872.246	184
874.62	181.111
876.993	188.889
879.365	186.222
881.738	190.889
884.109	184.889
886.479	194.667
888.848	189.111
891.217	187.556
893.584	191.111
895.951	191.778
898.317	186.222
900.683	193.333
903.048	189.333
905.412	190.667
907.776	197.556
910.139	209.778
912.5	216
914.861	261.556
917.221	416.889
919.581	516.222
921.94	445.778
924.296	346.444
926.653	275.556
929.01	234
931.366	198.222
933.721	189.778
936.075	186.444
938.428	186.667
940.781	184.889
943.133	192.222
945.484	184.222
947.835	186.667
950.183	184.222
952.532	182.444
954.88	182.444
957.228	177.556
959.575	187.333
961.921	184.667
964.265	185.333
966.609	185.778
968.953	189.333
971.296	197.111
973.637	195.556
975.979	224.222
978.32	270.889
980.66	307.111
982.998	304
985.337	345.333
987.675	702.444
990.01	2003.78
992.347	2559.56
994.683	1665.33
997.016	893.556
999.35	570.667
1001.68	356.444
1004.02	255.111
1006.35	221.556
1008.68	209.111
1011.01	213.333
1013.34	214.667
1015.67	223.111
1017.99	238.667
1020.32	252
1022.65	282.444
1024.97	332.889
1027.3	578.222
1029.62	1458.67
1031.94	2012.67
1034.27	1352.44
1036.59	602
1038.91	316.222
1041.23	238.889
1043.55	221.111
1045.87	212.889
1048.19	209.556
1050.5	197.778
1052.82	196.444
1055.14	191.778
1057.45	196.667
1059.77	197.778
1062.08	186.444
1064.39	193.333
1066.7	202.222
1069.02	215.778
1071.33	212.222
1073.64	195.333
1075.95	186.667
1078.25	177.111
1080.56	171.333
1082.87	176.222
1085.17	172.889
1087.48	168.667
1089.79	172
1092.09	164.667
1094.39	172.444
1096.69	167.778
1099	164.444
1101.3	173.778
1103.6	176.222
1105.9	173.111
1108.2	166.444
1110.49	172.222
1112.79	170.222
1115.09	172.222
1117.39	169.333
1119.68	170.444
1121.98	176
1124.27	175.111
1126.56	172.889
1128.85	171.333
1131.15	167.333
1133.44	175.111
1135.73	169.111
1138.02	174.444
1140.3	183.333
1142.59	191.333
1144.88	192.444
1147.17	199.333
1149.45	200.667
1151.74	188.667
1154.02	182.222
1156.31	175.111
1158.59	176
1160.87	170.444
1163.15	170.444
1165.43	171.333
1167.71	159.778
1169.99	167.556
1172.27	169.333
1174.55	167.333
1176.83	163.111
1179.1	171.778
1181.38	165.333
1183.65	164.889
1185.93	167.333
1188.2	167.333
1190.47	158.889
1192.74	168.889
1195.02	172
1197.29	168.222
1199.56	181.556
1201.82	173.333
1204.09	186.667
1206.36	195.556
1208.63	210.444
1210.89	220.444
1213.16	249.333
1215.42	300.889
1217.69	350.667
1219.95	326.444
1222.21	300.667
1224.48	265.778
1226.74	240
1229	224.222
1231.26	215.778
1233.52	199.556
1235.78	192.444
1238.03	178.444
1240.29	173.556
1242.55	169.111
1244.8	172.889
1247.06	165.111
1249.31	164.667
1251.56	166
1253.82	163.333
1256.07	163.556
1258.32	160.667
1260.57	157.778
1262.82	162
1265.07	160
1267.32	159.556
1269.57	154.889
1271.81	155.778
1274.06	154.667
1276.3	154
1278.55	160.667
1280.79	153.333
1283.04	156.222
1285.28	159.556
1287.52	160.889
1289.76	157.556
1292	156.222
1294.24	155.111
1296.48	157.778
1298.72	157.556
1300.96	166.222
1303.2	154.889
1305.43	159.778
1307.67	159.556
1309.9	157.333
1312.14	152.889
1314.37	156.444
1316.6	156.889
1318.84	158.222
1321.07	158.444
1323.3	160.222
1325.53	159.778
1327.76	157.111
1329.99	159.111
1332.21	155.111
1334.44	159.333
1336.67	159.556
1338.89	165.111
1341.12	165.333
1343.34	160.667
1345.57	162.222
1347.79	165.778
1350.01	169.111
1352.24	169.111
1354.46	171.778
1356.68	174.222
1358.9	182.667
1361.11	180.444
1363.33	184.222
1365.55	199.556
1367.77	205.556
1369.98	227.111
1372.2	246
1374.41	269.333
1376.63	270.667
1378.84	250
1381.05	235.333
1383.27	210.222
1385.48	200.222
1387.69	194.889
1389.9	192.222
1392.11	184.889
1394.31	189.556
1396.52	181.556
1398.73	183.778
1400.94	189.778
1403.14	193.111
1405.35	189.111
1407.55	188.444
1409.75	198.889
1411.96	192.667
1414.16	189.333
1416.36	193.111
1418.56	191.556
1420.76	194.889
1422.96	192.667
1425.16	193.333
1427.36	187.778
1429.56	190.222
1431.75	196.889
1433.95	194
1436.14	197.333
1438.34	197.111
1440.53	194.222
1442.73	196.222
1444.92	200.222
1447.11	196.444
1449.3	196.444
1451.49	190.889
1453.68	192.667
1455.87	191.333
1458.06	191.556
1460.25	175.778
1462.44	179.333
1464.62	184
1466.81	173.333
1468.99	180
1471.18	175.778
1473.36	171.556
1475.55	172.667
1477.73	173.333
1479.91	184.222
1482.09	206.444
1484.27	205.111
1486.45	198.222
1488.63	180
1490.81	172.444
1492.99	166
1495.16	163.556
1497.34	166.444
1499.51	162.444
1501.69	164.222
1503.86	169.111
1506.04	158.889
1508.21	160.889
1510.38	164.889
1512.55	159.556
1514.73	160.444
1516.9	162
1519.06	154.667
1521.23	160.889
1523.4	159.333
1525.57	163.778
1527.74	158.889
1529.9	162
1532.07	161.556
1534.23	157.333
1536.4	155.778
1538.56	157.556
1540.72	164.222
1542.89	162.667
1545.05	164
1547.21	157.556
1549.37	167.556
1551.53	169.111
1553.69	168.667
1555.84	167.333
1558	179.111
1560.16	174.889
1562.32	186.444
1564.47	192.222
1566.63	199.111
1568.78	230.667
1570.93	250
1573.09	283.778
1575.24	291.778
1577.39	277.333
1579.54	273.778
1581.69	294.222
1583.84	295.556
1585.99	276.889
1588.14	245.778
1590.29	232.444
1592.43	213.778
1594.58	212
1596.72	209.111
1598.87	224.222
1601.01	214.889
1603.16	202.667
1605.3	192.889
1607.44	182
1609.58	170.222
1611.72	173.556
1613.86	170
1616	160.444
1618.14	158.889
1620.28	158.889
1622.42	149.778
1624.56	152.444
1626.69	159.333
1628.83	151.333
1630.96	148.444
1633.1	156.444
1635.23	152.667
1637.36	149.111
1639.5	149.778
1641.63	148.667
1643.76	148.444
1645.89	148
1648.02	150.222
1650.15	149.111
1652.28	146.444
1654.4	143.778
1656.53	145.556
1658.66	143.556
1660.78	148.889
1662.91	143.556
1665.03	142.222
1667.16	144.222
1669.28	144
1671.4	144
1673.52	142
1675.65	143.778
1677.77	143.111
1679.89	139.556
1682.01	144.444
1684.12	140.444
1686.24	137.333
1688.36	141.111
1690.48	143.111
1692.59	143.778
1694.71	142.444
1696.82	142.444
1698.94	140
1701.05	140.889
1703.16	140.667
1705.27	139.778
1707.39	146
1709.5	144.667
1711.61	136.667
1713.72	140.444
1715.83	143.556
1717.93	140
1720.04	140.889
1722.15	139.778
1724.25	139.333
1726.36	140.222
1728.47	142.667
1730.57	140.889
1732.67	139.556
1734.78	138.222
1736.88	134.444
1738.98	143.778
1741.08	141.333
1743.18	137.333
1745.28	138.222
1747.38	137.778
1749.48	138.222
1751.58	138.222
1753.67	139.111
1755.77	135.111
1757.87	144.667
1759.96	142.667
1762.06	137.778
1764.15	140.222
1766.25	148
1768.34	141.111
1770.43	141.556
1772.52	141.111
1774.61	141.778
1776.7	138.444
1778.79	141.778
1780.88	139.333
1782.97	141.111
1785.06	140.889
1787.14	139.778
1789.23	144.889
1791.32	134.889
1793.4	139.778
1795.49	139.333
1797.57	139.778
1799.65	144.222
1801.74	137.556
1803.82	143.333
1805.9	143.333
1807.98	141.333
1810.06	145.556
1812.14	141.778
1814.22	138.222
1816.3	142.889
1818.38	141.778
1820.45	141.111
1822.53	138.889
1824.6	144.222
1826.68	136.667
1828.75	139.556
1830.83	144.222
1832.9	138.889
1834.97	139.556
1837.05	142.222
1839.12	137.111
1841.19	142.444
1843.26	140.889
1845.33	141.111
1847.4	138.889
1849.46	136
1851.53	137.556
1853.6	140
1855.66	140.667
1857.73	135.333
1859.79	140.667
1861.86	136
1863.92	136.222
1865.99	136
1868.05	136
1870.11	133.778
1872.17	139.111
1874.23	138.889
1876.29	144.222
1878.35	139.556
1880.41	136.667
1882.47	137.778
1884.53	132
1886.58	134.667
1888.64	139.333
1890.69	142
1892.75	137.333
1894.8	136.667
1896.86	135.333
1898.91	141.111
1900.96	140
1903.02	136.444
1905.07	138
1907.12	137.333
1909.17	146.444
1911.22	139.556
1913.27	141.778
1915.31	136.667
1917.36	135.111
1919.41	143.333
1921.45	138.444
1923.5	140
1925.55	138.889
1927.59	140.444
1929.63	134
1931.68	136.667
1933.72	138.667
1935.76	137.333
1937.8	144
1939.84	141.556
1941.88	137.778
1943.92	135.333
1945.96	140.222
1948	133.333
1950.04	131.333
1952.08	133.333
1954.11	140.222
1956.15	140.222
1958.18	134.667
1960.22	135.111
1962.25	136.667
1964.29	136
1966.32	134.889
1968.35	134
1970.38	133.556
1972.41	134.444
1974.44	132.667
1976.47	136.444
1978.5	139.333
1980.53	137.556
1982.56	135.333
1984.59	136.667
1986.61	135.333
1988.64	137.111
1990.66	131.778
1992.69	135.778
1994.71	132.889
1996.74	133.111
1998.76	140.889
2000.78	135.556
2002.8	137.556
2004.82	132.667
2006.85	138.444
2008.87	137.333
2010.88	135.111
2012.9	138.667
2014.92	133.556
2016.94	136.444
2018.96	132.667
2020.97	133.333
2022.99	136.222
2025	132.222
2027.02	135.333
2029.03	131.778
2031.05	135.333
2033.06	140
2035.07	137.556
2037.08	140.889
2039.09	138.444
2041.1	130.889
2043.11	134.444
2045.12	135.778
2047.13	133.778
2049.14	136
2051.15	144
2053.15	136.444
2055.16	136.444
2057.16	131.778
2059.17	133.333
2061.17	135.333
2063.18	139.333
2065.18	129.111
2067.18	128.889
2069.18	133.556
2071.19	130
2073.19	136.444
2075.19	132.889
2077.19	135.111
2079.19	138
2081.18	136.444
2083.18	137.778
2085.18	133.111
2087.17	138.444
2089.17	131.556
2091.17	137.333
2093.16	137.333
2095.16	131.556
2097.15	134.667
2099.14	129.556
2101.13	133.778
2103.13	132.222
2105.12	135.111
2107.11	131.778
2109.1	134.222
2111.09	130.889
2113.08	135.111
2115.06	133.111
2117.05	127.556
2119.04	133.333
2121.02	134.889
2123.01	130.222
2125	137.333
2126.98	134.444
2128.96	132
2130.95	131.556
2132.93	130.889
2134.91	137.778
2136.9	130.667
2138.88	137.333
2140.86	130.222
2142.84	135.778
2144.82	132.889
2146.8	134.889
2148.77	132
2150.75	131.778
2152.73	134.444
2154.7	137.556
2156.68	132.889
2158.65	135.333
2160.63	132
2162.6	128.667
2164.58	138.889
2166.55	132.667
2168.52	132.444
2170.49	133.111
2172.47	138.222
2174.44	134.222
2176.41	132.889
2178.38	136.889
2180.34	140
2182.31	134
2184.28	133.778
2186.25	134.444
2188.21	136
2190.18	139.556
2192.14	134.222
2194.11	135.556
2196.07	136.667
2198.04	138
2200	139.556
2201.96	145.556
2203.92	146.222
2205.89	148.889
2207.85	138.444
2209.81	136.667
2211.77	137.778
2213.72	136.667
2215.68	138.222
2217.64	133.111
2219.6	141.556
2221.55	140.667
2223.51	144.667
2225.47	139.333
2227.42	151.333
2229.37	145.556
2231.33	150.222
2233.28	150.222
2235.23	161.111
2237.19	168.667
2239.14	176
2241.09	208
2243.04	247.333
2244.99	313.333
2246.94	430
2248.89	579.333
2250.83	807.555
2252.78	1019.33
2254.73	914.889
2256.67	599.778
2258.62	353.556
2260.56	262.222
2262.51	200
2264.45	180.889
2266.4	168.222
2268.34	159.333
2270.28	153.111
2272.22	152.889
2274.16	154.667
2276.1	156.889
2278.04	153.333
2279.98	154.889
2281.92	154.889
2283.86	160.667
2285.8	164.889
2287.74	175.556
2289.67	187.111
2291.61	203.556
2293.54	205.556
2295.48	196
2297.41	185.333
2299.35	170
2301.28	154.444
2303.21	149.111
2305.14	141.778
2307.07	138.444
2309.01	140.889
2310.94	134
2312.86	133.778
2314.79	136
2316.72	136
2318.65	133.333
2320.58	135.778
2322.5	130.444
2324.43	136
2326.36	130.667
2328.28	134.889
2330.21	134.222
2332.13	135.111
2334.05	133.111
2335.98	126.222
2337.9	129.556
2339.82	124.444
2341.74	128.222
2343.66	131.333
2345.58	126.222
2347.5	127.778
2349.42	129.111
2351.34	129.333
2353.26	127.111
2355.17	131.556
2357.09	130
2359.01	126.889
2360.92	126.889
2362.84	134.222
2364.75	130.444
2366.67	131.333
2368.58	131.556
2370.49	132.889
2372.4	136.444
2374.32	136.889
2376.23	127.111
2378.14	136.889
2380.05	139.778
2381.96	135.333
2383.86	123.778
2385.77	128.444
2387.68	127.556
2389.59	129.333
2391.5	125.556
2393.4	128
2395.31	127.111
2397.21	122.444
2399.12	125.333
2401.02	126
2402.92	124.667
2404.83	128
2406.73	126.667
2408.63	128.222
2410.53	124
2412.43	129.556
2414.33	123.778
2416.23	128.222
2418.13	128.667
2420.03	125.111
2421.93	126
2423.82	128
2425.72	127.778
2427.61	131.556
2429.51	126.444
2431.4	131.556
2433.3	130.222
2435.19	126.222
2437.09	131.111
2438.98	130.889
2440.87	124.667
2442.76	129.778
2444.65	128.889
2446.55	134.889
2448.44	134.889
2450.32	139.333
2452.21	144.444
2454.1	146.667
