186.297	218.222
188.898	208.889
191.499	201.333
194.097	189.778
196.695	182.889
199.293	181.556
201.889	176
204.485	161.778
207.08	167.778
209.673	157.111
212.267	154.222
214.859	150.667
217.45	147.778
220.04	141.556
222.631	140.444
225.218	141.556
227.807	139.333
230.394	137.333
232.979	131.111
235.565	129.778
238.149	131.111
240.733	126.889
243.314	128
245.897	129.556
248.477	122.222
251.057	122.444
253.637	122.667
256.215	120
258.793	118.444
261.368	121.333
263.945	122.222
266.519	120
269.093	120
271.666	117.111
274.237	119.778
276.809	116.889
279.379	116.222
281.949	116.889
284.518	120.444
287.086	111.333
289.653	114.444
292.218	118.222
294.784	117.111
297.348	118
299.913	118.444
302.475	118.889
305.036	120.444
307.598	118.667
310.157	117.778
312.716	116.889
315.276	117.333
317.833	116.222
320.389	119.778
322.944	118
325.5	122
328.054	125.111
330.607	120.667
333.159	125.111
335.711	124
338.262	121.778
340.811	124.222
343.36	126.889
345.909	134.889
348.456	129.111
351.002	137.111
353.547	138
356.092	146.444
358.637	152
361.18	150.444
363.722	172.667
366.263	192.444
368.803	217.333
371.342	253.333
373.881	309.111
376.419	353.778
378.957	388.667
381.493	378.222
384.028	325.556
386.563	265.556
389.096	221.556
391.629	193.778
394.161	174.222
396.692	166.889
399.222	153.778
401.752	152
404.28	161.111
406.808	164.444
409.335	153.333
411.861	150.667
414.386	136.667
416.911	135.111
419.434	138
421.957	133.333
424.479	128.444
427	128
429.52	125.778
432.038	126
434.557	125.556
437.075	125.778
439.592	123.778
442.108	124.444
444.623	120.444
447.138	116.667
449.652	123.111
452.163	118.889
454.675	119.111
457.186	120.889
459.697	117.333
462.206	118.222
464.714	117.111
467.222	117.556
469.729	120
472.235	120.667
474.739	116.667
477.244	118.222
479.748	109.778
482.251	114.444
484.752	120.444
487.253	119.111
489.754	115.111
492.252	120.222
494.751	120.889
497.249	117.778
499.745	116.444
502.241	119.556
504.737	114.889
507.231	115.111
509.725	115.333
512.218	118.444
514.709	116.667
517.201	115.556
519.69	112.444
522.18	114.444
524.669	111.778
527.156	113.778
529.644	116.444
532.129	113.111
534.615	115.556
537.099	118.444
539.583	116.889
542.065	115.556
544.548	112.444
547.028	117.556
549.509	118
551.988	117.556
554.468	118.444
556.945	118.889
559.423	118.667
561.899	118.889
564.373	116.667
566.849	118
569.322	112.889
571.796	114.667
574.268	118.444
576.739	118
579.21	117.778
581.679	121.556
584.148	118
586.617	119.556
589.084	120.222
591.55	125.111
594.016	127.778
596.481	134
598.944	145.778
601.409	170.667
603.871	188.222
606.332	187.556
608.792	168.222
611.253	152.222
613.712	147.778
616.17	137.556
618.628	132.667
621.084	138.222
623.541	131.111
625.996	133.333
628.45	130.889
630.903	133.556
633.356	128.667
635.807	136.444
638.26	138
640.71	146.667
643.159	157.778
645.608	172.222
648.056	201.333
650.503	246
652.949	280.444
655.394	273.333
657.839	219.778
660.282	180.222
662.725	150.667
665.168	143.111
667.61	130.444
670.051	128
672.491	123.111
674.93	121.111
677.368	123.333
679.804	124.222
682.241	121.111
684.677	118.222
687.112	123.556
689.547	119.556
691.98	121.556
694.413	122.222
696.845	120.889
699.276	114.667
701.707	120
704.136	123.111
706.565	122.444
708.992	125.556
711.419	125.333
713.846	120.222
716.271	120.889
718.696	122.444
721.121	121.778
723.543	120.667
725.965	115.333
728.387	121.333
730.808	119.333
733.227	114
735.647	118.222
738.065	125.111
740.483	124.889
742.899	125.556
745.316	130
747.731	129.556
750.146	132.667
752.559	130
754.972	129.556
757.385	127.333
759.795	126
762.206	124.889
764.616	121.111
767.025	119.333
769.433	116.667
771.84	115.333
774.247	114.222
776.653	114.889
779.058	116.444
781.462	115.778
783.865	114
786.268	112.222
788.669	116.444
791.071	113.778
793.471	114.667
795.871	114.667
798.269	113.778
800.668	116.667
803.064	113.778
805.462	108.222
807.857	115.111
810.252	115.778
812.646	118.444
815.04	117.556
817.432	114.222
819.823	111.556
822.215	114.222
824.604	115.778
826.995	113.333
829.383	110.444
831.77	108.222
834.158	110.889
836.544	112.444
838.929	110.444
841.315	117.111
843.698	111.333
846.081	110.889
848.465	108.667
850.846	110.889
853.227	113.778
855.606	111.778
857.987	112.889
860.365	114
862.743	114
865.119	118.889
867.495	113.556
869.872	118.222
872.246	113.556
874.62	112.222
876.993	113.333
879.365	118.222
881.738	122
884.109	125.556
886.479	120.889
888.848	123.333
891.217	122.667
893.584	122.222
895.951	118
898.317	120.444
900.683	120.444
903.048	120.667
905.412	123.556
907.776	128.222
910.139	132.222
912.5	142.889
914.861	193.556
917.221	343.333
919.581	458.222
921.94	402.444
924.296	298.444
926.653	213.778
929.01	172.222
931.366	144.667
933.721	132.222
936.075	129.333
938.428	128.444
940.781	123.111
943.133	126
945.484	123.556
947.835	121.556
950.183	125.556
952.532	124.667
954.88	118.222
957.228	117.333
959.575	117.111
961.921	116.222
964.265	124.667
966.609	127.333
968.953	124.889
971.296	133.333
973.637	143.111
975.979	157.333
978.32	210.667
980.66	251.333
982.998	246.444
985.337	287.556
987.675	601.333
990.01	1900.22
992.347	2563.78
994.683	1679.11
997.016	864.444
999.35	519.111
1001.68	312
1004.02	199.556
1006.35	173.111
1008.68	149.111
1011.01	150
1013.34	150
1015.67	160.222
1017.99	173.778
1020.32	198.889
1022.65	221.778
1024.97	261.111
1027.3	494.667
1029.62	1351.33
1031.94	2029.33
1034.27	1372.44
1036.59	576.222
1038.91	256.889
1041.23	191.778
1043.55	167.778
1045.87	154.667
1048.19	145.333
1050.5	151.556
1052.82	147.778
1055.14	140.667
1057.45	140.222
1059.77	136.444
1062.08	139.111
1064.39	139.333
1066.7	155.778
1069.02	160.667
1071.33	160.667
1073.64	143.333
1075.95	131.778
1078.25	125.111
1080.56	123.778
1082.87	118.667
1085.17	124
1087.48	119.778
1089.79	121.556
1092.09	111.111
1094.39	118.222
1096.69	114.667
1099	118.222
1101.3	122.222
1103.6	115.333
1105.9	118.222
1108.2	116
1110.49	120.222
1112.79	124.222
1115.09	127.333
1117.39	123.333
1119.68	118.667
1121.98	118
1124.27	124.222
1126.56	126.444
1128.85	118.222
1131.15	123.333
1133.44	122.444
1135.73	120.667
1138.02	125.778
1140.3	132
1142.59	135.333
1144.88	144.889
1147.17	151.556
1149.45	152.667
1151.74	150
1154.02	137.111
1156.31	126.667
1158.59	126.889
1160.87	124
1163.15	126.667
1165.43	119.778
1167.71	116
1169.99	118.889
1172.27	114.667
1174.55	109.556
1176.83	117.778
1179.1	115.556
1181.38	115.111
1183.65	120.444
1185.93	123.556
1188.2	123.111
1190.47	121.778
1192.74	119.778
1195.02	124.667
1197.29	121.556
1199.56	129.556
1201.82	132.444
1204.09	142.222
1206.36	149.111
1208.63	163.111
1210.89	177.778
1213.16	205.556
1215.42	255.333
1217.69	300.222
1219.95	298.667
1222.21	258.444
1224.48	223.778
1226.74	211.333
1229	187.111
1231.26	172.667
1233.52	155.778
1235.78	144
1238.03	134.667
1240.29	128.667
1242.55	127.111
1244.8	126.222
1247.06	124.222
1249.31	125.556
1251.56	121.333
1253.82	119.556
1256.07	117.556
1258.32	117.778
1260.57	114.889
1262.82	118.222
1265.07	120.222
1267.32	114.889
1269.57	115.333
1271.81	120.222
1274.06	115.111
1276.3	114.667
1278.55	114.889
1280.79	112.444
1283.04	116
1285.28	118.222
1287.52	117.111
1289.76	116.222
1292	115.111
1294.24	118.889
1296.48	113.778
1298.72	117.333
1300.96	118.667
1303.2	117.778
1305.43	110.889
1307.67	118.222
1309.9	116.444
1312.14	116.889
1314.37	116.889
1316.6	116.222
1318.84	118.444
1321.07	118.444
1323.3	118.667
1325.53	117.778
1327.76	118.222
1329.99	112.222
1332.21	117.778
1334.44	123.778
1336.67	120.889
1338.89	126.444
1341.12	125.556
1343.34	125.778
1345.57	127.111
1347.79	127.111
1350.01	125.333
1352.24	127.778
1354.46	131.556
1356.68	134
1358.9	133.556
1361.11	145.111
1363.33	150.889
1365.55	160
1367.77	171.111
1369.98	192.222
1372.2	215.111
1374.41	228.889
1376.63	241.333
1378.84	211.333
1381.05	190
1383.27	170.444
1385.48	164.667
1387.69	162
1389.9	154.222
1392.11	153.111
1394.31	151.333
1396.52	153.333
1398.73	149.556
1400.94	148.889
1403.14	150.667
1405.35	148.889
1407.55	153.111
1409.75	153.778
1411.96	152
1414.16	154.667
1416.36	151.778
1418.56	154.889
1420.76	155.556
1422.96	149.778
1425.16	155.556
1427.36	157.333
1429.56	154
1431.75	149.778
1433.95	154.222
1436.14	164.667
1438.34	160.889
1440.53	160.222
1442.73	166.222
1444.92	162.889
1447.11	165.111
1449.3	163.778
1451.49	164.444
1453.68	158.889
1455.87	152
1458.06	152.222
1460.25	151.778
1462.44	152.889
1464.62	145.556
1466.81	141.556
1468.99	137.333
1471.18	146.222
1473.36	137.333
1475.55	144.222
1477.73	142.444
1479.91	148.889
1482.09	171.333
1484.27	183.556
1486.45	173.111
1488.63	142.444
1490.81	140
1492.99	133.333
1495.16	131.556
1497.34	135.333
1499.51	130.667
1501.69	133.111
1503.86	130.889
1506.04	130.667
1508.21	130.667
1510.38	127.556
1512.55	128.889
1514.73	125.778
1516.9	126.222
1519.06	130.667
1521.23	130.667
1523.4	127.333
1525.57	128.667
1527.74	131.111
1529.9	125.333
1532.07	128
1534.23	132.667
1536.4	128.667
1538.56	124.444
1540.72	130.222
1542.89	127.111
1545.05	130.889
1547.21	140.222
1549.37	138
1551.53	136.889
1553.69	141.333
1555.84	137.111
1558	142.222
1560.16	147.333
1562.32	152.889
1564.47	164.444
1566.63	175.556
1568.78	196.889
1570.93	222.667
1573.09	256.444
1575.24	260.222
1577.39	256
1579.54	246.444
1581.69	262
1583.84	262.444
1585.99	252.667
1588.14	216.222
1590.29	198.222
1592.43	179.778
1594.58	171.778
1596.72	187.556
1598.87	198.444
1601.01	189.556
1603.16	176.667
1605.3	158.444
1607.44	150.222
1609.58	143.778
1611.72	140
1613.86	133.333
1616	132.444
1618.14	131.111
1620.28	128.889
1622.42	125.556
1624.56	123.111
1626.69	123.333
1628.83	124
1630.96	123.111
1633.1	129.556
1635.23	122.667
1637.36	121.333
1639.5	119.333
1641.63	120
1643.76	123.333
1645.89	120.222
1648.02	117.556
1650.15	114.444
1652.28	119.111
1654.4	118.889
1656.53	115.333
1658.66	120.222
1660.78	114.889
1662.91	113.333
1665.03	115.556
1667.16	116.444
1669.28	116
1671.4	115.111
1673.52	114.222
1675.65	113.778
1677.77	111.556
1679.89	115.333
1682.01	115.111
1684.12	113.333
1686.24	111.333
1688.36	111.556
1690.48	113.111
1692.59	109.333
1694.71	114
1696.82	114
1698.94	114.444
1701.05	111.778
1703.16	116.222
1705.27	114
1707.39	116.667
1709.5	117.111
1711.61	115.556
1713.72	111.111
1715.83	120
1717.93	117.333
1720.04	115.556
1722.15	114.889
1724.25	113.333
1726.36	114.444
1728.47	115.556
1730.57	111.111
1732.67	107.556
1734.78	117.556
1736.88	114
1738.98	113.556
1741.08	111.111
1743.18	112.444
1745.28	109.111
1747.38	116.444
1749.48	111.333
1751.58	113.778
1753.67	115.778
1755.77	114
1757.87	113.778
1759.96	113.778
1762.06	112.667
1764.15	118.444
1766.25	110.667
1768.34	117.111
1770.43	109.556
1772.52	118
1774.61	113.111
1776.7	115.333
1778.79	113.556
1780.88	114.889
1782.97	113.333
1785.06	112
1787.14	114
1789.23	115.111
1791.32	114.444
1793.4	110.222
1795.49	115.778
1797.57	116.222
1799.65	117.778
1801.74	111.111
1803.82	110.222
1805.9	120.889
1807.98	117.111
1810.06	113.111
1812.14	114.444
1814.22	118.889
1816.3	115.556
1818.38	109.333
1820.45	114.667
1822.53	113.111
1824.6	116.889
1826.68	118.667
1828.75	117.111
1830.83	117.111
1832.9	116.222
1834.97	119.556
1837.05	114.667
1839.12	114.444
1841.19	112.889
1843.26	117.556
1845.33	117.333
1847.4	112
1849.46	114.667
1851.53	116.667
1853.6	117.556
1855.66	115.556
1857.73	112.889
1859.79	114.667
1861.86	117.556
1863.92	118.222
1865.99	114.889
1868.05	114
1870.11	114.667
1872.17	116.444
1874.23	112.444
1876.29	118.667
1878.35	117.333
1880.41	119.556
1882.47	115.111
1884.53	112.889
1886.58	116.222
1888.64	113.333
1890.69	121.111
1892.75	112.889
1894.8	114.889
1896.86	113.111
1898.91	113.333
1900.96	116
1903.02	114.667
1905.07	113.778
1907.12	118.667
1909.17	121.556
1911.22	115.778
1913.27	111.778
1915.31	112.222
1917.36	112.889
1919.41	116
1921.45	118.222
1923.5	123.556
1925.55	118.222
1927.59	113.111
1929.63	117.778
1931.68	116.222
1933.72	118.889
1935.76	116
1937.8	111.778
1939.84	117.333
1941.88	119.111
1943.92	115.556
1945.96	119.111
1948	115.556
1950.04	119.556
1952.08	112
1954.11	112.889
1956.15	114.667
1958.18	110.444
1960.22	116.222
1962.25	114.667
1964.29	114.667
1966.32	115.333
1968.35	111.111
1970.38	114
1972.41	120.222
1974.44	113.333
1976.47	115.111
1978.5	119.778
1980.53	116.889
1982.56	112.667
1984.59	114.444
1986.61	116.667
1988.64	115.333
1990.66	115.778
1992.69	112.222
1994.71	111.778
1996.74	115.111
1998.76	114.889
2000.78	115.556
2002.8	116
2004.82	111.111
2006.85	119.333
2008.87	113.556
2010.88	117.333
2012.9	113.333
2014.92	120
2016.94	120.667
2018.96	116.444
2020.97	112.667
2022.99	119.778
2025	114.889
2027.02	117.111
2029.03	117.333
2031.05	118
2033.06	112.889
2035.07	116.444
2037.08	115.778
2039.09	118
2041.1	116.222
2043.11	119.333
2045.12	122.222
2047.13	120.444
2049.14	117.556
2051.15	117.778
2053.15	118
2055.16	120.222
2057.16	120.889
2059.17	120.222
2061.17	116.667
2063.18	119.111
2065.18	116.222
2067.18	114.889
2069.18	112.444
2071.19	113.333
2073.19	116.667
2075.19	117.333
2077.19	122.222
2079.19	116
2081.18	111.556
2083.18	116.222
2085.18	114.667
2087.17	115.111
2089.17	114.222
2091.17	116.889
2093.16	108.222
2095.16	117.556
2097.15	117.333
2099.14	116.667
2101.13	116.667
2103.13	118.444
2105.12	116.889
2107.11	117.111
2109.1	118.222
2111.09	114.222
2113.08	117.111
2115.06	118
2117.05	118.444
2119.04	119.333
2121.02	119.556
2123.01	116.444
2125	119.333
2126.98	118.444
2128.96	116.667
2130.95	113.111
2132.93	116.889
2134.91	117.778
2136.9	116.222
2138.88	117.556
2140.86	115.778
2142.84	119.111
2144.82	118.667
2146.8	118.222
2148.77	115.333
2150.75	117.333
2152.73	119.556
2154.7	122
2156.68	123.111
2158.65	117.333
2160.63	121.333
2162.6	118.889
2164.58	116.444
2166.55	116.667
2168.52	119.333
2170.49	117.333
2172.47	117.556
2174.44	117.778
2176.41	118.222
2178.38	119.333
2180.34	119.333
2182.31	122.444
2184.28	122.444
2186.25	119.778
2188.21	121.333
2190.18	120.889
2192.14	121.556
2194.11	121.778
2196.07	126.222
2198.04	125.333
2200	128.222
2201.96	129.556
2203.92	132.889
2205.89	130
2207.85	127.778
2209.81	122.889
2211.77	125.111
2213.72	126.222
2215.68	125.778
2217.64	126.889
2219.6	122.444
2221.55	126.667
2223.51	131.778
2225.47	131.111
2227.42	131.556
2229.37	137.111
2231.33	130.667
2233.28	141.333
2235.23	137.778
2237.19	152.889
2239.14	171.556
2241.09	193.333
2243.04	236.667
2244.99	306.667
2246.94	420.222
2248.89	566.889
2250.83	794
2252.78	1002
2254.73	917.556
2256.67	604.667
2258.62	364.444
2260.56	244.444
2262.51	194
2264.45	171.556
2266.4	155.333
2268.34	151.111
2270.28	146.667
2272.22	142.667
2274.16	142.444
2276.1	138.889
2278.04	142.222
2279.98	139.333
2281.92	143.333
2283.86	146
2285.8	151.556
2287.74	164.889
2289.67	180
2291.61	191.333
2293.54	197.333
2295.48	188.222
2297.41	173.333
2299.35	158.444
2301.28	146.667
2303.21	132.667
2305.14	136.444
2307.07	132.444
2309.01	128.444
2310.94	124
2312.86	117.333
2314.79	125.778
2316.72	122.889
2318.65	118.889
2320.58	119.333
2322.5	122.222
2324.43	123.778
2326.36	121.778
2328.28	117.778
2330.21	121.333
2332.13	120.667
2334.05	120
2335.98	125.333
2337.9	119.778
2339.82	122
2341.74	123.111
2343.66	120.222
2345.58	119.556
2347.5	118.444
2349.42	122
2351.34	116.889
2353.26	119.111
2355.17	120.222
2357.09	116.222
2359.01	116
2360.92	115.778
2362.84	116
2364.75	118.444
2366.67	120.667
2368.58	121.333
2370.49	123.778
2372.4	117.556
2374.32	126
2376.23	124.444
2378.14	126
2380.05	120.889
2381.96	118.889
2383.86	119.778
2385.77	122.222
2387.68	119.111
2389.59	114.444
2391.5	117.778
2393.4	113.556
2395.31	114.889
2397.21	113.111
2399.12	116
2401.02	119.333
2402.92	119.333
2404.83	114.667
2406.73	116.889
2408.63	116
2410.53	115.778
2412.43	118
2414.33	117.333
2416.23	110
2418.13	116.667
2420.03	116.222
2421.93	118.222
2423.82	117.778
2425.72	121.556
2427.61	119.556
2429.51	114.222
2431.4	116.667
2433.3	119.778
2435.19	123.556
2437.09	121.778
2438.98	124.667
2440.87	123.333
2442.76	125.556
2444.65	126.667
2446.55	126.222
2448.44	128
2450.32	123.778
2452.21	140.222
2454.1	139.556
