400,21434.03
401,21671.6
402,21822.1
403,21878.92
404,21841.27
405,21713.12
406,21540.57
407,21391.26
408,21330.76
409,21359.57
410,21394.97
411,21349.5
412,21170.07
413,20915.78
414,20668.37
415,20499.82
416,20395.79
417,20294.74
418,20136.03
419,19895.5
420,19597.27
421,19268.57
422,18935.36
423,18619.6
424,18342.28
425,18121.38
426,17947.65
427,17797.06
428,17646.19
429,17494.3
430,17370.14
431,17304.21
432,17308.85
433,17338.36
434,17335.79
435,17252.47
436,17109.23
437,16962.5
438,16867.29
439,16835.43
440,16826.84
441,16798.7
442,16724.22
443,16622.56
444,16520.97
445,16443.42
446,16390.29
447,16351.23
448,16316.11
449,16280.3
450,16244.91
451,16211.33
452,16178.34
453,16138.33
454,16082.78
455,16005.44
456,15913.84
457,15820.68
458,15737.98
459,15666.74
460,15598.32
461,15523.84
462,15439.68
463,15352.48
464,15270.01
465,15198.71
466,15138.89
467,15089.02
468,15046.95
469,15002.06
470,14937.98
471,14838.71
472,14708
473,14579.22
474,14487.92
475,14456.9
476,14465.38
477,14483.41
478,14483.62
479,14459.12
480,14413.37
481,14350.03
482,14276.6
483,14204.76
484,14146.33
485,14108.99
486,14090.83
487,14088.53
488,14096.64
489,14097.69
490,14070.2
491,13994.5
492,13875.73
493,13737.7
494,13604.31
495,13488.25
496,13384.55
497,13286.73
498,13188.54
499,13084.35
500,12968.72
501,12837.76
502,12699.96
503,12569.83
504,12461
505,12368.91
506,12270.57
507,12142.44
508,11975.25
509,11789.43
510,11609.02
511,11455.45
512,11338.84
513,11266.01
514,11241.54
515,11245.95
516,11245.07
517,11205.6
518,11122.28
519,11024.33
520,10942.88
521,10895.29
522,10864.65
523,10828.85
524,10771.45
525,10706.49
526,10658.3
527,10648.17
528,10659.56
529,10649.7
530,10576.34
531,10430.18
532,10246.76
533,10064.59
534,9913.879
535,9802.512
536,9734.547
537,9710.474
538,9710.029
539,9705.573
540,9671.47
541,9606.997
542,9529.275
543,9455.551
544,9396.299
545,9352.757
546,9325.479
547,9310.719
548,9293.149
549,9255.611
550,9185.715
551,9097.073
552,9012.191
553,8951.942
554,8918.846
555,8903.092
556,8894.746
557,8885.048
558,8866.684
559,8832.5
560,8780.037
561,8717.938
562,8656.411
563,8603.96
564,8561.248
565,8526.623
566,8498.592
567,8477.167
568,8463.222
569,8457.359
570,8453.46
571,8438.389
572,8398.852
573,8330.711
574,8247.258
575,8163.663
576,8093.025
577,8041.18
578,8012.291
579,8008.371
580,8016.16
581,8015.79
582,7988.916
583,7939.577
584,7889.498
585,7860.413
586,7858.313
587,7867.192
588,7869.521
589,7855.476
590,7834.613
591,7819.448
592,7818.564
593,7822.068
594,7814.624
595,7783.582
596,7740.477
597,7709.916
598,7715.159
599,7751.778
600,7789.228
601,7796.434
602,7763.479
603,7714.797
604,7677.82
605,7668.759
606,7671.695
607,7665.051
608,7632.692
609,7586.763
610,7548.642
611,7537.375
612,7549.657
613,7569.294
614,7580.377
615,7574.615
616,7551.136
617,7509.474
618,7455.555
619,7405.758
620,7377.325
621,7380.736
622,7407.688
623,7446.656
624,7488.136
625,7532.376
626,7582.638
627,7641.587
628,7706.619
629,7772.353
630,7833.275
631,7881.362
632,7906.408
633,7898.429
634,7858.725
635,7804.549
636,7754.221
637,7715.585
638,7672.17
639,7604.145
640,7499.657
641,7378.123
642,7266.583
643,7188.716
644,7146.254
645,7131.784
646,7137.814
647,7155.701
648,7176.042
649,7189.723
650,7193.981
651,7192.82
652,7190.523
653,7189.568
654,7189.409
655,7189.218
656,7188.24
657,7185.921
658,7181.738
659,7173.727
660,7153.493
661,7110.908
662,7038.845
663,6952.021
664,6874.845
665,6829.821
666,6815.776
667,6815.082
668,6810.361
669,6796.916
670,6783.501
671,6779.431
672,6791.592
673,6822.969
674,6876.215
675,6969.7
676,7161.044
677,7513.587
678,8078.653
679,8861.399
680,9855.65
681,11044.53
682,12344.01
683,13644.53
684,14838.69
685,15835.17
686,16552.37
687,16911.48
688,16875.37
689,16442.84
690,15615.62
691,14458.29
692,13115.2
693,11734.77
694,10436.61
695,9287.357
696,8347.45
697,7649.602
698,7149.89
699,6791.429
700,6525.399
701,6335.963
702,6216.006
703,6156.448
704,6135.394
705,6125.982
706,6103.929
707,6069.479
708,6036.927
709,6019.928
710,6020.005
711,6028.785
712,6037.744
713,6041.338
714,6037.453
715,6024.226
716,6003.432
717,5982.732
718,5970.274
719,5969.674
720,5974.175
721,5975.606
722,5969.264
723,5961.834
724,5962.315
725,5976.703
726,5996.792
727,6010.183
728,6006.76
729,5991.872
730,5977.379
731,5973.773
732,5977.722
733,5977.806
734,5963.325
735,5935.838
736,5906.689
737,5887.024
738,5876.708
739,5863.449
740,5834.639
741,5789.171
742,5742.603
743,5711.641
744,5702.114
745,5698.674
746,5683.606
747,5648.116
748,5606.951
749,5578.646
750,5574.761
751,5581.789
752,5580.601
753,5556.953
754,5520.475
755,5488.133
756,5474.08
757,5473.803
758,5475.06
759,5466.821
760,5449.303
761,5428.872
762,5411.788
763,5402.328
764,5403.359
765,5417.396
766,5440.774
767,5464.173
768,5478.414
769,5484.07
770,5493.142
771,5517.978
772,5557.49
773,5590.537
774,5594.573
775,5563.961
776,5525.19
777,5508.197
778,5529.229
779,5571.401
780,5612.963
781,5636.914
782,5640.876
783,5625.32
784,5594.267
785,5565.984
786,5562.236
787,5597.984
788,5653.708
789,5698.972
790,5708.842
791,5693.735
792,5678.228
793,5683.87
794,5707.276
795,5732.637
796,5745.448
797,5745.803
798,5742.728
799,5744.736
800,5751.637
801,5756.764
802,5753.753
803,5744.594
804,5738.777
805,5745.68
806,5765.467
807,5788.382
808,5804.419
809,5811.117
810,5815.72
811,5825.992
812,5844.196
813,5864.19
814,5879.188
815,5885.992
816,5887.912
817,5888.927
818,5892.313
819,5899.848
820,5913.096
821,5930.318
822,5941.355
823,5934.772
824,5906.113
825,5871.86
826,5852.352
827,5861.067
828,5887.31
829,5915.08
830,5931.236
831,5934.358
832,5926.069
833,5907.859
834,5880.594
835,5844.943
836,5802.538
837,5760.455
838,5727.657
839,5711.381
840,5707.708
841,5708.249
842,5705.692
843,5700.796
844,5697.997
845,5700.995
846,5706.984
847,5709.815
848,5704.447
849,5697.195
850,5700.906
851,5726.278
852,5758.594
853,5766.843
854,5723.257
855,5645.656
856,5584.193
857,5585.852
858,5640.909
859,5695.433
860,5697.417
861,5646.412
862,5585.901
863,5558.705
864,5568.522
865,5582.838
866,5569.103
867,5523.454
868,5470.737
869,5436.373
870,5429.753
871,5443.012
872,5467.348
873,5490.66
874,5497.043
875,5470.943
876,5414.628
877,5352.235
878,5308.728
879,5291.856
880,5286.998
881,5278.27
882,5258.646
883,5233.221
884,5207.934
885,5187.355
886,5174.1
887,5170.55
888,5174.818
889,5178.614
890,5173.229
891,5155.597
892,5131.445
893,5107.2
894,5085.813
895,5064.645
896,5040.603
897,5014.383
898,4992.969
899,4983.831
900,4987.563
901,4993.082
902,4988.297
903,4968.777
904,4943.333
905,4922.017
906,4909.431
907,4900.672
908,4889.915
909,4874.237
910,4855.829
911,4837.4
912,4822.053
913,4813.581
914,4815.782
915,4827.237
916,4837.315
917,4834.563
918,4815.223
919,4789.004
920,4766.891
921,4754.922
922,4750.588
923,4750.548
924,4752.375
925,4755.184
926,4758.225
927,4759.667
928,4755.889
929,4743.155
930,4721.262
931,4695.696
932,4672.403
933,4654.739
934,4642.028
935,4633.226
936,4626.108
937,4616.689
938,4600.964
939,4580.932
940,4567.235
941,4570.863
942,4589.636
943,4603.304
944,4590.83
945,4549.85
946,4502.292
947,4471.221
948,4464.128
949,4469.365
950,4474.337
951,4472.852
952,4466.102
953,4455.65
954,4442.084
955,4424.934
956,4403.814
957,4381.593
958,4364.406
959,4358.166
960,4361.46
961,4366.051
962,4363.885
963,4354.621
964,4344.543
965,4339.662
966,4338.493
967,4333.644
968,4318.182
969,4293.413
970,4266.565
971,4244.702
972,4231.445
973,4228.169
974,4236.029
975,4254.294
976,4281.124
977,4314.448
978,4350.235
979,4383.418
980,4409.411
981,4427.41
982,4438.388
983,4442.783
984,4437.347
985,4417.305
986,4379.962
987,4334.857
988,4295.979
989,4274.781
990,4269.881
991,4275.837
992,4287.427
993,4300.376
994,4310.675
995,4316.229
996,4322.106
997,4335.052
998,4357.558
999,4378.511
1000,4384.1
1001,4366.348
1002,4333.19
1003,4295.233
1004,4261.82
1005,4239.388
1006,4233.951
1007,4247.811
1008,4265.661
1009,4267
1010,4238.609
1011,4197.312
1012,4167.663
1013,4166.542
1014,4183.515
1015,4202.067
1016,4210.351
1017,4210.762
1018,4208.411
1019,4206.474
1020,4203.063
1021,4195.485
1022,4184.718
1023,4179.926
1024,4191.283
1025,4218.546
1026,4241.693
1027,4238.777
1028,4206.046
1029,4169.025
1030,4155.382
1031,4171.982
1032,4197.419
1033,4208.849
1034,4200.066
1035,4183.87
1036,4173.62
1037,4172.728
1038,4175.11
1039,4174.679
1040,4171.152
1041,4168.852
1042,4171.769
1043,4178.486
1044,4184.061
1045,4184.264
1046,4181.839
1047,4183.242
1048,4193.549
1049,4207.962
1050,4217.464
1051,4215.723
1052,4211.069
1053,4216.805
1054,4241.11
1055,4270.476
1056,4285.665
1057,4275.742
1058,4256.937
1059,4250.987
1060,4268.104
1061,4289.312
1062,4291.228
1063,4266.335
1064,4238.235
1065,4233.803
1066,4260.457
1067,4295.97
1068,4316.221
1069,4315.846
1070,4311.686
1071,4321.103
1072,4346.621
1073,4377.171
1074,4401.922
1075,4419.726
1076,4436.235
1077,4456.432
1078,4477.884
1079,4494.223
1080,4500.836
1081,4504.697
1082,4517.372
1083,4547.527
1084,4590.373
1085,4637.228
1086,4680.485
1087,4716.123
1088,4740.879
1089,4757.46
1090,4782.854
1091,4835.936
1092,4918.179
1093,5000.791
1094,5052.542
1095,5064.017
1096,5053.527
1097,5040.55
1098,5032.054
1099,5023.401
1100,5010.276
1101,4997.671
1102,4996.832
1103,5016.763
1104,5047.721
1105,5070.997
1106,5071.788
1107,5056.427
1108,5038.264
1109,5027.643
1110,5024.079
1111,5024.648
1112,5026.955
1113,5029.888
1114,5032.534
1115,5034.446
1116,5035.963
1117,5037.49
1118,5039.181
1119,5040.899
1120,5042.399
1121,5042.003
1122,5036.87
1123,5024.178
1124,5001.667
1125,4967.381
1126,4921.71
1127,4879.006
1128,4858.79
1129,4871.961
1130,4896.396
1131,4902.118
1132,4872.713
1133,4825.214
1134,4781.63
1135,4758.1
1136,4761.25
1137,4796.276
1138,4853.362
1139,4906.523
1140,4930.959
1141,4928.475
1142,4919.857
1143,4923.73
1144,4938.933
1145,4955.141
1146,4964.244
1147,4968.646
1148,4973.795
1149,4983.681
1150,4998.133
1151,5016.197
1152,5033.272
1153,5038.246
1154,5019.911
1155,4984.078
1156,4955.902
1157,4959.372
1158,4988.006
1159,5013.232
1160,5010.879
1161,4993.429
1162,4989.938
1163,5020.471
1164,5065.739
1165,5095.827
1166,5092.691
1167,5068.623
1168,5040.604
1169,5020.784
1170,5013.835
1171,5023.297
1172,5042.269
1173,5053.885
1174,5043.01
1175,5016.185
1176,4992.601
1177,4987.59
1178,4994.227
1179,4997.943
1180,4988.7
1181,4970.593
1182,4950.453
1183,4933.771
1184,4923.642
1185,4922.707
1186,4928.225
1187,4931.696
1188,4925.347
1189,4912.955
1190,4905.632
1191,4912.836
1192,4933.549
1193,4962.942
1194,4995.041
1195,5020.252
1196,5028.355
1197,5017.81
1198,5002.509
1199,4997.547
1200,5008.311
1201,5030.228
1202,5058.28
1203,5087.522
1204,5113.047
1205,5131.322
1206,5145.934
1207,5162.767
1208,5184.292
1209,5203.653
1210,5212.574
1211,5211.709
1212,5215.041
1213,5236.577
1214,5271.838
1215,5300.844
1216,5306.647
1217,5299.242
1218,5301.043
1219,5328.331
1220,5373.621
1221,5423.756
1222,5467.176
1223,5495.489
1224,5501.266
1225,5492.693
1226,5494.746
1227,5530.462
1228,5594.569
1229,5665.3
1230,5723.447
1231,5763.152
1232,5782.567
1233,5784.13
1234,5780.49
1235,5785.531
1236,5803.603
1237,5827.173
1238,5848.445
1239,5865.495
1240,5880.269
1241,5894.127
1242,5904.914
1243,5909.3
1244,5909.063
1245,5919.127
1246,5956.064
1247,6018.155
1248,6079.808
1249,6115.687
1250,6123.932
1251,6118.536
1252,6112.017
1253,6107.341
1254,6104.296
1255,6104.591
1256,6114.725
1257,6141.607
1258,6180.487
1259,6212.192
1260,6218.859
1261,6207.36
1262,6199.988
1263,6213.909
1264,6240.749
1265,6264.588
1266,6275.591
1267,6277.181
1268,6274.375
1269,6268.361
1270,6256.266
1271,6235.917
1272,6213.045
1273,6197.479
1274,6195.927
1275,6203.23
1276,6211.458
1277,6214.406
1278,6208.841
1279,6191.987
1280,6164.077
1281,6127.807
1282,6087.462
1283,6056.686
1284,6052.708
1285,6081.482
1286,6118.846
1287,6136.288
1288,6127.426
1289,6112.983
1290,6112.913
1291,6122.618
1292,6123.387
1293,6102.554
1294,6072.382
1295,6051.277
1296,6047.586
1297,6052.213
1298,6054.879
1299,6054.309
1300,6056.417
1301,6065.93
1302,6079.638
1303,6091.529
1304,6098.796
1305,6106.159
1306,6119.106
1307,6135.476
1308,6145.126
1309,6139.046
1310,6119.873
1311,6095.643
1312,6074.414
1313,6064.179
1314,6072.614
1315,6095.244
1316,6111.966
1317,6104.337
1318,6080.685
1319,6064.522
1320,6069.899
1321,6075.411
1322,6051.965
1323,5997.738
1324,5951.949
1325,5952.648
1326,5983.248
1327,5991.519
1328,5941.45
1329,5868.093
1330,5824.821
1331,5834.023
1332,5866.447
1333,5891.703
1334,5929.737
1335,6036.134
1336,6255.201
1337,6576.519
1338,6974.032
1339,7405.84
1340,7802.537
1341,8093.202
1342,8226.362
1343,8164.614
1344,7891.104
1345,7481.159
1346,7036.132
1347,6631.077
1348,6295.627
1349,6052.967
1350,5899.462
1351,5812.602
1352,5769.659
1353,5748.868
1354,5728.817
1355,5697.566
1356,5658.383
1357,5616.591
1358,5585.327
1359,5582.775
1360,5617.995
1361,5664.884
1362,5689.405
1363,5680.765
1364,5661.078
1365,5653.106
1366,5661.45
1367,5680.603
1368,5703.372
1369,5717.589
1370,5710.626
1371,5687.211
1372,5672.586
1373,5689.019
1374,5727.375
1375,5764.324
1376,5782.493
1377,5779.662
1378,5756.402
1379,5722.843
1380,5698.062
1381,5695.911
1382,5699.327
1383,5680.808
1384,5633.103
1385,5586.887
1386,5573.873
1387,5584.292
1388,5579.345
1389,5533.72
1390,5476.791
1391,5450.397
1392,5462.588
1393,5476.161
1394,5456.646
1395,5418.547
1396,5400.331
1397,5420.238
1398,5444.029
1399,5431.248
1400,5384.318
1401,5344.865
1402,5346.485
1403,5374.345
1404,5398.447
1405,5402.095
1406,5390.583
1407,5371.263
1408,5351.417
1409,5338.296
1410,5335.798
1411,5337.708
1412,5336.349
1413,5334.979
1414,5348.041
1415,5385.523
1416,5429.577
1417,5452.847
1418,5444.832
1419,5424.408
1420,5412.114
1421,5414.342
1422,5429.003
1423,5451.795
1424,5472.195
1425,5479.164
1426,5476.587
1427,5483.033
1428,5512.424
1429,5551.394
1430,5578.087
1431,5588.721
1432,5607.89
1433,5657.872
1434,5717.742
1435,5743.947
1436,5717.331
1437,5680.235
1438,5681.755
1439,5725.406
1440,5777.7
1441,5811.447
1442,5829.137
1443,5840.557
1444,5852.513
1445,5868.176
1446,5889.166
1447,5908.692
1448,5916.805
1449,5913.452
1450,5916.294
1451,5941.927
1452,5977.701
1453,5994.235
1454,5976.968
1455,5950.646
1456,5944.703
1457,5960.714
1458,5977.661
1459,5978.79
1460,5966.15
1461,5946.335
1462,5928.216
1463,5923.193
1464,5938.488
1465,5957.901
1466,5957.697
1467,5934.187
1468,5913.766
1469,5920.126
1470,5937.274
1471,5931.229
1472,5893.231
1473,5864.758
1474,5887.75
1475,5945.484
1476,5986.086
1477,5978.971
1478,5949.956
1479,5932.398
1480,5937.216
1481,5958.279
1482,5986.036
1483,6001.143
1484,5983.695
1485,5945.074
1486,5926.01
1487,5955.069
1488,6005.296
1489,6036.243
1490,6035.631
1491,6023.003
1492,6016.684
1493,6019.921
1494,6031.183
1495,6047.991
1496,6066.612
1497,6083.282
1498,6094.684
1499,6097.758
1500,6095.262
1501,6098.818
1502,6118.708
1503,6150.363
1504,6182.874
1505,6206.999
1506,6216.435
1507,6206.496
1508,6183.206
1509,6157.684
1510,6138.915
1511,6131.75
1512,6139.721
1513,6158.639
1514,6180.321
1515,6198.718
1516,6212.158
1517,6220.506
1518,6233.073
1519,6264.273
1520,6314.659
1521,6355.514
1522,6359.097
1523,6343.976
1524,6354.755
1525,6414.646
1526,6500.286
1527,6586.444
1528,6689.281
1529,6848.474
1530,7107.374
1531,7516.306
1532,8112.027
1533,8791.697
1534,9374.887
1535,9724.659
1536,9796.068
1537,9566.851
1538,9118.81
1539,8589.062
1540,8085.146
1541,7655.583
1542,7337.878
1543,7132.711
1544,7022.402
1545,6980.244
1546,6963.701
1547,6935.75
1548,6913.584
1549,6938.417
1550,7021.738
1551,7126.916
1552,7215.921
1553,7270.713
1554,7281.639
1555,7262.324
1556,7259.317
1557,7307.41
1558,7362.479
1559,7355.436
1560,7288.885
1561,7252.797
1562,7314.709
1563,7414.943
1564,7460.666
1565,7436.106
1566,7404.387
1567,7415.315
1568,7455.986
1569,7499.729
1570,7531.749
1571,7547.211
1572,7550.232
1573,7569.952
1574,7635.742
1575,7723.291
1576,7772.3
1577,7754.897
1578,7717.806
1579,7712.81
1580,7745.009
1581,7795.198
1582,7846.053
1583,7883.906
1584,7897.178
1585,7885.605
1586,7853.638
1587,7816.864
1588,7805.184
1589,7837.288
1590,7876.731
1591,7873.854
1592,7830.23
1593,7796.163
1594,7804.268
1595,7825.236
1596,7821.068
1597,7798.133
1598,7793.035
1599,7817.786
1600,7829.881
1601,7787.209
1602,7708.092
1603,7639.111
1604,7601.951
1605,7581.082
1606,7559.471
1607,7527.979
1608,7480.179
1609,7415.979
1610,7341.646
1611,7264.337
1612,7193.049
1613,7135.811
1614,7084.019
1615,7018.118
1616,6934.848
1617,6864.152
1618,6832.782
1619,6817.463
1620,6774.747
1621,6698.381
1622,6629.547
1623,6597.549
1624,6570.962
1625,6506.16
1626,6410.358
1627,6331.161
1628,6297.843
1629,6293.672
1630,6296.142
1631,6290.041
1632,6263.706
1633,6210.433
1634,6130.407
1635,6031.238
1636,5950.262
1637,5929.567
1638,5955.017
1639,5966.452
1640,5930.582
1641,5880.87
1642,5855.512
1643,5854.244
1644,5859.027
1645,5855.437
1646,5833.936
1647,5791.546
1648,5749.662
1649,5733.025
1650,5729.155
1651,5698.622
1652,5630.313
1653,5571.53
1654,5566.088
1655,5591.419
1656,5600.453
1657,5574.361
1658,5524.61
1659,5466.433
1660,5421.796
1661,5410.27
1662,5415.635
1663,5402.074
1664,5354.108
1665,5286.961
1666,5220.216
1667,5181.097
1668,5195.512
1669,5239.373
1670,5251.158
1671,5204.708
1672,5146.075
1673,5120.004
1674,5113.479
1675,5094.037
1676,5057.893
1677,5028.797
1678,5018.187
1679,5003.466
1680,4962.768
1681,4919.464
1682,4915.948
1683,4951.03
1684,4972.786
1685,4948.104
1686,4910.502
1687,4901.631
1688,4920.705
1689,4944.516
1690,4954.271
1691,4937.391
1692,4893.705
1693,4865.092
1694,4894.999
1695,4946.219
1696,4935.22
1697,4850.872
1698,4788.266
1699,4818.108
1700,4885.944
1701,4913.565
1702,4890.474
1703,4848.246
1704,4815.232
1705,4813.89
1706,4853.063
1707,4890.727
1708,4877.904
1709,4826.249
1710,4784.593
1711,4772.985
1712,4768.08
1713,4751.387
1714,4735.546
1715,4737.701
1716,4746.806
1717,4735.816
1718,4704.923
1719,4692.034
1720,4720.022
1721,4751.943
1722,4744.299
1723,4708.308
1724,4683.14
1725,4677.006
1726,4660.209
1727,4617.683
1728,4582.93
1729,4592.631
1730,4642.382
1731,4709.146
1732,4763.415
1733,4769.269
1734,4717.8
1735,4663.545
1736,4657.572
1737,4678.681
1738,4682.398
1739,4664.25
1740,4652.166
1741,4661.271
1742,4681.974
1743,4702.876
1744,4715.983
1745,4715.23
1746,4706.068
1747,4700.797
1748,4702.5
1749,4701.891
1750,4692.634
1751,4679.705
1752,4669.175
1753,4659.954
1754,4647.958
1755,4631.356
1756,4610.479
1757,4589.754
1758,4581.596
1759,4594.958
1760,4618.612
1761,4636.251
1762,4639.307
1763,4624.386
1764,4601.238
1765,4596.61
1766,4623.178
1767,4651.282
1768,4651.028
1769,4637.628
1770,4641.838
1771,4660.832
1772,4664.616
1773,4642.863
1774,4619.188
1775,4612.955
1776,4617.032
1777,4619.868
1778,4621.465
1779,4627.15
1780,4637.836
1781,4650.111
1782,4656.434
1783,4641.69
1784,4602.325
1785,4585.274
1786,4639.423
1787,4713.899
1788,4708.827
1789,4627.654
1790,4581.682
1791,4625.136
1792,4685.157
1793,4693.894
1794,4670.746
1795,4654.987
1796,4656.894
1797,4670.91
1798,4684.147
1799,4676.471
1800,4645.31
1801,4623.243
1802,4636.165
1803,4667.208
1804,4691.379
1805,4704
1806,4710.035
1807,4707.743
1808,4689.326
1809,4664.389
1810,4672.813
1811,4731.777
1812,4773.119
1813,4727.7
1814,4639.091
1815,4593.077
1816,4616.252
1817,4689.789
1818,4781.287
1819,4841.336
1820,4834.795
1821,4766.226
1822,4655.474
1823,4566.499
1824,4568.197
1825,4643.339
1826,4726.559
1827,4773.129
1828,4760.133
1829,4700.535
1830,4669.558
1831,4712.966
1832,4759.047
1833,4731.409
1834,4673.414
1835,4666.927
1836,4704.799
1837,4721.273
1838,4701.142
1839,4689.111
1840,4707.761
1841,4728.391
1842,4725.153
1843,4704.66
1844,4679.444
1845,4652.917
1846,4626.604
1847,4624.777
1848,4685.502
1849,4783.322
1850,4819.131
1851,4758.867
1852,4703.455
1853,4728.958
1854,4774.583
1855,4766.253
1856,4723.235
1857,4695.325
1858,4688.731
1859,4683.257
1860,4674.04
1861,4671.916
1862,4674.753
1863,4658.104
1864,4617.173
1865,4605.829
1866,4664.975
1867,4730.507
1868,4722.183
1869,4671.978
1870,4659.651
1871,4679.666
1872,4663.483
1873,4616.7
1874,4634.886
1875,4739.582
1876,4802.922
1877,4744.704
1878,4679.597
1879,4724.225
1880,4820.922
1881,4867.801
1882,4845.806
1883,4778.023
1884,4705.387
1885,4680.739
1886,4709.22
1887,4740.487
1888,4741.773
1889,4716.859
1890,4677.864
1891,4649.411
1892,4650.372
1893,4665.839
1894,4674.153
1895,4669.25
1896,4653.027
1897,4644.077
1898,4669.938
1899,4728.343
1900,4789.623
1901,4830.487
1902,4837.711
1903,4810.6
1904,4771.71
1905,4737.124
1906,4695.918
1907,4642.105
1908,4613.056
1909,4648.573
1910,4724.182
1911,4790.515
1912,4814.277
1913,4775.268
1914,4714.523
1915,4721.633
1916,4794.574
1917,4822.254
1918,4761.872
1919,4694.13
1920,4683.403
1921,4728.452
1922,4806.008
1923,4850.64
1924,4811.517
1925,4750.862
1926,4748.686
1927,4772.443
1928,4750.577
1929,4699.979
1930,4684.74
1931,4697.108
1932,4674.671
1933,4627.007
1934,4640.68
1935,4740.546
1936,4858.188
1937,4923.871
1938,4879.393
1939,4727.413
1940,4623.411
1941,4677.485
1942,4756.716
1943,4719.173
1944,4631.538
1945,4604.27
1946,4632.509
1947,4666.833
1948,4666.813
1949,4605
1950,4556.401
1951,4653.484
1952,4822.283
1953,4818.6
1954,4636.726
1955,4534.425
1956,4589.933
1957,4615.204
1958,4528.399
1959,4467.786
1960,4511.012
1961,4552.084
1962,4514.473
1963,4473.771
1964,4500.366
1965,4551.28
1966,4571.792
1967,4568.546
1968,4562.268
1969,4555.304
1970,4542.148
1971,4507.611
1972,4440.249
1973,4401.742
1974,4480.243
1975,4613.053
1976,4648.214
1977,4570.846
1978,4473.019
1979,4426.09
1980,4476.42
1981,4583.064
1982,4613.03
1983,4538.45
1984,4472.316
1985,4464.49
1986,4455.466
1987,4432.576
1988,4481.782
1989,4619.799
1990,4699.641
1991,4631.716
1992,4513.508
1993,4441.326
1994,4430.879
1995,4460.102
1996,4430.049
1997,4283.754
1998,4178.344
1999,4259.216
2000,4408.038
2001,4468.708
2002,4444.921
2003,4388.227
2004,4346.633
2005,4355.266
2006,4375.707
2007,4349.908
2008,4281.206
2009,4202.443
2010,4171.516
2011,4243.795
2012,4348.333
2013,4362.855
2014,4303.899
2015,4260.584
2016,4257.379
2017,4277.478
2018,4287.911
2019,4249.986
2020,4184.368
2021,4150.708
2022,4169.33
2023,4228.373
2024,4280.688
2025,4256.341
2026,4159.618
2027,4055.107
2028,3978.307
2029,3938.571
2030,3955.096
2031,4052.026
2032,4160.323
2033,4133.223
2034,4012.543
2035,4013.337
2036,4142.241
2037,4202.039
2038,4136.061
2039,4034.733
2040,3971.267
2041,3991.644
2042,4056.438
2043,4046.104
2044,3956.582
2045,3901.401
2046,3932.106
2047,4030.379
2048,4126.241
2049,4106.366
2050,3969.958
2051,3827.466
2052,3768.359
2053,3850.257
2054,3983.562
2055,3954.639
2056,3793.662
2057,3743.183
2058,3806.426
2059,3780.848
2060,3636.708
2061,3493.188
2062,3442.765
2063,3543.408
2064,3713.52
2065,3778.829
2066,3732.232
2067,3683.025
2068,3682.747
2069,3736.832
2070,3786.383
2071,3747.367
2072,3682.504
2073,3718.087
2074,3784.164
2075,3727.4
2076,3570.753
2077,3422.662
2078,3385.346
2079,3522.113
2080,3662.469
2081,3601.351
2082,3473.054
2083,3476.791
2084,3524.679
2085,3483.734
2086,3426.427
2087,3438.198
2088,3430.758
2089,3327.241
2090,3234.092
2091,3248.007
2092,3321.82
2093,3384.808
2094,3373.975
2095,3282.118
2096,3221.277
2097,3252.959
2098,3313.928
2099,3364.88
2100,3426.231
2101,3463.084
2102,3362.148
2103,3178.479
2104,3161.639
2105,3322.275
2106,3429.949
2107,3405.292
2108,3308.056
2109,3236.788
2110,3295.278
2111,3389.685
2112,3343.255
2113,3250.307
2114,3299.198
2115,3435.512
2116,3526.117
2117,3526.353
2118,3445.077
2119,3393.851
2120,3442.182
2121,3443.099
2122,3317.156
2123,3262.277
2124,3370.426
2125,3438.355
2126,3375.426
2127,3322.772
2128,3346.485
2129,3392.756
2130,3415.49
2131,3386.052
2132,3309.961
2133,3218.243
2134,3133.452
2135,3070.81
2136,3031.78
2137,3017.235
2138,3061.886
2139,3174.387
2140,3199.879
2141,3046.825
2142,2963.064
2143,3069.802
2144,3035.253
2145,2758.943
2146,2654.08
2147,2819.772
2148,2881.445
2149,2708.551
2150,2447.324
2151,2269.628
2152,2326.291
2153,2472.11
2154,2457.447
2155,2409.573
2156,2518.006
2157,2571.139
2158,2396.311
2159,2304.087
2160,2475.613
2161,2590.857
2162,2493.734
2163,2395.348
2164,2395.509
2165,2427.671
2166,2415.097
2167,2292.222
2168,2117.009
2169,2009.329
2170,2019.639
2171,2132.409
2172,2167.242
2173,2029.582
2174,2011.382
2175,2218.41
2176,2248.658
2177,2008.079
2178,1894.39
2179,1972.579
2180,1976.104
2181,1872.419
2182,1782.844
2183,1770.636
2184,1837.679
2185,1826.448
2186,1647.479
2187,1546.121
2188,1634.316
2189,1654.522
2190,1569.73
2191,1660.524
2192,1884.232
2193,1931.448
2194,1759.234
2195,1499.933
2196,1402.615
2197,1622.467
2198,1829.217
2199,1762.842
2200,1564.244
2201,1391.437
2202,1344.308
2203,1426.637
2204,1552.776
2205,1590.038
2206,1433.918
2207,1301.659
2208,1402.41
2209,1499.19
2210,1425.11
2211,1369.913
2212,1434.948
2213,1541.043
2214,1560.787
2215,1374.555
2216,1188.381
2217,1291.66
2218,1562.937
2219,1772.454
2220,1742.725
2221,1519.609
2222,1488.283
2223,1574.157
2224,1272.72
2225,873.1073
2226,1000.85
2227,1300.717
2228,1291.59
2229,1247.278
2230,1352.913
2231,1351.041
2232,1228.249
2233,1263.846
2234,1384.817
2235,1337.025
2236,1223.568
2237,1204.029
2238,1182.973
2239,1128.341
2240,1209.603
2241,1395.953
2242,1444.428
2243,1332.696
2244,1169.153
2245,1013.687
2246,930.1874
2247,1037.507
2248,1256.938
2249,1212.232
2250,984.4365
2251,1009.736
2252,1145.936
2253,1067.157
2254,886.4565
2255,759.1663
2256,686.7629
2257,666.1313
2258,708.4374
2259,781.5812
2260,833.0004
2261,855.5075
2262,865.0096
2263,897.5738
2264,978.3026
2265,1103.784
2266,1155.377
2267,977.8417
2268,767.9515
2269,753.815
2270,789.3558
2271,758.7473
2272,722.2659
2273,735.727
2274,825.0061
2275,929.2947
2276,968.7202
2277,934.1907
2278,835.3734
2279,690.3923
2280,573.621
2281,584.5234
2282,634.7766
2283,623.0582
2284,702.3197
2285,925.2724
2286,1085.915
2287,1024.164
2288,702.2706
2289,509.8628
2290,761.1982
2291,975.6624
2292,828.4562
2293,471.8973
2294,212.546
2295,346.1339
2296,607.7363
2297,664.0299
2298,527.8845
2299,325.7491
2300,247.4619
