187.964	76
190.563	77.5556
193.16	75.1111
195.757	75.1111
198.354	72.2222
200.948	71.1111
203.543	71.5556
206.136	68.4444
208.729	74.8889
211.321	72
213.912	69.3333
216.502	67.5556
219.09	69.7778
221.679	68.6667
224.266	72.8889
226.853	72.4444
229.438	76
232.023	70.8889
234.607	73.3333
237.19	73.5556
239.772	76.8889
242.352	77.5556
244.934	74.6667
247.512	69.1111
250.092	73.5556
252.669	75.7778
255.247	74.6667
257.822	73.5556
260.397	70.6667
262.972	70.2222
265.545	68.4444
268.117	69.7778
270.69	67.7778
273.26	70.6667
275.829	70.2222
278.4	75.5556
280.967	77.5556
283.534	82.8889
286.102	86
288.667	92.4444
291.231	104.667
293.795	110
296.359	126.667
298.921	129.556
301.482	151.556
304.042	159.556
306.603	169.556
309.161	180.222
311.719	178.222
314.276	189.111
316.832	192.889
319.388	196
321.942	188.889
324.496	184.889
327.048	181.556
329.6	188
332.151	194.222
334.701	184.444
337.252	163.778
339.8	142.222
342.347	122.222
344.894	108.222
347.44	100.889
349.985	98.6667
352.529	92
355.072	102
357.615	104.667
360.156	120.222
362.697	138.444
365.237	186.222
367.776	274.444
370.315	325.556
372.852	310.444
375.389	233.778
377.925	165.111
380.46	118.667
382.994	103.556
385.527	98
388.059	95.1111
390.591	101.111
393.122	108
395.65	125.333
398.18	151.778
400.708	180.667
403.235	181.556
405.762	159.333
408.288	132.222
410.813	102.889
413.335	91.1111
415.859	79.3333
418.381	71.7778
420.903	64
423.424	62.6667
425.942	63.1111
428.462	62.2222
430.98	61.3333
433.498	62.4444
436.013	62.4444
438.529	62.6667
441.044	67.5556
443.558	76.6667
446.07	82.6667
448.583	86.4444
451.095	95.3333
453.604	111.556
456.114	108.222
458.624	96.2222
461.131	78.6667
463.638	69.3333
466.145	65.3333
468.65	62
471.155	63.3333
473.659	63.5556
476.162	64.8889
478.664	66.8889
481.165	72.8889
483.666	75.7778
486.165	72.4444
488.664	76.6667
491.162	72.8889
493.66	68.8889
496.155	61.3333
498.651	59.5556
501.145	58
503.64	54
506.132	54
508.625	55.1111
511.116	51.1111
513.608	53.5556
516.097	54.2222
518.586	55.3333
521.074	50.8889
523.562	50
526.048	49.3333
528.533	47.5556
531.019	44.6667
533.502	46.6667
535.985	47.3333
538.468	46.4444
540.949	43.3333
543.43	44.8889
545.91	46
548.389	44.8889
550.867	45.5556
553.345	42.8889
555.821	41.5556
558.297	43.3333
560.771	42.6667
563.247	44.6667
565.72	44
568.192	40.8889
570.663	41.5556
573.135	43.3333
575.605	43.7778
578.074	42.6667
580.542	40.6667
583.01	44.4444
585.478	42.8889
587.943	43.1111
590.408	42
592.873	44
595.336	42.8889
597.799	42.6667
600.26	43.1111
602.721	42.2222
605.183	44.6667
607.643	43.3333
610.101	42.4444
612.559	42.4444
615.016	46.6667
617.472	42.6667
619.928	43.1111
622.382	46.2222
624.836	43.1111
627.289	43.7778
629.741	45.1111
632.193	46.2222
634.644	44.2222
637.093	43.3333
639.543	44.2222
641.991	45.5556
644.438	43.7778
646.885	44.4444
649.33	45.3333
651.775	44.2222
654.219	47.3333
656.663	42.4444
659.105	45.3333
661.547	42
663.989	46.8889
666.429	47.1111
668.867	45.7778
671.306	46.4444
673.744	45.3333
676.181	47.3333
678.618	47.7778
681.052	47.5556
683.487	45.7778
685.921	49.7778
688.355	50
690.786	46
693.218	49.5556
695.649	52.4444
698.079	46.6667
700.507	49.7778
702.935	51.3333
705.363	51.3333
707.789	53.1111
710.215	53.1111
712.641	53.3333
715.064	55.5556
717.488	58.6667
719.91	59.3333
722.333	61.7778
724.754	66.8889
727.174	72.4444
729.594	70.2222
732.012	76.8889
734.43	80.6667
736.848	78.8889
739.263	85.7778
741.68	87.5556
744.094	97.3333
746.508	103.778
748.921	104.667
751.334	92
753.745	92
756.157	96
758.566	96
760.975	94.2222
763.384	84.4445
765.791	78.4444
768.199	78.4444
770.604	77.7778
773.01	80.6667
775.414	81.3333
777.818	78.6667
780.221	78.2222
782.623	79.1111
785.024	80.8889
787.426	85.5556
789.825	97.3333
792.224	101.333
794.623	107.778
797.02	103.778
799.416	102.444
801.812	105.111
804.208	119.556
806.602	153.333
808.996	181.111
811.388	204.222
813.781	212.444
816.172	208.222
818.562	232.444
820.952	271.778
823.341	298.444
825.73	290.444
828.117	245.111
830.503	189.111
832.889	144.889
835.274	119.778
837.658	99.7778
840.042	95.7778
842.424	92.8889
844.807	92
847.188	92.4444
849.569	90.4444
851.948	93.7778
854.327	103.111
856.705	116
859.083	132.222
861.459	163.556
863.835	214.667
866.21	302.222
868.584	342.667
870.958	327.111
873.331	264.222
875.703	196.444
878.074	164.222
880.445	153.111
882.814	169.333
885.182	208.889
887.55	284.444
889.918	377.556
892.284	398.667
894.651	375.111
897.016	370.222
899.38	357.556
901.744	304.444
904.106	243.778
906.468	194.889
908.829	166.222
911.19	138.222
913.55	119.111
915.908	102.222
918.267	95.3333
920.624	90.4444
922.982	82.6667
925.336	83.3333
927.692	80
930.047	79.1111
932.399	81.3333
934.753	78.2222
937.105	78.8889
939.456	83.7778
941.807	84.8889
944.157	87.3333
946.505	89.3333
948.854	94.8889
951.202	101.333
953.548	104.667
955.895	99.1111
958.24	96.8889
960.585	97.7778
962.929	88.2222
965.271	95.3333
967.614	95.1111
969.955	101.333
972.296	111.778
974.636	111.556
976.976	107.111
979.314	98.4445
981.652	91.5556
983.989	87.7778
986.326	89.3333
988.66	88.4444
990.995	90.4444
993.329	98.4444
995.662	105.333
997.995	125.111
1000.33	139.778
1002.66	159.556
1004.99	172
1007.32	173.556
1009.65	161.556
1011.97	157.556
1014.3	144.667
1016.63	141.556
1018.95	125.111
1021.28	122.222
1023.6	122
1025.93	128
1028.25	136
1030.57	152.889
1032.89	185.778
1035.21	228.667
1037.53	292.667
1039.85	313.556
1042.17	292.667
1044.49	232.222
1046.81	194.889
1049.12	172.444
1051.44	168.444
1053.75	172.889
1056.07	189.333
1058.38	198.889
1060.69	203.111
1063	217.556
1065.31	242.667
1067.62	235.111
1069.93	222.222
1072.24	217.333
1074.55	225.333
1076.86	244.222
1079.16	274.444
1081.47	269.333
1083.77	255.778
1086.08	222.889
1088.38	186
1090.69	169.111
1092.99	148
1095.29	137.333
1097.59	124.222
1099.89	115.333
1102.19	112.889
1104.49	108.444
1106.78	105.556
1109.08	102.667
1111.38	100.889
1113.67	104.444
1115.97	107.111
1118.26	105.556
1120.55	113.333
1122.85	109.778
1125.14	116.889
1127.43	129.778
1129.72	139.333
1132.01	158.222
1134.3	184.667
1136.59	225.778
1138.87	261.556
1141.16	280.222
1143.45	254.222
1145.73	204
1148.02	169.111
1150.3	140.667
1152.59	127.333
1154.87	133.333
1157.15	128.889
1159.43	139.778
1161.71	145.556
1163.99	160
1166.27	150.444
1168.55	140.444
1170.82	125.556
1173.1	113.778
1175.38	106
1177.65	105.333
1179.93	106.222
1182.2	104.222
1184.47	99.7778
1186.74	99.7778
1189.02	92
1191.29	97.3333
1193.56	94.2222
1195.83	95.5556
1198.09	92.8889
1200.36	96.4445
1202.63	94
1204.9	94.6667
1207.16	95.5556
1209.43	98.2222
1211.69	96.8889
1213.95	104.444
1216.22	106
1218.48	114.222
1220.74	110.444
1223	113.778
1225.26	110
1227.52	104.444
1229.78	106
1232.04	104.889
1234.29	100.889
1236.55	108
1238.81	109.333
1241.06	108.667
1243.32	114.222
1245.57	115.778
1247.82	120
1250.08	122.444
1252.33	121.333
1254.58	128.222
1256.83	116.889
1259.08	121.333
1261.32	120.667
1263.57	126.889
1265.82	125.333
1268.07	128.667
1270.31	131.778
1272.56	140.222
1274.8	152.444
1277.05	160.667
1279.29	167.778
1281.53	174.444
1283.77	187.111
1286.01	196
1288.25	203.556
1290.49	213.556
1292.73	238.889
1294.97	256.222
1297.21	290.667
1299.44	327.111
1301.68	367.778
1303.92	368
1306.15	353.778
1308.38	312.889
1310.62	280.444
1312.85	248.444
1315.08	218.889
1317.31	201.556
1319.54	181.111
1321.77	166.222
1324	162
1326.23	155.111
1328.46	144.667
1330.68	142
1332.91	142.222
1335.13	143.111
1337.36	137.111
1339.58	149.111
1341.81	147.778
1344.03	150.889
1346.25	140.444
1348.47	137.778
1350.69	132.222
1352.91	128.667
1355.13	132.889
1357.35	130.667
1359.57	133.778
1361.78	133.556
1364	140.667
1366.22	140.444
1368.43	134.444
1370.65	129.778
1372.86	131.556
1375.07	128
1377.28	132.667
1379.5	132
1381.71	138.889
1383.92	134.889
1386.12	128.889
1388.33	132.667
1390.54	132.889
1392.75	130.667
1394.96	132.444
1397.16	135.778
1399.37	137.111
1401.57	142.222
1403.78	136
1405.98	142
1408.18	148
1410.38	154.667
1412.58	164.444
1414.78	164.889
1416.98	180
1419.18	192.667
1421.38	201.111
1423.58	222.222
1425.78	251.111
1427.97	283.111
1430.17	328
1432.36	393.556
1434.56	451.556
1436.75	505.778
1438.94	529.333
1441.13	542
1443.33	565.556
1445.52	572
1447.71	594.889
1449.9	621.333
1452.09	621.556
1454.27	646
1456.46	657.333
1458.65	628.222
1460.83	586.667
1463.02	540.444
1465.2	486.889
1467.39	442
1469.57	394.889
1471.75	354.222
1473.94	318.222
1476.12	283.333
1478.3	267.778
1480.48	248.222
1482.66	234
1484.84	221.111
1487.01	213.778
1489.19	200.222
1491.37	198.444
1493.54	188.222
1495.72	179.333
1497.89	170.444
1500.07	168.667
1502.24	157.556
1504.41	155.333
1506.58	152.667
1508.75	142.889
1510.93	144.222
1513.1	138.889
1515.26	139.778
1517.43	135.778
1519.6	134
1521.77	134.889
1523.93	130.444
1526.1	135.778
1528.26	127.111
1530.43	130.667
1532.59	125.778
1534.76	126.889
1536.92	122.667
1539.08	126.444
1541.24	123.778
1543.4	122
1545.56	121.333
1547.72	127.111
1549.88	124.444
1552.04	120.444
1554.19	123.333
1556.35	124.889
1558.51	123.333
1560.66	122
1562.81	118.667
1564.97	121.778
1567.12	117.111
1569.27	117.556
1571.43	117.333
1573.58	115.111
1575.73	118.222
1577.88	122.889
1580.02	112.889
1582.17	117.778
1584.32	117.778
1586.47	117.778
1588.61	119.778
1590.76	120
1592.91	114.667
1595.05	118
1597.19	121.333
1599.34	120.667
1601.48	122
1603.62	116.667
1605.76	120.444
1607.9	119.778
1610.04	120.667
1612.18	119.111
1614.32	117.556
1616.46	120
1618.59	114.222
1620.73	116
1622.87	113.111
1625	118.222
1627.14	114
1629.27	120.222
1631.4	109.333
1633.54	115.111
1635.67	115.778
1637.8	118.444
1639.93	116
1642.06	115.778
1644.19	117.111
1646.32	113.111
1648.44	120.444
1650.57	112
1652.7	116.222
1654.82	116.889
1656.95	115.111
1659.07	112.222
1661.2	117.778
1663.32	116.444
1665.44	118.222
1667.57	119.333
1669.69	112.889
1671.81	120.444
1673.93	119.333
1676.05	118
1678.17	123.556
1680.28	120
1682.4	128.222
1684.52	121.111
1686.64	128
1688.75	129.333
1690.87	120
1692.98	122
1695.09	125.111
1697.21	120.889
1699.32	119.111
1701.43	127.111
1703.54	120.222
1705.65	127.333
1707.76	123.778
1709.87	127.333
1711.98	123.111
1714.09	122.444
1716.19	121.556
1718.3	119.778
1720.41	122.889
1722.51	117.778
1724.62	124.222
1726.72	121.333
1728.82	118
1730.93	119.778
1733.03	124
1735.13	122.222
1737.23	120.889
1739.33	125.111
1741.43	117.778
1743.53	122.667
1745.63	119.556
1747.72	117.333
1749.82	117.111
1751.92	124.444
1754.01	120.667
1756.11	118.667
1758.2	119.778
1760.29	120.222
1762.39	125.333
1764.48	123.333
1766.57	123.556
1768.66	122
1770.75	120.444
1772.84	124
1774.93	117.111
1777.02	118.222
1779.11	120.222
1781.2	125.333
1783.28	122
1785.37	124.444
1787.45	122
1789.54	124.444
1791.62	122.444
1793.71	123.778
1795.79	130
1797.87	120.889
1799.95	126.667
1802.03	126
1804.11	129.556
1806.19	123.556
1808.27	125.556
1810.35	127.556
1812.43	125.333
1814.51	129.333
1816.58	129.333
1818.66	123.778
1820.73	125.111
1822.81	127.556
1824.88	128.889
1826.95	126.222
1829.03	127.333
1831.1	128
1833.17	121.333
1835.24	122.444
1837.31	122.667
1839.38	123.556
1841.45	125.333
1843.52	126
1845.59	127.111
1847.65	124.889
1849.72	128.222
1851.78	123.778
1853.85	129.111
1855.91	128.667
1857.98	128
1860.04	126.222
1862.1	126.889
1864.17	132
1866.23	124
1868.29	125.778
1870.35	129.556
1872.41	130.667
1874.47	128.889
1876.53	126.444
1878.58	129.333
1880.64	126
1882.7	126.444
1884.75	130
1886.81	129.111
1888.86	129.778
1890.92	131.111
1892.97	127.111
1895.02	133.556
1897.07	130.889
1899.12	131.111
1901.17	132.667
1903.23	131.111
1905.27	135.778
1907.32	130
1909.37	134.222
1911.42	138.667
1913.47	135.333
1915.51	132.889
1917.56	139.333
1919.6	132.889
1921.65	136.667
1923.69	135.111
1925.74	136.444
1927.78	131.556
1929.82	131.556
1931.86	139.111
1933.9	136.889
1935.94	135.778
1937.98	132.444
1940.02	133.556
1942.06	134.222
1944.1	130.222
1946.14	130.889
1948.17	134.444
1950.21	136
1952.24	137.111
1954.28	133.778
1956.31	130.667
1958.35	138
1960.38	134.889
1962.41	136.444
1964.44	137.556
1966.47	138.222
1968.5	137.778
1970.53	138
1972.56	136
1974.59	140.667
1976.62	137.333
1978.65	142
1980.67	137.333
1982.7	139.111
1984.73	135.333
1986.75	133.333
1988.78	136.444
1990.8	136.889
1992.82	139.778
1994.85	139.333
1996.87	138.444
1998.89	137.111
2000.91	136.444
2002.93	141.333
2004.95	134.667
2006.97	139.778
2008.99	139.778
2011	137.111
2013.02	136.444
2015.04	133.333
2017.05	146.222
2019.07	140.667
2021.08	144.889
2023.1	143.333
2025.11	140
2027.12	144
2029.14	145.333
2031.15	142.444
2033.16	142.222
2035.17	142.222
2037.18	147.333
2039.19	143.333
2041.2	145.556
2043.2	148.667
2045.21	150.667
2047.22	148.889
2049.22	143.333
2051.23	146.444
2053.24	141.778
2055.24	152.667
2057.24	144.222
2059.25	143.778
2061.25	141.111
2063.25	145.778
2065.25	146.222
2067.25	144.667
2069.25	146.667
2071.25	143.333
2073.25	150.667
2075.25	149.333
2077.25	149.333
2079.25	146.889
2081.24	145.556
2083.24	158.889
2085.23	151.556
2087.23	149.333
2089.22	149.111
2091.22	147.333
2093.21	148
2095.2	150.889
2097.19	147.111
2099.19	143.111
2101.18	145.111
2103.17	148.667
2105.16	151.111
2107.14	149.556
2109.13	152.667
2111.12	147.778
2113.11	156
2115.09	153.111
2117.08	147.556
2119.06	154.222
2121.05	150.222
2123.03	146.889
2125.02	150.667
2127	153.778
2128.98	158.667
2130.96	156.222
2132.95	156.667
2134.93	156.667
2136.91	148.667
2138.89	158.444
2140.87	150.222
2142.84	148.889
2144.82	157.778
2146.8	152.889
2148.77	158
2150.75	147.333
2152.73	153.556
2154.7	152.667
2156.68	155.556
2158.65	159.333
2160.62	153.556
2162.59	160
2164.57	157.111
2166.54	157.778
2168.51	159.111
2170.48	163.778
2172.45	164.444
2174.42	161.556
2176.38	161.778
2178.35	161.778
2180.32	158.667
2182.29	158.889
2184.25	164.444
2186.22	164.667
2188.18	164
2190.15	164
2192.11	161.111
2194.07	169.778
2196.03	168
2198	164.444
2199.96	160.667
2201.92	166
2203.88	163.111
2205.84	162.222
2207.8	164.667
2209.76	160.444
2211.71	161.556
2213.67	165.333
2215.63	165.333
2217.58	166.889
2219.54	163.556
2221.49	157.333
2223.45	161.333
2225.4	167.333
2227.36	163.333
2229.31	158
2231.26	162.667
2233.21	162.444
2235.16	169.111
2237.11	157.111
2239.06	168.222
2241.01	160.667
2242.96	166.222
2244.91	164.444
2246.86	165.333
2248.8	166.667
2250.75	168.222
2252.69	165.111
2254.64	167.778
2256.58	173.556
2258.53	166
2260.47	167.778
2262.41	166
2264.36	169.111
2266.3	167.556
2268.24	159.556
2270.18	163.333
2272.12	166.667
2274.06	163.333
2276	159.111
2277.94	165.778
2279.87	166
2281.81	165.333
2283.75	169.333
2285.68	166.667
2287.62	169.556
2289.55	170.889
2291.49	160.889
2293.42	162.444
2295.35	164.444
2297.29	167.111
2299.22	166.889
2301.15	158.889
2303.08	163.333
2305.01	165.111
2306.94	169.333
2308.87	171.778
2310.8	167.556
2312.73	168.889
2314.65	162.444
2316.58	160.222
2318.51	162
2320.43	171.778
2322.36	170.444
2324.28	174.222
2326.21	174.222
2328.13	166.889
2330.05	168.444
2331.98	167.556
2333.9	168.667
2335.82	168
2337.74	165.111
2339.66	170
2341.58	167.333
2343.5	173.333
2345.42	170.222
2347.33	171.778
2349.25	170.889
2351.17	174.667
2353.08	172.444
2355	168
2356.92	168
2358.83	169.556
2360.74	180
2362.66	171.333
2364.57	168.222
2366.48	172.444
2368.39	169.556
2370.31	173.556
2372.22	169.778
2374.13	160.222
2376.04	170
2377.94	167.333
2379.85	169.556
2381.76	169.111
2383.67	172
2385.57	167.556
2387.48	165.778
2389.39	166.667
2391.29	167.778
2393.2	168.889
2395.1	172.222
2397	168.444
2398.91	173.333
2400.81	169.778
2402.71	173.556
2404.61	172.889
2406.51	167.778
2408.41	170
2410.31	171.111
2412.21	173.111
2414.11	173.333
2416.01	176.889
2417.9	174.444
2419.8	172.667
2421.69	170.222
2423.59	176.444
2425.49	171.556
2427.38	178.222
2429.27	171.111
2431.17	174.222
2433.06	173.111
2434.95	176.667
2436.84	175.556
2438.73	179.778
2440.63	173.556
2442.52	182.667
2444.41	173.556
2446.29	182.667
2448.18	174.444
2450.07	181.556
2451.96	173.333
2453.84	178.889
