105.443	1272.07
108.528	1182.53
111.612	1070.16
114.693	957.284
117.774	885.419
120.854	810.2
123.931	749.29
127.007	680.613
130.081	631.853
133.155	577.694
136.226	521.448
139.296	498.986
142.364	453.903
145.431	417.893
148.496	386.711
151.559	369.69
154.622	357.209
157.682	328.896
160.741	316.332
163.799	294.907
166.855	275.291
169.91	262.782
172.963	249.749
176.014	240.204
179.064	228.448
182.113	225.344
185.16	210.926
188.205	211.146
191.249	210.181
194.291	203.237
197.333	192.067
200.372	190.169
203.409	194.542
206.446	185.791
209.48	192.854
212.514	190.831
215.546	187.036
218.577	182.591
221.605	188.906
224.633	202.23
227.658	202.038
230.682	230.352
233.706	232.715
236.727	247.595
239.747	259.068
242.765	279.997
245.782	305.308
248.797	336.65
251.811	379.068
254.823	442.252
257.834	528.53
260.844	681.76
263.852	958.036
266.858	1583.98
269.863	2776.7
272.866	4448.31
275.868	5397.94
278.869	4427.23
281.867	2751.43
284.865	1617.48
287.861	1011.14
290.856	690.89
293.848	524.219
296.84	427.141
299.83	353.641
302.819	320.217
305.806	291.085
308.791	247.033
311.775	233.072
314.758	206.047
317.739	197.28
320.719	179.934
323.697	176.211
326.674	169.445
329.649	150.972
332.623	139.359
335.595	143.316
338.566	131.386
341.535	133.138
344.504	123.506
347.47	119.63
350.434	122.285
353.399	112.671
356.36	105.359
359.321	107.221
362.281	102.005
365.238	100.424
368.194	103.239
371.149	100.112
374.102	103.859
377.054	97.2803
380.005	93.9143
382.954	95.8228
385.901	95.1787
388.847	92.9494
391.792	93.8772
394.735	94.8304
397.676	92.4131
400.617	93.2598
403.555	95.6683
406.493	99.579
409.429	94.6602
412.363	101.552
415.297	95.7863
418.228	94.6724
421.158	93.6305
424.087	92.7182
427.014	88.8614
429.94	84.8032
432.864	89.0651
435.787	84.2993
438.709	92.3939
441.629	91.2191
444.547	88.798
447.464	90.6816
450.38	81.0526
453.294	88.0306
456.208	91.5801
459.119	85.4664
462.028	89.6724
464.938	80.6992
467.844	84.9388
470.75	80.926
473.654	83.5386
476.557	84.3431
479.459	83.7807
482.359	80.1572
485.257	79.348
488.154	83.3163
491.05	78.0429
493.945	83.3271
496.838	82.134
499.729	80.7887
502.619	82.032
505.508	81.4069
508.395	89.9279
511.281	84.2931
514.165	88.188
517.049	84.0166
519.93	77.1363
522.81	80.7725
525.689	72.8998
528.566	80.4626
531.442	75.4413
534.317	74.9055
537.19	78.6388
540.062	75.7247
542.932	78.0753
545.801	80.1075
548.669	75.4746
551.534	81.7887
554.399	86.1149
557.262	85.7339
560.124	88.0573
562.985	88.704
565.844	84.2895
568.702	87.7489
571.558	82.5142
574.413	80.6059
577.266	76.86
580.118	73.4327
582.969	76.4942
585.819	76.2125
588.666	77.1632
591.513	80.7297
594.359	74.8401
597.202	73.7552
600.045	75.6571
602.885	80.8279
605.725	77.5349
608.564	77.4643
611.4	81.3858
614.236	79.9865
617.07	84.2088
619.902	89.3507
622.734	89.0832
625.564	88.5649
628.393	97.1385
631.219	102.914
634.045	107.029
636.87	107.975
639.693	112.567
642.515	115.268
645.335	114.466
648.153	123.624
650.971	132.331
653.787	142.617
656.602	146.968
659.416	150.933
662.228	173.858
665.038	200.954
667.848	230.974
670.655	276.205
673.462	355.606
676.268	470.926
679.071	637.434
681.874	957.583
684.675	1578.59
687.475	2842.72
690.273	4830.71
693.07	6413.39
695.866	6302.99
698.66	4709.66
701.453	2935.46
704.244	1729.08
707.035	1085.93
709.824	790.99
712.612	650.401
715.397	603.019
718.183	608.868
720.966	625.684
723.748	707.327
726.529	764.842
729.308	812.701
732.087	827.875
734.863	782.718
737.639	742.552
740.413	643.934
743.186	555.4
745.956	478.316
748.726	388.459
751.495	330.156
754.262	294.561
757.029	254.836
759.793	236.119
762.557	206.752
765.318	198.332
768.079	169.927
770.839	164.695
773.597	151.221
776.353	146.806
779.109	131.157
781.862	131.108
784.615	119.879
787.366	109.479
790.116	111.786
792.865	102.387
795.612	103.697
798.358	99.1836
801.102	101.978
803.846	96.9032
806.588	92.6691
809.329	88.6475
812.068	87.1911
814.806	83.1642
817.542	84.8772
820.278	80.4204
823.012	76.3762
825.744	81.3784
828.476	76.8206
831.206	79.0038
833.935	79.0191
836.662	83.6929
839.388	76.3324
842.113	76.4076
844.836	73.3075
847.558	72.5524
850.279	77.4732
852.999	74.3305
855.718	75.5589
858.435	73.5225
861.15	74.4588
863.865	72.535
866.577	74.2683
869.289	77.8458
871.999	79.2693
874.709	81.9068
877.417	84.9523
880.123	89.8913
882.828	87.7174
885.531	97.4009
888.234	97.1275
890.936	95.7622
893.635	80.4133
896.334	79.8379
899.031	81.1479
901.728	77.5197
904.422	66.6761
907.116	66.8577
909.808	66.8827
912.499	66.5807
915.188	64.0058
917.877	69.5956
920.563	65.5474
923.249	63.4923
925.934	56.6705
928.617	57.4804
931.298	62.4006
933.979	61.1275
936.658	62.1794
939.336	56.724
942.013	59.6373
944.688	62.8328
947.362	53.6459
950.035	58.4256
952.706	55.5524
955.377	59.2105
958.045	54.114
960.714	58.0047
963.38	57.31
966.044	57.1756
968.709	56.8087
971.372	61.7447
974.033	58.5444
976.693	62.3083
979.351	61.5067
982.009	64.4554
984.665	64.1612
987.32	63.1859
989.974	54.9742
992.626	60.8458
995.277	50.7038
997.926	55.8076
1000.57	54.7145
1003.22	56.9462
1005.87	54.5613
1008.51	53.4413
1011.16	53.4219
1013.8	54.8156
1016.44	53.6923
1019.08	53.223
1021.72	48.1005
1024.35	51.3022
1026.99	55.8436
1029.63	55.5563
1032.26	53.1911
1034.89	49.0219
1037.52	52.6771
1040.15	49.4129
1042.78	54.2775
1045.41	54.8577
1048.03	50.5931
1050.66	54.1681
1053.28	52.5137
1055.9	53.5722
1058.52	53.6532
1061.14	53.3779
1063.76	55.935
1066.38	54.6497
1068.99	51.9548
1071.61	57.9936
1074.22	54.2451
1076.83	59.5105
1079.44	58.1437
1082.05	56.2895
1084.66	57.2332
1087.27	62.0498
1089.87	57.8401
1092.48	58.6631
1095.08	62.7466
1097.68	61.6298
1100.29	62.4161
1102.88	61.4837
1105.48	61.4965
1108.08	66.852
1110.68	69.8143
1113.27	69.8504
1115.86	69.1745
1118.46	74.9581
1121.05	78.2931
1123.64	81.4103
1126.23	83.4349
1128.81	91.0396
1131.4	102.151
1133.98	112.435
1136.57	120.851
1139.15	150.484
1141.73	174.651
1144.31	198.828
1146.89	224.299
1149.47	218.926
1152.04	202.788
1154.62	164.304
1157.19	139.943
1159.76	124.032
1162.33	109.781
1164.9	95.551
1167.47	94.5315
1170.04	88.1878
1172.61	81.4577
1175.17	83.4327
1177.74	80.0393
1180.3	76.9759
1182.86	74.7744
1185.42	75.775
1187.98	71.7148
1190.54	69.8547
1193.09	69.3127
1195.65	67.195
1198.2	68.085
1200.76	69.1615
1203.31	67.6146
1205.86	69.0086
1208.41	63.7944
1210.96	65.8436
1213.5	68.8021
1216.05	64.3039
1218.59	65.4327
1221.14	68.2964
1223.68	68.8946
1226.22	66.7245
1228.76	68.5449
1231.3	72.7343
1233.84	70.3992
1236.37	68.4377
1238.91	67.2337
1241.44	70.093
1243.97	76.4608
1246.5	78.2105
1249.03	83.9572
1251.56	84.9066
1254.09	87.1911
1256.62	97.5667
1259.14	93.2598
1261.67	90.4626
1264.19	90.0029
1266.71	85.7835
1269.23	81.5547
1271.75	83.2676
1274.27	78.228
1276.78	77.1395
1279.3	78.5747
1281.81	74.0373
1284.33	76.087
1286.84	74.2943
1289.35	77.4539
1291.86	76.8206
1294.37	77.4696
1296.88	80.5526
1299.38	72.9188
1301.89	73.0906
1304.39	74.9069
1306.89	77.07
1309.4	77.5315
1311.9	78.0742
1314.4	83.0817
1316.89	82.0748
1319.39	82.343
1321.89	77.0676
1324.38	84.3945
1326.87	86.5959
1329.37	83.1709
1331.86	90.6901
1334.35	85.3762
1336.83	89.7768
1339.32	85.8087
1341.81	91.707
1344.29	92.087
1346.78	96.4168
1349.26	96.9569
1351.74	93.9831
1354.22	97.7499
1356.7	98.0393
1359.18	107.552
1361.65	100.671
1364.13	103.252
1366.6	107.791
1369.08	100.947
1371.55	111.159
1374.02	107.559
1376.49	109.255
1378.96	111.53
1381.43	119.464
1383.89	121.388
1386.36	124.678
1388.82	128.473
1391.28	136.356
1393.75	138.655
1396.21	155.646
1398.67	161.902
1401.12	178.025
1403.58	195.639
1406.04	225.368
1408.49	261.34
1410.95	313.024
1413.4	363.025
1415.85	379.033
1418.3	336.736
1420.75	286.47
1423.2	232.927
1425.64	199.44
1428.09	175.711
1430.53	157.616
1432.97	146.741
1435.42	137.81
1437.86	130.745
1440.3	124.075
1442.74	123.881
1445.17	114.54
1447.61	116.719
1450.05	117.547
1452.48	115.674
1454.91	115.94
1457.34	117.622
1459.77	108.135
1462.2	106.997
1464.63	108.011
1467.06	104.144
1469.48	101.188
1471.91	106.811
1474.33	98.5056
1476.76	102.649
1479.18	98.9507
1481.6	92.2355
1484.02	92.7814
1486.44	88.8351
1488.85	90.6414
1491.27	83.3103
1493.68	87.9678
1496.1	83.1363
1498.51	82.3643
1500.92	88.9001
1503.33	80.8648
1505.74	79.9759
1508.15	75.3408
1510.55	81.2439
1512.96	80.888
1515.36	76.1939
1517.77	77.9431
1520.17	77.4033
1522.57	79.2618
1524.97	76.724
1527.37	78.6128
1529.77	68.1612
1532.16	76.2952
1534.56	72.8513
1536.95	72.6923
1539.35	74.6918
1541.74	69.3095
1544.13	67.4771
1546.52	69.7375
1548.91	68.4142
1551.3	70.5067
1553.68	68.1188
1556.07	69.1557
1558.45	70.7176
1560.84	69.9969
1563.22	70.4485
1565.6	73.4775
1567.98	70.4016
1570.36	68.8251
1572.74	68.8276
1575.11	67.9569
1577.49	66.7434
1579.86	71.1013
1582.24	68.9571
1584.61	70.6587
1586.98	65.1878
1589.35	67.7113
1591.72	63.9106
1594.08	65.5705
1596.45	64.3585
1598.82	63.6549
1601.18	61.9711
1603.54	67.0853
1605.91	64.7414
1608.27	65.7537
1610.63	64.5637
1612.99	65.5015
1615.34	61.3659
1617.7	59.6211
1620.06	61.4186
1622.41	63.0499
1624.76	61.7095
1627.12	63.0243
1629.47	64.1584
1631.82	60.1832
1634.17	61.6583
1636.51	61.9425
1638.86	58.6303
1641.21	60.5123
1643.55	57.639
1645.9	55.5527
1648.24	58.4554
1650.58	59.3338
1652.92	61.8855
1655.26	60.5522
1657.6	55.4491
1659.93	57.1454
1662.27	55.0429
1664.6	56.1515
1666.94	56.7928
1669.27	55.9232
1671.6	58.3726
1673.93	51.8911
1676.26	55.0075
1678.59	58.1684
1680.92	58.4193
1683.24	55.4944
1685.57	54.5705
1687.89	54.338
1690.22	56.3092
1692.54	56.1482
1694.86	60.6571
1697.18	53.461
1699.5	52.6086
1701.81	56.3018
1704.13	56.9145
1706.45	55.7192
1708.76	56.2333
1711.07	48.5665
1713.38	50.5367
1715.7	51.2332
1718.01	48.8486
1720.31	52.1258
1722.62	48.08
1724.93	51.8051
1727.24	50.4768
1729.54	49.272
1731.84	49.3018
1734.15	52.4034
1736.45	50.5042
1738.75	52.0634
1741.05	44.908
1743.35	51.2014
1745.64	50.7244
1747.94	49.5297
1750.23	50.5752
1752.53	46.2581
1754.82	49.1717
1757.11	43.9902
1759.4	45.0371
1761.69	42.8206
1763.98	43.0906
1766.27	43.3854
1768.56	47.5194
1770.84	49.5956
1773.13	47.4965
1775.41	45.3812
1777.69	47.0359
1779.97	43.5244
1782.25	40.5596
1784.53	43.4816
1786.81	45.8149
1789.09	43.4485
1791.36	42.4482
1793.64	44.498
1795.91	42.2856
1798.18	37.6806
1800.46	40.0446
1802.73	41.3443
1805	40.072
1807.27	40.4478
1809.53	42.0977
1811.8	42.846
1814.07	40.8702
1816.33	41.0058
1818.59	42.1988
1820.86	36.2721
1823.12	40.7663
1825.38	40.9911
1827.64	38.2252
1829.89	43.5915
1832.15	42.5594
1834.41	39.9033
1836.66	38.8087
1838.92	40.2496
1841.17	36.7416
1843.42	36.9425
1845.67	40.4928
1847.92	37.3108
1850.17	35.4618
1852.42	35.9398
1854.67	38.3233
1856.91	42.3812
1859.16	38.272
1861.4	38.08
1863.64	35.4133
1865.88	38.5984
1868.12	33.8293
1870.36	37.0143
1872.6	35.8451
1874.84	33.543
1877.08	33.3321
1879.31	33.5688
1881.54	33.8936
1883.78	36.5984
1886.01	37.2304
1888.24	36.7257
1890.47	37.9145
1892.7	34.6406
1894.93	36.5137
1897.16	35.6303
1899.38	35.2524
1901.61	35.7925
1903.83	34.4554
1906.05	31.4014
1908.28	33.2496
1910.5	34.4192
1912.72	34.2531
1914.94	33.5641
1917.16	31.7802
1919.37	34.8628
1921.59	35.7168
1923.8	36.5304
1926.02	32.1345
1928.23	32.7814
1930.44	33.6669
1932.65	31.6833
1934.86	31.6255
1937.07	33.1615
1939.28	33.546
1941.48	28.1612
1943.69	35.0263
1945.9	35.6899
1948.1	30.6602
1950.3	30.3589
1952.5	32.7419
1954.7	28.5302
1956.9	30.6671
1959.1	28.2371
1961.3	30.5524
1963.5	30.8788
1965.69	31.3956
1967.89	26.7445
1970.08	29.2144
1972.27	27.6571
1974.46	30.1487
1976.66	30.8573
1978.84	25.9162
1981.03	30.3664
1983.22	29.7176
1985.41	29.8293
1987.59	27.8684
1989.78	25.9494
1991.96	29.8824
1994.14	30.543
1996.32	29.2246
1998.51	28.3059
2000.69	31.2853
2002.86	25.7466
2005.04	27.6054
2007.22	26.457
2009.39	27.543
2011.57	28.2828
2013.74	23.9658
2015.91	25.916
2018.09	23.7552
2020.26	26.3466
2022.43	26.0256
2024.59	23.0655
2026.76	24.4031
2028.93	23.8458
2031.09	21.4837
2033.26	23.6036
2035.42	20.8454
2037.59	24.8231
2039.75	28.565
2041.91	25.0832
2044.07	20.3238
2046.23	20.431
2048.38	22.9462
2050.54	22.6573
2052.7	23.1005
2054.85	21.691
2057	23.3607
2059.16	19.9145
2061.31	22.2507
2063.46	23.4345
2065.61	21.2591
2067.76	19.8665
2069.91	18.8556
2072.05	18.9631
2074.2	19.4918
2076.34	21.0254
2078.49	20.2194
2080.63	22.0742
2082.77	19.496
2084.91	19.498
2087.05	18.4069
2089.19	18.7637
2091.33	18.9794
2093.47	20.7397
2095.6	19.3704
2097.74	18.4206
2099.87	17.1585
2102.01	19.8314
2104.14	19.6585
2106.27	21.5735
2108.4	20.1619
2110.53	18.5458
2112.66	22.4338
2114.79	21.799
2116.91	18.6768
2119.04	19.2155
2121.16	18.6829
2123.29	18.7602
2125.41	19.6777
2127.53	19.1511
2129.65	16.607
2131.77	16.6426
2133.89	15.3438
2136.01	19.7464
2138.12	14.1593
2140.24	17.2053
2142.35	15.4625
2144.47	17.6923
2146.58	16.1417
2148.69	15.1627
2150.8	19.8623
2152.91	16.2549
2155.02	12.6253
2157.13	17.3553
2159.24	18.1789
2161.34	19.3635
2163.45	16.5125
2165.55	19.3903
2167.66	16.0714
2169.76	31.5703
2171.86	16.3095
2173.96	15.5633
2176.06	15.9819
2178.16	17.3466
2180.26	16.5525
2182.35	15.8368
2184.45	14.4771
2186.54	17.346
2188.64	15.9824
2190.73	15.0075
2192.82	14.9462
2194.91	14.6742
2197	15.5095
2199.09	13.9697
2201.18	13.6034
2203.27	17.9562
2205.35	16.4549
2207.44	16.6092
2209.52	15.338
2211.61	15.6236
2213.69	14.7393
2215.77	12.2795
2217.85	15.3939
2219.93	16.897
2222.01	14.5253
2224.09	16.1303
2226.16	18.6373
2228.24	16.5508
2230.31	15.0655
2232.39	14.0215
2234.46	16.1532
2236.53	13.5613
2238.6	15.4725
2240.67	13.2565
2242.74	15.804
2244.81	14.9162
2246.88	13.7168
2248.94	16.4491
2251.01	12.8454
2253.07	15.1363
2255.14	15.9268
2257.2	13.2053
2259.26	15.0543
2261.32	14.9205
2263.38	15.5297
2265.44	12.9742
2267.5	15.4256
2269.56	13.4413
2271.61	15.3369
2273.67	13.7128
2275.72	15.2496
2277.78	16.6987
2279.83	15.921
2281.88	17.3524
2283.93	13.872
2285.98	15.6671
2288.03	19.512
2290.08	16.57
2292.12	14.926
2294.17	17.5449
2296.21	17.2297
2298.26	16.9667
2300.3	19.0473
2302.34	20.0234
2304.38	17.1572
2306.42	15.1911
2308.46	15.6571
2310.5	18.4912
2312.54	17.5561
2314.58	14.496
2316.61	10.6276
2318.65	14.9441
2320.68	14.2033
2322.71	13.7609
2324.75	14.7747
2326.78	10.846
2328.81	12.1482
2330.84	14.8099
2332.86	15.4076
2334.89	13.8051
2336.92	10.2252
2338.94	12.6549
2340.97	14.1836
2342.99	15.0752
2345.02	14.7643
2347.04	12.9952
2349.06	10.6742
2351.08	10.5956
2353.1	11.5315
2355.12	11.6055
2357.13	12.4491
2359.15	11.5322
2361.17	14.8893
2363.18	12.2224
2365.19	14.1684
2367.21	14.5527
2369.22	12.2371
2371.23	10.1452
2373.24	12.8178
2375.25	11.8877
2377.26	10.5214
2379.27	11.0778
2381.27	12.7671
2383.28	12.8456
2385.28	13.0605
2387.29	12.717
2389.29	13.9539
2391.29	12.3271
2393.29	11.1809
2395.29	11.018
2397.29	13.4466
2399.29	12.2258
2401.29	12.3479
2403.28	10.9439
2405.28	12.4466
2407.27	10.9193
2409.27	12.4668
2411.26	13.3483
2413.25	10.2695
2415.25	9.36491
2417.24	10.3831
2419.22	12.9539
2421.21	11.0224
2423.2	11.6973
2425.19	10.7026
2427.17	15.3635
2429.16	14.546
2431.14	11.6109
2433.13	11.011
2435.11	11.7554
2437.09	11.4707
2439.07	11.9695
2441.05	12.4482
2443.03	11.7217
2445.01	11.8062
2446.98	12.4468
2448.96	13.5137
2450.93	12.1832
2452.91	10.6713
2454.88	12.1147
2456.85	10.9603
2458.83	9.58767
2460.8	10.1013
2462.77	12.7614
2464.74	9.80295
2466.7	12.8239
2468.67	12.908
2470.64	12.5688
2472.6	10.8456
2474.57	11.5865
2476.53	8.96365
2478.49	11.6408
2480.46	11.9583
2482.42	12.0502
2484.38	11.5931
2486.34	14.6378
2488.29	16.8001
2490.25	18.2053
2492.21	18.6125
2494.16	16.584
2496.12	18.6086
2498.07	17.1222
2500.03	14.6353
2501.98	14.0284
2503.93	13.5637
2505.88	15.2326
2507.83	17.6573
2509.78	23.886
2511.73	30.072
2513.67	30.8791
2515.62	28.7609
2517.56	24.2
2519.51	19.366
2521.45	15.4009
2523.4	11.9795
2525.34	10.2917
2527.28	12.563
2529.22	12.1906
2531.16	10.7972
2533.1	12.3699
2535.03	8.18587
2536.97	10.5367
2538.91	9.76248
2540.84	12.1822
2542.77	8.84277
2544.71	9.22103
2546.64	8.4554
2548.57	9.58594
2550.5	9.81532
2552.43	10.7445
2554.36	9.5242
2556.29	8.31076
2558.21	9.99349
2560.14	6.76215
2562.07	7.88965
2563.99	10.0817
2565.91	9.34082
2567.84	9.21745
2569.76	8.22971
2571.68	9.30447
2573.6	8.84364
2575.52	7.67133
2577.44	10.5294
2579.36	8.82595
2581.27	8.28885
2583.19	10.9791
2585.1	9.51302
2587.02	8.24957
2588.93	7.96137
2590.84	10.0131
2592.75	10.2446
2594.67	9.17698
2596.58	8.88552
2598.48	9.21441
2600.39	7.40864
