400	20211.66
401	20107.85
402	20002.83
403	19907.86
404	19841.97
405	19824.5
406	19874.53
407	19990.68
408	20126.46
409	20229.67
410	20248.54
411	20148.56
412	19969.98
413	19773.25
414	19618.35
415	19558.49
416	19589.79
417	19678.42
418	19790.53
419	19893.42
420	19972.87
421	20032.09
422	20074.95
423	20105.28
424	20126.1
425	20139.13
426	20145.91
427	20148.03
428	20145.67
429	20135.08
430	20111.78
431	20071.34
432	20012.62
433	19952.08
434	19911.96
435	19914.32
436	19977.45
437	20083.49
438	20193.93
439	20270.34
440	20276.43
441	20215.02
442	20125.39
443	20047.95
444	20022.28
445	20060.72
446	20134.97
447	20213.59
448	20265.45
449	20272.44
450	20247.52
451	20208.05
452	20171.29
453	20148.99
454	20131.83
455	20105.45
456	20055.59
457	19972.52
458	19874.53
459	19790.63
460	19749.63
461	19776.39
462	19856.67
463	19953.29
464	20029.05
465	20048.94
466	20012.6
467	19949.6
468	19890.26
469	19864.06
470	19878.18
471	19912.15
472	19943.96
473	19951.84
474	19923.35
475	19862.33
476	19774.26
477	19664.54
478	19539.79
479	19409.62
480	19284.03
481	19172.96
482	19083.35
483	19011.74
484	18952.44
485	18899.76
486	18849.82
487	18807.24
488	18779.27
489	18773.06
490	18793.51
491	18830.06
492	18865.85
493	18884.07
494	18869.92
495	18826
496	18764.41
497	18697.29
498	18636.3
499	18588.3
500	18556.7
501	18544.85
502	18555.73
503	18586.11
504	18627.34
505	18670.64
506	18707.3
507	18729.27
508	18729.18
509	18699.73
510	18634.07
511	18540.41
512	18446.61
513	18381.67
514	18374.02
515	18428.91
516	18515.67
517	18600.69
518	18650.73
519	18647.02
520	18597.02
521	18510.98
522	18399.09
523	18276.24
524	18167.34
525	18098.48
526	18095.45
527	18164.16
528	18262.32
529	18340.66
530	18350.36
531	18267.34
532	18135.01
533	18007.97
534	17940.38
535	17964
536	18043.21
537	18129.87
538	18176.2
539	18150.31
540	18072.27
541	17972.71
542	17882.04
543	17824.39
544	17802.11
545	17812.71
546	17853.74
547	17919.83
548	17994.66
549	18059.45
550	18095.56
551	18090.99
552	18058.9
553	18018.4
554	17988.46
555	17982.3
556	17990.99
557	18000.3
558	17996.07
559	17970.02
560	17936.33
561	17914.54
562	17924.05
563	17975.59
564	18047.27
565	18109.64
566	18133.42
567	18099.47
568	18024.96
569	17935.21
570	17855.36
571	17803.87
572	17776.69
573	17764.94
574	17759.82
575	17754.35
576	17747.21
577	17738.24
578	17727.27
579	17716.41
580	17714.31
581	17730.77
582	17775.5
583	17849.44
584	17930.69
585	17993.8
586	18013.53
587	17979.54
588	17915.61
589	17850.2
590	17811.46
591	17810.99
592	17827.21
593	17834.67
594	17808.32
595	17743.27
596	17669.43
597	17620.04
598	17627.57
599	17695.32
600	17783.55
601	17849.35
602	17851
603	17781.26
604	17675.48
605	17571.46
606	17505.69
607	17488
608	17500.93
609	17525.85
610	17545.13
611	17556.29
612	17569.57
613	17595.53
614	17644.47
615	17724.03
616	17840.05
617	17998.3
618	18201.04
619	18418.65
620	18604.73
621	18712.97
622	18705.18
623	18595.63
624	18420.06
625	18213.98
626	18009.25
627	17820.18
628	17655.68
629	17524.59
630	17431.25
631	17363.81
632	17306.9
633	17245.23
634	17171.6
635	17099.54
636	17045.8
637	17026.95
638	17044.97
639	17074.72
640	17088.22
641	17058.22
642	16982.47
643	16892.42
644	16821.71
645	16802.53
646	16839.03
647	16908.17
648	16985.97
649	17049.68
650	17090.84
651	17110.76
652	17110.97
653	17093.29
654	17062.43
655	17024.36
656	16985.04
657	16949.37
658	16916.96
659	16885.77
660	16853.79
661	16820.37
662	16789.21
663	16764.89
664	16751.96
665	16752.79
666	16765.37
667	16787.12
668	16815.47
669	16847.43
670	16879.44
671	16907.91
672	16929.22
673	16938.81
674	16931.36
675	16901.48
676	16845.12
677	16770.55
678	16692.96
679	16627.51
680	16586.98
681	16571.1
682	16575.07
683	16594.17
684	16623.59
685	16658.3
686	16693.26
687	16723.46
688	16746.67
689	16765.92
690	16784.8
691	16806.75
692	16830.26
693	16848.16
694	16852.98
695	16838.01
696	16805.52
697	16764.02
698	16722.12
699	16688.04
700	16667.92
701	16666.96
702	16690.38
703	16738.55
704	16794.9
705	16839.2
706	16851.4
707	16824.71
708	16777.91
709	16732.6
710	16709.74
711	16715.25
712	16738.6
713	16768.49
714	16793.77
715	16804.56
716	16791.79
717	16746.43
718	16663.79
719	16561.96
720	16466.44
721	16402.64
722	16387.07
723	16412.79
724	16468.98
725	16544.89
726	16630.19
727	16715.1
728	16789.95
729	16846.01
730	16888.15
731	16931.43
732	16991.09
733	17080.63
734	17202.8
735	17356.21
736	17539.45
737	17748.6
738	17972.31
739	18197.88
740	18412.72
741	18607.79
742	18779.3
743	18923.88
744	19038.03
745	19116.06
746	19150.63
747	19134.39
748	19061.92
749	18939.24
750	18776.55
751	18584.04
752	18373.39
753	18160.46
754	17961.77
755	17793.32
756	17655.27
757	17527.44
758	17388.34
759	17218.89
760	17025.28
761	16829.48
762	16653.59
763	16515.71
764	16415.97
765	16349.41
766	16311.07
767	16295.63
768	16296.86
769	16308.52
770	16324.44
771	16340.19
772	16352.93
773	16359.88
774	16358.75
775	16350.27
776	16336.51
777	16319.5
778	16302.53
779	16292.41
780	16296.54
781	16321.99
782	16365.76
783	16412.45
784	16446.01
785	16452.88
786	16443.03
787	16439.24
788	16464.35
789	16532.72
790	16628.59
791	16729.51
792	16813.29
793	16867.25
794	16892.71
795	16892.11
796	16868.74
797	16835.69
798	16812.31
799	16817.99
800	16863.62
801	16925.5
802	16971.1
803	16968.42
804	16910.92
805	16832.96
806	16772.54
807	16764.79
808	16811.33
809	16891.14
810	16982.82
811	17066.09
812	17124.86
813	17144.18
814	17109.56
815	17030.06
816	16952.31
817	16926.14
818	16996.55
819	17154.4
820	17355.65
821	17555.85
822	17720.1
823	17849.95
824	17955.66
825	18047.38
826	18130.84
827	18205.53
828	18270.44
829	18323.78
830	18355.87
831	18352.68
832	18300.2
833	18190.97
834	18038.34
835	17859.73
836	17672.3
837	17488.19
838	17313.59
839	17154.37
840	17016.01
841	16901.26
842	16811.72
843	16748.95
844	16712.52
845	16697.21
846	16697.13
847	16706.44
848	16719.87
849	16732.64
850	16740.01
851	16739.51
852	16739.97
853	16753.63
854	16792.56
855	16857.27
856	16929.42
857	16988.95
858	17017.49
859	17013.36
860	16984.79
861	16940.13
862	16887.91
863	16837.51
864	16798.41
865	16779.42
866	16773.87
867	16758.73
868	16710.25
869	16611.5
870	16484.88
871	16366.82
872	16293.46
873	16277.25
874	16287.91
875	16290.84
876	16254.83
877	16186.06
878	16113.83
879	16067.73
880	16066
881	16092.04
882	16122.62
883	16135.39
884	16126.99
885	16113.13
886	16110.31
887	16131.51
888	16171.75
889	16220.21
890	16266.19
891	16303.37
892	16332.34
893	16354.3
894	16370.15
895	16378.46
896	16376.6
897	16361.95
898	16335.04
899	16303.93
900	16277.74
901	16264.92
902	16264.01
903	16266.03
904	16261.8
905	16245.85
906	16225.95
907	16212.85
908	16216.73
909	16234.24
910	16247.34
911	16237.31
912	16191.5
913	16129.18
914	16080.11
915	16073.59
916	16117.39
917	16187.24
918	16256.31
919	16300.5
920	16315.85
921	16307.66
922	16281.24
923	16244.05
924	16207.72
925	16184.37
926	16184.73
927	16204.71
928	16231.31
929	16251.4
930	16257.01
931	16253.45
932	16248.2
933	16248.15
934	16251.97
935	16252.03
936	16240.54
937	16213.16
938	16177.01
939	16141.58
940	16116.07
941	16104.11
942	16104.1
943	16114.22
944	16131.44
945	16147.66
946	16153.47
947	16139.87
948	16108.62
949	16073.49
950	16048.84
951	16045.68
952	16058.63
953	16077.26
954	16091.32
955	16097.42
956	16100.86
957	16107.54
958	16122.09
959	16142.15
960	16162.87
961	16179.43
962	16188.42
963	16188.5
964	16178.45
965	16158.57
966	16138.85
967	16133.06
968	16154.77
969	16207.57
970	16279.51
971	16357.31
972	16430.27
973	16505.22
974	16596.38
975	16717.8
976	16871.8
977	17041.45
978	17208.1
979	17357.52
980	17507.25
981	17688.72
982	17933.12
983	18251.42
984	18620.85
985	19015.46
986	19412.91
987	19817.12
988	20243.58
989	20707.72
990	21216.9
991	21765.03
992	22344.77
993	22949.88
994	23581.62
995	24244.53
996	24942.87
997	25661.99
998	26356.74
999	26979.29
1000	27480.07
1001	27797.49
1002	27865.05
1003	27617.3
1004	27045.35
1005	26225.84
1006	25242.46
1007	24178.54
1008	23103.29
1009	22064.6
1010	21108.48
1011	20275.64
1012	19571.21
1013	18985.7
1014	18509.67
1015	18140.12
1016	17884.18
1017	17749.95
1018	17743.18
1019	17853.79
1020	18064.96
1021	18359.78
1022	18712.41
1023	19082.8
1024	19429.67
1025	19715.08
1026	19923.73
1027	20049.72
1028	20087.37
1029	20039.64
1030	19922.92
1031	19754.7
1032	19551.11
1033	19319.55
1034	19064.04
1035	18788.7
1036	18503.61
1037	18227.34
1038	17979.07
1039	17775.18
1040	17616.14
1041	17496.82
1042	17412.04
1043	17354.18
1044	17312.53
1045	17276.17
1046	17236.59
1047	17196.65
1048	17162.61
1049	17140.66
1050	17135.58
1051	17150.62
1052	17188.92
1053	17249.8
1054	17317.7
1055	17373.4
1056	17398.91
1057	17398.01
1058	17393.49
1059	17408.77
1060	17456.99
1061	17520.42
1062	17575.58
1063	17600.9
1064	17598.74
1065	17587.79
1066	17586.99
1067	17605.79
1068	17632.3
1069	17651.78
1070	17650.42
1071	17622.9
1072	17568.17
1073	17485.39
1074	17387.36
1075	17308.99
1076	17287.18
1077	17349.09
1078	17465.81
1079	17588.52
1080	17669.59
1081	17696.73
1082	17698.04
1083	17703.79
1084	17738.63
1085	17806.18
1086	17905.15
1087	18033.25
1088	18173.16
1089	18295.93
1090	18372.37
1091	18389.68
1092	18373.8
1093	18356.24
1094	18364.85
1095	18396.99
1096	18434.84
1097	18460.58
1098	18460.41
1099	18426.43
1100	18351.21
1101	18232.48
1102	18092.25
1103	17959.69
1104	17862.67
1105	17803.98
1106	17763.81
1107	17721.58
1108	17667.91
1109	17623.05
1110	17612.09
1111	17656.18
1112	17741.65
1113	17836.61
1114	17909.36
1115	17946.81
1116	17963.33
1117	17975.48
1118	17996.07
1119	18021.17
1120	18042.19
1121	18051.05
1122	18048.48
1123	18042.34
1124	18040.65
1125	18045.93
1126	18048.22
1127	18035.91
1128	17999.62
1129	17945.59
1130	17886.61
1131	17835.25
1132	17795.81
1133	17763.25
1134	17731.98
1135	17698.14
1136	17663.39
1137	17630.42
1138	17601.52
1139	17574.66
1140	17545.39
1141	17509.4
1142	17472.25
1143	17453.96
1144	17475.73
1145	17548.63
1146	17642.88
1147	17718.31
1148	17738.18
1149	17709.36
1150	17668.74
1151	17653.59
1152	17680.48
1153	17730.28
1154	17780.26
1155	17812.71
1156	17833.45
1157	17855.2
1158	17889.53
1159	17930.82
1160	17960.37
1161	17959.25
1162	17923
1163	17873.98
1164	17837.55
1165	17834.21
1166	17860.84
1167	17907.04
1168	17962.92
1169	18026.58
1170	18102.28
1171	18194.35
1172	18300.94
1173	18408.91
1174	18503.94
1175	18572.9
1176	18608.39
1177	18604.67
1178	18557.31
1179	18479.43
1180	18396.62
1181	18334.54
1182	18303.46
1183	18288.48
1184	18272.42
1185	18240.92
1186	18190.89
1187	18122.04
1188	18035.6
1189	17948.63
1190	17887.69
1191	17878.75
1192	17917.1
1193	17956.99
1194	17949.81
1195	17868.49
1196	17752.13
1197	17652.5
1198	17615.81
1199	17645.66
1200	17726.11
1201	17841.24
1202	17978.01
1203	18126.29
1204	18276.03
1205	18417.15
1206	18539.43
1207	18632.63
1208	18692.18
1209	18742.31
1210	18816.27
1211	18943.87
1212	19110.38
1213	19270.31
1214	19378.08
1215	19413.99
1216	19395.55
1217	19343.13
1218	19271.17
1219	19175.79
1220	19049.6
1221	18889.07
1222	18717.61
1223	18570.15
1224	18480.27
1225	18454.87
1226	18477.47
1227	18530.75
1228	18596.92
1229	18657.36
1230	18693.37
1231	18693.21
1232	18671.03
1233	18646.96
1234	18639.82
1235	18657.66
1236	18703.32
1237	18778.99
1238	18875.13
1239	18970.91
1240	19045.13
1241	19087.62
1242	19108.61
1243	19120.52
1244	19133.35
1245	19147.81
1246	19162.51
1247	19175.73
1248	19183.46
1249	19180.6
1250	19162.43
1251	19131.89
1252	19098.76
1253	19073.01
1254	19060.84
1255	19062.2
1256	19076.44
1257	19098.46
1258	19109
1259	19086
1260	19014.66
1261	18925.93
1262	18868.53
1263	18886.82
1264	18965.67
1265	19047.35
1266	19074.45
1267	19038.24
1268	18991.89
1269	18992.52
1270	19066
1271	19166.82
1272	19239.51
1273	19244.43
1274	19209.54
1275	19180.82
1276	19198.41
1277	19254.62
1278	19318.44
1279	19359.78
1280	19367.64
1281	19347.16
1282	19304.17
1283	19253.02
1284	19220.25
1285	19233.35
1286	19302.67
1287	19396.23
1288	19475.66
1289	19513.05
1290	19526.49
1291	19546.71
1292	19600
1293	19677.38
1294	19753.09
1295	19802.9
1296	19828.07
1297	19849.94
1298	19889.9
1299	19949.84
1300	20006.76
1301	20036.14
1302	20025.12
1303	19985.11
1304	19930.5
1305	19875.37
1306	19832.47
1307	19814.33
1308	19829.25
1309	19861.14
1310	19885.11
1311	19879.04
1312	19849.43
1313	19819.36
1314	19811.07
1315	19826.9
1316	19851.27
1317	19868.13
1318	19869.94
1319	19860.89
1320	19846.02
1321	19827.28
1322	19800.15
1323	19759.27
1324	19701.93
1325	19634.24
1326	19564.13
1327	19501.13
1328	19463.01
1329	19470.31
1330	19538.63
1331	19642.32
1332	19735.18
1333	19774.09
1334	19762.04
1335	19735.97
1336	19732.52
1337	19759.02
1338	19791.61
1339	19805.07
1340	19788.55
1341	19753.25
1342	19712.27
1343	19677.86
1344	19660.46
1345	19670.28
1346	19711.92
1347	19771.89
1348	19833.02
1349	19880.49
1350	19910.79
1351	19923.73
1352	19920.84
1353	19915.7
1354	19927.02
1355	19970.9
1356	20035.83
1357	20093.96
1358	20119.13
1359	20117.46
1360	20121.18
1361	20162.12
1362	20239.48
1363	20316.86
1364	20356.61
1365	20351.34
1366	20337.88
1367	20356.39
1368	20423.84
1369	20511.96
1370	20587.28
1371	20629.07
1372	20649.92
1373	20667.79
1374	20696.84
1375	20737.92
1376	20788.95
1377	20846.42
1378	20900.08
1379	20937.69
1380	20950.7
1381	20953.35
1382	20968.65
1383	21014.53
1384	21066.36
1385	21078.42
1386	21010.53
1387	20886.19
1388	20768.78
1389	20718.63
1390	20738.82
1391	20787.73
1392	20823.81
1393	20833.3
1394	20829.17
1395	20825.13
1396	20824.26
1397	20817.14
1398	20793.93
1399	20759.46
1400	20739.51
1401	20761.17
1402	20830.48
1403	20917.29
1404	20987.92
1405	21021.89
1406	21025.91
1407	21010
1408	20985.88
1409	20969.2
1410	20976.25
1411	21014.31
1412	21064.35
1413	21102.54
1414	21110.91
1415	21091.64
1416	21051.27
1417	20997.44
1418	20942.37
1419	20899.43
1420	20878.85
1421	20876.16
1422	20882.59
1423	20889.43
1424	20888.33
1425	20871.1
1426	20832.54
1427	20786.06
1428	20752.13
1429	20748.32
1430	20771.57
1431	20810.05
1432	20851.81
1433	20884.23
1434	20894.38
1435	20872.75
1436	20839.99
1437	20832.31
1438	20881.68
1439	20977.71
1440	21086.27
1441	21175.21
1442	21236.3
1443	21275.68
1444	21300.48
1445	21326.85
1446	21376.68
1447	21469.61
1448	21595.84
1449	21725.66
1450	21830.28
1451	21897.55
1452	21927.11
1453	21919.94
1454	21892.86
1455	21874.15
1456	21889.93
1457	21930.77
1458	21960.63
1459	21945.52
1460	21892.2
1461	21838.52
1462	21820.87
1463	21841.73
1464	21877.47
1465	21905.27
1466	21925.54
1467	21956.54
1468	22015.55
1469	22098.27
1470	22183.91
1471	22252.03
1472	22293.85
1473	22309.36
1474	22298.25
1475	22252.94
1476	22160.56
1477	22010.45
1478	21822.99
1479	21640.66
1480	21502.31
1481	21395.17
1482	21271.41
1483	21087.48
1484	20858.97
1485	20639.65
1486	20479.78
1487	20384.46
1488	20331.25
1489	20297.13
1490	20257.35
1491	20186.17
1492	20063.84
1493	19924.31
1494	19829.76
1495	19832.27
1496	19899.99
1497	19960.64
1498	19950.37
1499	19868.08
1500	19740.09
1501	19595.06
1502	19475.62
1503	19429.9
1504	19490.23
1505	19600.31
1506	19672.99
1507	19642.32
1508	19546.29
1509	19454.61
1510	19422.84
1511	19446.22
1512	19504.13
1513	19573.75
1514	19624.61
1515	19624.47
1516	19560.41
1517	19479.37
1518	19439.81
1519	19473.4
1520	19541.66
1521	19594.77
1522	19603.2
1523	19582.16
1524	19552.8
1525	19528.66
1526	19509.19
1527	19492.38
1528	19478.06
1529	19468.96
1530	19467.91
1531	19472.89
1532	19475.57
1533	19467.39
1534	19444.27
1535	19406.92
1536	19356.88
1537	19306.12
1538	19275.79
1539	19285.85
1540	19336.12
1541	19412.22
1542	19499.57
1543	19584.8
1544	19655.27
1545	19700.19
1546	19722.96
1547	19733.33
1548	19740.71
1549	19752.59
1550	19775.73
1551	19812.68
1552	19847.89
1553	19860.96
1554	19842.16
1555	19815.89
1556	19813.37
1557	19848.41
1558	19892.57
1559	19911.31
1560	19892.21
1561	19863.24
1562	19856.35
1563	19885.2
1564	19938.09
1565	20001.57
1566	20063.89
1567	20115.14
1568	20146.72
1569	20168.56
1570	20205.2
1571	20277.72
1572	20367.94
1573	20434.77
1574	20446.07
1575	20433.89
1576	20457.46
1577	20558.87
1578	20697.54
1579	20808.11
1580	20849.48
1581	20861.47
1582	20900.68
1583	20998.73
1584	21129.39
1585	21258.33
1586	21359.49
1587	21420.3
1588	21429.85
1589	21389.71
1590	21315.84
1591	21225.48
1592	21142.52
1593	21096.32
1594	21112.76
1595	21181.7
1596	21272.74
1597	21356.58
1598	21412.51
1599	21423.08
1600	21378.55
1601	21300.23
1602	21217.16
1603	21148.83
1604	21089.67
1605	21030.13
1606	20961.84
1607	20878.58
1608	20774.71
1609	20657.12
1610	20547.06
1611	20465.09
1612	20409.14
1613	20359.78
1614	20299.02
1615	20225.03
1616	20144.18
1617	20064.28
1618	20000.4
1619	19969.92
1620	19979.76
1621	20004.26
1622	20011.49
1623	19983.44
1624	19929.24
1625	19861.18
1626	19793.23
1627	19741.35
1628	19720.51
1629	19727.9
1630	19746.69
1631	19760.64
1632	19761.64
1633	19745.53
1634	19709.03
1635	19652.85
1636	19578.85
1637	19494.15
1638	19420.32
1639	19381.15
1640	19383.77
1641	19407.87
1642	19431.03
1643	19442.19
1644	19441.76
1645	19431.4
1646	19421.19
1647	19426.34
1648	19454.88
1649	19473.18
1650	19432.78
1651	19312.93
1652	19181.32
1653	19122.76
1654	19169.32
1655	19257.3
1656	19314.6
1657	19315.05
1658	19281.37
1659	19237.64
1660	19196.32
1661	19162.65
1662	19140.41
1663	19125.55
1664	19111.35
1665	19094.34
1666	19080.88
1667	19079
1668	19084.08
1669	19070.66
1670	19013.48
1671	18931.16
1672	18883.34
1673	18921.15
1674	19006.01
1675	19052.42
1676	18997.77
1677	18883.01
1678	18777.69
1679	18726.01
1680	18713.98
1681	18719.78
1682	18733.28
1683	18758.79
1684	18800.22
1685	18845.51
1686	18871.7
1687	18859.44
1688	18811.82
1689	18739.88
1690	18658.41
1691	18592.67
1692	18569.47
1693	18595.81
1694	18649.59
1695	18706.48
1696	18743.52
1697	18738.86
1698	18678.98
1699	18604.89
1700	18579.6
1701	18638.08
1702	18727.82
1703	18779.87
1704	18759.48
1705	18684.88
1706	18579.25
1707	18471.6
1708	18395.67
1709	18380.15
1710	18420.06
1711	18496.95
1712	18586.82
1713	18649.29
1714	18641.69
1715	18562.31
1716	18468.82
1717	18419.53
1718	18416.8
1719	18422.35
1720	18404.9
1721	18377.85
1722	18370.17
1723	18392.58
1724	18409.62
1725	18379.77
1726	18301.21
1727	18220.07
1728	18181.94
1729	18196.73
1730	18253.48
1731	18334.69
1732	18396.53
1733	18388.42
1734	18299.33
1735	18193.46
1736	18140.24
1737	18146.04
1738	18160.38
1739	18138.51
1740	18089.29
1741	18044.02
1742	18027.04
1743	18042.36
1744	18090.04
1745	18155.61
1746	18205.85
1747	18209.29
1748	18166.27
1749	18096.17
1750	18023.42
1751	17991.92
1752	18050.06
1753	18192.32
1754	18319.12
1755	18327.89
1756	18220.11
1757	18079.49
1758	17980.23
1759	17930.9
1760	17917.55
1761	17925.77
1762	17940.15
1763	17945.63
1764	17937.87
1765	17923.01
1766	17909.22
1767	17915.62
1768	17965.94
1769	18062.29
1770	18148.57
1771	18160.89
1772	18095.55
1773	18017.29
1774	17985.39
1775	17983.63
1776	17958.97
1777	17885.54
1778	17820.78
1779	17836.14
1780	17935.26
1781	18037.39
1782	18064.31
1783	18008.08
1784	17897.56
1785	17771.29
1786	17697.61
1787	17748.73
1788	17912.55
1789	18069.15
1790	18105.12
1791	18030.9
1792	17922.27
1793	17840.85
1794	17801.17
1795	17807.97
1796	17849.17
1797	17891.79
1798	17905.02
1799	17887.8
1800	17853.89
1801	17816.66
1802	17787.99
1803	17779.21
1804	17794.26
1805	17828.66
1806	17876.32
1807	17922.7
1808	17949.52
1809	17948.66
1810	17937.69
1811	17936.91
1812	17939.25
1813	17911.15
1814	17830.24
1815	17746.86
1816	17737.71
1817	17828.41
1818	17939.9
1819	17985.11
1820	17952.61
1821	17890
1822	17836.79
1823	17788.47
1824	17728.56
1825	17669.15
1826	17667.2
1827	17773.46
1828	17932.35
1829	18025.22
1830	17976.08
1831	17849.7
1832	17737.76
1833	17685.61
1834	17685.29
1835	17721.63
1836	17750.54
1837	17716
1838	17608.16
1839	17518.71
1840	17545.21
1841	17663.97
1842	17755.08
1843	17729.71
1844	17645.62
1845	17599.15
1846	17634.46
1847	17720.63
1848	17819.27
1849	17877.77
1850	17836.27
1851	17683.38
1852	17534.09
1853	17516.88
1854	17625.95
1855	17734.7
1856	17739.92
1857	17672.66
1858	17603.67
1859	17563.8
1860	17522.8
1861	17450.73
1862	17366.76
1863	17315.96
1864	17321.21
1865	17346.95
1866	17350.38
1867	17327.23
1868	17306.74
1869	17312.78
1870	17339.99
1871	17374.75
1872	17398.96
1873	17388.31
1874	17324.1
1875	17233.8
1876	17166.05
1877	17147.24
1878	17154.75
1879	17160.72
1880	17154.01
1881	17135.47
1882	17105.61
1883	17062.99
1884	17006.33
1885	16949.33
1886	16921.79
1887	16943.72
1888	16977.58
1889	16967.07
1890	16897.93
1891	16821.95
1892	16789.06
1893	16784.38
1894	16760.65
1895	16696.73
1896	16631.42
1897	16609.64
1898	16647.09
1899	16738.64
1900	16860.99
1901	16933.26
1902	16867.65
1903	16686.25
1904	16518.47
1905	16467.3
1906	16492.15
1907	16512.1
1908	16493.53
1909	16464.69
1910	16452.3
1911	16446.3
1912	16422.29
1913	16371.88
1914	16314.2
1915	16269.89
1916	16248.31
1917	16253
1918	16280.01
1919	16308.92
1920	16317.98
1921	16296.18
1922	16239.6
1923	16160.39
1924	16115.56
1925	16164.66
1926	16279.45
1927	16360.4
1928	16336.45
1929	16244.12
1930	16142.22
1931	16059.46
1932	15995.23
1933	15951.9
1934	15949.83
1935	16012.34
1936	16108.48
1937	16145.23
1938	16053.17
1939	15900.53
1940	15797.46
1941	15789.54
1942	15837.65
1943	15898.03
1944	15933.55
1945	15910.17
1946	15832.15
1947	15759.94
1948	15744.24
1949	15741.02
1950	15669
1951	15523.98
1952	15425.95
1953	15481.61
1954	15618.71
1955	15687.25
1956	15636.27
1957	15585.95
1958	15649.02
1959	15748.03
1960	15717.88
1961	15509.81
1962	15285.36
1963	15205.31
1964	15244.67
1965	15289.3
1966	15278.78
1967	15252.54
1968	15253.17
1969	15261.29
1970	15227.7
1971	15138.09
1972	15042.46
1973	14989.1
1974	14957.39
1975	14894.09
1976	14790.88
1977	14719.78
1978	14747.28
1979	14833.66
1980	14890.82
1981	14879.68
1982	14844.76
1983	14829.55
1984	14812.78
1985	14746
1986	14632.09
1987	14554.92
1988	14585.15
1989	14662.34
1990	14675.77
1991	14595.91
1992	14509.63
1993	14491.22
1994	14492.46
1995	14424.21
1996	14284.52
1997	14182.38
1998	14203.02
1999	14279.36
2000	14300.76
2001	14241.8
2002	14171.59
2003	14143.23
2004	14123.32
2005	14059.33
2006	13964.59
2007	13914.69
2008	13953.75
2009	14010.67
2010	13995.93
2011	13913.45
2012	13840.72
2013	13816.02
2014	13765.33
2015	13608.3
2016	13411.83
2017	13336.65
2018	13443.09
2019	13571.14
2020	13555.05
2021	13428.11
2022	13323.41
2023	13296.5
2024	13270.65
2025	13175.5
2026	13061.84
2027	13025.51
2028	13081
2029	13137.21
2030	13115.6
2031	13028.81
2032	12915.81
2033	12817.3
2034	12775.73
2035	12805.93
2036	12831.26
2037	12763.9
2038	12623.83
2039	12509.1
2040	12472.42
2041	12456.02
2042	12394.93
2043	12300.82
2044	12225.01
2045	12194.58
2046	12196.07
2047	12210.99
2048	12214.16
2049	12178.95
2050	12110.36
2051	12049.82
2052	12024.85
2053	12001.96
2054	11937.52
2055	11857.34
2056	11842.28
2057	11913.76
2058	11942.1
2059	11796.54
2060	11546.88
2061	11367.89
2062	11335.53
2063	11364.28
2064	11370.18
2065	11358.46
2066	11363.33
2067	11389.3
2068	11409.52
2069	11403.13
2070	11373.92
2071	11330.42
2072	11276.89
2073	11214.7
2074	11146.58
2075	11078.1
2076	11015.29
2077	10964.8
2078	10933.01
2079	10907.14
2080	10850.9
2081	10750.42
2082	10682.98
2083	10737.56
2084	10857.09
2085	10875.8
2086	10716.78
2087	10502.26
2088	10362.98
2089	10301.2
2090	10264.43
2091	10248.59
2092	10311.04
2093	10472.71
2094	10599.75
2095	10534.92
2096	10314.66
2097	10116.52
2098	10038.82
2099	10008.98
2100	9951.493
2101	9911.461
2102	9978.72
2103	10118.82
2104	10154.5
2105	9981.598
2106	9766.859
2107	9713.146
2108	9789.968
2109	9820.788
2110	9728.229
2111	9610.993
2112	9563.539
2113	9565.255
2114	9560.03
2115	9534.078
2116	9512.675
2117	9498.342
2118	9431.864
2119	9262.279
2120	9082.292
2121	9049.406
2122	9167.102
2123	9239.49
2124	9129.855
2125	8966.669
2126	8922.873
2127	8977.149
2128	8981.601
2129	8877.759
2130	8766.507
2131	8738.108
2132	8748.625
2133	8716.778
2134	8645.792
2135	8611.144
2136	8645.26
2137	8677.97
2138	8635.955
2139	8519.328
2140	8358.326
2141	8189.482
2142	8055.947
2143	7986.347
2144	7967.085
2145	7977.76
2146	8003.412
2147	8031.417
2148	8036.004
2149	7974.6
2150	7833.703
2151	7702.855
2152	7680.05
2153	7723.343
2154	7710.413
2155	7608.629
2156	7518.829
2157	7519.154
2158	7555.976
2159	7550.227
2160	7506.447
2161	7483.375
2162	7491.041
2163	7458.815
2164	7334.135
2165	7174.97
2166	7064.646
2167	7025.204
2168	7035.431
2169	7071.046
2170	7104.076
2171	7111.387
2172	7093.846
2173	7057.357
2174	6983.46
2175	6836.582
2176	6634.342
2177	6488.15
2178	6484.715
2179	6553.849
2180	6585.938
2181	6545.646
2182	6451.223
2183	6336.694
2184	6260.948
2185	6262.578
2186	6280.356
2187	6233.848
2188	6145.997
2189	6109.559
2190	6155.405
2191	6212.946
2192	6213.866
2193	6136.175
2194	5975.325
2195	5792
2196	5686.445
2197	5693.439
2198	5752.188
2199	5799.669
2200	5791.708
2201	5694.875
2202	5538.706
2203	5386.721
2204	5281.306
2205	5237.837
2206	5253.598
2207	5277.394
2208	5255.997
2209	5189.728
2210	5103.565
2211	5023.014
2212	4973.912
2213	4960.033
2214	4932.113
2215	4844.982
2216	4724.828
2217	4621.828
2218	4544.879
2219	4468.131
2220	4388.084
2221	4345.359
2222	4367.039
2223	4397.045
2224	4364.633
2225	4303.908
2226	4315.438
2227	4389.501
2228	4356.707
2229	4127.593
2230	3915.495
2231	3954.299
2232	4139.53
2233	4209.867
2234	4089.615
2235	3900.528
2236	3745.962
2237	3664.357
2238	3667.767
2239	3673.834
2240	3578.228
2241	3425.271
2242	3369.703
2243	3457.287
2244	3554.688
2245	3550.356
2246	3469.826
2247	3365.898
2248	3260.16
2249	3159.031
2250	3089.507
2251	3100.848
2252	3189.384
2253	3226.659
2254	3100.68
2255	2880.246
2256	2688.39
2257	2577.331
2258	2548.59
2259	2583.434
2260	2634.952
2261	2661.506
2262	2645.561
2263	2582.443
2264	2526.606
2265	2553.511
2266	2635.113
2267	2648.823
2268	2540.341
2269	2390.462
2270	2275.23
2271	2189.763
2272	2113.503
2273	2072.922
2274	2117.374
2275	2209.429
2276	2215.008
2277	2074.275
2278	1907.747
2279	1833.34
2280	1832.139
2281	1844.539
2282	1827.718
2283	1751.409
2284	1652.932
2285	1655.183
2286	1798.286
2287	1894.201
2288	1772.699
2289	1566.573
2290	1496.316
2291	1555.725
2292	1581.502
2293	1512.384
2294	1431.608
2295	1379.182
2296	1247.041
2297	949.2245
2298	678.3785
2299	704.2704
2300	961.8883
