186.297	88.4444
188.898	85.7778
191.499	88.4444
194.097	86.2222
196.695	85.3333
199.293	78.4444
201.889	82.8889
204.485	83.5556
207.08	82.8889
209.673	82.8889
212.267	84
214.859	84.6667
217.45	85.1111
220.04	88
222.631	91.3333
225.218	88.2222
227.807	93.7778
230.394	98.2222
232.979	95.5556
235.565	106.667
238.149	102
240.733	113.333
243.314	120.667
245.897	125.111
248.477	126.444
251.057	130.444
253.637	136.444
256.215	134
258.793	136.444
261.368	140.889
263.945	137.778
266.519	141.333
269.093	150.222
271.666	163.111
274.237	188.667
276.809	252
279.379	366.889
281.949	568
284.518	779.556
287.086	790.222
289.653	555.111
292.218	330.667
294.784	218.444
297.348	164.444
299.913	139.556
302.475	117.111
305.036	100.667
307.598	98.4444
310.157	88.6667
312.716	82
315.276	77.1111
317.833	77.5555
320.389	73.5555
322.944	72.6667
325.5	74.4444
328.054	73.5555
330.607	71.1111
333.159	67.7778
335.711	60.8889
338.262	67.7778
340.811	64
343.36	64
345.909	71.1111
348.456	71.1111
351.002	69.1111
353.547	74.2222
356.092	74.8889
358.637	73.5556
361.18	70.8889
363.722	62.6667
366.263	64
368.803	56.4444
371.342	55.1111
373.881	50.6667
376.419	52.8889
378.957	50.2222
381.493	49.5556
384.028	52
386.563	50.6667
389.096	46.8889
391.629	47.1111
394.161	46.2222
396.692	46
399.222	45.7778
401.752	44.8889
404.28	45.7778
406.808	45.3333
409.335	44.6667
411.861	49.1111
414.386	50.8889
416.911	48.8889
419.434	48
421.957	49.5556
424.479	49.3333
427	45.1111
429.52	45.7778
432.038	48.2222
434.557	47.1111
437.075	50
439.592	49.3333
442.108	53.1111
444.623	51.3333
447.138	52.8889
449.652	51.3333
452.163	50.8889
454.675	50.6667
457.186	50.2222
459.697	51.5556
462.206	48
464.714	47.5556
467.222	43.1111
469.729	48.4444
472.235	45.5556
474.739	46.4444
477.244	43.1111
479.748	44.2222
482.251	44.6667
484.752	44.6667
487.253	44
489.754	45.5556
492.252	43.5556
494.751	42.6667
497.249	42.6667
499.745	45.5556
502.241	47.3333
504.737	48.8889
507.231	48.8889
509.725	49.7778
512.218	48
514.709	50.2222
517.201	49.3333
519.69	48
522.18	52
524.669	49.5556
527.156	46.4444
529.644	47.1111
532.129	47.5556
534.615	47.7778
537.099	45.5556
539.583	46.6667
542.065	43.7778
544.548	42.2222
547.028	43.3333
549.509	43.1111
551.988	43.5556
554.468	41.3333
556.945	38.8889
559.423	40.8889
561.899	42.4444
564.373	41.5556
566.849	43.3333
569.322	42.4444
571.796	46.2222
574.268	45.1111
576.739	41.1111
579.21	43.7778
581.679	42.4444
584.148	44.2222
586.617	40.8889
589.084	41.3333
591.55	42.6667
594.016	44
596.481	43.3333
598.944	42.8889
601.409	45.3333
603.871	42.6667
606.332	43.3333
608.792	43.5556
611.253	44.4444
613.712	43.1111
616.17	46.4444
618.628	46.4444
621.084	49.1111
623.541	50.2222
625.996	50
628.45	53.5556
630.903	57.3333
633.356	59.1111
635.807	65.5556
638.26	72.4444
640.71	78.2222
643.159	88
645.608	110.222
648.056	124
650.503	153.556
652.949	179.556
655.394	180.222
657.839	165.111
660.282	148
662.725	117.111
665.168	95.1111
667.61	85.5556
670.051	80.6667
672.491	78.6667
674.93	76.6667
677.368	75.3333
679.804	83.5556
682.241	95.3333
684.677	102
687.112	126.667
689.547	148.667
691.98	202.889
694.413	284.889
696.845	450.222
699.276	762.444
701.707	1111.33
704.136	1316.67
706.565	1152.44
708.992	793.556
711.419	471.333
713.846	296.222
716.271	219.778
718.696	183.778
721.121	174
723.543	170.444
725.965	171.111
728.387	183.556
730.808	202
733.227	212
735.647	223.556
738.065	230.222
740.483	232.889
742.899	221.333
745.316	208.444
747.731	193.778
750.146	172
752.559	144.222
754.972	140
757.385	121.778
759.795	116.222
762.206	106
764.616	98
767.025	88.8889
769.433	88.6667
771.84	87.7778
774.247	86.4444
776.653	80.8889
779.058	80.4445
781.462	80.2222
783.865	77.3333
786.268	76.2222
788.669	74.8889
791.071	73.5556
793.471	70.4444
795.871	71.5556
798.269	70
800.668	69.1111
803.064	67.7778
805.462	66.8889
807.857	65.1111
810.252	64
812.646	65.1111
815.04	62.2222
817.432	60.6667
819.823	63.7778
822.215	64.2222
824.604	61.1111
826.995	62.6667
829.383	64.4444
831.77	70.4444
834.158	71.7778
836.544	75.7778
838.929	73.3333
841.315	73.7778
843.698	79.5555
846.081	80.8889
848.465	83.7778
850.846	81.3333
853.227	81.3333
855.606	81.3333
857.987	81.3333
860.365	78.8889
862.743	76.8889
865.119	74
867.495	80
869.872	84.2222
872.246	84.6667
874.62	88.6667
876.993	88.6667
879.365	83.3333
881.738	79.1111
884.109	78
886.479	76
888.848	73.7778
891.217	68
893.584	73.1111
895.951	73.1111
898.317	74.8889
900.683	70
903.048	74.4444
905.412	73.7778
907.776	70.2222
910.139	64.4444
912.5	70
914.861	67.1111
917.221	66.2222
919.581	65.1111
921.94	65.5556
924.296	63.5556
926.653	64.8889
929.01	62.4444
931.366	63.1111
933.721	59.3333
936.075	59.1111
938.428	56.6667
940.781	53.7778
943.133	56.8889
945.484	58.2222
947.835	60.2222
950.183	58
952.532	58.8889
954.88	57.1111
957.228	59.5556
959.575	60.6667
961.921	57.7778
964.265	58.8889
966.609	62
968.953	58.8889
971.296	56.8889
973.637	60.2222
975.979	57.5556
978.32	62
980.66	62
982.998	59.5556
985.337	60.6667
987.675	64.6667
990.01	63.7778
992.347	60.4444
994.683	64.6667
997.016	64
999.35	66.4444
1001.68	63.5556
1004.02	69.7778
1006.35	71.5556
1008.68	65.7778
1011.01	67.3333
1013.34	69.1111
1015.67	70.8889
1017.99	63.7778
1020.32	66.6667
1022.65	65.5556
1024.97	64
1027.3	65.3333
1029.62	63.5556
1031.94	63.7778
1034.27	65.5556
1036.59	72.6667
1038.91	68
1041.23	66
1043.55	67.5556
1045.87	68.8889
1048.19	74.4444
1050.5	75.7778
1052.82	82.4444
1055.14	84.6667
1057.45	93.5556
1059.77	89.3333
1062.08	90.2222
1064.39	90.2222
1066.7	90.2222
1069.02	97.3333
1071.33	99.3333
1073.64	102
1075.95	111.778
1078.25	111.111
1080.56	107.111
1082.87	103.333
1085.17	102.889
1087.48	97.7778
1089.79	92.8889
1092.09	85.7778
1094.39	84.2222
1096.69	78.4444
1099	79.1111
1101.3	77.5556
1103.6	69.5556
1105.9	71.5556
1108.2	67.3333
1110.49	62
1112.79	60.4444
1115.09	57.3333
1117.39	60.4444
1119.68	55.1111
1121.98	54.8889
1124.27	55.1111
1126.56	59.7778
1128.85	53.5556
1131.15	53.7778
1133.44	57.7778
1135.73	59.1111
1138.02	60
1140.3	61.3333
1142.59	63.5556
1144.88	70.4444
1147.17	70
1149.45	74.4444
1151.74	80
1154.02	82.2222
1156.31	89.7778
1158.59	89.7778
1160.87	82.2222
1163.15	81.3333
1165.43	74
1167.71	71.7778
1169.99	65.7778
1172.27	63.5556
1174.55	62.2222
1176.83	62.2222
1179.1	62.4444
1181.38	60.6667
1183.65	60.6667
1185.93	58
1188.2	63.7778
1190.47	58.6667
1192.74	61.5556
1195.02	59.7778
1197.29	58.8889
1199.56	58
1201.82	58
1204.09	56
1206.36	56.4444
1208.63	55.1111
1210.89	59.5556
1213.16	54.6667
1215.42	57.3333
1217.69	59.7778
1219.95	60.2222
1222.21	59.5556
1224.48	64.4444
1226.74	61.7778
1229	63.3333
1231.26	58.8889
1233.52	64.2222
1235.78	62.8889
1238.03	65.1111
1240.29	61.3333
1242.55	65.3333
1244.8	69.1111
1247.06	66.4444
1249.31	68.6667
1251.56	68.8889
1253.82	63.3333
1256.07	61.1111
1258.32	65.5556
1260.57	66.6667
1262.82	70.2222
1265.07	75.5556
1267.32	78.4444
1269.57	80.2222
1271.81	79.5556
1274.06	79.7778
1276.3	76.4444
1278.55	82.4445
1280.79	80.6667
1283.04	85.1111
1285.28	82.8889
1287.52	89.3333
1289.76	95.3333
1292	93.7778
1294.24	92.8889
1296.48	105.111
1298.72	112.222
1300.96	118
1303.2	130.222
1305.43	121.778
1307.67	123.111
1309.9	113.333
1312.14	97.1111
1314.37	95.7778
1316.6	87.5556
1318.84	86
1321.07	82.2222
1323.3	79.1111
1325.53	72.2222
1327.76	71.3333
1329.99	67.7778
1332.21	64
1334.44	64.8889
1336.67	62
1338.89	62
1341.12	63.1111
1343.34	62.2222
1345.57	67.1111
1347.79	66.6667
1350.01	60.2222
1352.24	63.7778
1354.46	58.2222
1356.68	64.8889
1358.9	61.3333
1361.11	59.7778
1363.33	61.7778
1365.55	64.8889
1367.77	64
1369.98	62.4444
1372.2	65.3333
1374.41	62
1376.63	66.2222
1378.84	61.5556
1381.05	64
1383.27	62.4444
1385.48	60.2222
1387.69	61.5556
1389.9	60.2222
1392.11	67.5556
1394.31	66
1396.52	68
1398.73	70
1400.94	74.4444
1403.14	74.2222
1405.35	73.7778
1407.55	82.6667
1409.75	84
1411.96	89.5555
1414.16	100.667
1416.36	113.556
1418.56	124.889
1420.76	146
1422.96	160.444
1425.16	167.111
1427.36	172.444
1429.56	169.333
1431.75	173.778
1433.95	180.444
1436.14	190.222
1438.34	188
1440.53	176.667
1442.73	174.444
1444.92	166.889
1447.11	151.556
1449.3	138.444
1451.49	131.556
1453.68	120.667
1455.87	117.333
1458.06	111.778
1460.25	102.444
1462.44	103.111
1464.62	102
1466.81	96.2222
1468.99	95.7778
1471.18	93.5555
1473.36	95.1111
1475.55	93.1111
1477.73	92.4444
1479.91	89.1111
1482.09	81.7778
1484.27	79.3333
1486.45	73.3333
1488.63	69.3333
1490.81	62.8889
1492.99	64.8889
1495.16	63.1111
1497.34	62.4444
1499.51	58.4444
1501.69	56.4444
1503.86	58
1506.04	55.3333
1508.21	54.6667
1510.38	57.7778
1512.55	56.4444
1514.73	53.1111
1516.9	54.4444
1519.06	54.2222
1521.23	54.8889
1523.4	54.8889
1525.57	51.3333
1527.74	50.6667
1529.9	53.5556
1532.07	48.6667
1534.23	50.4444
1536.4	51.5556
1538.56	53.7778
1540.72	52.8889
1542.89	51.1111
1545.05	54.4444
1547.21	52.8889
1549.37	51.5556
1551.53	50.4444
1553.69	48
1555.84	50
1558	50.8889
1560.16	48.8889
1562.32	49.7778
1564.47	51.5556
1566.63	52.6667
1568.78	51.5556
1570.93	48
1573.09	48
1575.24	51.1111
1577.39	49.5556
1579.54	47.5556
1581.69	51.3333
1583.84	53.1111
1585.99	52.4444
1588.14	48.6667
1590.29	51.5556
1592.43	47.3333
1594.58	51.1111
1596.72	51.1111
1598.87	48.2222
1601.01	50.6667
1603.16	46.6667
1605.3	50.6667
1607.44	48.6667
1609.58	50.6667
1611.72	50
1613.86	50.2222
1616	50.2222
1618.14	49.3333
1620.28	49.1111
1622.42	52.4444
1624.56	50.8889
1626.69	49.7778
1628.83	50.4444
1630.96	50.4444
1633.1	49.1111
1635.23	51.3333
1637.36	47.5556
1639.5	48.8889
1641.63	52
1643.76	50
1645.89	50.6667
1648.02	50.6667
1650.15	47.7778
1652.28	48
1654.4	49.5556
1656.53	47.5556
1658.66	48.4444
1660.78	50.8889
1662.91	50.2222
1665.03	49.3333
1667.16	52.6667
1669.28	48.4444
1671.4	49.1111
1673.52	49.1111
1675.65	50.8889
1677.77	50
1679.89	48.8889
1682.01	48.2222
1684.12	49.3333
1686.24	50.4444
1688.36	47.5556
1690.48	51.1111
1692.59	48.2222
1694.71	51.1111
1696.82	50.6667
1698.94	48.4444
1701.05	51.5556
1703.16	49.5556
1705.27	51.1111
1707.39	49.7778
1709.5	50.6667
1711.61	50.8889
1713.72	51.1111
1715.83	46.6667
1717.93	49.5556
1720.04	51.3333
1722.15	50.8889
1724.25	48.8889
1726.36	49.1111
1728.47	47.3333
1730.57	49.7778
1732.67	52
1734.78	49.7778
1736.88	52.8889
1738.98	51.3333
1741.08	51.1111
1743.18	46.8889
1745.28	52.2222
1747.38	48.6667
1749.48	50.2222
1751.58	46.8889
1753.67	52.2222
1755.77	50.4444
1757.87	50
1759.96	46.6667
1762.06	48.8889
1764.15	48.8889
1766.25	49.5556
1768.34	49.5556
1770.43	50
1772.52	50
1774.61	50
1776.7	48.6667
1778.79	50
1780.88	49.3333
1782.97	51.3333
1785.06	51.1111
1787.14	52.4444
1789.23	50.2222
1791.32	51.3333
1793.4	48.8889
1795.49	50
1797.57	53.3333
1799.65	51.5556
1801.74	48.6667
1803.82	54.2222
1805.9	48.6667
1807.98	51.1111
1810.06	50.4444
1812.14	51.5556
1814.22	50.4444
1816.3	52
1818.38	53.7778
1820.45	50
1822.53	51.5556
1824.6	53.3333
1826.68	49.7778
1828.75	51.7778
1830.83	51.3333
1832.9	51.3333
1834.97	48.2222
1837.05	51.7778
1839.12	51.1111
1841.19	52.6667
1843.26	51.5556
1845.33	51.7778
1847.4	49.5556
1849.46	50.8889
1851.53	50.6667
1853.6	50
1855.66	54.8889
1857.73	51.5556
1859.79	50.2222
1861.86	51.3333
1863.92	51.1111
1865.99	51.7778
1868.05	50.2222
1870.11	52.4444
1872.17	49.7778
1874.23	53.1111
1876.29	51.1111
1878.35	50
1880.41	51.3333
1882.47	51.5556
1884.53	52.4444
1886.58	51.7778
1888.64	52.8889
1890.69	49.1111
1892.75	51.3333
1894.8	50.4444
1896.86	51.7778
1898.91	52.2222
1900.96	50.6667
1903.02	51.3333
1905.07	50.6667
1907.12	53.3333
1909.17	50.6667
1911.22	54
1913.27	50.8889
1915.31	52.8889
1917.36	51.5556
1919.41	52.4444
1921.45	52.6667
1923.5	52.2222
1925.55	50.2222
1927.59	53.5556
1929.63	52.4444
1931.68	56
1933.72	52
1935.76	50.2222
1937.8	50.6667
1939.84	51.3333
1941.88	51.7778
1943.92	50.4444
1945.96	55.1111
1948	49.1111
1950.04	51.1111
1952.08	48.2222
1954.11	50.8889
1956.15	54
1958.18	50.6667
1960.22	51.1111
1962.25	53.5556
1964.29	54.8889
1966.32	52.8889
1968.35	50.6667
1970.38	52.8889
1972.41	53.7778
1974.44	52.4444
1976.47	52.4444
1978.5	54.2222
1980.53	52.2222
1982.56	53.5556
1984.59	51.5556
1986.61	50.8889
1988.64	51.5556
1990.66	54.6667
1992.69	53.1111
1994.71	56.4444
1996.74	51.7778
1998.76	55.7778
2000.78	53.3333
2002.8	55.7778
2004.82	48.8889
2006.85	54.8889
2008.87	55.1111
2010.88	54.8889
2012.9	55.1111
2014.92	54.2222
2016.94	53.3333
2018.96	52.4444
2020.97	54.2222
2022.99	56.2222
2025	54
2027.02	51.3333
2029.03	53.3333
2031.05	54.6667
2033.06	52.8889
2035.07	55.3333
2037.08	53.1111
2039.09	54.2222
2041.1	55.5556
2043.11	53.7778
2045.12	54.2222
2047.13	52.8889
2049.14	52.6667
2051.15	54
2053.15	54
2055.16	55.5556
2057.16	54.6667
2059.17	53.1111
2061.17	54.8889
2063.18	54
2065.18	55.1111
2067.18	54.6667
2069.18	54
2071.19	53.5556
2073.19	56.8889
2075.19	54.6667
2077.19	54.4444
2079.19	53.1111
2081.18	54.2222
2083.18	53.7778
2085.18	54.8889
2087.17	56.2222
2089.17	55.7778
2091.17	53.3333
2093.16	54
2095.16	52.4444
2097.15	52.6667
2099.14	54.6667
2101.13	53.3333
2103.13	57.3333
2105.12	55.3333
2107.11	54
2109.1	55.5556
2111.09	55.1111
2113.08	56
2115.06	54.8889
2117.05	53.7778
2119.04	55.1111
2121.02	53.3333
2123.01	55.3333
2125	55.3333
2126.98	55.1111
2128.96	57.5556
2130.95	53.7778
2132.93	53.5556
2134.91	57.1111
2136.9	56.4444
2138.88	58.2222
2140.86	57.3333
2142.84	53.5556
2144.82	54.4444
2146.8	55.3333
2148.77	55.3333
2150.75	54.4444
2152.73	60.2222
2154.7	54.8889
2156.68	54.8889
2158.65	54.8889
2160.63	56.4444
2162.6	56.2222
2164.58	53.7778
2166.55	56.8889
2168.52	56
2170.49	56.4444
2172.47	56.8889
2174.44	58.2222
2176.41	54.4444
2178.38	55.1111
2180.34	57.1111
2182.31	54.6667
2184.28	53.5556
2186.25	55.7778
2188.21	58.4444
2190.18	56
2192.14	53.1111
2194.11	58.8889
2196.07	56.4444
2198.04	55.7778
2200	56.6667
2201.96	56
2203.92	55.7778
2205.89	54.4444
2207.85	56.6667
2209.81	56.8889
2211.77	53.7778
2213.72	56.8889
2215.68	56.8889
2217.64	55.1111
2219.6	54.2222
2221.55	58
2223.51	56.4444
2225.47	56.2222
2227.42	55.1111
2229.37	56.2222
2231.33	56.6667
2233.28	58
2235.23	55.1111
2237.19	58.6667
2239.14	58
2241.09	52.6667
2243.04	59.7778
2244.99	53.7778
2246.94	56.4444
2248.89	59.5556
2250.83	58
2252.78	56.6667
2254.73	60.2222
2256.67	55.7778
2258.62	58.6667
2260.56	54.2222
2262.51	56.4444
2264.45	52.8889
2266.4	58.6667
2268.34	56
2270.28	56
2272.22	57.3333
2274.16	56
2276.1	56.6667
2278.04	60
2279.98	57.3333
2281.92	55.3333
2283.86	58
2285.8	58.6667
2287.74	59.5556
2289.67	55.7778
2291.61	61.1111
2293.54	58
2295.48	58.4444
2297.41	59.5556
2299.35	58.4444
2301.28	62.8889
2303.21	58.4444
2305.14	62
2307.07	63.7778
2309.01	60.8889
2310.94	63.7778
2312.86	58.6667
2314.79	60.8889
2316.72	60.8889
2318.65	62.6667
2320.58	57.3333
2322.5	57.5556
2324.43	60
2326.36	53.1111
2328.28	58
2330.21	60.6667
2332.13	59.1111
2334.05	60.8889
2335.98	59.3333
2337.9	56.6667
2339.82	59.1111
2341.74	56.2222
2343.66	57.3333
2345.58	55.1111
2347.5	58
2349.42	58
2351.34	59.3333
2353.26	55.3333
2355.17	57.5556
2357.09	59.1111
2359.01	59.3333
2360.92	56.6667
2362.84	54.6667
2364.75	60.4444
2366.67	59.3333
2368.58	59.3333
2370.49	58.2222
2372.4	58
2374.32	61.7778
2376.23	59.7778
2378.14	59.1111
2380.05	59.3333
2381.96	58.4444
2383.86	60
2385.77	57.7778
2387.68	57.7778
2389.59	60.2222
2391.5	60.4444
2393.4	57.5556
2395.31	57.5556
2397.21	56.8889
2399.12	61.3333
2401.02	60
2402.92	58.6667
2404.83	60.8889
2406.73	61.1111
2408.63	60.4444
2410.53	59.7778
2412.43	60.2222
2414.33	59.3333
2416.23	60.6667
2418.13	57.7778
2420.03	59.5556
2421.93	63.1111
2423.82	57.7778
2425.72	59.3333
2427.61	61.3333
2429.51	60.8889
2431.4	62.2222
2433.3	60.8889
2435.19	61.1111
2437.09	58
2438.98	63.3333
2440.87	58.8889
2442.76	60.2222
2444.65	59.7778
2446.55	63.5556
2448.44	64
2450.32	62.2222
2452.21	60.4444
2454.1	59.3333
