186.297	196
188.898	192.222
191.499	196.889
194.097	211.333
196.695	210.222
199.293	240.222
201.889	268.222
204.485	305.556
207.08	380.444
209.673	471.778
212.267	562.444
214.859	656
217.45	685.333
220.04	650.444
222.631	553.778
225.218	457.778
227.807	360.222
230.394	296.222
232.979	239.556
235.565	198.444
238.149	173.333
240.733	147.111
243.314	132
245.897	120
248.477	112.444
251.057	98.6667
253.637	96
256.215	89.7778
258.793	84.2222
261.368	83.7778
263.945	77.7778
266.519	75.3333
269.093	75.3333
271.666	70.6667
274.237	68.8889
276.809	65.7778
279.379	66
281.949	62.2222
284.518	60.4444
287.086	64.2222
289.653	60
292.218	56.2222
294.784	60.4444
297.348	58.6667
299.913	57.5556
302.475	55.1111
305.036	62
307.598	55.1111
310.157	58
312.716	58.8889
315.276	56.2222
317.833	54.8889
320.389	60.2222
322.944	57.1111
325.5	56.2222
328.054	63.1111
330.607	63.3333
333.159	64.2222
335.711	74.2222
338.262	80.4444
340.811	95.5556
343.36	120.222
345.909	133.111
348.456	124.222
351.002	104
353.547	90
356.092	74.2222
358.637	64.8889
361.18	64
363.722	57.1111
366.263	55.3333
368.803	54.2222
371.342	56.2222
373.881	51.7778
376.419	52
378.957	48
381.493	52.4444
384.028	49.3333
386.563	51.3333
389.096	52.6667
391.629	48.2222
394.161	55.3333
396.692	55.1111
399.222	55.7778
401.752	56.4444
404.28	62.4444
406.808	62
409.335	60.6667
411.861	55.7778
414.386	57.7778
416.911	55.7778
419.434	54.2222
421.957	53.5556
424.479	54.8889
427	54.4444
429.52	54.2222
432.038	52.8889
434.557	52.8889
437.075	53.1111
439.592	52.4444
442.108	54
444.623	53.3333
447.138	53.7778
449.652	55.7778
452.163	57.3333
454.675	56.6667
457.186	59.5556
459.697	68.6667
462.206	82.2222
464.714	96.8889
467.222	97.1111
469.729	79.5556
472.235	69.3333
474.739	63.7778
477.244	57.3333
479.748	57.1111
482.251	52.8889
484.752	54.2222
487.253	56.2222
489.754	56.6667
492.252	58.8889
494.751	59.3333
497.249	59.5556
499.745	62.2222
502.241	69.1111
504.737	75.1111
507.231	81.7778
509.725	94.2222
512.218	124.889
514.709	183.556
517.201	344.889
519.69	734
522.18	931.111
524.669	609.333
527.156	286.889
529.644	154.444
532.129	111.556
534.615	85.3333
537.099	75.3333
539.583	71.5556
542.065	62.2222
544.548	59.7778
547.028	56.4444
549.509	55.5556
551.988	55.7778
554.468	50
556.945	53.1111
559.423	53.3333
561.899	54
564.373	51.5556
566.849	45.7778
569.322	50
571.796	46.8889
574.268	53.3333
576.739	49.3333
579.21	48.2222
581.679	48.4444
584.148	50.4444
586.617	50
589.084	51.7778
591.55	52.2222
594.016	53.1111
596.481	53.3333
598.944	57.3333
601.409	64.6667
603.871	66.2222
606.332	70.4444
608.792	80.4444
611.253	101.111
613.712	126.667
616.17	165.556
618.628	232.889
621.084	302.444
623.541	319.556
625.996	267.333
628.45	192.444
630.903	140.222
633.356	108.889
635.807	84
638.26	76.2222
640.71	64.6667
643.159	59.5556
645.608	56
648.056	57.5556
650.503	50.8889
652.949	52
655.394	50
657.839	47.3333
660.282	50.8889
662.725	47.7778
665.168	46.6667
667.61	47.3333
670.051	49.5556
672.491	49.1111
674.93	50.4444
677.368	46.4444
679.804	49.5556
682.241	49.3333
684.677	48
687.112	51.7778
689.547	50.2222
691.98	54.2222
694.413	52.2222
696.845	53.1111
699.276	53.1111
701.707	51.1111
704.136	48.8889
706.565	51.7778
708.992	52.8889
711.419	52.2222
713.846	53.1111
716.271	54.4444
718.696	56.2222
721.121	60.8889
723.543	68
725.965	78.4444
728.387	83.7778
730.808	92.2222
733.227	89.7778
735.647	76
738.065	66.6667
740.483	61.3333
742.899	59.7778
745.316	58
747.731	54
750.146	57.5556
752.559	54.8889
754.972	58.2222
757.385	58
759.795	55.3333
762.206	60.8889
764.616	63.1111
767.025	64.6667
769.433	72
771.84	77.3333
774.247	103.556
776.653	149.333
779.058	269.556
781.462	552.889
783.865	1474
786.268	2648.44
788.669	2050.22
791.071	848.445
793.471	295.556
795.871	172.444
798.269	134
800.668	120.222
803.064	112
805.462	125.778
807.857	138.889
810.252	148.444
812.646	142.667
815.04	121.333
817.432	94.8889
819.823	84
822.215	70.6667
824.604	60.2222
826.995	64.4444
829.383	58.2222
831.77	63.7778
834.158	65.5555
836.544	70
838.929	78.2222
841.315	82.6667
843.698	88
846.081	78.4445
848.465	77.7778
850.846	69.3333
853.227	62.4444
855.606	55.7778
857.987	56.8889
860.365	55.7778
862.743	56.2222
865.119	53.3333
867.495	56
869.872	54
872.246	53.5556
874.62	52
876.993	56.4444
879.365	51.5556
881.738	60.4444
884.109	53.5556
886.479	58.2222
888.848	58.2222
891.217	66
893.584	69.3333
895.951	72.8889
898.317	71.1111
900.683	64
903.048	58.8889
905.412	58
907.776	56.4444
910.139	53.7778
912.5	54.8889
914.861	54.4444
917.221	55.5556
919.581	52.6667
921.94	51.5556
924.296	52.2222
926.653	55.5556
929.01	52.4444
931.366	56.6667
933.721	60.6667
936.075	53.7778
938.428	52.6667
940.781	53.1111
943.133	56.4444
945.484	56.4444
947.835	56.8889
950.183	58
952.532	63.5556
954.88	58.2222
957.228	66.6667
959.575	68.2222
961.921	70.2222
964.265	69.7778
966.609	85.7778
968.953	84.2222
971.296	87.7778
973.637	93.7778
975.979	94.6667
978.32	92
980.66	97.1111
982.998	101.778
985.337	119.111
987.675	148.222
990.01	211.556
992.347	247.111
994.683	262
997.016	323.556
999.35	742.889
1001.68	2724.44
1004.02	4689.78
1006.35	3026.67
1008.68	1065.33
1011.01	337.778
1013.34	193.556
1015.67	143.333
1017.99	128.222
1020.32	130.889
1022.65	160
1024.97	200.444
1027.3	445.778
1029.62	1133.78
1031.94	1275.33
1034.27	649.111
1036.59	229.111
1038.91	126.667
1041.23	103.778
1043.55	98.4444
1045.87	84
1048.19	76.4444
1050.5	75.1111
1052.82	71.7778
1055.14	72.4445
1057.45	65.7778
1059.77	63.3333
1062.08	63.3333
1064.39	63.1111
1066.7	64.4444
1069.02	65.7778
1071.33	64.2222
1073.64	63.1111
1075.95	66.2222
1078.25	70
1080.56	72.2222
1082.87	77.5556
1085.17	69.5556
1087.48	71.5555
1089.79	68.6667
1092.09	62.6667
1094.39	62.2222
1096.69	61.7778
1099	63.3333
1101.3	60.2222
1103.6	66.6667
1105.9	65.1111
1108.2	61.5556
1110.49	62.8889
1112.79	64.6667
1115.09	64.6667
1117.39	67.7778
1119.68	66.4444
1121.98	66.2222
1124.27	67.5556
1126.56	68
1128.85	69.7778
1131.15	70.6667
1133.44	77.7778
1135.73	76.4444
1138.02	78.8889
1140.3	81.1111
1142.59	91.7778
1144.88	96.8889
1147.17	105.556
1149.45	134.667
1151.74	172.222
1154.02	217.333
1156.31	264.667
1158.59	251.778
1160.87	210.444
1163.15	167.333
1165.43	149.333
1167.71	138.889
1169.99	134
1172.27	138.222
1174.55	162.667
1176.83	207.333
1179.1	245.556
1181.38	238.889
1183.65	187.778
1185.93	166
1188.2	139.333
1190.47	127.111
1192.74	124.667
1195.02	126.222
1197.29	133.778
1199.56	140.444
1201.82	162.444
1204.09	224.889
1206.36	387.333
1208.63	736
1210.89	1051.78
1213.16	816.222
1215.42	422.222
1217.69	198.667
1219.95	131.333
1222.21	107.778
1224.48	92.6667
1226.74	87.1111
1229	81.1111
1231.26	80.6667
1233.52	79.7778
1235.78	79.3333
1238.03	78.8889
1240.29	79.1111
1242.55	79.7778
1244.8	79.3333
1247.06	82.8889
1249.31	76
1251.56	77.1111
1253.82	71.7778
1256.07	73.5556
1258.32	72.4444
1260.57	69.5556
1262.82	68
1265.07	71.5556
1267.32	72.8889
1269.57	69.5556
1271.81	68.8889
1274.06	67.5556
1276.3	71.3333
1278.55	72.4444
1280.79	71.7778
1283.04	68.6667
1285.28	73.3333
1287.52	71.5556
1289.76	71.7778
1292	68.2222
1294.24	71.5556
1296.48	71.5556
1298.72	74.6667
1300.96	76
1303.2	73.5556
1305.43	80.6667
1307.67	85.7778
1309.9	84.6667
1312.14	89.1111
1314.37	92.2222
1316.6	86.8889
1318.84	85.7778
1321.07	82.8889
1323.3	84.2222
1325.53	84.8889
1327.76	93.1111
1329.99	95.7778
1332.21	104
1334.44	96
1336.67	94.4444
1338.89	89.7778
1341.12	85.7778
1343.34	84.2222
1345.57	84.6667
1347.79	83.7778
1350.01	83.3333
1352.24	86.2222
1354.46	88
1356.68	86.6667
1358.9	92.8889
1361.11	91.7778
1363.33	102.444
1365.55	105.556
1367.77	116.222
1369.98	129.111
1372.2	146.889
1374.41	186.667
1376.63	258
1378.84	349.111
1381.05	370.667
1383.27	299.556
1385.48	213.333
1387.69	166.444
1389.9	145.333
1392.11	124.889
1394.31	114.889
1396.52	104.444
1398.73	98.6667
1400.94	97.3333
1403.14	98.6667
1405.35	98
1407.55	94.6667
1409.75	99.7778
1411.96	102.889
1414.16	102.667
1416.36	102
1418.56	99.5556
1420.76	110.444
1422.96	115.111
1425.16	110.667
1427.36	126.667
1429.56	126.667
1431.75	127.333
1433.95	134.222
1436.14	138.889
1438.34	140.222
1440.53	142.889
1442.73	147.111
1444.92	146
1447.11	139.111
1449.3	132
1451.49	132.444
1453.68	124
1455.87	128.222
1458.06	125.333
1460.25	121.333
1462.44	117.556
1464.62	122.444
1466.81	113.111
1468.99	111.778
1471.18	111.111
1473.36	107.778
1475.55	110.444
1477.73	105.111
1479.91	106
1482.09	102
1484.27	102.889
1486.45	102.222
1488.63	107.333
1490.81	102.444
1492.99	107.556
1495.16	115.333
1497.34	122.444
1499.51	111.556
1501.69	99.3333
1503.86	97.1111
1506.04	96.4444
1508.21	94.8889
1510.38	94.8889
1512.55	96.6667
1514.73	92.2222
1516.9	94
1519.06	95.3333
1521.23	88
1523.4	91.1111
1525.57	87.3333
1527.74	90.4445
1529.9	86
1532.07	92.2222
1534.23	88.6667
1536.4	89.1111
1538.56	88
1540.72	86.6667
1542.89	87.5556
1545.05	90.8889
1547.21	95.1111
1549.37	94.2222
1551.53	92.6667
1553.69	91.7778
1555.84	94.6667
1558	95.5556
1560.16	100.222
1562.32	101.333
1564.47	106.667
1566.63	110.667
1568.78	114.444
1570.93	124.667
1573.09	131.111
1575.24	150
1577.39	170.222
1579.54	194
1581.69	232.444
1583.84	283.556
1585.99	330
1588.14	333.333
1590.29	283.778
1592.43	233.333
1594.58	217.333
1596.72	232.222
1598.87	270
1601.01	342.444
1603.16	437.111
1605.3	525.778
1607.44	498.444
1609.58	394.889
1611.72	295.778
1613.86	232.444
1616	198.889
1618.14	171.778
1620.28	167.111
1622.42	150.444
1624.56	149.111
1626.69	144.667
1628.83	133.556
1630.96	122.889
1633.1	110.222
1635.23	105.778
1637.36	97.1111
1639.5	93.5556
1641.63	96.6667
1643.76	88.8889
1645.89	88
1648.02	85.7778
1650.15	80.2222
1652.28	84.4444
1654.4	84.2222
1656.53	81.7778
1658.66	82.6667
1660.78	82.6667
1662.91	85.7778
1665.03	80.6667
1667.16	79.1111
1669.28	83.1111
1671.4	80.8889
1673.52	80
1675.65	79.5556
1677.77	84.4444
1679.89	81.7778
1682.01	80.2222
1684.12	87.5556
1686.24	82.4444
1688.36	82.4444
1690.48	81.5556
1692.59	79.1111
1694.71	79.7778
1696.82	78.2222
1698.94	82
1701.05	77.3333
1703.16	75.3333
1705.27	78
1707.39	76.4444
1709.5	73.7778
1711.61	75.5556
1713.72	76.8889
1715.83	79.3333
1717.93	76.4444
1720.04	75.5556
1722.15	76.2222
1724.25	79.7778
1726.36	76.8889
1728.47	77.5556
1730.57	75.5556
1732.67	80.6667
1734.78	77.3333
1736.88	77.1111
1738.98	77.1111
1741.08	78
1743.18	79.5556
1745.28	73.3333
1747.38	73.1111
1749.48	72.2222
1751.58	79.1111
1753.67	76.8889
1755.77	80.2222
1757.87	76.4444
1759.96	75.7778
1762.06	77.3333
1764.15	74.2222
1766.25	79.3333
1768.34	78.6667
1770.43	74.4445
1772.52	75.7778
1774.61	74.8889
1776.7	74.2222
1778.79	81.1111
1780.88	80.2222
1782.97	80.8889
1785.06	78
1787.14	80.6667
1789.23	84.4444
1791.32	80.2222
1793.4	84
1795.49	79.7778
1797.57	78.2222
1799.65	79.1111
1801.74	75.5556
1803.82	83.7778
1805.9	78.6667
1807.98	77.7778
1810.06	80.2222
1812.14	74.8889
1814.22	80
1816.3	78.6667
1818.38	77.7778
1820.45	79.1111
1822.53	78.6667
1824.6	77.7778
1826.68	78
1828.75	81.1111
1830.83	82.8889
1832.9	77.3333
1834.97	79.5556
1837.05	75.7778
1839.12	75.1111
1841.19	76.8889
1843.26	76.2222
1845.33	83.1111
1847.4	80.2222
1849.46	76.6667
1851.53	80.2222
1853.6	77.1111
1855.66	76
1857.73	76.6667
1859.79	78.8889
1861.86	77.5556
1863.92	77.3333
1865.99	82.8889
1868.05	78.6667
1870.11	79.7778
1872.17	78.6667
1874.23	76
1876.29	80.2222
1878.35	82.2222
1880.41	78.8889
1882.47	79.3333
1884.53	78.8889
1886.58	76.8889
1888.64	78
1890.69	80.4445
1892.75	80.2222
1894.8	83.5556
1896.86	80.8889
1898.91	78
1900.96	80.4444
1903.02	81.1111
1905.07	80.4445
1907.12	81.5556
1909.17	78.4444
1911.22	82.6667
1913.27	86.4445
1915.31	83.1111
1917.36	85.7778
1919.41	88
1921.45	85.1111
1923.5	87.3333
1925.55	87.7778
1927.59	84.8889
1929.63	86.6667
1931.68	87.3333
1933.72	87.7778
1935.76	84
1937.8	85.3333
1939.84	88.4444
1941.88	81.3333
1943.92	86.8889
1945.96	86.8889
1948	84.8889
1950.04	88.6667
1952.08	84
1954.11	85.3333
1956.15	85.1111
1958.18	87.3333
1960.22	87.1111
1962.25	84
1964.29	82.8889
1966.32	83.5556
1968.35	83.5556
1970.38	81.1111
1972.41	85.7778
1974.44	84.6667
1976.47	86.6667
1978.5	85.7778
1980.53	86.4444
1982.56	82.8889
1984.59	84.8889
1986.61	84.8889
1988.64	87.7778
1990.66	85.7778
1992.69	89.1111
1994.71	88.4444
1996.74	89.7778
1998.76	82
2000.78	86.2222
2002.8	83.7778
2004.82	83.1111
2006.85	86.4444
2008.87	81.1111
2010.88	82.6667
2012.9	84.6667
2014.92	86.4444
2016.94	83.1111
2018.96	81.7778
2020.97	85.3333
2022.99	85.7778
2025	85.1111
2027.02	86.4444
2029.03	88.6667
2031.05	86.4444
2033.06	89.3333
2035.07	85.7778
2037.08	85.7778
2039.09	83.1111
2041.1	85.3333
2043.11	85.1111
2045.12	85.3333
2047.13	85.7778
2049.14	81.7778
2051.15	86
2053.15	86.6667
2055.16	86.2222
2057.16	91.5556
2059.17	89.5555
2061.17	83.5555
2063.18	83.3333
2065.18	89.7778
2067.18	83.7778
2069.18	91.5556
2071.19	88.8889
2073.19	84.8889
2075.19	85.5556
2077.19	90.6667
2079.19	84.6667
2081.18	86.2222
2083.18	89.1111
2085.18	86.2222
2087.17	87.3333
2089.17	91.5556
2091.17	86.6667
2093.16	85.3333
2095.16	85.1111
2097.15	88
2099.14	86.6667
2101.13	89.7778
2103.13	86.4444
2105.12	89.5556
2107.11	88.4444
2109.1	88.2222
2111.09	92.4444
2113.08	86
2115.06	88.6667
2117.05	92.6667
2119.04	90.2222
2121.02	92.4444
2123.01	92.2222
2125	91.3333
2126.98	92.4444
2128.96	91.1111
2130.95	89.7778
2132.93	89.3333
2134.91	90.6667
2136.9	86.4444
2138.88	88
2140.86	92
2142.84	88.6667
2144.82	90.8889
2146.8	89.1111
2148.77	86.6667
2150.75	91.5556
2152.73	90.4445
2154.7	94.4444
2156.68	94.4444
2158.65	91.7778
2160.63	90.8889
2162.6	88.8889
2164.58	96.4444
2166.55	95.3333
2168.52	87.1111
2170.49	92.8889
2172.47	96.6667
2174.44	96
2176.41	86.4444
2178.38	91.1111
2180.34	88.4444
2182.31	87.5556
2184.28	89.7778
2186.25	92.4444
2188.21	88.6667
2190.18	93.3333
2192.14	91.3333
2194.11	88.6667
2196.07	93.1111
2198.04	95.7778
2200	92.4444
2201.96	95.7778
2203.92	94.4444
2205.89	94.6667
2207.85	95.1111
2209.81	90.6667
2211.77	95.3333
2213.72	94.2222
2215.68	94.6667
2217.64	91.5555
2219.6	88.6667
2221.55	90.8889
2223.51	92.8889
2225.47	92.8889
2227.42	91.7778
2229.37	95.1111
2231.33	91.5555
2233.28	94.4444
2235.23	97.7778
2237.19	92.6667
2239.14	94
2241.09	93.1111
2243.04	92.2222
2244.99	92
2246.94	96.4445
2248.89	92.6667
2250.83	96.4444
2252.78	93.1111
2254.73	94.4444
2256.67	101.556
2258.62	93.5556
2260.56	97.3333
2262.51	96.8889
2264.45	96.2222
2266.4	96
2268.34	93.1111
2270.28	95.5556
2272.22	95.7778
2274.16	97.5555
2276.1	98.2222
2278.04	93.3333
2279.98	97.1111
2281.92	94
2283.86	96.6667
2285.8	95.1111
2287.74	94
2289.67	97.7778
2291.61	95.5555
2293.54	96.2222
2295.48	89.7778
2297.41	94.6667
2299.35	97.1111
2301.28	92
2303.21	92.8889
2305.14	92.4444
2307.07	93.1111
2309.01	97.5556
2310.94	98.2222
2312.86	93.3333
2314.79	97.3333
2316.72	96.4444
2318.65	97.3333
2320.58	95.7778
2322.5	93.1111
2324.43	95.3333
2326.36	97.5556
2328.28	102.222
2330.21	96.2222
2332.13	95.3333
2334.05	100.889
2335.98	93.5556
2337.9	99.7778
2339.82	95.1111
2341.74	96.8889
2343.66	95.5556
2345.58	96.8889
2347.5	96.8889
2349.42	95.3333
2351.34	97.7778
2353.26	97.3333
2355.17	102.444
2357.09	98.4444
2359.01	96.2222
2360.92	97.5556
2362.84	97.7778
2364.75	97.3333
2366.67	100.444
2368.58	99.1111
2370.49	96
2372.4	94.8889
2374.32	98
2376.23	95.5556
2378.14	100.222
2380.05	102.444
2381.96	96.4444
2383.86	95.5556
2385.77	103.556
2387.68	98.6667
2389.59	104
2391.5	102.889
2393.4	100.222
2395.31	100
2397.21	100.444
2399.12	98
2401.02	97.3333
2402.92	99.1111
2404.83	105.111
2406.73	101.556
2408.63	106.667
2410.53	104.222
2412.43	106
2414.33	102.444
2416.23	99.3333
2418.13	103.111
2420.03	101.111
2421.93	98.6667
2423.82	105.111
2425.72	102.222
2427.61	105.333
2429.51	103.333
2431.4	108.444
2433.3	111.556
2435.19	110
2437.09	106.444
2438.98	107.111
2440.87	104.222
2442.76	98.6667
2444.65	99.7778
2446.55	104
2448.44	99.1111
2450.32	99.7778
2452.21	97.5556
2454.1	100.444
