186.297	204.222
188.898	205.778
191.499	215.111
194.097	212.444
196.695	233.333
199.293	251.333
201.889	278.889
204.485	333.778
207.08	398.222
209.673	490
212.267	602
214.859	697.555
217.45	715.778
220.04	680.889
222.631	587.111
225.218	480.667
227.807	373.111
230.394	305.556
232.979	244.222
235.565	208
238.149	178.667
240.733	157.556
243.314	138.444
245.897	134.667
248.477	116
251.057	110
253.637	107.556
256.215	98
258.793	90.6667
261.368	94.4444
263.945	84
266.519	81.3333
269.093	78.4444
271.666	76.6667
274.237	76.8889
276.809	72.6667
279.379	71.7778
281.949	66.4444
284.518	69.7778
287.086	66
289.653	65.5556
292.218	67.5556
294.784	65.3333
297.348	65.7778
299.913	64.4444
302.475	62.8889
305.036	62.6667
307.598	61.5556
310.157	65.7778
312.716	67.1111
315.276	63.7778
317.833	62.4444
320.389	65.5556
322.944	59.7778
325.5	66.2222
328.054	69.5556
330.607	67.7778
333.159	76.6667
335.711	82
338.262	89.1111
340.811	110.444
343.36	129.778
345.909	144.444
348.456	132
351.002	114.444
353.547	88.6667
356.092	78.6667
358.637	68
361.18	69.3333
363.722	64.4444
366.263	62
368.803	59.7778
371.342	58.6667
373.881	60.2222
376.419	59.1111
378.957	59.1111
381.493	54.6667
384.028	57.3333
386.563	60.6667
389.096	59.1111
391.629	56.2222
394.161	57.7778
396.692	59.3333
399.222	62.4444
401.752	65.5556
404.28	67.3333
406.808	68.8889
409.335	69.3333
411.861	63.1111
414.386	61.5556
416.911	58.4444
419.434	58.8889
421.957	58.6667
424.479	58.8889
427	59.7778
429.52	58.8889
432.038	57.7778
434.557	56.8889
437.075	59.3333
439.592	59.1111
442.108	59.3333
444.623	58.4444
447.138	56.8889
449.652	60
452.163	60.4444
454.675	64.6667
457.186	68.6667
459.697	75.7778
462.206	88.6667
464.714	108.667
467.222	102.444
469.729	85.7778
472.235	72.6667
474.739	66.8889
477.244	68.6667
479.748	60.6667
482.251	63.7778
484.752	62.4444
487.253	64.4444
489.754	62.8889
492.252	66.8889
494.751	66.4444
497.249	69.7778
499.745	68.4444
502.241	72.8889
504.737	85.3333
507.231	92
509.725	104
512.218	142.222
514.709	207.778
517.201	367.556
519.69	809.556
522.18	984.889
524.669	590.222
527.156	282
529.644	163.111
532.129	117.333
534.615	97.7778
537.099	87.1111
539.583	75.1111
542.065	72
544.548	69.3333
547.028	64.4444
549.509	62.2222
551.988	59.1111
554.468	58
556.945	56
559.423	57.5556
561.899	60.4444
564.373	56
566.849	56
569.322	54.4444
571.796	56.8889
574.268	54.4444
576.739	56
579.21	56
581.679	52.8889
584.148	55.5556
586.617	56.4444
589.084	58.4444
591.55	56.8889
594.016	63.3333
596.481	62
598.944	66.2222
601.409	66.6667
603.871	75.7778
606.332	79.5556
608.792	90
611.253	111.556
613.712	131.111
616.17	185.111
618.628	247.111
621.084	323.778
623.541	343.778
625.996	282.444
628.45	212.222
630.903	147.778
633.356	107.333
635.807	91.5555
638.26	83.7778
640.71	74
643.159	68
645.608	65.3333
648.056	65.3333
650.503	60.8889
652.949	55.3333
655.394	59.1111
657.839	53.7778
660.282	57.7778
662.725	54.6667
665.168	53.7778
667.61	53.3333
670.051	54.6667
672.491	52.8889
674.93	52.4444
677.368	56.4444
679.804	55.3333
682.241	56
684.677	57.1111
687.112	58.8889
689.547	59.3333
691.98	59.5556
694.413	62.4444
696.845	60
699.276	61.1111
701.707	60.2222
704.136	58.8889
706.565	58
708.992	57.5556
711.419	62.6667
713.846	59.1111
716.271	64.2222
718.696	65.1111
721.121	71.3333
723.543	71.5556
725.965	88.6667
728.387	99.5556
730.808	100.889
733.227	97.7778
735.647	86.2222
738.065	74
740.483	71.3333
742.899	65.1111
745.316	63.1111
747.731	62.2222
750.146	60.4444
752.559	62
754.972	63.3333
757.385	65.1111
759.795	64.2222
762.206	71.3333
764.616	68.4444
767.025	72.8889
769.433	78.6667
771.84	92.6667
774.247	114.444
776.653	164
779.058	305.778
781.462	632.444
783.865	1644.44
786.268	2878.89
788.669	2080
791.071	808.444
793.471	298.889
795.871	174.444
798.269	137.333
800.668	128
803.064	127.111
805.462	136.444
807.857	150.222
810.252	164.889
812.646	159.111
815.04	136
817.432	107.556
819.823	86.8889
822.215	79.5556
824.604	72.4444
826.995	66.6667
829.383	70.8889
831.77	71.7778
834.158	77.3333
836.544	76.2222
838.929	86.2222
841.315	93.3333
843.698	92.8889
846.081	83.5556
848.465	82.8889
850.846	74.8889
853.227	70.2222
855.606	68.8889
857.987	63.7778
860.365	63.1111
862.743	63.7778
865.119	60
867.495	62.6667
869.872	61.3333
872.246	62.2222
874.62	60.4444
876.993	56.8889
879.365	64.2222
881.738	63.3333
884.109	64.2222
886.479	63.7778
888.848	69.3333
891.217	72.4444
893.584	81.3333
895.951	78
898.317	80.8889
900.683	71.3333
903.048	68.4444
905.412	66.2222
907.776	60.4444
910.139	63.1111
912.5	61.3333
914.861	62.2222
917.221	60.8889
919.581	61.5556
921.94	60.8889
924.296	62
926.653	63.3333
929.01	62.8889
931.366	64.8889
933.721	65.5556
936.075	66.6667
938.428	62
940.781	66
943.133	66.6667
945.484	65.7778
947.835	64.4444
950.183	69.1111
952.532	68.8889
954.88	68.2222
957.228	73.5556
959.575	72.2222
961.921	80.2222
964.265	82
966.609	87.5556
968.953	96.4444
971.296	94.8889
973.637	103.333
975.979	103.556
978.32	105.111
980.66	112.667
982.998	108.444
985.337	126.444
987.675	162
990.01	228.222
992.347	268.444
994.683	278
997.016	350.444
999.35	821.778
1001.68	3048.22
1004.02	5058
1006.35	3040
1008.68	976.889
1011.01	336.889
1013.34	198.667
1015.67	158.667
1017.99	136.889
1020.32	147.778
1022.65	163.111
1024.97	218.444
1027.3	499.556
1029.62	1271.78
1031.94	1308.44
1034.27	628.889
1036.59	236.667
1038.91	138
1041.23	116.444
1043.55	101.111
1045.87	90.8889
1048.19	84.4444
1050.5	84.6667
1052.82	79.1111
1055.14	79.1111
1057.45	75.1111
1059.77	74.4444
1062.08	72.2222
1064.39	71.3333
1066.7	73.5556
1069.02	72
1071.33	71.3333
1073.64	75.7778
1075.95	79.5556
1078.25	75.5556
1080.56	86.2222
1082.87	81.5556
1085.17	81.5556
1087.48	76.2222
1089.79	71.7778
1092.09	69.7778
1094.39	72
1096.69	70
1099	70.2222
1101.3	72.4445
1103.6	73.1111
1105.9	70.8889
1108.2	74.2222
1110.49	71.5556
1112.79	72
1115.09	72
1117.39	72.2222
1119.68	73.3333
1121.98	74
1124.27	76.6667
1126.56	81.3333
1128.85	79.1111
1131.15	86.4444
1133.44	84.6667
1135.73	88
1138.02	86.2222
1140.3	93.3333
1142.59	104
1144.88	114.444
1147.17	132
1149.45	151.556
1151.74	190
1154.02	241.778
1156.31	276.667
1158.59	270.444
1160.87	220.889
1163.15	183.556
1165.43	158.222
1167.71	146.889
1169.99	146
1172.27	161.333
1174.55	181.556
1176.83	220.667
1179.1	260.222
1181.38	260.889
1183.65	214.444
1185.93	182.444
1188.2	156.667
1190.47	141.333
1192.74	137.778
1195.02	136.222
1197.29	151.778
1199.56	164.889
1201.82	182.444
1204.09	243.333
1206.36	415.556
1208.63	813.333
1210.89	1139.11
1213.16	848.222
1215.42	417.556
1217.69	211.111
1219.95	144
1222.21	117.333
1224.48	108.222
1226.74	98.2222
1229	95.5556
1231.26	91.3333
1233.52	88
1235.78	88
1238.03	90.2222
1240.29	90
1242.55	90.4445
1244.8	93.5556
1247.06	91.1111
1249.31	91.1111
1251.56	87.1111
1253.82	85.5556
1256.07	84.6667
1258.32	80
1260.57	79.7778
1262.82	81.3333
1265.07	82.6667
1267.32	80.4444
1269.57	84.8889
1271.81	80.4444
1274.06	82.8889
1276.3	81.3333
1278.55	81.7778
1280.79	84
1283.04	86.4444
1285.28	81.1111
1287.52	85.3333
1289.76	83.3333
1292	86
1294.24	86
1296.48	83.1111
1298.72	86.6667
1300.96	89.1111
1303.2	87.1111
1305.43	94.2222
1307.67	92.4444
1309.9	97.1111
1312.14	107.111
1314.37	106
1316.6	102.444
1318.84	95.3333
1321.07	92.2222
1323.3	101.333
1325.53	100.222
1327.76	103.111
1329.99	111.778
1332.21	118.889
1334.44	115.778
1336.67	108.889
1338.89	105.111
1341.12	95.3333
1343.34	94.4444
1345.57	93.3333
1347.79	100.667
1350.01	96
1352.24	101.333
1354.46	103.111
1356.68	99.5556
1358.9	104.444
1361.11	114.444
1363.33	115.333
1365.55	124.444
1367.77	131.111
1369.98	143.778
1372.2	165.778
1374.41	202.889
1376.63	284.222
1378.84	383.333
1381.05	398.889
1383.27	307.333
1385.48	226
1387.69	178.222
1389.9	160
1392.11	146.222
1394.31	128.222
1396.52	122
1398.73	120.222
1400.94	111.778
1403.14	114
1405.35	111.778
1407.55	112.444
1409.75	115.111
1411.96	113.778
1414.16	112
1416.36	113.778
1418.56	122
1420.76	124.889
1422.96	125.556
1425.16	136
1427.36	135.556
1429.56	142.667
1431.75	153.556
1433.95	154.222
1436.14	159.333
1438.34	158.667
1440.53	158.889
1442.73	162
1444.92	155.111
1447.11	156
1449.3	154.222
1451.49	149.778
1453.68	144.667
1455.87	146.222
1458.06	140.889
1460.25	135.333
1462.44	139.778
1464.62	135.111
1466.81	132.889
1468.99	129.111
1471.18	126.444
1473.36	124
1475.55	120.667
1477.73	124.889
1479.91	119.333
1482.09	122
1484.27	118.889
1486.45	116
1488.63	116.889
1490.81	119.333
1492.99	124.222
1495.16	134.444
1497.34	130.889
1499.51	127.333
1501.69	125.778
1503.86	117.111
1506.04	108.889
1508.21	112.444
1510.38	106.444
1512.55	103.333
1514.73	106
1516.9	107.778
1519.06	106.222
1521.23	105.556
1523.4	104
1525.57	108
1527.74	108
1529.9	107.111
1532.07	105.111
1534.23	104.889
1536.4	105.333
1538.56	106.222
1540.72	102.444
1542.89	98.6667
1545.05	106.222
1547.21	104.667
1549.37	103.556
1551.53	108.444
1553.69	114.667
1555.84	110.667
1558	112.667
1560.16	111.556
1562.32	114.667
1564.47	118.667
1566.63	131.778
1568.78	137.556
1570.93	139.111
1573.09	152.889
1575.24	163.111
1577.39	190.222
1579.54	215.778
1581.69	263.111
1583.84	318
1585.99	370.222
1588.14	358
1590.29	301.111
1592.43	254.444
1594.58	248.889
1596.72	249.556
1598.87	294.889
1601.01	375.111
1603.16	476.444
1605.3	564
1607.44	529.111
1609.58	411.556
1611.72	314.667
1613.86	251.556
1616	217.111
1618.14	192.444
1620.28	186.667
1622.42	184
1624.56	172.667
1626.69	164.222
1628.83	148.444
1630.96	140
1633.1	128
1635.23	120.444
1637.36	113.333
1639.5	111.111
1641.63	110.667
1643.76	104.667
1645.89	101.333
1648.02	102.889
1650.15	100.222
1652.28	100.444
1654.4	98.2222
1656.53	99.1111
1658.66	96.4445
1660.78	94.2222
1662.91	90.6667
1665.03	96.6667
1667.16	93.7778
1669.28	97.3333
1671.4	96.2222
1673.52	93.5556
1675.65	97.5556
1677.77	94.4444
1679.89	97.3333
1682.01	97.7778
1684.12	91.7778
1686.24	95.3333
1688.36	96.2222
1690.48	97.1111
1692.59	95.3333
1694.71	95.1111
1696.82	89.3333
1698.94	91.7778
1701.05	93.5556
1703.16	92.8889
1705.27	93.3333
1707.39	95.3333
1709.5	90.4444
1711.61	89.5556
1713.72	92
1715.83	90.8889
1717.93	92
1720.04	91.5556
1722.15	94
1724.25	99.1111
1726.36	93.7778
1728.47	97.1111
1730.57	88.8889
1732.67	90.8889
1734.78	94.8889
1736.88	92.2222
1738.98	90
1741.08	91.3333
1743.18	91.1111
1745.28	87.3333
1747.38	91.1111
1749.48	95.5555
1751.58	92.8889
1753.67	89.7778
1755.77	86.8889
1757.87	93.3333
1759.96	95.7778
1762.06	91.7778
1764.15	91.1111
1766.25	101.111
1768.34	95.5556
1770.43	91.5556
1772.52	94.4444
1774.61	91.1111
1776.7	92
1778.79	92.6667
1780.88	99.3333
1782.97	93.3333
1785.06	96.4444
1787.14	97.7778
1789.23	100.667
1791.32	98
1793.4	97.1111
1795.49	97.3333
1797.57	94.4444
1799.65	94.8889
1801.74	99.5556
1803.82	96.2222
1805.9	94.6667
1807.98	97.1111
1810.06	102
1812.14	94.6667
1814.22	92
1816.3	96.8889
1818.38	97.7778
1820.45	97.5555
1822.53	91.7778
1824.6	93.5556
1826.68	99.5556
1828.75	97.5556
1830.83	96.6667
1832.9	92.8889
1834.97	95.7778
1837.05	93.3333
1839.12	95.1111
1841.19	96.2222
1843.26	93.7778
1845.33	97.5556
1847.4	95.1111
1849.46	95.5556
1851.53	89.7778
1853.6	96.6667
1855.66	91.7778
1857.73	92.6667
1859.79	96.4444
1861.86	92
1863.92	93.5556
1865.99	98.8889
1868.05	94
1870.11	98.8889
1872.17	95.1111
1874.23	100.222
1876.29	98.6667
1878.35	94.2222
1880.41	98.4444
1882.47	99.5556
1884.53	97.1111
1886.58	98.2222
1888.64	93.7778
1890.69	96.8889
1892.75	95.1111
1894.8	94.6667
1896.86	99.7778
1898.91	97.5556
1900.96	95.3333
1903.02	100.444
1905.07	98
1907.12	102.222
1909.17	101.333
1911.22	98.2222
1913.27	102.889
1915.31	98.4444
1917.36	103.556
1919.41	104.444
1921.45	104.667
1923.5	107.111
1925.55	106.222
1927.59	106
1929.63	110.444
1931.68	104.222
1933.72	102.222
1935.76	105.111
1937.8	105.556
1939.84	103.333
1941.88	103.778
1943.92	100.889
1945.96	102.667
1948	103.778
1950.04	102.889
1952.08	104.889
1954.11	106.222
1956.15	107.333
1958.18	98.4445
1960.22	102
1962.25	106.222
1964.29	106.667
1966.32	104.222
1968.35	108
1970.38	97.3333
1972.41	106.667
1974.44	99.3333
1976.47	102.889
1978.5	98.6667
1980.53	105.333
1982.56	98.4445
1984.59	103.333
1986.61	100.889
1988.64	106
1990.66	99.3333
1992.69	102
1994.71	108.222
1996.74	101.333
1998.76	106
2000.78	102.222
2002.8	103.333
2004.82	105.778
2006.85	106.222
2008.87	101.111
2010.88	101.333
2012.9	103.556
2014.92	102
2016.94	102.444
2018.96	102.667
2020.97	103.556
2022.99	99.7778
2025	103.333
2027.02	102.222
2029.03	103.778
2031.05	108.889
2033.06	110.222
2035.07	102.667
2037.08	106.444
2039.09	108.222
2041.1	104
2043.11	104.444
2045.12	108.444
2047.13	108.444
2049.14	107.556
2051.15	108
2053.15	107.333
2055.16	104.667
2057.16	108
2059.17	107.333
2061.17	105.556
2063.18	107.778
2065.18	106.222
2067.18	106
2069.18	110
2071.19	104.889
2073.19	104
2075.19	98.2222
2077.19	104.667
2079.19	106
2081.18	110.222
2083.18	110.667
2085.18	107.111
2087.17	106.444
2089.17	102.444
2091.17	107.778
2093.16	101.778
2095.16	106
2097.15	109.556
2099.14	106.444
2101.13	108.444
2103.13	107.778
2105.12	106.889
2107.11	110.222
2109.1	108.222
2111.09	107.556
2113.08	111.333
2115.06	110
2117.05	111.333
2119.04	108.667
2121.02	106
2123.01	109.111
2125	111.556
2126.98	115.778
2128.96	112.667
2130.95	114.667
2132.93	109.333
2134.91	112.222
2136.9	110.667
2138.88	107.556
2140.86	111.333
2142.84	112.444
2144.82	114.667
2146.8	112
2148.77	110.667
2150.75	109.111
2152.73	112.222
2154.7	109.556
2156.68	110
2158.65	113.778
2160.63	108.667
2162.6	116.667
2164.58	114
2166.55	115.556
2168.52	109.778
2170.49	110.667
2172.47	112.222
2174.44	112.444
2176.41	111.111
2178.38	111.111
2180.34	110.889
2182.31	111.778
2184.28	112.222
2186.25	114.444
2188.21	115.333
2190.18	114.889
2192.14	114.222
2194.11	113.333
2196.07	109.778
2198.04	113.111
2200	112.444
2201.96	114
2203.92	114
2205.89	112.444
2207.85	115.111
2209.81	117.333
2211.77	113.778
2213.72	112.667
2215.68	111.556
2217.64	112.889
2219.6	112
2221.55	110.667
2223.51	116.889
2225.47	112.667
2227.42	110.667
2229.37	115.778
2231.33	110.222
2233.28	113.556
2235.23	117.778
2237.19	115.556
2239.14	119.111
2241.09	115.111
2243.04	117.111
2244.99	118.889
2246.94	117.333
2248.89	110.667
2250.83	120.889
2252.78	116.667
2254.73	116.444
2256.67	114.222
2258.62	118.444
2260.56	116
2262.51	118
2264.45	112.444
2266.4	118.889
2268.34	111.111
2270.28	114.444
2272.22	117.333
2274.16	113.333
2276.1	114.444
2278.04	110
2279.98	112
2281.92	114
2283.86	113.333
2285.8	114.889
2287.74	113.778
2289.67	114.222
2291.61	113.778
2293.54	117.556
2295.48	115.556
2297.41	115.333
2299.35	114.222
2301.28	119.333
2303.21	118.667
2305.14	112.444
2307.07	115.333
2309.01	119.556
2310.94	121.778
2312.86	118
2314.79	119.556
2316.72	120.889
2318.65	116.444
2320.58	118.444
2322.5	118
2324.43	119.333
2326.36	120.889
2328.28	114.222
2330.21	112.667
2332.13	117.111
2334.05	114.889
2335.98	121.778
2337.9	116
2339.82	117.556
2341.74	116.667
2343.66	112.444
2345.58	118.889
2347.5	118.889
2349.42	113.333
2351.34	120
2353.26	125.333
2355.17	121.778
2357.09	118.222
2359.01	120.889
2360.92	120.444
2362.84	120
2364.75	119.333
2366.67	117.333
2368.58	114.667
2370.49	119.333
2372.4	114
2374.32	120.667
2376.23	117.556
2378.14	122.444
2380.05	122
2381.96	122
2383.86	116.222
2385.77	122.222
2387.68	123.111
2389.59	126.667
2391.5	123.111
2393.4	123.333
2395.31	125.556
2397.21	118.667
2399.12	118.889
2401.02	119.778
2402.92	123.333
2404.83	122.444
2406.73	124.667
2408.63	119.111
2410.53	124.222
2412.43	123.556
2414.33	122.889
2416.23	126.444
2418.13	127.556
2420.03	120
2421.93	122.667
2423.82	124.667
2425.72	127.333
2427.61	128.889
2429.51	130.444
2431.4	131.333
2433.3	128.222
2435.19	130.667
2437.09	129.556
2438.98	120.667
2440.87	122
2442.76	118.222
2444.65	126
2446.55	124.222
2448.44	120.889
2450.32	124.222
2452.21	120.667
2454.1	123.556
