105.443	12548.6
108.528	11268.6
111.612	9962.25
114.693	8680.05
117.774	7633.46
120.854	6709.24
123.931	5890.13
127.007	5190.36
130.081	4587.9
133.155	4003.83
136.226	3546.68
139.296	3115.61
142.364	2725.58
145.431	2415.82
148.496	2145.58
151.559	1927.24
154.622	1716.2
157.682	1541.49
160.741	1360.74
163.799	1241.6
166.855	1084.14
169.91	983.231
172.963	885.883
176.014	795.791
179.064	743.974
182.113	677.188
185.16	610.454
188.205	557.816
191.249	516.486
194.291	479.108
197.333	433.303
200.372	411.893
203.409	380.994
206.446	348.832
209.48	328.377
212.514	299.666
215.546	287.107
218.577	262.557
221.605	250.761
224.633	246.418
227.658	233.377
230.682	225.418
233.706	222.141
236.727	212.122
239.747	205.671
242.765	192.784
245.782	190.429
248.797	180.113
251.811	179.628
254.823	170.599
257.834	165.402
260.844	157.947
263.852	154.913
266.858	152.664
269.863	155.896
272.866	135.058
275.868	153.313
278.869	154.061
281.867	151.31
284.865	152.587
287.861	142.287
290.856	147.994
293.848	148.926
296.84	144.815
299.83	142.873
302.819	145.915
305.806	140.621
308.791	136.782
311.775	142.538
314.758	144.621
317.739	137.9
320.719	144.435
323.697	139.641
326.674	144.715
329.649	141.157
332.623	152.457
335.595	147.243
338.566	149.96
341.535	150.792
344.504	146.22
347.47	151.557
350.434	147.981
353.399	151.242
356.36	163.759
359.321	170.935
362.281	170.557
365.238	184.772
368.194	194.882
371.149	195.989
374.102	196.05
377.054	187.472
380.005	182.986
382.954	186.496
385.901	199.38
388.847	214.552
391.792	249.728
394.735	298.153
397.676	310.234
400.617	280.848
403.555	239.127
406.493	211.713
409.429	181.342
412.363	168.933
415.297	161.237
418.228	156.131
421.158	141.364
424.087	146.582
427.014	139.607
429.94	136.438
432.864	137.411
435.787	125.732
438.709	125.226
441.629	125.131
444.547	123.207
447.464	123.697
450.38	125.507
453.294	120.729
456.208	125.113
459.119	116.682
462.028	113.353
464.938	112.36
467.844	111.932
470.75	107.851
473.654	108.629
476.557	109.099
479.459	112.95
482.359	109.855
485.257	106.509
488.154	107.734
491.05	108.266
493.945	105.152
496.838	105.205
499.729	108.344
502.619	106.25
505.508	106.391
508.395	99.7275
511.281	99.0773
514.165	104.049
517.049	102.904
519.93	103.607
522.81	104.22
525.689	104.38
528.566	104.738
531.442	100.298
534.317	101.354
537.19	102.548
540.062	102.984
542.932	103.688
545.801	104.899
548.669	105.586
551.534	103.077
554.399	108.691
557.262	108.175
560.124	110.14
562.985	116.159
565.844	118.507
568.702	121.629
571.558	128.576
574.413	121.346
577.266	147.552
580.118	151.887
582.969	187.064
585.819	225.797
588.666	329.405
591.513	447.122
594.359	549.576
597.202	513.517
600.045	452.972
602.885	360.836
605.725	292.546
608.564	244.353
611.4	221.774
614.236	212.797
617.07	208.966
619.902	200.998
622.734	212.917
625.564	223.549
628.393	245.869
631.219	292.9
634.045	370.433
636.87	508.402
639.693	737.576
642.515	1005.17
645.335	1026.78
648.153	766.021
650.971	515.453
653.787	351.195
656.602	256.939
659.416	210.926
662.228	184.217
665.038	164.046
667.848	152.808
670.655	140.651
673.462	141.258
676.268	132.449
679.071	129.604
681.874	123.35
684.675	123.226
687.475	127.994
690.273	130.16
693.07	139.41
695.866	139.127
698.66	139.128
701.453	141.12
704.244	142.06
707.035	131.248
709.824	123.127
712.612	120.041
715.397	117.378
718.183	111.468
720.966	109.923
723.748	109.507
726.529	113.438
729.308	113.466
732.087	116.912
734.863	130.642
737.639	140.91
740.413	144.58
743.186	146.238
745.956	142.342
748.726	125.026
751.495	115.683
754.262	111.475
757.029	106.564
759.793	106.02
762.557	103.59
765.318	100.944
768.079	97.1947
770.839	104.105
773.597	100.017
776.353	99.1841
779.109	95.0291
781.862	99.9795
784.615	101.65
787.366	100.611
790.116	97.8581
792.865	100.289
795.612	111.313
798.358	111.504
801.102	120.03
803.846	123.862
806.588	124.806
809.329	116.425
812.068	104.173
814.806	106.154
817.542	98.1382
820.278	98.5026
823.012	95.3232
825.744	93.005
828.476	104.438
831.206	96.2565
833.935	96.4252
836.662	101.579
839.388	95.9016
842.113	101.488
844.836	91.286
847.558	95.6099
850.279	98.9795
852.999	99.6313
855.718	98.109
858.435	101.54
861.15	107.59
863.865	110.713
866.577	115.662
869.289	130.394
871.999	138.614
874.709	144.049
877.417	142.822
880.123	127.33
882.828	125.586
885.531	117.648
888.234	105.69
890.936	102.67
893.635	98.4677
896.334	98.7414
899.031	96.9604
901.728	96.5788
904.422	100.694
907.116	102.363
909.808	107.91
912.499	108.31
915.188	108.709
917.877	108.793
920.563	106.957
923.249	122.293
925.934	127.704
928.617	140.842
931.298	142.769
933.979	146.659
936.658	141.866
939.336	133.891
942.013	129.618
944.688	130.869
947.362	134.914
950.035	133.326
952.706	141.697
955.377	149.349
958.045	158.122
960.714	177.349
963.38	230.535
966.044	347.063
968.709	545.322
971.372	780.866
974.033	1027.65
976.693	1897.1
979.351	4804.24
982.009	8756.29
984.665	8376.57
987.32	5861.88
989.974	3606.36
992.626	1857.35
995.277	931.393
997.926	530.887
1000.57	377.465
1003.22	345.98
1005.87	374.307
1008.51	440.109
1011.16	579.905
1013.8	872.6
1016.44	1707.88
1019.08	4092.29
1021.72	7117.12
1024.35	6476.55
1026.99	3765.06
1029.63	1847.06
1032.26	826.122
1034.89	444.091
1037.52	317.536
1040.15	272.519
1042.78	250.206
1045.41	234.087
1048.03	224.794
1050.66	225.526
1053.28	234.469
1055.9	269.442
1058.52	305.568
1061.14	310.045
1063.76	263.665
1066.38	222.65
1068.99	180.428
1071.61	155.972
1074.22	149.406
1076.83	130.169
1079.44	126.694
1082.05	130.764
1084.66	112.722
1087.27	121.017
1089.87	117.634
1092.48	114.822
1095.08	117.154
1097.68	122.02
1100.29	125.361
1102.88	132.157
1105.48	133.238
1108.08	134.741
1110.68	130.675
1113.27	123.687
1115.86	128.822
1118.46	131.697
1121.05	132.131
1123.64	140.369
1126.23	142.595
1128.81	157.109
1131.4	175.691
1133.98	219.074
1136.57	261.395
1139.15	287.993
1141.73	276.627
1144.31	239.933
1146.89	199.787
1149.47	164.596
1152.04	140.061
1154.62	136.878
1157.19	128.82
1159.76	123.354
1162.33	117.919
1164.9	122.145
1167.47	115.697
1170.04	117.173
1172.61	115.453
1175.17	115.222
1177.74	121.693
1180.3	121.321
1182.86	130.783
1185.42	140.284
1187.98	152.555
1190.54	164.68
1193.09	196.909
1195.65	227.355
1198.2	276.319
1200.76	349.465
1203.31	458.371
1205.86	628.78
1208.41	777.173
1210.96	812.336
1213.5	725.331
1216.05	615.802
1218.59	514.679
1221.14	438.038
1223.68	343.31
1226.22	272.838
1228.76	229.717
1231.3	188.295
1233.84	164.22
1236.37	150.1
1238.91	139.972
1241.44	135.707
1243.97	123.717
1246.5	123.883
1249.03	117.865
1251.56	109.966
1254.09	115.599
1256.62	112.631
1259.14	108.662
1261.67	110.353
1264.19	106.533
1266.71	104.776
1269.23	111.155
1271.75	113
1274.27	104.095
1276.78	106.355
1279.3	107.392
1281.81	106.717
1284.33	111.093
1286.84	106.388
1289.35	116.631
1291.86	110.83
1294.37	108.169
1296.88	108.267
1299.38	110.337
1301.89	113.152
1304.39	113.634
1306.89	111.718
1309.4	114.101
1311.9	111.037
1314.4	111.893
1316.89	110.624
1319.39	117.598
1321.89	115.173
1324.38	123.597
1326.87	115.659
1329.37	125.626
1331.86	124.729
1334.35	127.137
1336.83	132.281
1339.32	132.525
1341.81	138.28
1344.29	141.286
1346.78	147.19
1349.26	153.842
1351.74	148.958
1354.22	138.776
1356.7	145.384
1359.18	135.094
1361.65	141.407
1364.13	139.4
1366.6	139.131
1369.08	139.775
1371.55	131.997
1374.02	137.56
1376.49	131.12
1378.96	139.225
1381.43	139.758
1383.89	128.802
1386.36	140.954
1388.82	133.646
1391.28	133.651
1393.75	134.456
1396.21	140.112
1398.67	145.967
1401.12	140.074
1403.58	142.504
1406.04	142.998
1408.49	145.295
1410.95	141.575
1413.4	139.942
1415.85	141.966
1418.3	130.852
1420.75	134.013
1423.2	135.408
1425.64	135.993
1428.09	142.808
1430.53	143.421
1432.97	138.967
1435.42	135.611
1437.86	135.235
1440.3	135.349
1442.74	128.41
1445.17	128.729
1447.61	124.655
1450.05	123.855
1452.48	128.406
1454.91	129.406
1457.34	127.119
1459.77	117.782
1462.2	132.171
1464.63	126.184
1467.06	141.918
1469.48	155.043
1471.91	196.472
1474.33	243.744
1476.76	241.013
1479.18	191.22
1481.6	164.466
1484.02	139.721
1486.44	134.213
1488.85	136.303
1491.27	134.082
1493.68	139.247
1496.1	126.665
1498.51	120.101
1500.92	116.794
1503.33	118.391
1505.74	119.836
1508.15	117.105
1510.55	118.893
1512.96	116.586
1515.36	118.636
1517.77	119.933
1520.17	123.047
1522.57	119.627
1524.97	126.769
1527.37	125.219
1529.77	127.783
1532.16	131.163
1534.56	126.205
1536.95	132.308
1539.35	139.84
1541.74	142.025
1544.13	154.694
1546.52	164.263
1548.91	168.209
1551.3	183.916
1553.68	205.805
1556.07	237.856
1558.45	281.41
1560.84	353.265
1563.22	451.822
1565.6	525.131
1567.98	529.046
1570.36	517.349
1572.74	563.342
1575.11	556.75
1577.49	486.633
1579.86	425.582
1582.24	368.034
1584.61	326.336
1586.98	313.358
1589.35	318.878
1591.72	312.583
1594.08	279.169
1596.45	239.338
1598.82	211.245
1601.18	195.32
1603.54	160.507
1605.91	146.963
1608.27	141.267
1610.63	132.815
1612.99	135.571
1615.34	118.235
1617.7	119.299
1620.06	120.979
1622.41	117.974
1624.76	116.636
1627.12	115.995
1629.47	107.832
1631.82	110.664
1634.17	108.687
1636.51	105.982
1638.86	106.353
1641.21	98.8094
1643.55	104.508
1645.9	92.6003
1648.24	101.121
1650.58	92.8854
1652.92	91.235
1655.26	93.6763
1657.6	89.9724
1659.93	84.1661
1662.27	88.5565
1664.6	88.1008
1666.94	88.9628
1669.27	85.1975
1671.6	82.9938
1673.93	85.8024
1676.26	87.0876
1678.59	83.6709
1680.92	84.6137
1683.24	79.4052
1685.57	86.0971
1687.89	80.4736
1690.22	78.1519
1692.54	80.5698
1694.86	78.3738
1697.18	82.4468
1699.5	76.7437
1701.81	81.7542
1704.13	81.2465
1706.45	79.5522
1708.76	83.9977
1711.07	77.2831
1713.38	79.0178
1715.7	75.3058
1718.01	71.9692
1720.31	70.1883
1722.62	72.6605
1724.93	72.1778
1727.24	72.9265
1729.54	73.0396
1731.84	75.3376
1734.15	65.1914
1736.45	69.8672
1738.75	74.4064
1741.05	71.5715
1743.35	67.1683
1745.64	69.9816
1747.94	69.6821
1750.23	70.2641
1752.53	68.6023
1754.82	70.244
1757.11	66.582
1759.4	66.4748
1761.69	68.4708
1763.98	65.315
1766.27	70.148
1768.56	62.5859
1770.84	62.0873
1773.13	59.6482
1775.41	66.29
1777.69	65.1549
1779.97	59.6938
1782.25	64.6942
1784.53	58.0142
1786.81	57.4736
1789.09	60.1445
1791.36	60.6959
1793.64	59.2845
1795.91	59.0158
1798.18	58.017
1800.46	59.9405
1802.73	58.6072
1805	56.4644
1807.27	61.3596
1809.53	56.4706
1811.8	55.9541
1814.07	57.0906
1816.33	54.8919
1818.59	54.0948
1820.86	59.2376
1823.12	56.1662
1825.38	55.3876
1827.64	55.0873
1829.89	59.0074
1832.15	59.5683
1834.41	56.235
1836.66	55.86
1838.92	52.4692
1841.17	57.3304
1843.42	56.3533
1845.67	50.0425
1847.92	52.2891
1850.17	54.1961
1852.42	54.048
1854.67	52.7908
1856.91	53.8048
1859.16	55.0128
1861.4	53.0271
1863.64	55.994
1865.88	51.8971
1868.12	55.8376
1870.36	55.1329
1872.6	53.2803
1874.84	54.6002
1877.08	52.0304
1879.31	50.0192
1881.54	50.6645
1883.78	53.6644
1886.01	49.4578
1888.24	48.9557
1890.47	48.048
1892.7	53.4961
1894.93	50.6223
1897.16	47.7977
1899.38	49.7542
1901.61	48.0623
1903.83	47.9089
1906.05	50.7756
1908.28	44.8024
1910.5	47.6242
1912.72	46.0447
1914.94	46.9067
1917.16	46.5365
1919.37	48.7406
1921.59	50.8053
1923.8	45.2434
1926.02	48.1746
1928.23	43.9001
1930.44	46.2118
1932.65	47.378
1934.86	41.1311
1937.07	43.2661
1939.28	46.3376
1941.48	40.6888
1943.69	45.8081
1945.9	47.2131
1948.1	45.4749
1950.3	44.1049
1952.5	48.6806
1954.7	46.1778
1956.9	45.0581
1959.1	43.426
1961.3	41.8971
1963.5	42.5932
1965.69	42.2937
1967.89	42.8775
1970.08	43.2765
1972.27	40.6959
1974.46	43.2526
1976.66	38.8925
1978.84	37.9472
1981.03	41.8404
1983.22	39.4144
1985.41	38.5442
1987.59	36.2668
1989.78	37.6795
1991.96	37.3687
1994.14	37.6702
1996.32	38.8706
1998.51	39.1559
2000.69	37.915
2002.86	33.2803
2005.04	36.5065
2007.22	33.9081
2009.39	37.8643
2011.57	35.9795
2013.74	37.5565
2015.91	38.5067
2018.09	38.4454
2020.26	33.8309
2022.43	32.3604
2024.59	37.3108
2026.76	34.3219
2028.93	30.9979
2031.09	33.5393
2033.26	31.6647
2035.42	31.3636
2037.59	38.1011
2039.75	32.7275
2041.91	31.7134
2044.07	30.5526
2046.23	28.6286
2048.38	29.0264
2050.54	29.5091
2052.7	29.1628
2054.85	28.7382
2057	27.9365
2059.16	29.0773
2061.31	28.4468
2063.46	29.7407
2065.61	28.7002
2067.76	30.9524
2069.91	31.5656
2072.05	27.3096
2074.2	25.9232
2076.34	27.1493
2078.49	30.0906
2080.63	23.4468
2082.77	26.0916
2084.91	25.4494
2087.05	32.5598
2089.19	24.0008
2091.33	29.995
2093.47	26.805
2095.6	30.2499
2097.74	25.8446
2099.87	23.2564
2102.01	29.2181
2104.14	27.1993
2106.27	23.5982
2108.4	23.7543
2110.53	26.7716
2112.66	27.2558
2114.79	24.3491
2116.91	22.5579
2119.04	24.0647
2121.16	24.1695
2123.29	23.7936
2125.41	24.5228
2127.53	24.0218
2129.65	25.8011
2131.77	23.7293
2133.89	23.1317
2136.01	24.1214
2138.12	24.3492
2140.24	20.9795
2142.35	23.2203
2144.47	22.1357
2146.58	22.5981
2148.69	21.266
2150.8	24.5112
2152.91	22.9192
2155.02	25.0623
2157.13	23.0024
2159.24	20.4104
2161.34	20.9636
2163.45	23.2486
2165.55	18.9739
2167.66	25.2656
2169.76	36.6044
2171.86	25.9368
2173.96	21.0742
2176.06	21.678
2178.16	19.3271
2180.26	22.3491
2182.35	21.5514
2184.45	20.5494
2186.54	23.7451
2188.64	24.0309
2190.73	20.3407
2192.82	22.2224
2194.91	20.1239
2197	22.8655
2199.09	22.426
2201.18	20.2649
2203.27	21.427
2205.35	22.9633
2207.44	20.2803
2209.52	20.2202
2211.61	21.5639
2213.69	21.105
2215.77	21.9315
2217.85	22.8024
2219.93	20.5774
2222.01	23.642
2224.09	20.4136
2226.16	18.5982
2228.24	21.4644
2230.31	18.9503
2232.39	17.2325
2234.46	19.0727
2236.53	20.9887
2238.6	21.9645
2240.67	17.962
2242.74	17.5091
2244.81	21.2538
2246.88	20.3149
2248.94	18.444
2251.01	16.6553
2253.07	17.9967
2255.14	17.8925
2257.2	17.324
2259.26	16.9068
2261.32	18.1161
2263.38	20.2874
2265.44	24.969
2267.5	17.6326
2269.56	19.3813
2271.61	18.5215
2273.67	16.7892
2275.72	19.4706
2277.78	17.8048
2279.83	19.6165
2281.88	20.5047
2283.93	21.0731
2285.98	21.1414
2288.03	21.8828
2290.08	23.5579
2292.12	22.3701
2294.17	18.8522
2296.21	20.797
2298.26	17.986
2300.3	18.1311
2302.34	21.0446
2304.38	17.4169
2306.42	18.1393
2308.46	16.9575
2310.5	17.5818
2312.54	16.5416
2314.58	16.8632
2316.61	16.3356
2318.65	17.6202
2320.68	16.5795
2322.71	13.647
2324.75	14.9308
2326.78	17.6928
2328.81	14.7146
2330.84	15.2422
2332.86	17.8704
2334.89	17.7716
2336.92	14.9971
2338.94	14.7574
2340.97	12.9089
2342.99	18.33
2345.02	18.7406
2347.04	14.6482
2349.06	14.8549
2351.08	17.5067
2353.1	19.1253
2355.12	19.4507
2357.13	18.6002
2359.15	20.9498
2361.17	20.5494
2363.18	22.8249
2365.19	22.5831
2367.21	27.809
2369.22	32.8484
2371.23	23.754
2373.24	23.3942
2375.25	24.0813
2377.26	18.4508
2379.27	19.055
2381.27	19.0873
2383.28	14.801
2385.28	18.4219
2387.29	18.7071
2389.29	15.5255
2391.29	13.2336
2393.29	15.6209
2395.29	12.4396
2397.29	15.4423
2399.29	17.1545
2401.29	15.539
2403.28	13.1536
2405.28	11.1591
2407.27	16.1226
2409.27	16.1153
2411.26	15.4454
2413.25	14.8197
2415.25	16.2361
2417.24	17.1214
2419.22	17.3376
2421.21	14.9368
2423.2	15.3676
2425.19	15.6326
2427.17	19.2388
2429.16	15.6781
2431.14	18.5827
2433.13	21.0918
2435.11	19.2993
2437.09	22.3433
2439.07	21.642
2441.05	25.5097
2443.03	27.3168
2445.01	30.5217
2446.98	29.8655
2448.96	32.2428
2450.93	26.1446
2452.91	20.3405
2454.88	21.196
2456.85	18.8048
2458.83	18.7906
2460.8	16.2869
2462.77	20.7828
2464.74	16.2423
2466.7	16.9297
2468.67	16.9958
2470.64	17.666
2472.6	16.1153
2474.57	13.851
2476.53	16.7293
2478.49	13.9181
2480.46	16.2192
2482.42	15.3299
2484.38	15.3472
2486.34	15.7305
2488.29	22.7177
2490.25	20.7105
2492.21	21.2026
2494.16	22.0519
2496.12	21.8492
2498.07	20.2202
2500.03	19.0748
2501.98	17.693
2503.93	20.8641
2505.88	18.9486
2507.83	19.9701
2509.78	28.2325
2511.73	31.1823
2513.67	30.5832
2515.62	28.0748
2517.56	25.6553
2519.51	21.4882
2521.45	15.4707
2523.4	17.533
2525.34	16.2869
2527.28	15.7977
2529.22	13.1913
2531.16	13.4748
2533.1	14.8939
2535.03	13.6326
2536.97	14.5053
2538.91	13.005
2540.84	16.8672
2542.77	13.2265
2544.71	12.775
2546.64	14.9673
2548.57	14.1183
2550.5	14.2668
2552.43	14.9322
2554.36	13.8977
2556.29	12.2538
2558.21	13.5189
2560.14	11.797
2562.07	12.9795
2563.99	14.5177
2565.91	14.855
2567.84	13.4439
2569.76	15.0919
2571.68	14.0916
2573.6	14.8931
2575.52	12.9154
2577.44	11.0543
2579.36	11.0623
2581.27	12.9068
2583.19	11.6873
2585.1	10.8216
2587.02	12.1923
2588.93	11.9899
2590.84	11.5788
2592.75	11.4529
2594.67	12.5819
2596.58	10.9335
2598.48	7.89855
2600.39	11.8478
