105.443	12435.3
108.528	11229.6
111.612	9851.46
114.693	8699.66
117.774	7608.68
120.854	6652.13
123.931	5877.71
127.007	5101.91
130.081	4548.11
133.155	3986.65
136.226	3542.14
139.296	3101.99
142.364	2743.38
145.431	2387.95
148.496	2150.85
151.559	1908.56
154.622	1712.75
157.682	1542.45
160.741	1347.24
163.799	1229.59
166.855	1088.88
169.91	976.45
172.963	884.962
176.014	806.586
179.064	728.054
182.113	662.069
185.16	590.485
188.205	555.277
191.249	505.743
194.291	473.8
197.333	425.522
200.372	406.733
203.409	366.292
206.446	346.884
209.48	312.416
212.514	299.77
215.546	282.091
218.577	260.393
221.605	243.05
224.633	237.161
227.658	228.779
230.682	216.879
233.706	214.166
236.727	205.653
239.747	197.447
242.765	191.58
245.782	185.748
248.797	174.402
251.811	171.286
254.823	160.171
257.834	156.088
260.844	146.757
263.852	149.624
266.858	152.011
269.863	140.218
272.866	145.114
275.868	149.49
278.869	142.605
281.867	146.538
284.865	142.666
287.861	142.711
290.856	147.015
293.848	139.825
296.84	137.376
299.83	139.683
302.819	136.224
305.806	133.103
308.791	131.586
311.775	135.025
314.758	133.96
317.739	140.08
320.719	135.767
323.697	144.376
326.674	149.885
329.649	145.033
332.623	140.652
335.595	138.597
338.566	149.563
341.535	147.866
344.504	148.698
347.47	151.869
350.434	153.52
353.399	151.822
356.36	160.909
359.321	164.657
362.281	175.141
365.238	180.082
368.194	181.819
371.149	188.655
374.102	190.21
377.054	176.955
380.005	181.228
382.954	179.551
385.901	185.475
388.847	213.532
391.792	242.68
394.735	284.079
397.676	307.536
400.617	280.028
403.555	242.007
406.493	202.051
409.429	184.193
412.363	159.768
415.297	158.574
418.228	145.698
421.158	144.222
424.087	142.509
427.014	144.497
429.94	145.04
432.864	129.595
435.787	130.129
438.709	134.323
441.629	131.289
444.547	128.596
447.464	119.571
450.38	123.8
453.294	123.631
456.208	116.66
459.119	119.234
462.028	117.655
464.938	113.719
467.844	114.184
470.75	111.373
473.654	110.24
476.557	109.655
479.459	103.967
482.359	107.663
485.257	110.609
488.154	106.476
491.05	109.183
493.945	105.586
496.838	106.239
499.729	101.284
502.619	104.808
505.508	101.92
508.395	104.339
511.281	109.444
514.165	100.697
517.049	101.002
519.93	101.499
522.81	106.965
525.689	99.9787
528.566	99.3648
531.442	102.24
534.317	101.488
537.19	103.696
540.062	97.991
542.932	102.824
545.801	103.066
548.669	101.736
551.534	104.25
554.399	105.693
557.262	108.385
560.124	114.55
562.985	115.856
565.844	115.114
568.702	116.94
571.558	120.282
574.413	134.629
577.266	144.002
580.118	152.661
582.969	183.092
585.819	235.449
588.666	325.026
591.513	452.533
594.359	537.195
597.202	503.826
600.045	437.314
602.885	348.281
605.725	283.671
608.564	223.262
611.4	216.393
614.236	205.252
617.07	204.213
619.902	198.953
622.734	210.517
625.564	217.169
628.393	241.769
631.219	289.792
634.045	360.746
636.87	501.552
639.693	749.057
642.515	1006.88
645.335	1004.48
648.153	774.607
650.971	507.739
653.787	346.544
656.602	255.912
659.416	211.063
662.228	183.15
665.038	162.41
667.848	153.624
670.655	142.533
673.462	133.248
676.268	137.869
679.071	126.777
681.874	127.993
684.675	118.974
687.475	124.039
690.273	120.271
693.07	132.079
695.866	138.066
698.66	139.715
701.453	134.497
704.244	134.808
707.035	122.438
709.824	121.511
712.612	115.363
715.397	113.574
718.183	104.644
720.966	109.303
723.748	104.508
726.529	111.698
729.308	111.758
732.087	125.427
734.863	124.624
737.639	135.785
740.413	148.35
743.186	141.782
745.956	140.966
748.726	133.33
751.495	122.321
754.262	111.492
757.029	107.353
759.793	100.051
762.557	96.9083
765.318	101.34
768.079	100.523
770.839	103.384
773.597	99.739
776.353	100.586
779.109	92.0322
781.862	98.4377
784.615	98.0409
787.366	91.3355
790.116	96.5215
792.865	98.7496
795.612	108.878
798.358	108.465
801.102	120.822
803.846	126.316
806.588	117.818
809.329	111.068
812.068	106.528
814.806	99.2804
817.542	97.8564
820.278	94.2873
823.012	94.827
825.744	103.019
828.476	100.216
831.206	93.5756
833.935	101.228
836.662	97.4349
839.388	97.8108
842.113	92.8077
844.836	91.904
847.558	89.5488
850.279	93.8301
852.999	94.7069
855.718	99.4354
858.435	104.404
861.15	106.023
863.865	110.6
866.577	119.396
869.289	127.185
871.999	132.799
874.709	136.696
877.417	140.382
880.123	133.538
882.828	122.383
885.531	117.076
888.234	111.731
890.936	101.401
893.635	99.0135
896.334	100.773
899.031	99.376
901.728	97.1127
904.422	98.2344
907.116	108.504
909.808	105.722
912.499	102.214
915.188	110.06
917.877	109.349
920.563	109.911
923.249	116.697
925.934	123.619
928.617	133.859
931.298	136.676
933.979	147.391
936.658	137.513
939.336	133.436
942.013	128.621
944.688	127.672
947.362	128.804
950.035	130.893
952.706	132.596
955.377	142.14
958.045	153.263
960.714	186.402
963.38	232.149
966.044	338.216
968.709	556.331
971.372	774.704
974.033	1007.12
976.693	1916
979.351	4808.33
982.009	8742.97
984.665	8371.19
987.32	5921.89
989.974	3600.9
992.626	1904.39
995.277	920.151
997.926	529.736
1000.57	367.378
1003.22	341.029
1005.87	380.434
1008.51	443.843
1011.16	574.032
1013.8	874.979
1016.44	1724.42
1019.08	4046.01
1021.72	7073.02
1024.35	6471.89
1026.99	3755.16
1029.63	1854.22
1032.26	845.898
1034.89	443.165
1037.52	311.029
1040.15	270.768
1042.78	250.448
1045.41	239.132
1048.03	223.415
1050.66	223.268
1053.28	236.386
1055.9	260.645
1058.52	306.225
1061.14	307.088
1063.76	269.388
1066.38	217.656
1068.99	180.621
1071.61	156.286
1074.22	141.412
1076.83	132.574
1079.44	129.413
1082.05	123.213
1084.66	121.833
1087.27	116.482
1089.87	112.722
1092.48	110.301
1095.08	116.797
1097.68	117.437
1100.29	128.473
1102.88	131.817
1105.48	136.363
1108.08	129.303
1110.68	125.04
1113.27	120.203
1115.86	123.483
1118.46	128.08
1121.05	131.944
1123.64	134.162
1126.23	140.718
1128.81	156.374
1131.4	182.33
1133.98	226.189
1136.57	257.169
1139.15	295.544
1141.73	267.867
1144.31	231.58
1146.89	203.058
1149.47	158.587
1152.04	145.366
1154.62	129.493
1157.19	130.247
1159.76	120.114
1162.33	111.538
1164.9	115.324
1167.47	110.314
1170.04	110.334
1172.61	111.306
1175.17	116.082
1177.74	115.238
1180.3	126.561
1182.86	129.605
1185.42	134.794
1187.98	147.08
1190.54	158.763
1193.09	188.784
1195.65	229.482
1198.2	272.992
1200.76	345.05
1203.31	447.756
1205.86	619.977
1208.41	784.414
1210.96	803.012
1213.5	710.782
1216.05	618.203
1218.59	526.748
1221.14	422.417
1223.68	344.276
1226.22	275.566
1228.76	220.538
1231.3	182.138
1233.84	151.485
1236.37	148.795
1238.91	137.763
1241.44	127.538
1243.97	125.286
1246.5	128.24
1249.03	117.151
1251.56	116.774
1254.09	113.61
1256.62	111.349
1259.14	110.292
1261.67	109.83
1264.19	113.186
1266.71	104.409
1269.23	104.934
1271.75	99.0231
1274.27	94.0315
1276.78	107.349
1279.3	108.185
1281.81	101.846
1284.33	109.638
1286.84	105.434
1289.35	108.271
1291.86	111.461
1294.37	107.306
1296.88	105.586
1299.38	110.357
1301.89	113.963
1304.39	114.866
1306.89	111.836
1309.4	117.133
1311.9	114.462
1314.4	116.965
1316.89	116.189
1319.39	117.636
1321.89	113.659
1324.38	118.251
1326.87	121.63
1329.37	116.939
1331.86	122.728
1334.35	123.77
1336.83	135.817
1339.32	131.5
1341.81	127.982
1344.29	146.263
1346.78	144.772
1349.26	146.546
1351.74	148.826
1354.22	145.323
1356.7	141.891
1359.18	132.18
1361.65	137.104
1364.13	136.708
1366.6	138.392
1369.08	140.029
1371.55	129.212
1374.02	135.758
1376.49	135.409
1378.96	132.65
1381.43	133.128
1383.89	136.349
1386.36	128.634
1388.82	132.024
1391.28	131.509
1393.75	131.707
1396.21	136.905
1398.67	139.715
1401.12	138.204
1403.58	141.131
1406.04	139.219
1408.49	134.624
1410.95	143.623
1413.4	140.433
1415.85	137.32
1418.3	134.268
1420.75	139.141
1423.2	131.645
1425.64	139.808
1428.09	141.766
1430.53	142.475
1432.97	129.295
1435.42	130.04
1437.86	128.652
1440.3	133.585
1442.74	122.312
1445.17	121.151
1447.61	129.5
1450.05	129.658
1452.48	125.015
1454.91	128.928
1457.34	129.325
1459.77	118.795
1462.2	124.907
1464.63	129.551
1467.06	135.665
1469.48	151.557
1471.91	190.171
1474.33	243.201
1476.76	232.846
1479.18	192.707
1481.6	162.102
1484.02	138.079
1486.44	135.571
1488.85	130.803
1491.27	124.347
1493.68	119.947
1496.1	124.324
1498.51	123.668
1500.92	120.399
1503.33	122.313
1505.74	110.115
1508.15	115.582
1510.55	119.791
1512.96	118.474
1515.36	120.784
1517.77	109.374
1520.17	123.912
1522.57	121.45
1524.97	118.875
1527.37	119.747
1529.77	118.99
1532.16	135.464
1534.56	131.556
1536.95	134.388
1539.35	137.081
1541.74	145.307
1544.13	150.224
1546.52	149.794
1548.91	161.271
1551.3	180.859
1553.68	199.833
1556.07	232.374
1558.45	280.586
1560.84	347.509
1563.22	441.861
1565.6	522.721
1567.98	530.213
1570.36	512.522
1572.74	546.885
1575.11	558.919
1577.49	489.869
1579.86	431.746
1582.24	360.292
1584.61	318.544
1586.98	303.879
1589.35	315.375
1591.72	311.885
1594.08	279.736
1596.45	242.904
1598.82	209.731
1601.18	178.514
1603.54	172.99
1605.91	157.558
1608.27	148.221
1610.63	132.107
1612.99	125.304
1615.34	127.078
1617.7	118.388
1620.06	114.879
1622.41	116.346
1624.76	112.126
1627.12	112.915
1629.47	109.78
1631.82	106.847
1634.17	106.69
1636.51	109.08
1638.86	102.075
1641.21	100.901
1643.55	95.8025
1645.9	94.4818
1648.24	96.0881
1650.58	91.8263
1652.92	91.6966
1655.26	91.1305
1657.6	88.0136
1659.93	89.6838
1662.27	88.2645
1664.6	85.8166
1666.94	81.3744
1669.27	84.1007
1671.6	82.3471
1673.93	83.7582
1676.26	83.4608
1678.59	81.8613
1680.92	83.7457
1683.24	83.2485
1685.57	76.1596
1687.89	81.9718
1690.22	85.2516
1692.54	79.9093
1694.86	73.3623
1697.18	77.8904
1699.5	74.2044
1701.81	78.0054
1704.13	75.546
1706.45	79.8084
1708.76	82.9972
1711.07	74.8911
1713.38	69.1074
1715.7	72.8406
1718.01	72.907
1720.31	71.725
1722.62	69.9712
1724.93	71.4737
1727.24	75.7166
1729.54	65.3626
1731.84	68.4499
1734.15	65.2118
1736.45	69.3633
1738.75	68.0787
1741.05	67.7442
1743.35	66.7444
1745.64	72.8799
1747.94	72.4984
1750.23	66.906
1752.53	66.9157
1754.82	69.3408
1757.11	64.3041
1759.4	70.8279
1761.69	65.9195
1763.98	64.3647
1766.27	63.5594
1768.56	67.0397
1770.84	65.9913
1773.13	62.3931
1775.41	61.1893
1777.69	59.6831
1779.97	60.7599
1782.25	54.1934
1784.53	58.5251
1786.81	59.6137
1789.09	59.992
1791.36	60.2426
1793.64	59.0897
1795.91	59.4946
1798.18	55.1791
1800.46	54.312
1802.73	55.6615
1805	59.5022
1807.27	55.9576
1809.53	59.7883
1811.8	54.5326
1814.07	54.6378
1816.33	58.8009
1818.59	55.2201
1820.86	58.9189
1823.12	55.7705
1825.38	51.8188
1827.64	53.4967
1829.89	55.5856
1832.15	53.7107
1834.41	55.3015
1836.66	52.912
1838.92	57.5126
1841.17	52.6137
1843.42	53.52
1845.67	51.4116
1847.92	51.3214
1850.17	52.7846
1852.42	53.3529
1854.67	51.749
1856.91	53.3627
1859.16	52.0126
1861.4	47.8681
1863.64	49.6891
1865.88	56.1262
1868.12	50.4759
1870.36	50.742
1872.6	54.6471
1874.84	55.8091
1877.08	51.8584
1879.31	50.1901
1881.54	49.1514
1883.78	48.7867
1886.01	49.6578
1888.24	49.1625
1890.47	50.6638
1892.7	48.8324
1894.93	48.652
1897.16	49.6342
1899.38	46.8912
1901.61	48.8326
1903.83	48.8325
1906.05	45.9293
1908.28	46.4989
1910.5	49.0724
1912.72	49.5995
1914.94	47.2342
1917.16	42.1725
1919.37	47.0502
1921.59	44.8597
1923.8	47.6825
1926.02	45.8785
1928.23	42.2662
1930.44	44.4946
1932.65	42.2396
1934.86	42.4996
1937.07	44.6913
1939.28	45.2721
1941.48	41.6533
1943.69	43.2687
1945.9	44.8867
1948.1	41.402
1950.3	41.8823
1952.5	42.1433
1954.7	44.9188
1956.9	41.0882
1959.1	44.0633
1961.3	39.5594
1963.5	43.2645
1965.69	39.7741
1967.89	37.9724
1970.08	39.5343
1972.27	40.909
1974.46	37.4341
1976.66	39.4996
1978.84	40.3862
1981.03	38.8793
1983.22	36.4947
1985.41	37.6029
1987.59	38.5356
1989.78	37.7169
1991.96	37.041
1994.14	37.3385
1996.32	36.1127
1998.51	35.9441
2000.69	34.1441
2002.86	31.8694
2005.04	35.1417
2007.22	35.4214
2009.39	35.4453
2011.57	35.1993
2013.74	35.4132
2015.91	35.5472
2018.09	34.9314
2020.26	31.725
2022.43	33.1404
2024.59	34.282
2026.76	32.2281
2028.93	29.9916
2031.09	30.1992
2033.26	29.7816
2035.42	30.3835
2037.59	30.2358
2039.75	33.1067
2041.91	31.4072
2044.07	31.0151
2046.23	29.1516
2048.38	26.9821
2050.54	29.6706
2052.7	30.8009
2054.85	31.98
2057	28.7771
2059.16	28.8509
2061.31	25.0404
2063.46	26.0995
2065.61	25.617
2067.76	25.7816
2069.91	28.3229
2072.05	21.0793
2074.2	27.7502
2076.34	22.5953
2078.49	28.226
2080.63	24.193
2082.77	23.8471
2084.91	25.3849
2087.05	26.6237
2089.19	27.8533
2091.33	21.693
2093.47	25.7054
2095.6	25.3947
2097.74	22.7958
2099.87	25.6311
2102.01	26.0277
2104.14	25.1417
2106.27	22.0545
2108.4	22.5489
2110.53	22.2453
2112.66	25.2178
2114.79	25.1268
2116.91	21.9345
2119.04	23.9672
2121.16	22.5184
2123.29	21.117
2125.41	22.328
2127.53	21.127
2129.65	24.3058
2131.77	19.8058
2133.89	21.9785
2136.01	20.1266
2138.12	20.5819
2140.24	24.8947
2142.35	22.201
2144.47	23.3947
2146.58	23.496
2148.69	21.2291
2150.8	19.3356
2152.91	19.4015
2155.02	20.912
2157.13	18.944
2159.24	21.0991
2161.34	23.3262
2163.45	21.0071
2165.55	18.9821
2167.66	21.9903
2169.76	34.2427
2171.86	25.4004
2173.96	19.7799
2176.06	23.6385
2178.16	19.6911
2180.26	17.2745
2182.35	17.909
2184.45	21.3207
2186.54	21.4689
2188.64	20.742
2190.73	19.7109
2192.82	18.0151
2194.91	19.9454
2197	21.026
2199.09	18.282
2201.18	17.1893
2203.27	22.2134
2205.35	21.8458
2207.44	19.3742
2209.52	19.7518
2211.61	20.06
2213.69	21.977
2215.77	20.8038
2217.85	21.12
2219.93	19.1849
2222.01	19.3634
2224.09	17.162
2226.16	20.7486
2228.24	18.4231
2230.31	19.7426
2232.39	19.1433
2234.46	14.7426
2236.53	17.9926
2238.6	19.7165
2240.67	18.6405
2242.74	15.7816
2244.81	18.2132
2246.88	17.8502
2248.94	17.0656
2251.01	14.3656
2253.07	16.9642
2255.14	16.8571
2257.2	15.7076
2259.26	17.3035
2261.32	19.3369
2263.38	15.176
2265.44	15.12
2267.5	17.8277
2269.56	18.191
2271.61	16.7662
2273.67	16.2632
2275.72	14.5719
2277.78	18.7816
2279.83	18.273
2281.88	18.323
2283.93	18.1948
2285.98	19.6064
2288.03	20.7645
2290.08	19.3818
2292.12	20.9435
2294.17	18.6207
2296.21	18.5572
2298.26	17.2694
2300.3	18.8078
2302.34	18.3312
2304.38	17.5511
2306.42	17.8166
2308.46	17.3243
2310.5	17.7071
2312.54	15.0464
2314.58	17.4584
2316.61	17.4737
2318.65	15.5787
2320.68	14.8443
2322.71	14.5244
2324.75	16.0188
2326.78	16.9724
2328.81	17.3759
2330.84	14.9091
2332.86	15.6989
2334.89	13.6454
2336.92	16.0499
2338.94	15.939
2340.97	15.7139
2342.99	17.2023
2345.02	16.1917
2347.04	18.3035
2349.06	16.3245
2351.08	15.3663
2353.1	17.6474
2355.12	16.2502
2357.13	15.2215
2359.15	20.4157
2361.17	20.2418
2363.18	21.9787
2365.19	23.8183
2367.21	26.2311
2369.22	24.6807
2371.23	20.325
2373.24	24.7064
2375.25	19.5849
2377.26	17.3138
2379.27	14.152
2381.27	17.3742
2383.28	16.2645
2385.28	14.8263
2387.29	18.4831
2389.29	13.8322
2391.29	11.3736
2393.29	11.4745
2395.29	12.3774
2397.29	12.8613
2399.29	12.3634
2401.29	14.277
2403.28	14.2439
2405.28	15.226
2407.27	13.338
2409.27	12.2239
2411.26	15.3634
2413.25	13.3021
2415.25	15.8256
2417.24	16.7181
2419.22	17.7453
2421.21	14.5756
2423.2	17.446
2425.19	18.135
2427.17	17.3513
2429.16	17.0164
2431.14	16.4268
2433.13	19.4354
2435.11	17.8992
2437.09	20.4132
2439.07	21.0386
2441.05	26.8943
2443.03	26.0231
2445.01	28.4408
2446.98	29.4942
2448.96	27.4616
2450.93	22.2916
2452.91	22.3422
2454.88	19.8076
2456.85	20.1313
2458.83	16.9666
2460.8	16.8927
2462.77	18.5265
2464.74	16.6725
2466.7	16.1835
2468.67	17.0898
2470.64	13.673
2472.6	14.6868
2474.57	16.0777
2476.53	15.8392
2478.49	13.0979
2480.46	13.0731
2482.42	13.6541
2484.38	13.3529
2486.34	15.5379
2488.29	19.7449
2490.25	18.5475
2492.21	20.3597
2494.16	19.4848
2496.12	21.7933
2498.07	17.6801
2500.03	15.2014
2501.98	19.0059
2503.93	18.3597
2505.88	18.1534
2507.83	18.8376
2509.78	26.7657
2511.73	33.6868
2513.67	34.9374
2515.62	29.9293
2517.56	26.7652
2519.51	18.7152
2521.45	13.5438
2523.4	14.9397
2525.34	14.9807
2527.28	13.1554
2529.22	13.0151
2531.16	13.0263
2533.1	10.1329
2535.03	13.8837
2536.97	10.2089
2538.91	10.9867
2540.84	15.6196
2542.77	11.8964
2544.71	11.5965
2546.64	13.1375
2548.57	12.5944
2550.5	11.3757
2552.43	11.8167
2554.36	10.7988
2556.29	12.1061
2558.21	9.9949
2560.14	11.8448
2562.07	12.0882
2563.99	12.4169
2565.91	12.7979
2567.84	13.0218
2569.76	13.8197
2571.68	13.5862
2573.6	10.3648
2575.52	13.0485
2577.44	10.0807
2579.36	11.1143
2581.27	12.8538
2583.19	14.2879
2585.1	13.2453
2587.02	8.21257
2588.93	9.77279
2590.84	8.95378
2592.75	6.43251
2594.67	9.74599
2596.58	9.04232
2598.48	6.8151
2600.39	9.30414
