105.443	19348.8
108.528	17978.8
111.612	16431.8
114.693	14888.2
117.774	13526.5
120.854	12225.5
123.931	11106.2
127.007	10066.4
130.081	9163.16
133.155	8414.83
136.226	7693.25
139.296	7094.62
142.364	6613.98
145.431	6138.72
148.496	5824.46
151.559	5496.3
154.622	5202.69
157.682	5044.63
160.741	4831.04
163.799	4653.59
166.855	4502.5
169.91	4366.19
172.963	4229.53
176.014	4133.98
179.064	4077.84
182.113	4004.9
185.16	3971.04
188.205	3961.72
191.249	3984.85
194.291	3913.49
197.333	3904.9
200.372	3899.72
203.409	3913.22
206.446	3909.52
209.48	3947.88
212.514	4035.23
215.546	4193.76
218.577	4441.71
221.605	4616.62
224.633	4703.33
227.658	4622.43
230.682	4479.54
233.706	4295.43
236.727	4131.47
239.747	3975.97
242.765	3871.3
245.782	3822.42
248.797	3718.7
251.811	3707.03
254.823	3674.56
257.834	3587.12
260.844	3555.91
263.852	3545.55
266.858	3526.45
269.863	3587.16
272.866	3599.88
275.868	3630.26
278.869	3646.82
281.867	3677.99
284.865	3721.25
287.861	3746.65
290.856	3728.65
293.848	3756.09
296.84	3711.59
299.83	3728.34
302.819	3709.33
305.806	3693.41
308.791	3676.19
311.775	3697.09
314.758	3706.31
317.739	3722.22
320.719	3749.33
323.697	3795.54
326.674	3800.38
329.649	3805.38
332.623	3882.29
335.595	3857.14
338.566	3874.83
341.535	3864.63
344.504	3854.32
347.47	3811.48
350.434	3788.16
353.399	3810.59
356.36	3783.06
359.321	3813.47
362.281	3832.19
365.238	3891.56
368.194	3965.53
371.149	4071.61
374.102	4256.44
377.054	4427.13
380.005	4477.24
382.954	4395.25
385.901	4291.12
388.847	4206.8
391.792	4125.17
394.735	4095.18
397.676	4061.3
400.617	4079.08
403.555	4033.52
406.493	4033.12
409.429	4019.01
412.363	3987.66
415.297	3972.64
418.228	3959.28
421.158	3968.58
424.087	3933.13
427.014	3948.6
429.94	3964.24
432.864	3966.55
435.787	3959.85
438.709	3984.25
441.629	3965.07
444.547	3988.65
447.464	3982.11
450.38	3942.44
453.294	3954.19
456.208	3932.42
459.119	3900.48
462.028	3874.89
464.938	3879.7
467.844	3872.69
470.75	3873.24
473.654	3861.35
476.557	3848.75
479.459	3869.97
482.359	3931.07
485.257	3955.7
488.154	3992.86
491.05	4005.92
493.945	4033.21
496.838	4070.38
499.729	4064.77
502.619	4075.01
505.508	4102.67
508.395	4086.24
511.281	4125.33
514.165	4343.35
517.049	4724.23
519.93	5239.67
522.81	5383.68
525.689	5042.21
528.566	4698.34
531.442	4369.36
534.317	4187.19
537.19	4183.7
540.062	4137.87
542.932	4117.55
545.801	4061.19
548.669	4118.98
551.534	4120.92
554.399	4111.28
557.262	4155.29
560.124	4111.25
562.985	4169.83
565.844	4190.39
568.702	4213.37
571.558	4221.75
574.413	4235.67
577.266	4180.46
580.118	4220.19
582.969	4211.63
585.819	4223.36
588.666	4219.86
591.513	4196.9
594.359	4192.38
597.202	4239.73
600.045	4259.6
602.885	4365.49
605.725	4620.43
608.564	5126.57
611.4	5438.97
614.236	5111.23
617.07	4689.75
619.902	4436.7
622.734	4341.63
625.564	4308.25
628.393	4298.65
631.219	4251.69
634.045	4262
636.87	4244.18
639.693	4218.31
642.515	4247.21
645.335	4195.54
648.153	4195.16
650.971	4190.35
653.787	4189
656.602	4147.48
659.416	4127.91
662.228	4073.8
665.038	4047.19
667.848	4023.83
670.655	4027.61
673.462	4001.19
676.268	3979.17
679.071	3971.32
681.874	4010.66
684.675	3967.46
687.475	3984.3
690.273	4021.33
693.07	4017.74
695.866	4049.11
698.66	4025.38
701.453	4064.73
704.244	4050.28
707.035	4058.45
709.824	4066.52
712.612	4076.21
715.397	4098.42
718.183	4064.3
720.966	4067.8
723.748	4085.48
726.529	4098.56
729.308	4088.61
732.087	4094.6
734.863	4135.42
737.639	4180.38
740.413	4213.42
743.186	4283.38
745.956	4267.3
748.726	4262.09
751.495	4275.56
754.262	4200.72
757.029	4180.46
759.793	4131.53
762.557	4073.31
765.318	4084.88
768.079	4053.91
770.839	4051.6
773.597	4033.57
776.353	4036.42
779.109	4086.61
781.862	4050.72
784.615	4069.23
787.366	4101.67
790.116	4236.69
792.865	4432.47
795.612	4811.79
798.358	5467.26
801.102	6373.57
803.846	7244.51
806.588	7559.16
809.329	7387.22
812.068	7116.02
814.806	6989.01
817.542	7074.35
820.278	6928.37
823.012	6546.54
825.744	5992.86
828.476	5465.02
831.206	5013.74
833.935	4708.89
836.662	4528.57
839.388	4417.73
842.113	4339.45
844.836	4264.58
847.558	4204.78
850.279	4178.53
852.999	4136.1
855.718	4134.8
858.435	4089.66
861.15	4071.18
863.865	4101.91
866.577	4080.52
869.289	4021.21
871.999	3996.32
874.709	4011.81
877.417	4013.55
880.123	4025.08
882.828	3960.31
885.531	3998.93
888.234	3968.82
890.936	3959.15
893.635	3928.84
896.334	3898.83
899.031	3913.43
901.728	3927.57
904.422	3919.39
907.116	3927.22
909.808	3942.46
912.499	3981.15
915.188	3994.28
917.877	3992.09
920.563	4017.24
923.249	3986.29
925.934	3963.12
928.617	3982.05
931.298	4012.09
933.979	3990.15
936.658	3996.45
939.336	4007.06
942.013	3998.63
944.688	3991.61
947.362	4009.49
950.035	4011.28
952.706	4018.05
955.377	4051.22
958.045	4051.01
960.714	4058.34
963.38	4122.68
966.044	4161.84
968.709	4261.2
971.372	4376.71
974.033	4627.77
976.693	4910.79
979.351	5411.36
982.009	6669.78
984.665	9024.08
987.32	11074.7
989.974	10530.6
992.626	8396.32
995.277	6601.26
997.926	5502.96
1000.57	4865.94
1003.22	4585
1005.87	4373.57
1008.51	4352.49
1011.16	4489.78
1013.8	5023.75
1016.44	6223.8
1019.08	7368.03
1021.72	6947.14
1024.35	5775.95
1026.99	4818.67
1029.63	4317.36
1032.26	4073.85
1034.89	3949.66
1037.52	3935.14
1040.15	3904.37
1042.78	3880.99
1045.41	3852.34
1048.03	3869.31
1050.66	3880.65
1053.28	3889.83
1055.9	3860.6
1058.52	3849.67
1061.14	3857.04
1063.76	3863.15
1066.38	3871.56
1068.99	3890.78
1071.61	3905.72
1074.22	3873.22
1076.83	3907.61
1079.44	3860.67
1082.05	3905.56
1084.66	3866.7
1087.27	3872.93
1089.87	3881.96
1092.48	3849.48
1095.08	3850.93
1097.68	3845.7
1100.29	3842.81
1102.88	3831.41
1105.48	3818.76
1108.08	3832.1
1110.68	3832.5
1113.27	3842.13
1115.86	3818.83
1118.46	3789.76
1121.05	3801.58
1123.64	3795.18
1126.23	3769.48
1128.81	3785.4
1131.4	3780.08
1133.98	3847.21
1136.57	3919.56
1139.15	4041.22
1141.73	4190.61
1144.31	4413.16
1146.89	4464.99
1149.47	4366.07
1152.04	4236.67
1154.62	4110.08
1157.19	4026.73
1159.76	4067.54
1162.33	4149.77
1164.9	4305.25
1167.47	4383.17
1170.04	4333.27
1172.61	4160.8
1175.17	4005.91
1177.74	3909.35
1180.3	3895.67
1182.86	3826.96
1185.42	3810.11
1187.98	3802.44
1190.54	3744.25
1193.09	3774.54
1195.65	3761.42
1198.2	3721.98
1200.76	3705.91
1203.31	3709.57
1205.86	3730.39
1208.41	3712.38
1210.96	3704.51
1213.5	3704.93
1216.05	3727.29
1218.59	3736.73
1221.14	3722.15
1223.68	3771.32
1226.22	3753.26
1228.76	3805.73
1231.3	3783.91
1233.84	3807.63
1236.37	3846.14
1238.91	3821.77
1241.44	3830.18
1243.97	3840.02
1246.5	3905.93
1249.03	3929.69
1251.56	4010.47
1254.09	4023.78
1256.62	4142.48
1259.14	4211.06
1261.67	4252.44
1264.19	4389.61
1266.71	4448.01
1269.23	4464.29
1271.75	4466.88
1274.27	4445.49
1276.78	4347.55
1279.3	4277.39
1281.81	4186.34
1284.33	4076.79
1286.84	4018.11
1289.35	3921.72
1291.86	3870.87
1294.37	3827.77
1296.88	3835.4
1299.38	3797.66
1301.89	3811.63
1304.39	3787.57
1306.89	3807.55
1309.4	3760.88
1311.9	3771.29
1314.4	3780.54
1316.89	3725.67
1319.39	3751.67
1321.89	3760.75
1324.38	3765.28
1326.87	3747.12
1329.37	3797.85
1331.86	3799.86
1334.35	3771.7
1336.83	3790.41
1339.32	3761.84
1341.81	3739.13
1344.29	3737.83
1346.78	3738.81
1349.26	3729.53
1351.74	3739.83
1354.22	3710.97
1356.7	3699.61
1359.18	3721.36
1361.65	3732.18
1364.13	3713.19
1366.6	3732.87
1369.08	3690.15
1371.55	3707.51
1374.02	3659.8
1376.49	3672.49
1378.96	3705.36
1381.43	3735.89
1383.89	3663.8
1386.36	3680.55
1388.82	3683.88
1391.28	3685.43
1393.75	3660.79
1396.21	3690.61
1398.67	3652.54
1401.12	3649
1403.58	3653.3
1406.04	3646.39
1408.49	3653.56
1410.95	3645.16
1413.4	3643.73
1415.85	3666.17
1418.3	3641.66
1420.75	3636.93
1423.2	3615.45
1425.64	3611.77
1428.09	3649.86
1430.53	3627.04
1432.97	3601.3
1435.42	3623.27
1437.86	3591.07
1440.3	3592.54
1442.74	3567.04
1445.17	3587.46
1447.61	3606.13
1450.05	3598.21
1452.48	3586.19
1454.91	3624.85
1457.34	3664.95
1459.77	3679.26
1462.2	3626.66
1464.63	3623.95
1467.06	3602.94
1469.48	3587.48
1471.91	3572.2
1474.33	3566.59
1476.76	3553.94
1479.18	3566.92
1481.6	3597.26
1484.02	3600.66
1486.44	3605.32
1488.85	3656.4
1491.27	3637.72
1493.68	3649.96
1496.1	3590.96
1498.51	3585.14
1500.92	3594.77
1503.33	3576.11
1505.74	3544.57
1508.15	3561.75
1510.55	3514.23
1512.96	3539.76
1515.36	3546.73
1517.77	3496.46
1520.17	3544.3
1522.57	3508.5
1524.97	3504.95
1527.37	3497.85
1529.77	3487.15
1532.16	3496.79
1534.56	3466.81
1536.95	3468.58
1539.35	3455.99
1541.74	3449.73
1544.13	3471.97
1546.52	3462.47
1548.91	3445.96
1551.3	3494.22
1553.68	3461.23
1556.07	3500.57
1558.45	3465.28
1560.84	3495.6
1563.22	3502.41
1565.6	3512.27
1567.98	3486.46
1570.36	3555.44
1572.74	3579.35
1575.11	3638.72
1577.49	3670.98
1579.86	3708.95
1582.24	3698.2
1584.61	3742.11
1586.98	3850.17
1589.35	4071.37
1591.72	4458.49
1594.08	4734.07
1596.45	4784.06
1598.82	4589.81
1601.18	4260.94
1603.54	4030.3
1605.91	3939.56
1608.27	3869.08
1610.63	3882.52
1612.99	3844.99
1615.34	3781.61
1617.7	3726
1620.06	3661.28
1622.41	3627.33
1624.76	3538.53
1627.12	3499.65
1629.47	3467.72
1631.82	3406.5
1634.17	3396.23
1636.51	3369.8
1638.86	3357.18
1641.21	3332.32
1643.55	3313.16
1645.9	3300.46
1648.24	3281.27
1650.58	3260.46
1652.92	3266.88
1655.26	3266.12
1657.6	3270.27
1659.93	3264.49
1662.27	3256.33
1664.6	3244.42
1666.94	3227.76
1669.27	3241.99
1671.6	3196.79
1673.93	3193.46
1676.26	3212.38
1678.59	3211.5
1680.92	3200.23
1683.24	3179.79
1685.57	3171
1687.89	3161.79
1690.22	3138.86
1692.54	3175.04
1694.86	3161.64
1697.18	3155.51
1699.5	3131.88
1701.81	3122.53
1704.13	3145.42
1706.45	3129.24
1708.76	3138.13
1711.07	3136.83
1713.38	3108.21
1715.7	3080.38
1718.01	3061.99
1720.31	3097.04
1722.62	3067.93
1724.93	3072.47
1727.24	3087.76
1729.54	3073.12
1731.84	3047.02
1734.15	3058.32
1736.45	3061.63
1738.75	3071.71
1741.05	3059.78
1743.35	3058.77
1745.64	3040.12
1747.94	3061.38
1750.23	3037.94
1752.53	3028.43
1754.82	3012.76
1757.11	3026.21
1759.4	3004.95
1761.69	2964.91
1763.98	2974.22
1766.27	2950.61
1768.56	2957.64
1770.84	2949.02
1773.13	2952.03
1775.41	2909.13
1777.69	2930.44
1779.97	2908.99
1782.25	2895.77
1784.53	2896.23
1786.81	2876.91
1789.09	2891.15
1791.36	2862.97
1793.64	2876.44
1795.91	2877.17
1798.18	2875.17
1800.46	2860.67
1802.73	2840.63
1805	2852.76
1807.27	2848.05
1809.53	2831.27
1811.8	2820.71
1814.07	2819.6
1816.33	2819.42
1818.59	2778.39
1820.86	2794.63
1823.12	2781.49
1825.38	2794.67
1827.64	2761.14
1829.89	2779.24
1832.15	2740.24
1834.41	2753.95
1836.66	2788.35
1838.92	2758.02
1841.17	2722.85
1843.42	2751.85
1845.67	2731.72
1847.92	2725.41
1850.17	2703.03
1852.42	2709.66
1854.67	2695.81
1856.91	2690.91
1859.16	2691.99
1861.4	2684.64
1863.64	2685.77
1865.88	2678.07
1868.12	2684.11
1870.36	2643.36
1872.6	2661.4
1874.84	2644.33
1877.08	2651.6
1879.31	2642.75
1881.54	2610.2
1883.78	2620.64
1886.01	2615.41
1888.24	2590.73
1890.47	2604.43
1892.7	2589.02
1894.93	2570.25
1897.16	2583.95
1899.38	2566.16
1901.61	2570.3
1903.83	2556.25
1906.05	2547
1908.28	2529.67
1910.5	2525.44
1912.72	2532.74
1914.94	2533.6
1917.16	2502.04
1919.37	2482.51
1921.59	2506.67
1923.8	2476.41
1926.02	2479.3
1928.23	2491.99
1930.44	2460.32
1932.65	2455.42
1934.86	2485.71
1937.07	2459.12
1939.28	2435.3
1941.48	2446.16
1943.69	2414.51
1945.9	2404.75
1948.1	2389.27
1950.3	2396.9
1952.5	2372.95
1954.7	2384.52
1956.9	2374.2
1959.1	2341.83
1961.3	2355.69
1963.5	2361.63
1965.69	2363.67
1967.89	2329.28
1970.08	2321.01
1972.27	2310.52
1974.46	2304.35
1976.66	2291.88
1978.84	2305.75
1981.03	2270.88
1983.22	2284.04
1985.41	2275.11
1987.59	2266.21
1989.78	2271.35
1991.96	2263.09
1994.14	2221.41
1996.32	2222.51
1998.51	2210.74
2000.69	2204.66
2002.86	2214.2
2005.04	2193.47
2007.22	2182.55
2009.39	2160.29
2011.57	2181.83
2013.74	2169.22
2015.91	2121.99
2018.09	2134.29
2020.26	2115.66
2022.43	2115.91
2024.59	2110.37
2026.76	2103.34
2028.93	2087.5
2031.09	2078.04
2033.26	2078.57
2035.42	2075.26
2037.59	2071.23
2039.75	2066.86
2041.91	2053.11
2044.07	2033.37
2046.23	2015.56
2048.38	2006.68
2050.54	2006.84
2052.7	1981.74
2054.85	1996.7
2057	1965.03
2059.16	1974.31
2061.31	1975.89
2063.46	1978.71
2065.61	1962.79
2067.76	1970.66
2069.91	1953.64
2072.05	1951.02
2074.2	1913.42
2076.34	1929.8
2078.49	1925.18
2080.63	1921.19
2082.77	1912.04
2084.91	1921.65
2087.05	1887.87
2089.19	1855.41
2091.33	1874.79
2093.47	1848.2
2095.6	1860.78
2097.74	1873.2
2099.87	1816.41
2102.01	1826.6
2104.14	1809.51
2106.27	1823.89
2108.4	1821.84
2110.53	1805.27
2112.66	1754.11
2114.79	1791.42
2116.91	1755.57
2119.04	1769.58
2121.16	1769.77
2123.29	1744.35
2125.41	1716
2127.53	1720.94
2129.65	1708.04
2131.77	1707.87
2133.89	1707.31
2136.01	1680.69
2138.12	1686.86
2140.24	1690.11
2142.35	1683.49
2144.47	1683.59
2146.58	1669.46
2148.69	1650.41
2150.8	1649.1
2152.91	1649.48
2155.02	1637.84
2157.13	1631.44
2159.24	1613.77
2161.34	1624.68
2163.45	1622.39
2165.55	1607.41
2167.66	1594.03
2169.76	1613.18
2171.86	1577.92
2173.96	1596.01
2176.06	1582.88
2178.16	1559.85
2180.26	1571.36
2182.35	1553.58
2184.45	1549.93
2186.54	1541.26
2188.64	1536.09
2190.73	1523.82
2192.82	1521.85
2194.91	1503.44
2197	1516.76
2199.09	1507.53
2201.18	1462.49
2203.27	1503.33
2205.35	1474.33
2207.44	1472.52
2209.52	1461.71
2211.61	1463.98
2213.69	1447.55
2215.77	1457.27
2217.85	1418.98
2219.93	1427.11
2222.01	1411.69
2224.09	1414.77
2226.16	1409.46
2228.24	1403.03
2230.31	1399.57
2232.39	1389.84
2234.46	1368.63
2236.53	1375.75
2238.6	1379.23
2240.67	1354.67
2242.74	1363.33
2244.81	1356.64
2246.88	1336.65
2248.94	1345.14
2251.01	1332.39
2253.07	1324.37
2255.14	1310.7
2257.2	1291.56
2259.26	1293.94
2261.32	1286.25
2263.38	1298.35
2265.44	1268.16
2267.5	1276.81
2269.56	1258.09
2271.61	1246.29
2273.67	1248.66
2275.72	1249
2277.78	1233.57
2279.83	1237.82
2281.88	1203.26
2283.93	1227.55
2285.98	1199.21
2288.03	1194.03
2290.08	1200.24
2292.12	1208.46
2294.17	1200.67
2296.21	1187.11
2298.26	1170.03
2300.3	1157.71
2302.34	1165
2304.38	1141.01
2306.42	1134.1
2308.46	1132.87
2310.5	1148.6
2312.54	1130.6
2314.58	1125.64
2316.61	1098.63
2318.65	1099.79
2320.68	1102.37
2322.71	1095.53
2324.75	1099.6
2326.78	1105.48
2328.81	1091.39
2330.84	1079.99
2332.86	1078.88
2334.89	1073.89
2336.92	1082.3
2338.94	1053
2340.97	1055.02
2342.99	1052.01
2345.02	1057.08
2347.04	1041.95
2349.06	1037.41
2351.08	1035.04
2353.1	1004.47
2355.12	1007.58
2357.13	1017.47
2359.15	994.57
2361.17	1006.89
2363.18	985.091
2365.19	988.785
2367.21	966.074
2369.22	981.26
2371.23	969.078
2373.24	975.539
2375.25	959.265
2377.26	959.435
2379.27	970.992
2381.27	932.372
2383.28	947.874
2385.28	932.066
2387.29	932.285
2389.29	927.2
2391.29	915.541
2393.29	915.378
2395.29	899.452
2397.29	897.463
2399.29	889.915
2401.29	880.967
2403.28	888.065
2405.28	876.198
2407.27	884.821
2409.27	876.933
2411.26	874.755
2413.25	859.424
2415.25	864.394
2417.24	854.682
2419.22	847.154
2421.21	852.288
2423.2	843.225
2425.19	845.899
2427.17	831.254
2429.16	829.06
2431.14	803.928
2433.13	807.915
2435.11	800.573
2437.09	799.185
2439.07	785.601
2441.05	793.552
2443.03	773.941
2445.01	775.977
2446.98	775.185
2448.96	771.551
2450.93	777.193
2452.91	764.364
2454.88	746.564
2456.85	764.51
2458.83	737.262
2460.8	731.373
2462.77	748.411
2464.74	738.411
2466.7	731.099
2468.67	720.576
2470.64	719.628
2472.6	711.854
2474.57	711.777
2476.53	725.986
2478.49	693.814
2480.46	700.074
2482.42	692.111
2484.38	688.162
2486.34	672.888
2488.29	677.141
2490.25	673.877
2492.21	680.88
2494.16	669.613
2496.12	667.489
2498.07	659.952
2500.03	651.801
2501.98	655.721
2503.93	648.933
2505.88	635.137
2507.83	646.126
2509.78	647.885
2511.73	655.378
2513.67	660.119
2515.62	654.522
2517.56	624.241
2519.51	627.983
2521.45	622.266
2523.4	614.759
2525.34	616.241
2527.28	604.21
2529.22	603.134
2531.16	606.88
2533.1	584.435
2535.03	597.268
2536.97	575.948
2538.91	587.269
2540.84	579.325
2542.77	560.324
2544.71	581.711
2546.64	570.823
2548.57	572.721
2550.5	558.914
2552.43	564.367
2554.36	549.142
2556.29	554.211
2558.21	546.434
2560.14	538.832
2562.07	538.044
2563.99	528.277
2565.91	533.078
2567.84	525.161
2569.76	528.993
2571.68	525.613
2573.6	516.549
2575.52	520.24
2577.44	524.913
2579.36	507.94
2581.27	504.164
2583.19	508.98
2585.1	505.857
2587.02	498.286
2588.93	500.29
2590.84	486.698
2592.75	493.11
2594.67	491.136
2596.58	490.324
2598.48	476.702
2600.39	481.552
