105.443	19201.9
108.528	17866
111.612	16359.3
114.693	14810.6
117.774	13386
120.854	12177.8
123.931	10996.8
127.007	9963.09
130.081	9117
133.155	8268.66
136.226	7649.49
139.296	7038.95
142.364	6541.06
145.431	6102.25
148.496	5715.4
151.559	5376.65
154.622	5197.85
157.682	4967.09
160.741	4792.78
163.799	4580.92
166.855	4425.22
169.91	4305.37
172.963	4176.78
176.014	4063.86
179.064	4013.45
182.113	3957.83
185.16	3922.89
188.205	3867.77
191.249	3895.43
194.291	3898.02
197.333	3863.44
200.372	3863.72
203.409	3859.73
206.446	3863.62
209.48	3925.08
212.514	3974.9
215.546	4134.1
218.577	4379.61
221.605	4572.03
224.633	4666.71
227.658	4610.89
230.682	4419.8
233.706	4247.36
236.727	4068.77
239.747	3947.9
242.765	3825.71
245.782	3730.39
248.797	3661.59
251.811	3611.53
254.823	3566.58
257.834	3576.64
260.844	3547.95
263.852	3520.74
266.858	3510.92
269.863	3535.81
272.866	3554.54
275.868	3582.38
278.869	3611.27
281.867	3655.32
284.865	3690.49
287.861	3695.74
290.856	3696.65
293.848	3685.55
296.84	3660.54
299.83	3662.41
302.819	3653.88
305.806	3654.07
308.791	3664.33
311.775	3656.94
314.758	3645.11
317.739	3645.83
320.719	3700.22
323.697	3724.59
326.674	3738.95
329.649	3784.83
332.623	3840.46
335.595	3816.34
338.566	3784.93
341.535	3822.96
344.504	3797.85
347.47	3744.01
350.434	3788.4
353.399	3783.59
356.36	3748.03
359.321	3730.24
362.281	3775.43
365.238	3844.26
368.194	3886.32
371.149	4041.51
374.102	4213.8
377.054	4384.16
380.005	4401.43
382.954	4352.94
385.901	4231.36
388.847	4117.22
391.792	4045.77
394.735	4025.59
397.676	4016
400.617	4008.82
403.555	4000.68
406.493	3929.56
409.429	3913.64
412.363	3913.27
415.297	3922.43
418.228	3954.85
421.158	3906
424.087	3886.08
427.014	3919.94
429.94	3893.4
432.864	3895.1
435.787	3921.17
438.709	3930.7
441.629	3929.41
444.547	3904.32
447.464	3909.81
450.38	3910.14
453.294	3922.04
456.208	3860.5
459.119	3844.01
462.028	3817.48
464.938	3848.18
467.844	3821.12
470.75	3816.81
473.654	3812.47
476.557	3811.19
479.459	3816.25
482.359	3852.89
485.257	3879.03
488.154	3880.7
491.05	3946.58
493.945	4027.06
496.838	3993.05
499.729	4039.37
502.619	4016.39
505.508	4013.56
508.395	4017.6
511.281	4113.12
514.165	4247.28
517.049	4621.82
519.93	5157.98
522.81	5328.85
525.689	4982.14
528.566	4598.55
531.442	4328.58
534.317	4156.4
537.19	4100.48
540.062	4102.98
542.932	4047.94
545.801	4052.55
548.669	4060.78
551.534	4060.72
554.399	4067.29
557.262	4049.43
560.124	4095.08
562.985	4104.52
565.844	4130.48
568.702	4124.3
571.558	4118.97
574.413	4144.96
577.266	4154.79
580.118	4171.59
582.969	4122.92
585.819	4137.39
588.666	4098.28
591.513	4104.13
594.359	4162.91
597.202	4184.93
600.045	4206.74
602.885	4335.99
605.725	4557.85
608.564	5028.07
611.4	5326.78
614.236	5013.76
617.07	4631.9
619.902	4409.72
622.734	4247.51
625.564	4236.56
628.393	4207.29
631.219	4206.7
634.045	4190.48
636.87	4158.72
639.693	4155.37
642.515	4175.85
645.335	4171.27
648.153	4132.14
650.971	4132.84
653.787	4112.58
656.602	4063.96
659.416	4050.89
662.228	4012.27
665.038	3973.4
667.848	3967.83
670.655	3950.67
673.462	3940.34
676.268	3921
679.071	3942.8
681.874	3934.41
684.675	3963.78
687.475	3956.09
690.273	3989.62
693.07	3927.8
695.866	3974.59
698.66	3961.22
701.453	3978.02
704.244	4016.22
707.035	4002.49
709.824	4029.95
712.612	4049.72
715.397	4047.52
718.183	4054.11
720.966	4026.41
723.748	4038.58
726.529	4033.35
729.308	4031.54
732.087	4063.31
734.863	4087.39
737.639	4122.12
740.413	4147.82
743.186	4178.89
745.956	4188.15
748.726	4230.34
751.495	4190.51
754.262	4185.76
757.029	4090
759.793	4063.72
762.557	4075.61
765.318	4006.22
768.079	4025.7
770.839	4020.91
773.597	3968.59
776.353	3963.42
779.109	3975.12
781.862	3989.09
784.615	3998.09
787.366	4096.23
790.116	4196.23
792.865	4408.85
795.612	4770.98
798.358	5366.73
801.102	6315.97
803.846	7152.56
806.588	7510.71
809.329	7379.41
812.068	7021.44
814.806	6915.59
817.542	6917.12
820.278	6827.94
823.012	6471.56
825.744	5956.67
828.476	5379.71
831.206	4941.46
833.935	4679.68
836.662	4440.19
839.388	4367.72
842.113	4285.75
844.836	4195.4
847.558	4122.06
850.279	4120.99
852.999	4112.43
855.718	4075.82
858.435	4008.43
861.15	4051.69
863.865	4003.33
866.577	3994.8
869.289	3968.77
871.999	3996.16
874.709	4016.35
877.417	3958.84
880.123	3963.37
882.828	3902.93
885.531	3906.78
888.234	3877.72
890.936	3888.69
893.635	3846.95
896.334	3864.32
899.031	3890.59
901.728	3869.5
904.422	3884.85
907.116	3870.23
909.808	3911.26
912.499	3900.71
915.188	3925.91
917.877	3936.83
920.563	3941.54
923.249	3936.96
925.934	3949.1
928.617	3940.97
931.298	3948.2
933.979	3948.39
936.658	3924.98
939.336	3960.51
942.013	3949.77
944.688	3925.21
947.362	3940.01
950.035	3958.57
952.706	3966.83
955.377	3957.79
958.045	3992.02
960.714	4042.81
963.38	4029.25
966.044	4104.04
968.709	4189.07
971.372	4351.94
974.033	4562.71
976.693	4834.45
979.351	5342.13
982.009	6615.23
984.665	8936.25
987.32	11010.2
989.974	10467.9
992.626	8367.47
995.277	6585.09
997.926	5415.64
1000.57	4849.21
1003.22	4509.75
1005.87	4352.61
1008.51	4300.96
1011.16	4464.76
1013.8	4975.56
1016.44	6155.83
1019.08	7302.54
1021.72	6939.21
1024.35	5754.08
1026.99	4782.37
1029.63	4264.35
1032.26	4022.78
1034.89	3911.32
1037.52	3881.73
1040.15	3860.59
1042.78	3836.87
1045.41	3829.52
1048.03	3794.81
1050.66	3827.74
1053.28	3822.89
1055.9	3802.81
1058.52	3835.25
1061.14	3833.81
1063.76	3798.92
1066.38	3850.19
1068.99	3843.17
1071.61	3831.44
1074.22	3845.92
1076.83	3847.5
1079.44	3828.53
1082.05	3841.69
1084.66	3833.24
1087.27	3854.38
1089.87	3791.31
1092.48	3788.6
1095.08	3801.1
1097.68	3797.07
1100.29	3800.19
1102.88	3783.05
1105.48	3781.93
1108.08	3792.61
1110.68	3796.75
1113.27	3777.71
1115.86	3812.21
1118.46	3770.09
1121.05	3724.21
1123.64	3765.71
1126.23	3719.26
1128.81	3732.15
1131.4	3754.4
1133.98	3771.63
1136.57	3854.52
1139.15	3996.53
1141.73	4157.42
1144.31	4353.76
1146.89	4408.8
1149.47	4340.15
1152.04	4200.25
1154.62	4056.14
1157.19	3995.58
1159.76	4000.41
1162.33	4068.19
1164.9	4256.06
1167.47	4357.88
1170.04	4244.46
1172.61	4132.38
1175.17	3979.36
1177.74	3863.57
1180.3	3835.38
1182.86	3773.34
1185.42	3753.39
1187.98	3749.27
1190.54	3753.24
1193.09	3724.11
1195.65	3708.42
1198.2	3663.25
1200.76	3655.48
1203.31	3673.96
1205.86	3683.36
1208.41	3694.82
1210.96	3706.01
1213.5	3678.17
1216.05	3698.65
1218.59	3736.96
1221.14	3723.61
1223.68	3720.13
1226.22	3727.42
1228.76	3751.65
1231.3	3737.19
1233.84	3746.32
1236.37	3788.48
1238.91	3796.63
1241.44	3778.55
1243.97	3831.47
1246.5	3853.95
1249.03	3891.95
1251.56	3974.35
1254.09	4040.39
1256.62	4099.87
1259.14	4116.15
1261.67	4245.69
1264.19	4301.6
1266.71	4399.93
1269.23	4451.87
1271.75	4429.14
1274.27	4379.89
1276.78	4319.13
1279.3	4220.48
1281.81	4136.96
1284.33	4009.25
1286.84	3937.66
1289.35	3876.72
1291.86	3814.87
1294.37	3783.14
1296.88	3792.11
1299.38	3777.45
1301.89	3777.37
1304.39	3745.91
1306.89	3762.36
1309.4	3736.8
1311.9	3715.57
1314.4	3717.88
1316.89	3714.26
1319.39	3692.93
1321.89	3693.56
1324.38	3701.77
1326.87	3700.56
1329.37	3713.11
1331.86	3737.69
1334.35	3710.48
1336.83	3756.23
1339.32	3740.64
1341.81	3719.74
1344.29	3680.22
1346.78	3672.64
1349.26	3688.19
1351.74	3659.58
1354.22	3691.77
1356.7	3678.23
1359.18	3693.63
1361.65	3655.99
1364.13	3654.46
1366.6	3677.03
1369.08	3687.77
1371.55	3661.24
1374.02	3673.41
1376.49	3645.59
1378.96	3664.87
1381.43	3653.97
1383.89	3674.5
1386.36	3627.27
1388.82	3653.7
1391.28	3620.21
1393.75	3612.53
1396.21	3659.55
1398.67	3654.21
1401.12	3629.15
1403.58	3617.99
1406.04	3592.8
1408.49	3586.49
1410.95	3604.85
1413.4	3595.5
1415.85	3600.28
1418.3	3606.04
1420.75	3590.87
1423.2	3602.74
1425.64	3587.83
1428.09	3590.36
1430.53	3555.6
1432.97	3592.32
1435.42	3559.64
1437.86	3603.76
1440.3	3558.47
1442.74	3565.03
1445.17	3561.46
1447.61	3553.62
1450.05	3573.76
1452.48	3593.24
1454.91	3574.99
1457.34	3585.78
1459.77	3616.59
1462.2	3608.58
1464.63	3600.23
1467.06	3572.18
1469.48	3573.22
1471.91	3543.83
1474.33	3544.36
1476.76	3564.82
1479.18	3562.05
1481.6	3556.75
1484.02	3600.82
1486.44	3580.74
1488.85	3610.79
1491.27	3610.29
1493.68	3612.14
1496.1	3594.29
1498.51	3563.96
1500.92	3557.84
1503.33	3525
1505.74	3552.94
1508.15	3528.12
1510.55	3498.06
1512.96	3503.94
1515.36	3509.94
1517.77	3463.81
1520.17	3492.38
1522.57	3502.39
1524.97	3486.8
1527.37	3450.12
1529.77	3460.37
1532.16	3449.7
1534.56	3435.14
1536.95	3473.8
1539.35	3409.57
1541.74	3448.77
1544.13	3445.96
1546.52	3460.07
1548.91	3443.66
1551.3	3454.07
1553.68	3407.99
1556.07	3468.15
1558.45	3452.86
1560.84	3437.21
1563.22	3446.69
1565.6	3457.56
1567.98	3487.03
1570.36	3533.21
1572.74	3560.85
1575.11	3591.12
1577.49	3646.68
1579.86	3652.18
1582.24	3683.7
1584.61	3685.33
1586.98	3797.18
1589.35	4048.1
1591.72	4411.43
1594.08	4691.32
1596.45	4784.75
1598.82	4508.25
1601.18	4226
1603.54	3993.8
1605.91	3904.33
1608.27	3838.42
1610.63	3829.13
1612.99	3772.84
1615.34	3752.83
1617.7	3654.03
1620.06	3670.06
1622.41	3555.77
1624.76	3475.95
1627.12	3498.45
1629.47	3437.15
1631.82	3380.92
1634.17	3391.03
1636.51	3364.17
1638.86	3319.05
1641.21	3291.35
1643.55	3300.87
1645.9	3308.59
1648.24	3275.16
1650.58	3248.71
1652.92	3236.44
1655.26	3230.3
1657.6	3234.24
1659.93	3207.21
1662.27	3242.12
1664.6	3213.14
1666.94	3185.03
1669.27	3194.24
1671.6	3175.03
1673.93	3155.65
1676.26	3162.4
1678.59	3196.11
1680.92	3183.77
1683.24	3145.56
1685.57	3107.82
1687.89	3157.63
1690.22	3146.94
1692.54	3137.79
1694.86	3135.27
1697.18	3116.68
1699.5	3117.29
1701.81	3108.71
1704.13	3119.05
1706.45	3121.19
1708.76	3117.49
1711.07	3114.15
1713.38	3102.07
1715.7	3062.65
1718.01	3103.91
1720.31	3060.84
1722.62	3060.67
1724.93	3057.64
1727.24	3030.74
1729.54	3043.35
1731.84	3044.48
1734.15	3041.19
1736.45	3020.67
1738.75	3048.48
1741.05	3042.97
1743.35	3009.01
1745.64	3038.67
1747.94	3020.96
1750.23	3001.2
1752.53	3012.02
1754.82	2973.96
1757.11	3005.73
1759.4	2979.76
1761.69	2955.13
1763.98	2951.82
1766.27	2942.05
1768.56	2950.41
1770.84	2921.21
1773.13	2906.27
1775.41	2924.61
1777.69	2876.76
1779.97	2902.17
1782.25	2898.76
1784.53	2881.7
1786.81	2855.55
1789.09	2850.82
1791.36	2858.6
1793.64	2835.51
1795.91	2837.24
1798.18	2855.34
1800.46	2803.78
1802.73	2811.88
1805	2803.41
1807.27	2816.46
1809.53	2806.63
1811.8	2802.77
1814.07	2782.29
1816.33	2770.22
1818.59	2775.61
1820.86	2789.97
1823.12	2764.46
1825.38	2758.03
1827.64	2747.31
1829.89	2725.26
1832.15	2716.45
1834.41	2730.03
1836.66	2743.49
1838.92	2705.32
1841.17	2722.97
1843.42	2688
1845.67	2703.78
1847.92	2667.85
1850.17	2713.13
1852.42	2694.34
1854.67	2674.56
1856.91	2689.52
1859.16	2675.24
1861.4	2647.16
1863.64	2654.02
1865.88	2666.35
1868.12	2633.4
1870.36	2621.34
1872.6	2639.52
1874.84	2657.97
1877.08	2609.22
1879.31	2628.1
1881.54	2619.73
1883.78	2587.25
1886.01	2579.31
1888.24	2575.83
1890.47	2568.35
1892.7	2551.66
1894.93	2555.49
1897.16	2556.68
1899.38	2526.43
1901.61	2556.07
1903.83	2526.47
1906.05	2542.2
1908.28	2531.85
1910.5	2506.07
1912.72	2507.7
1914.94	2485.47
1917.16	2494.36
1919.37	2461.21
1921.59	2489
1923.8	2454.34
1926.02	2444.09
1928.23	2448.88
1930.44	2414.32
1932.65	2448.49
1934.86	2434.34
1937.07	2408.74
1939.28	2426.85
1941.48	2443.12
1943.69	2391.83
1945.9	2407.91
1948.1	2386.26
1950.3	2407.73
1952.5	2383.9
1954.7	2373.01
1956.9	2362.85
1959.1	2330.34
1961.3	2337.66
1963.5	2330.22
1965.69	2295.32
1967.89	2297.24
1970.08	2313.83
1972.27	2290.55
1974.46	2269.3
1976.66	2257.76
1978.84	2296.11
1981.03	2268.92
1983.22	2264.4
1985.41	2267.98
1987.59	2217.84
1989.78	2212.21
1991.96	2211.71
1994.14	2201.24
1996.32	2205.07
1998.51	2185.81
2000.69	2167.85
2002.86	2185.69
2005.04	2184.11
2007.22	2176.62
2009.39	2178.46
2011.57	2138.93
2013.74	2127.85
2015.91	2166.09
2018.09	2106.25
2020.26	2110.33
2022.43	2110.77
2024.59	2107.68
2026.76	2083.39
2028.93	2079.6
2031.09	2057.63
2033.26	2055.71
2035.42	2048.35
2037.59	2062.09
2039.75	2053.88
2041.91	2043.74
2044.07	1989.68
2046.23	2008.97
2048.38	2000.43
2050.54	1993.32
2052.7	1986.86
2054.85	1984.1
2057	1974.39
2059.16	1969.71
2061.31	1934.46
2063.46	1942.29
2065.61	1956.79
2067.76	1944.7
2069.91	1953.23
2072.05	1937.96
2074.2	1920.11
2076.34	1928.44
2078.49	1925.94
2080.63	1893.89
2082.77	1897.32
2084.91	1887.01
2087.05	1838.08
2089.19	1847.45
2091.33	1853.69
2093.47	1853.95
2095.6	1837.24
2097.74	1820.12
2099.87	1826.36
2102.01	1818.12
2104.14	1799.03
2106.27	1804
2108.4	1817.7
2110.53	1775.85
2112.66	1770.62
2114.79	1759.98
2116.91	1747.45
2119.04	1725.04
2121.16	1745.22
2123.29	1717.57
2125.41	1718.77
2127.53	1729.48
2129.65	1691.9
2131.77	1691.49
2133.89	1689.64
2136.01	1684.52
2138.12	1676.32
2140.24	1649.21
2142.35	1660.47
2144.47	1637.08
2146.58	1637.24
2148.69	1648.97
2150.8	1639.17
2152.91	1620.18
2155.02	1624.3
2157.13	1601.7
2159.24	1630.18
2161.34	1606.26
2163.45	1586.66
2165.55	1591.03
2167.66	1585.85
2169.76	1589.76
2171.86	1570.78
2173.96	1573.83
2176.06	1551.62
2178.16	1567.58
2180.26	1546.3
2182.35	1533.54
2184.45	1521.89
2186.54	1538.54
2188.64	1518.84
2190.73	1511.57
2192.82	1517.48
2194.91	1493.64
2197	1501.23
2199.09	1472.21
2201.18	1483.72
2203.27	1453.05
2205.35	1457.46
2207.44	1460.6
2209.52	1453.14
2211.61	1440.87
2213.69	1430.92
2215.77	1444.28
2217.85	1416.45
2219.93	1422.14
2222.01	1404.25
2224.09	1393.21
2226.16	1407.27
2228.24	1389.11
2230.31	1367.88
2232.39	1380.4
2234.46	1368.3
2236.53	1379.55
2238.6	1355.08
2240.67	1358.43
2242.74	1349.53
2244.81	1346.92
2246.88	1318.74
2248.94	1321.02
2251.01	1308.32
2253.07	1305.83
2255.14	1306.83
2257.2	1296.32
2259.26	1276.27
2261.32	1276.42
2263.38	1278.58
2265.44	1245.08
2267.5	1261.45
2269.56	1254.18
2271.61	1270.43
2273.67	1247.29
2275.72	1233.15
2277.78	1234.07
2279.83	1221.24
2281.88	1217.34
2283.93	1196.14
2285.98	1199.3
2288.03	1197.82
2290.08	1171.4
2292.12	1179.69
2294.17	1166.45
2296.21	1173.23
2298.26	1154.45
2300.3	1142.57
2302.34	1142.75
2304.38	1151.79
2306.42	1125.22
2308.46	1131.2
2310.5	1132.19
2312.54	1119.72
2314.58	1099.22
2316.61	1116.71
2318.65	1098.22
2320.68	1101.74
2322.71	1085.36
2324.75	1086.78
2326.78	1081.77
2328.81	1073.87
2330.84	1064.8
2332.86	1064.56
2334.89	1048.36
2336.92	1045.14
2338.94	1053.07
2340.97	1053.04
2342.99	1042.31
2345.02	1032.36
2347.04	1032.16
2349.06	1013.93
2351.08	1014.98
2353.1	999.725
2355.12	996.615
2357.13	997.766
2359.15	993.717
2361.17	982.498
2363.18	983.741
2365.19	978.378
2367.21	974.576
2369.22	950.934
2371.23	973.933
2373.24	970.034
2375.25	949.99
2377.26	944.768
2379.27	941.701
2381.27	933.707
2383.28	916.743
2385.28	929.161
2387.29	916.881
2389.29	886.465
2391.29	911.47
2393.29	906.919
2395.29	894.462
2397.29	898.316
2399.29	894.932
2401.29	884.539
2403.28	871.435
2405.28	887.459
2407.27	868.428
2409.27	868.957
2411.26	861.557
2413.25	855.895
2415.25	845.362
2417.24	846.541
2419.22	848.946
2421.21	835.141
2423.2	830.909
2425.19	830.267
2427.17	812.372
2429.16	807.151
2431.14	810.741
2433.13	803.709
2435.11	785.411
2437.09	801.141
2439.07	782.885
2441.05	781.237
2443.03	765.774
2445.01	793.141
2446.98	763.564
2448.96	770.411
2450.93	765.944
2452.91	755.918
2454.88	751.846
2456.85	745.323
2458.83	736.25
2460.8	746.84
2462.77	729.794
2464.74	729.803
2466.7	719.887
2468.67	715.51
2470.64	703.334
2472.6	718.386
2474.57	720.286
2476.53	686.575
2478.49	683.961
2480.46	700.682
2482.42	693.923
2484.38	674.872
2486.34	690.919
2488.29	688.365
2490.25	672.677
2492.21	686.314
2494.16	661.03
2496.12	655.497
2498.07	664.251
2500.03	650.92
2501.98	641.432
2503.93	644.387
2505.88	632.271
2507.83	641.874
2509.78	645.697
2511.73	634.952
2513.67	640.094
2515.62	636.719
2517.56	625.032
2519.51	611.741
2521.45	613.164
2523.4	604.163
2525.34	601.252
2527.28	597.983
2529.22	585.86
2531.16	598.615
2533.1	586.978
2535.03	583.447
2536.97	577.946
2538.91	569.059
2540.84	576.716
2542.77	560.241
2544.71	562.282
2546.64	566.28
2548.57	554.427
2550.5	562.502
2552.43	556.112
2554.36	546.445
2556.29	533.522
2558.21	523.151
2560.14	545.7
2562.07	535.887
2563.99	525.05
2565.91	530.687
2567.84	519.031
2569.76	518.788
2571.68	509.051
2573.6	503.061
2575.52	517.704
2577.44	507.588
2579.36	490.619
2581.27	496.145
2583.19	481.034
2585.1	494.9
2587.02	494.002
2588.93	488.453
2590.84	482.59
2592.75	485.017
2594.67	483.919
2596.58	476.121
2598.48	471.91
2600.39	468.753
