186.297	175.333
188.898	166.667
191.499	163.556
194.097	162.667
196.695	170.889
199.293	162.889
201.889	169.333
204.485	192.444
207.08	227.556
209.673	255.556
212.267	310.444
214.859	355.111
217.45	364
220.04	364.444
222.631	307.111
225.218	258.222
227.807	209.111
230.394	174
232.979	142.444
235.565	122.889
238.149	110.667
240.733	99.1111
243.314	92.8889
245.897	84.8889
248.477	80.2222
251.057	74.2222
253.637	71.5556
256.215	66.6667
258.793	70
261.368	61.7778
263.945	60.6667
266.519	62
269.093	60
271.666	58.4444
274.237	55.3333
276.809	59.1111
279.379	52.6667
281.949	54.6667
284.518	54.6667
287.086	52.6667
289.653	54.8889
292.218	51.1111
294.784	49.7778
297.348	49.3333
299.913	52.2222
302.475	49.7778
305.036	53.5556
307.598	50.8889
310.157	49.3333
312.716	49.3333
315.276	47.7778
317.833	50
320.389	51.7778
322.944	50.2222
325.5	52
328.054	51.1111
330.607	52.8889
333.159	53.1111
335.711	60.2222
338.262	62.4444
340.811	69.5556
343.36	80.8889
345.909	85.3333
348.456	81.5556
351.002	74
353.547	63.3333
356.092	60.2222
358.637	55.3333
361.18	54
363.722	52
366.263	49.7778
368.803	52.6667
371.342	51.1111
373.881	48.8889
376.419	50
378.957	51.7778
381.493	48.8889
384.028	51.5556
386.563	52.4444
389.096	57.5556
391.629	53.7778
394.161	56.4444
396.692	58.6667
399.222	56.8889
401.752	62
404.28	59.3333
406.808	63.5556
409.335	60.8889
411.861	58.4444
414.386	57.5556
416.911	53.3333
419.434	54.6667
421.957	54.6667
424.479	50.8889
427	56.2222
429.52	51.1111
432.038	54
434.557	51.5556
437.075	51.7778
439.592	49.5556
442.108	49.7778
444.623	49.3333
447.138	50.6667
449.652	47.7778
452.163	50.8889
454.675	47.7778
457.186	52.6667
459.697	54
462.206	61.5556
464.714	68.8889
467.222	70.8889
469.729	64.6667
472.235	56.8889
474.739	51.3333
477.244	50
479.748	50.4444
482.251	49.7778
484.752	49.3333
487.253	46.2222
489.754	46
492.252	52.8889
494.751	48.4444
497.249	51.1111
499.745	54.6667
502.241	55.3333
504.737	57.7778
507.231	61.5556
509.725	62.4444
512.218	86.2222
514.709	111.333
517.201	189.111
519.69	372
522.18	451.111
524.669	287.111
527.156	149.556
529.644	94.2222
532.129	74.4444
534.615	66.8889
537.099	61.1111
539.583	57.7778
542.065	55.1111
544.548	52.6667
547.028	52
549.509	52
551.988	49.3333
554.468	50.6667
556.945	51.5556
559.423	52
561.899	52.4444
564.373	49.7778
566.849	52.2222
569.322	55.7778
571.796	48.2222
574.268	50.6667
576.739	56.6667
579.21	54.8889
581.679	57.7778
584.148	59.7778
586.617	60.6667
589.084	64.2222
591.55	67.7778
594.016	75.5556
596.481	89.1111
598.944	104.889
601.409	143.111
603.871	203.778
606.332	285.556
608.792	303.778
611.253	247.556
613.712	193.333
616.17	167.333
618.628	167.556
621.084	192.667
623.541	197.556
625.996	167.111
628.45	128.444
630.903	101.333
633.356	81.1111
635.807	71.7778
638.26	66.2222
640.71	65.7778
643.159	59.5556
645.608	55.5556
648.056	54.6667
650.503	54.4444
652.949	55.3333
655.394	52
657.839	53.1111
660.282	50.4444
662.725	53.5556
665.168	49.3333
667.61	54
670.051	53.7778
672.491	52.6667
674.93	54.8889
677.368	54
679.804	53.3333
682.241	56.6667
684.677	53.1111
687.112	54.6667
689.547	50.2222
691.98	56.6667
694.413	51.7778
696.845	53.7778
699.276	50.6667
701.707	51.5556
704.136	52.2222
706.565	52.4444
708.992	49.7778
711.419	47.7778
713.846	48.4444
716.271	52.8889
718.696	53.3333
721.121	52.4444
723.543	54.6667
725.965	57.1111
728.387	65.3333
730.808	66.8889
733.227	67.1111
735.647	65.3333
738.065	53.3333
740.483	51.1111
742.899	53.5556
745.316	50.2222
747.731	50.4444
750.146	51.7778
752.559	49.5556
754.972	51.3333
757.385	52.8889
759.795	52
762.206	54.2222
764.616	52.6667
767.025	58.2222
769.433	54.6667
771.84	60
774.247	71.5556
776.653	92.8889
779.058	160.889
781.462	321.778
783.865	788.889
786.268	1253.11
788.669	901.333
791.071	384
793.471	146.222
795.871	102.667
798.269	89.5556
800.668	90.8889
803.064	92.8889
805.462	92.8889
807.857	96
810.252	98.6667
812.646	92.6667
815.04	88.4444
817.432	73.7778
819.823	66
822.215	60.4444
824.604	59.1111
826.995	60.6667
829.383	60.8889
831.77	62.2222
834.158	64.6667
836.544	68.4444
838.929	72.2222
841.315	80.6667
843.698	88.4444
846.081	94.2222
848.465	98.8889
850.846	91.5556
853.227	87.7778
855.606	74.6667
857.987	70.2222
860.365	64.8889
862.743	63.3333
865.119	58.8889
867.495	54.6667
869.872	56.6667
872.246	55.1111
874.62	55.5556
876.993	54.2222
879.365	57.3333
881.738	51.5556
884.109	54
886.479	54
888.848	52.6667
891.217	56.6667
893.584	60.8889
895.951	62
898.317	62
900.683	58.4444
903.048	55.5556
905.412	53.5556
907.776	54.2222
910.139	55.3333
912.5	52.6667
914.861	55.5556
917.221	48.6667
919.581	55.3333
921.94	53.1111
924.296	53.7778
926.653	54.4444
929.01	55.7778
931.366	57.7778
933.721	56
936.075	58.4444
938.428	59.5556
940.781	56.2222
943.133	56.4444
945.484	62.4444
947.835	62.4444
950.183	61.7778
952.532	61.7778
954.88	63.3333
957.228	67.5556
959.575	70.4445
961.921	74.2222
964.265	76.4444
966.609	92.4444
968.953	105.556
971.296	107.778
973.637	126.667
975.979	177.333
978.32	262.444
980.66	365.778
982.998	516.667
985.337	578.444
987.675	763.111
990.01	2506.44
992.347	5046.22
994.683	4056.44
997.016	1937.11
999.35	1053.33
1001.68	1721.56
1004.02	2367.11
1006.35	1553.56
1008.68	605.111
1011.01	236.667
1013.34	153.556
1015.67	121.111
1017.99	110.444
1020.32	107.111
1022.65	114.222
1024.97	138.667
1027.3	251.778
1029.62	574.889
1031.94	608.889
1034.27	338.667
1036.59	150.444
1038.91	94.6667
1041.23	86.8889
1043.55	75.3333
1045.87	76.4444
1048.19	70.4444
1050.5	67.3333
1052.82	64
1055.14	65.7778
1057.45	62.2222
1059.77	64.4444
1062.08	59.7778
1064.39	61.7778
1066.7	62.8889
1069.02	64.4444
1071.33	61.7778
1073.64	66.2222
1075.95	63.3333
1078.25	67.1111
1080.56	67.5556
1082.87	68.4445
1085.17	69.5556
1087.48	61.5556
1089.79	63.3333
1092.09	60.8889
1094.39	58.8889
1096.69	62.4444
1099	61.3333
1101.3	63.5556
1103.6	62.8889
1105.9	58.2222
1108.2	58.2222
1110.49	62.6667
1112.79	60.6667
1115.09	63.5556
1117.39	63.1111
1119.68	66.4444
1121.98	67.3333
1124.27	66.2222
1126.56	71.1111
1128.85	70.6667
1131.15	69.1111
1133.44	73.5556
1135.73	75.7778
1138.02	78.4444
1140.3	82
1142.59	87.3333
1144.88	96.6667
1147.17	100.667
1149.45	113.333
1151.74	134.222
1154.02	149.778
1156.31	179.556
1158.59	173.111
1160.87	155.333
1163.15	158.222
1165.43	155.111
1167.71	176.667
1169.99	201.333
1172.27	261.778
1174.55	329.556
1176.83	376
1179.1	387.111
1181.38	343.333
1183.65	276.444
1185.93	213.111
1188.2	177.111
1190.47	147.556
1192.74	126
1195.02	129.333
1197.29	121.111
1199.56	120
1201.82	122.889
1204.09	152.667
1206.36	221.111
1208.63	379.556
1210.89	514.667
1213.16	426.222
1215.42	240.222
1217.69	138
1219.95	98.4444
1222.21	87.7778
1224.48	82.4444
1226.74	76.4444
1229	75.3333
1231.26	74.4444
1233.52	73.1111
1235.78	72
1238.03	69.7778
1240.29	68
1242.55	70.4444
1244.8	69.5556
1247.06	71.1111
1249.31	72
1251.56	68.6667
1253.82	63.3333
1256.07	66.4444
1258.32	63.7778
1260.57	63.5556
1262.82	63.7778
1265.07	63.5556
1267.32	65.1111
1269.57	64.8889
1271.81	65.5556
1274.06	66
1276.3	62.8889
1278.55	65.1111
1280.79	67.1111
1283.04	67.3333
1285.28	65.3333
1287.52	62.8889
1289.76	65.1111
1292	62.2222
1294.24	63.1111
1296.48	63.7778
1298.72	68.4445
1300.96	66
1303.2	71.5556
1305.43	67.3333
1307.67	71.1111
1309.9	73.3333
1312.14	70.6667
1314.37	71.1111
1316.6	74.8889
1318.84	72
1321.07	70.4444
1323.3	73.7778
1325.53	73.3333
1327.76	72.8889
1329.99	73.5556
1332.21	78.2222
1334.44	74.8889
1336.67	78.6667
1338.89	71.3333
1341.12	70.6667
1343.34	69.3333
1345.57	70.2222
1347.79	70.2222
1350.01	76.4445
1352.24	73.3333
1354.46	73.5556
1356.68	73.3333
1358.9	76.8889
1361.11	76.4445
1363.33	81.3333
1365.55	85.1111
1367.77	87.1111
1369.98	92.2222
1372.2	100.222
1374.41	117.111
1376.63	148.889
1378.84	198
1381.05	208.444
1383.27	174.444
1385.48	128.222
1387.69	103.556
1389.9	99.3333
1392.11	90.6667
1394.31	86.4444
1396.52	80
1398.73	79.5556
1400.94	81.5556
1403.14	86.6667
1405.35	93.7778
1407.55	87.7778
1409.75	81.7778
1411.96	81.5556
1414.16	81.5556
1416.36	80.8889
1418.56	82
1420.76	78.8889
1422.96	84.8889
1425.16	81.3333
1427.36	91.7778
1429.56	92.6667
1431.75	93.7778
1433.95	98.4444
1436.14	98.8889
1438.34	98.6667
1440.53	98
1442.73	97.3333
1444.92	100.444
1447.11	92.4444
1449.3	92.4444
1451.49	94.2222
1453.68	88.8889
1455.87	89.5556
1458.06	90.2222
1460.25	91.7778
1462.44	86.8889
1464.62	88.8889
1466.81	84.8889
1468.99	86.8889
1471.18	87.3333
1473.36	84.2222
1475.55	88.2222
1477.73	84.8889
1479.91	83.3333
1482.09	86.8889
1484.27	85.5555
1486.45	84.6667
1488.63	87.3333
1490.81	82.8889
1492.99	87.3333
1495.16	87.1111
1497.34	88.6667
1499.51	86.4444
1501.69	78
1503.86	80.6667
1506.04	81.7778
1508.21	77.1111
1510.38	77.7778
1512.55	77.5556
1514.73	74
1516.9	78.2222
1519.06	79.1111
1521.23	78.6667
1523.4	76.8889
1525.57	74.6667
1527.74	77.1111
1529.9	75.7778
1532.07	78
1534.23	81.3333
1536.4	75.7778
1538.56	79.1111
1540.72	77.3333
1542.89	78.8889
1545.05	81.7778
1547.21	83.7778
1549.37	85.5556
1551.53	87.3333
1553.69	91.1111
1555.84	91.3333
1558	94.6667
1560.16	92
1562.32	106.667
1564.47	108.222
1566.63	109.556
1568.78	120.444
1570.93	130
1573.09	140.222
1575.24	160.667
1577.39	191.111
1579.54	212.667
1581.69	256.222
1583.84	321.111
1585.99	366.889
1588.14	364.667
1590.29	332.222
1592.43	272.889
1594.58	238.667
1596.72	224.667
1598.87	235.111
1601.01	286.889
1603.16	349.333
1605.3	393.333
1607.44	392.444
1609.58	336.444
1611.72	268
1613.86	215.333
1616	181.778
1618.14	168
1620.28	147.111
1622.42	136.222
1624.56	132
1626.69	121.556
1628.83	121.333
1630.96	109.111
1633.1	102.667
1635.23	96.2222
1637.36	89.5556
1639.5	90.4444
1641.63	82.8889
1643.76	80.4444
1645.89	83.1111
1648.02	79.7778
1650.15	76.4444
1652.28	80.2222
1654.4	76.4444
1656.53	76.4444
1658.66	76.6667
1660.78	75.5555
1662.91	74.2222
1665.03	72.4444
1667.16	72.8889
1669.28	75.1111
1671.4	75.7778
1673.52	72.8889
1675.65	70.8889
1677.77	72.4444
1679.89	74.6667
1682.01	73.5556
1684.12	73.7778
1686.24	71.7778
1688.36	75.7778
1690.48	75.5556
1692.59	77.3333
1694.71	75.1111
1696.82	75.3333
1698.94	73.7778
1701.05	75.3333
1703.16	78.4444
1705.27	74.6667
1707.39	70.2222
1709.5	73.1111
1711.61	75.1111
1713.72	70
1715.83	68.8889
1717.93	71.5556
1720.04	71.5556
1722.15	69.7778
1724.25	69.5555
1726.36	71.7778
1728.47	72.2222
1730.57	73.5556
1732.67	69.7778
1734.78	71.1111
1736.88	71.3333
1738.98	70.4444
1741.08	70.6667
1743.18	70.4444
1745.28	68.4444
1747.38	69.5556
1749.48	70.2222
1751.58	68.8889
1753.67	70
1755.77	74
1757.87	70.8889
1759.96	70.4444
1762.06	70.2222
1764.15	68.2222
1766.25	73.3333
1768.34	69.1111
1770.43	74
1772.52	71.7778
1774.61	74
1776.7	74.2222
1778.79	70
1780.88	70.8889
1782.97	72.4444
1785.06	72.6667
1787.14	75.1111
1789.23	71.7778
1791.32	73.5556
1793.4	74.2222
1795.49	75.1111
1797.57	73.1111
1799.65	69.7778
1801.74	71.3333
1803.82	75.3333
1805.9	71.5556
1807.98	72.4444
1810.06	72.2222
1812.14	72.4445
1814.22	74.8889
1816.3	73.1111
1818.38	68.8889
1820.45	72.8889
1822.53	72.6667
1824.6	75.3333
1826.68	70
1828.75	70
1830.83	74.6667
1832.9	73.5556
1834.97	72.2222
1837.05	74
1839.12	72
1841.19	73.3333
1843.26	70.6667
1845.33	74.2222
1847.4	71.3333
1849.46	73.7778
1851.53	72.4444
1853.6	71.1111
1855.66	71.7778
1857.73	68.6667
1859.79	78
1861.86	71.1111
1863.92	71.5556
1865.99	73.1111
1868.05	71.5556
1870.11	72.2222
1872.17	71.5556
1874.23	76.8889
1876.29	73.7778
1878.35	74.2222
1880.41	74
1882.47	72.4444
1884.53	73.7778
1886.58	74
1888.64	75.3333
1890.69	70.2222
1892.75	70
1894.8	73.5556
1896.86	78.4444
1898.91	78.8889
1900.96	75.7778
1903.02	72.8889
1905.07	78.2222
1907.12	81.1111
1909.17	82.8889
1911.22	79.1111
1913.27	75.3333
1915.31	76
1917.36	78.6667
1919.41	77.7778
1921.45	80
1923.5	80
1925.55	76
1927.59	82
1929.63	80.8889
1931.68	77.7778
1933.72	75.7778
1935.76	79.1111
1937.8	77.3333
1939.84	78
1941.88	80.8889
1943.92	77.1111
1945.96	74.4444
1948	76
1950.04	74.8889
1952.08	74
1954.11	78.6667
1956.15	76.8889
1958.18	77.7778
1960.22	76.2222
1962.25	79.7778
1964.29	78.2222
1966.32	74.4444
1968.35	77.5556
1970.38	77.3333
1972.41	77.3333
1974.44	71.3333
1976.47	75.7778
1978.5	75.5556
1980.53	79.3333
1982.56	81.5556
1984.59	81.1111
1986.61	80.8889
1988.64	78.2222
1990.66	78.6667
1992.69	77.1111
1994.71	77.3333
1996.74	81.1111
1998.76	79.7778
2000.78	75.7778
2002.8	79.5556
2004.82	80.4444
2006.85	74.8889
2008.87	76.4444
2010.88	78.2222
2012.9	79.7778
2014.92	81.7778
2016.94	79.1111
2018.96	78.2222
2020.97	80
2022.99	80.8889
2025	76.6667
2027.02	81.5556
2029.03	80.4444
2031.05	80.2222
2033.06	87.5556
2035.07	81.7778
2037.08	77.7778
2039.09	77.5556
2041.1	79.7778
2043.11	78.8889
2045.12	80.8889
2047.13	80.8889
2049.14	78.6667
2051.15	80.8889
2053.15	80.8889
2055.16	83.7778
2057.16	76.2222
2059.17	83.5556
2061.17	79.7778
2063.18	82.8889
2065.18	80.6667
2067.18	82.4444
2069.18	82
2071.19	82.6667
2073.19	81.5556
2075.19	84.8889
2077.19	76.2222
2079.19	80.6667
2081.18	80
2083.18	80.6667
2085.18	77.7778
2087.17	76.6667
2089.17	77.7778
2091.17	82
2093.16	79.1111
2095.16	83.1111
2097.15	78.4444
2099.14	79.7778
2101.13	82
2103.13	77.5556
2105.12	80.8889
2107.11	82.2222
2109.1	79.3333
2111.09	84.8889
2113.08	80.8889
2115.06	78.4444
2117.05	82.6667
2119.04	86.4444
2121.02	82.6667
2123.01	83.1111
2125	84.6667
2126.98	82.4444
2128.96	82.8889
2130.95	82.4444
2132.93	78.4444
2134.91	84.2222
2136.9	83.7778
2138.88	81.3333
2140.86	82.8889
2142.84	81.3333
2144.82	83.3333
2146.8	82.8889
2148.77	83.5556
2150.75	82
2152.73	80.4444
2154.7	83.5556
2156.68	82.4444
2158.65	81.3333
2160.63	85.1111
2162.6	84
2164.58	85.1111
2166.55	85.3333
2168.52	82
2170.49	80.8889
2172.47	85.3333
2174.44	81.3333
2176.41	80.6667
2178.38	82.4445
2180.34	83.5556
2182.31	80.2222
2184.28	80.2222
2186.25	85.5556
2188.21	84.2222
2190.18	83.1111
2192.14	87.1111
2194.11	85.5556
2196.07	80.4445
2198.04	83.7778
2200	80.4445
2201.96	79.7778
2203.92	81.7778
2205.89	90.2222
2207.85	80.4444
2209.81	84.4445
2211.77	86
2213.72	86.8889
2215.68	88
2217.64	84.6667
2219.6	82.6667
2221.55	85.5555
2223.51	84.8889
2225.47	85.1111
2227.42	86.6667
2229.37	84
2231.33	82
2233.28	82
2235.23	82.6667
2237.19	84.2222
2239.14	83.7778
2241.09	81.1111
2243.04	84.8889
2244.99	82.6667
2246.94	88.4445
2248.89	85.1111
2250.83	85.7778
2252.78	83.3333
2254.73	85.3333
2256.67	89.1111
2258.62	86.6667
2260.56	85.7778
2262.51	85.7778
2264.45	85.7778
2266.4	83.1111
2268.34	82.6667
2270.28	85.7778
2272.22	81.1111
2274.16	84.4444
2276.1	84.6667
2278.04	86.4444
2279.98	85.7778
2281.92	86
2283.86	85.5555
2285.8	84
2287.74	85.7778
2289.67	88.2222
2291.61	85.3333
2293.54	90.4445
2295.48	93.7778
2297.41	89.5556
2299.35	93.1111
2301.28	83.3333
2303.21	86.4444
2305.14	90.2222
2307.07	84.6667
2309.01	86
2310.94	84.2222
2312.86	86.6667
2314.79	87.5556
2316.72	88.8889
2318.65	85.5556
2320.58	86.2222
2322.5	86.2222
2324.43	82.8889
2326.36	87.3333
2328.28	88.4444
2330.21	85.1111
2332.13	89.1111
2334.05	84
2335.98	94.8889
2337.9	86.4444
2339.82	88
2341.74	86
2343.66	88
2345.58	83.7778
2347.5	90.8889
2349.42	90.4444
2351.34	86.6667
2353.26	87.1111
2355.17	86
2357.09	90
2359.01	89.5556
2360.92	92.2222
2362.84	89.3333
2364.75	89.7778
2366.67	90
2368.58	86.8889
2370.49	88.4444
2372.4	87.3333
2374.32	91.3333
2376.23	92.8889
2378.14	85.3333
2380.05	87.3333
2381.96	92
2383.86	93.1111
2385.77	92.8889
2387.68	86.2222
2389.59	91.5556
2391.5	92
2393.4	86
2395.31	90.2222
2397.21	90
2399.12	89.3333
2401.02	90.2222
2402.92	87.3333
2404.83	91.3333
2406.73	91.5556
2408.63	83.7778
2410.53	87.7778
2412.43	92.2222
2414.33	89.3333
2416.23	86.6667
2418.13	86.2222
2420.03	90.6667
2421.93	87.7778
2423.82	87.1111
2425.72	88.6667
2427.61	89.7778
2429.51	91.1111
2431.4	91.5556
2433.3	90.8889
2435.19	94.4444
2437.09	91.7778
2438.98	93.3333
2440.87	86.6667
2442.76	88.4444
2444.65	88
2446.55	88.6667
2448.44	91.7778
2450.32	93.5556
2452.21	92.6667
2454.1	96.8889
