186.297	242.222
188.898	230.222
191.499	220.667
194.097	205.778
196.695	202.889
199.293	201.111
201.889	189.556
204.485	187.778
207.08	185.778
209.673	180
212.267	174.444
214.859	173.111
217.45	168.889
220.04	168.889
222.631	159.778
225.218	156.667
227.807	158.667
230.394	150.222
232.979	147.556
235.565	151.111
238.149	148.222
240.733	145.778
243.314	146.889
245.897	146.889
248.477	143.333
251.057	141.556
253.637	135.778
256.215	137.778
258.793	139.556
261.368	138.444
263.945	140.222
266.519	136.222
269.093	136.667
271.666	140.889
274.237	138.222
276.809	136.444
279.379	139.556
281.949	141.111
284.518	133.556
287.086	141.333
289.653	130.222
292.218	138.222
294.784	139.111
297.348	138
299.913	143.778
302.475	138.222
305.036	145.778
307.598	139.333
310.157	138
312.716	140.444
315.276	137.556
317.833	143.333
320.389	139.778
322.944	142.222
325.5	147.111
328.054	147.556
330.607	145.333
333.159	145.333
335.711	147.333
338.262	145.556
340.811	146.444
343.36	150.444
345.909	154.222
348.456	154.222
351.002	157.778
353.547	163.333
356.092	165.778
358.637	178
361.18	188.667
363.722	199.333
366.263	213.111
368.803	238
371.342	274.667
373.881	330
376.419	388
378.957	418.667
381.493	401.556
384.028	346
386.563	294.889
389.096	243.556
391.629	211.556
394.161	201.333
396.692	184.222
399.222	188.222
401.752	180.889
404.28	184.667
406.808	184
409.335	178.444
411.861	174
414.386	169.778
416.911	156.889
419.434	153.778
421.957	165.778
424.479	157.778
427	150.222
429.52	151.111
432.038	146.222
434.557	146
437.075	146.222
439.592	140.222
442.108	144.444
444.623	148
447.138	148.889
449.652	141.778
452.163	145.111
454.675	137.111
457.186	145.778
459.697	146.667
462.206	147.556
464.714	142.667
467.222	142.444
469.729	147.111
472.235	145.778
474.739	139.556
477.244	142.222
479.748	150.889
482.251	142.667
484.752	142.222
487.253	139.333
489.754	142.889
492.252	147.111
494.751	148.444
497.249	145.778
499.745	143.111
502.241	143.778
504.737	140.889
507.231	147.111
509.725	149.333
512.218	144.444
514.709	142.222
517.201	140
519.69	140.222
522.18	137.556
524.669	138
527.156	139.778
529.644	140.444
532.129	142.444
534.615	138.889
537.099	155.111
539.583	142.667
542.065	147.333
544.548	144.222
547.028	147.778
549.509	144.444
551.988	141.778
554.468	145.111
556.945	144.222
559.423	136.222
561.899	143.778
564.373	144.444
566.849	142.444
569.322	147.111
571.796	143.778
574.268	147.556
576.739	145.333
579.21	148.222
581.679	146.667
584.148	145.556
586.617	146.889
589.084	146.667
591.55	145.778
594.016	150.222
596.481	165.556
598.944	177.778
601.409	203.111
603.871	219.333
606.332	206.222
608.792	195.111
611.253	180.889
613.712	169.556
616.17	165.333
618.628	160
621.084	157.333
623.541	160.444
625.996	154.667
628.45	159.778
630.903	158.889
633.356	150.667
635.807	162.889
638.26	165.333
640.71	171.333
643.159	178.444
645.608	200
648.056	225.778
650.503	276.889
652.949	308
655.394	289.111
657.839	244.667
660.282	200
662.725	177.778
665.168	162.444
667.61	159.778
670.051	153.556
672.491	148.444
674.93	154
677.368	147.556
679.804	147.333
682.241	143.333
684.677	146.667
687.112	145.556
689.547	141.556
691.98	142.222
694.413	137.778
696.845	141.556
699.276	146.889
701.707	148
704.136	145.333
706.565	146.222
708.992	148.667
711.419	145.778
713.846	144.889
716.271	147.333
718.696	145.556
721.121	147.556
723.543	144.889
725.965	146.444
728.387	142.667
730.808	143.778
733.227	140.444
735.647	147.111
738.065	141.778
740.483	152
742.899	153.111
745.316	153.778
747.731	154.889
750.146	151.333
752.559	153.556
754.972	151.556
757.385	154
759.795	148.222
762.206	147.556
764.616	146.444
767.025	145.778
769.433	142.222
771.84	139.333
774.247	143.333
776.653	138
779.058	137.778
781.462	140.667
783.865	138.667
786.268	135.333
788.669	138.444
791.071	134.222
793.471	139.556
795.871	136.667
798.269	135.556
800.668	137.333
803.064	136.444
805.462	140.444
807.857	139.556
810.252	140
812.646	140.222
815.04	140.444
817.432	137.111
819.823	133.556
822.215	134.889
824.604	131.556
826.995	129.111
829.383	136.889
831.77	132.889
834.158	132.222
836.544	134
838.929	137.111
841.315	134
843.698	131.111
846.081	131.778
848.465	135.778
850.846	131.333
853.227	131.556
855.606	135.778
857.987	132.667
860.365	129.333
862.743	132.889
865.119	137.111
867.495	135.111
869.872	130.222
872.246	133.333
874.62	142.889
876.993	137.778
879.365	141.333
881.738	139.556
884.109	144.889
886.479	142.889
888.848	142
891.217	139.778
893.584	137.333
895.951	138.222
898.317	134.889
900.683	146.222
903.048	144.444
905.412	147.111
907.776	142.222
910.139	147.778
912.5	163.556
914.861	215.556
917.221	371.556
919.581	473.111
921.94	410
924.296	313.333
926.653	242.889
929.01	188.889
931.366	162.889
933.721	144.889
936.075	146.444
938.428	142.222
940.781	144.222
943.133	144.889
945.484	141.778
947.835	150.889
950.183	140.667
952.532	144.222
954.88	136
957.228	142
959.575	137.111
961.921	139.111
964.265	142
966.609	143.333
968.953	146.444
971.296	155.333
973.637	157.556
975.979	183.556
978.32	231.556
980.66	274
982.998	263.778
985.337	292
987.675	621.778
990.01	1908.44
992.347	2543.56
994.683	1658.67
997.016	884.667
999.35	544.222
1001.68	321.111
1004.02	217.556
1006.35	176.889
1008.68	176.889
1011.01	169.333
1013.34	172.667
1015.67	185.778
1017.99	188.667
1020.32	209.778
1022.65	239.333
1024.97	272.889
1027.3	522.889
1029.62	1364.89
1031.94	2048.44
1034.27	1384.44
1036.59	582
1038.91	279.333
1041.23	204.444
1043.55	184
1045.87	169.556
1048.19	162.889
1050.5	163.111
1052.82	160.444
1055.14	155.556
1057.45	157.111
1059.77	158.444
1062.08	152
1064.39	157.333
1066.7	168.667
1069.02	176.222
1071.33	170
1073.64	160.889
1075.95	154.889
1078.25	140.667
1080.56	138.444
1082.87	138
1085.17	130.444
1087.48	133.556
1089.79	134.444
1092.09	135.333
1094.39	126.889
1096.69	132.444
1099	131.333
1101.3	134.444
1103.6	129.333
1105.9	138.222
1108.2	134.889
1110.49	131.556
1112.79	143.111
1115.09	134.444
1117.39	136.222
1119.68	139.111
1121.98	130.889
1124.27	139.556
1126.56	133.333
1128.85	136
1131.15	139.333
1133.44	140.222
1135.73	141.333
1138.02	142.222
1140.3	145.778
1142.59	154.889
1144.88	161.556
1147.17	165.333
1149.45	173.333
1151.74	157.556
1154.02	149.333
1156.31	137.778
1158.59	141.778
1160.87	136.444
1163.15	134.222
1165.43	134.889
1167.71	136.889
1169.99	128.444
1172.27	128.667
1174.55	134.889
1176.83	135.333
1179.1	132.667
1181.38	132.444
1183.65	132.444
1185.93	132.444
1188.2	133.556
1190.47	131.778
1192.74	137.111
1195.02	134.444
1197.29	138.889
1199.56	144.889
1201.82	148.889
1204.09	152.667
1206.36	165.556
1208.63	179.333
1210.89	196
1213.16	223.333
1215.42	272.889
1217.69	311.778
1219.95	308
1222.21	270.222
1224.48	232.889
1226.74	220
1229	197.333
1231.26	182.222
1233.52	169.111
1235.78	156.222
1238.03	146.889
1240.29	140.889
1242.55	137.333
1244.8	138.444
1247.06	140
1249.31	129.778
1251.56	131.333
1253.82	131.778
1256.07	132.667
1258.32	131.556
1260.57	128.444
1262.82	131.778
1265.07	130.889
1267.32	129.111
1269.57	127.556
1271.81	129.111
1274.06	126.667
1276.3	126.889
1278.55	126
1280.79	126.889
1283.04	130.222
1285.28	127.778
1287.52	130.222
1289.76	129.556
1292	125.111
1294.24	127.111
1296.48	128
1298.72	128
1300.96	128
1303.2	129.333
1305.43	126.889
1307.67	134.222
1309.9	132.444
1312.14	130.889
1314.37	130
1316.6	130.222
1318.84	127.778
1321.07	129.556
1323.3	131.556
1325.53	133.556
1327.76	134
1329.99	129.111
1332.21	134.667
1334.44	132.889
1336.67	136
1338.89	133.556
1341.12	138
1343.34	140
1345.57	141.333
1347.79	143.111
1350.01	141.333
1352.24	142.667
1354.46	148
1356.68	147.111
1358.9	150.889
1361.11	151.778
1363.33	164.222
1365.55	166.444
1367.77	174.889
1369.98	203.778
1372.2	230.222
1374.41	246.667
1376.63	236.667
1378.84	222
1381.05	204.667
1383.27	179.111
1385.48	171.778
1387.69	159.111
1389.9	160.667
1392.11	163.556
1394.31	155.556
1396.52	163.333
1398.73	162.444
1400.94	156
1403.14	168.222
1405.35	162.889
1407.55	163.333
1409.75	161.333
1411.96	169.778
1414.16	165.556
1416.36	165.111
1418.56	164.222
1420.76	163.111
1422.96	159.111
1425.16	165.556
1427.36	164.667
1429.56	167.333
1431.75	167.778
1433.95	168.444
1436.14	172.889
1438.34	168.889
1440.53	170.222
1442.73	173.556
1444.92	170.444
1447.11	172
1449.3	170.667
1451.49	164
1453.68	163.556
1455.87	163.333
1458.06	164.222
1460.25	163.333
1462.44	159.778
1464.62	150.667
1466.81	152.444
1468.99	154.222
1471.18	147.556
1473.36	150.889
1475.55	154
1477.73	156
1479.91	163.333
1482.09	179.333
1484.27	187.556
1486.45	174.444
1488.63	158.889
1490.81	148.889
1492.99	150.889
1495.16	144.667
1497.34	142
1499.51	142.444
1501.69	144.222
1503.86	136.667
1506.04	135.111
1508.21	138.667
1510.38	140.889
1512.55	138
1514.73	137.333
1516.9	137.778
1519.06	132
1521.23	142.889
1523.4	138.889
1525.57	137.333
1527.74	138
1529.9	134
1532.07	137.556
1534.23	144.889
1536.4	138.222
1538.56	134.444
1540.72	142
1542.89	140.222
1545.05	140.444
1547.21	145.333
1549.37	145.111
1551.53	145.556
1553.69	145.778
1555.84	146.889
1558	148.222
1560.16	156.667
1562.32	163.556
1564.47	172.889
1566.63	184.222
1568.78	202.444
1570.93	232.889
1573.09	264.667
1575.24	267.333
1577.39	254.667
1579.54	254.222
1581.69	274.444
1583.84	282.222
1585.99	254.667
1588.14	223.333
1590.29	208.222
1592.43	192
1594.58	182
1596.72	193.778
1598.87	201.556
1601.01	195.111
1603.16	189.111
1605.3	167.556
1607.44	158
1609.58	151.333
1611.72	153.333
1613.86	149.111
1616	142.444
1618.14	136.667
1620.28	136
1622.42	143.111
1624.56	129.556
1626.69	132.889
1628.83	134.889
1630.96	128
1633.1	127.778
1635.23	128.667
1637.36	135.556
1639.5	130
1641.63	124
1643.76	130.889
1645.89	130.444
1648.02	127.333
1650.15	129.333
1652.28	129.111
1654.4	124.889
1656.53	120.444
1658.66	126.222
1660.78	129.333
1662.91	123.556
1665.03	119.333
1667.16	119.778
1669.28	124.444
1671.4	124.222
1673.52	124.889
1675.65	125.778
1677.77	124.222
1679.89	121.333
1682.01	121.556
1684.12	121.556
1686.24	126.667
1688.36	123.556
1690.48	120.667
1692.59	124.222
1694.71	120.222
1696.82	124
1698.94	123.333
1701.05	123.111
1703.16	118.889
1705.27	125.778
1707.39	118.222
1709.5	123.333
1711.61	120.222
1713.72	123.556
1715.83	123.333
1717.93	121.333
1720.04	119.333
1722.15	120
1724.25	119.333
1726.36	122.889
1728.47	122.667
1730.57	123.556
1732.67	120.222
1734.78	124.889
1736.88	122.667
1738.98	122.667
1741.08	118.667
1743.18	122.667
1745.28	120.889
1747.38	121.556
1749.48	123.556
1751.58	119.111
1753.67	122.889
1755.77	118.222
1757.87	124.667
1759.96	120.444
1762.06	126.889
1764.15	122.667
1766.25	125.333
1768.34	123.556
1770.43	124.222
1772.52	121.778
1774.61	120.667
1776.7	119.778
1778.79	121.111
1780.88	120.889
1782.97	121.556
1785.06	124.889
1787.14	123.556
1789.23	121.111
1791.32	124
1793.4	123.333
1795.49	124.444
1797.57	120.444
1799.65	123.778
1801.74	124.889
1803.82	123.556
1805.9	120.889
1807.98	120
1810.06	120
1812.14	126
1814.22	116.444
1816.3	122.667
1818.38	122
1820.45	124.667
1822.53	125.111
1824.6	118.667
1826.68	118.889
1828.75	122.444
1830.83	124.444
1832.9	124.444
1834.97	123.111
1837.05	127.333
1839.12	125.111
1841.19	120
1843.26	122.889
1845.33	122.667
1847.4	124
1849.46	123.333
1851.53	116.889
1853.6	123.778
1855.66	117.778
1857.73	114.667
1859.79	116.444
1861.86	120
1863.92	119.556
1865.99	121.111
1868.05	125.333
1870.11	123.333
1872.17	121.556
1874.23	118.889
1876.29	124.444
1878.35	119.111
1880.41	124.444
1882.47	120.889
1884.53	119.778
1886.58	123.111
1888.64	121.111
1890.69	121.778
1892.75	119.333
1894.8	127.333
1896.86	122
1898.91	121.778
1900.96	124.667
1903.02	118.889
1905.07	124.444
1907.12	121.778
1909.17	126.444
1911.22	118.889
1913.27	119.333
1915.31	123.556
1917.36	122.667
1919.41	124.667
1921.45	124.667
1923.5	124.444
1925.55	120.444
1927.59	122
1929.63	119.556
1931.68	120
1933.72	119.111
1935.76	125.111
1937.8	120.222
1939.84	123.556
1941.88	122.222
1943.92	125.778
1945.96	119.778
1948	120.444
1950.04	122.889
1952.08	128.222
1954.11	120
1956.15	118
1958.18	120.889
1960.22	118.667
1962.25	124.889
1964.29	121.111
1966.32	123.333
1968.35	122.889
1970.38	123.111
1972.41	121.778
1974.44	117.556
1976.47	118
1978.5	120.444
1980.53	118.889
1982.56	122.222
1984.59	119.556
1986.61	121.333
1988.64	121.778
1990.66	122
1992.69	124
1994.71	121.778
1996.74	127.556
1998.76	120.222
2000.78	122.889
2002.8	121.778
2004.82	119.778
2006.85	116.667
2008.87	120.222
2010.88	122.444
2012.9	116.444
2014.92	126
2016.94	121.778
2018.96	119.778
2020.97	121.111
2022.99	124.222
2025	118.889
2027.02	121.556
2029.03	119.556
2031.05	123.778
2033.06	118.889
2035.07	125.556
2037.08	122.667
2039.09	121.556
2041.1	122.222
2043.11	120.222
2045.12	116.222
2047.13	123.333
2049.14	124.444
2051.15	124
2053.15	118.222
2055.16	124.889
2057.16	119.111
2059.17	119.111
2061.17	122
2063.18	120.444
2065.18	119.556
2067.18	124.222
2069.18	119.333
2071.19	124.444
2073.19	123.778
2075.19	121.778
2077.19	120.667
2079.19	118.667
2081.18	118.444
2083.18	118
2085.18	118.667
2087.17	119.556
2089.17	125.111
2091.17	120.667
2093.16	119.333
2095.16	121.111
2097.15	124.444
2099.14	122.889
2101.13	122
2103.13	114.222
2105.12	120.667
2107.11	122.889
2109.1	123.111
2111.09	116.444
2113.08	125.556
2115.06	117.556
2117.05	124
2119.04	123.111
2121.02	117.556
2123.01	123.111
2125	122.444
2126.98	123.111
2128.96	121.556
2130.95	124.444
2132.93	120.889
2134.91	126
2136.9	122
2138.88	127.778
2140.86	132
2142.84	121.333
2144.82	121.556
2146.8	122.889
2148.77	117.778
2150.75	126.889
2152.73	121.111
2154.7	124.444
2156.68	117.111
2158.65	119.778
2160.63	122
2162.6	120.889
2164.58	116
2166.55	124.222
2168.52	122.444
2170.49	122.444
2172.47	122.667
2174.44	120
2176.41	120.444
2178.38	118
2180.34	125.111
2182.31	127.333
2184.28	121.333
2186.25	121.556
2188.21	125.778
2190.18	125.556
2192.14	122.444
2194.11	121.333
2196.07	125.111
2198.04	122
2200	129.111
2201.96	136.889
2203.92	136.889
2205.89	133.111
2207.85	131.111
2209.81	125.556
2211.77	129.556
2213.72	123.111
2215.68	125.556
2217.64	128.444
2219.6	124.222
2221.55	127.778
2223.51	130.889
2225.47	137.778
2227.42	136
2229.37	135.556
2231.33	135.778
2233.28	145.556
2235.23	143.111
2237.19	159.778
2239.14	174.222
2241.09	197.333
2243.04	226.889
2244.99	312.444
2246.94	416.222
2248.89	582.444
2250.83	796.667
2252.78	998.444
2254.73	907.556
2256.67	619.333
2258.62	353.333
2260.56	243.556
2262.51	192.667
2264.45	174.222
2266.4	157.778
2268.34	159.333
2270.28	153.556
2272.22	144.444
2274.16	145.333
2276.1	148.444
2278.04	143.556
2279.98	144.889
2281.92	142.889
2283.86	151.333
2285.8	155.111
2287.74	162.444
2289.67	178
2291.61	189.778
2293.54	202.444
2295.48	183.778
2297.41	172.889
2299.35	160.444
2301.28	151.556
2303.21	141.333
2305.14	136.444
2307.07	129.778
2309.01	127.333
2310.94	123.556
2312.86	132
2314.79	120.222
2316.72	123.556
2318.65	126.667
2320.58	124.444
2322.5	120.222
2324.43	125.333
2326.36	120.889
2328.28	125.333
2330.21	124.444
2332.13	117.111
2334.05	120.667
2335.98	124.222
2337.9	124.222
2339.82	122.667
2341.74	124.444
2343.66	123.111
2345.58	122.444
2347.5	119.556
2349.42	122.222
2351.34	118.667
2353.26	120.667
2355.17	120
2357.09	118.444
2359.01	123.556
2360.92	125.111
2362.84	121.111
2364.75	121.333
2366.67	121.556
2368.58	122.667
2370.49	122.889
2372.4	129.111
2374.32	128.444
2376.23	128.444
2378.14	130.667
2380.05	127.778
2381.96	123.111
2383.86	123.333
2385.77	117.556
2387.68	124.667
2389.59	118.222
2391.5	122
2393.4	121.111
2395.31	118.222
2397.21	116.667
2399.12	123.778
2401.02	115.778
2402.92	117.556
2404.83	120.889
2406.73	122
2408.63	120.667
2410.53	123.556
2412.43	120.889
2414.33	120.889
2416.23	115.778
2418.13	121.111
2420.03	122.222
2421.93	118
2423.82	122.222
2425.72	118.444
2427.61	124.222
2429.51	121.111
2431.4	119.556
2433.3	118.222
2435.19	121.778
2437.09	123.556
2438.98	123.556
2440.87	124.222
2442.76	125.111
2444.65	124.444
2446.55	131.111
2448.44	131.778
2450.32	130.889
2452.21	132.889
2454.1	133.556
