105.443	6056.55
108.528	5444.9
111.612	4817.29
114.693	4209.29
117.774	3698.15
120.854	3242.82
123.931	2863.87
127.007	2496.49
130.081	2195.87
133.155	1931.21
136.226	1734.27
139.296	1510.49
142.364	1346.32
145.431	1179.92
148.496	1046.06
151.559	924.431
154.622	850.133
157.682	753.721
160.741	686.99
163.799	612.581
166.855	551.317
169.91	509.664
172.963	468.15
176.014	431.039
179.064	386.209
182.113	354.461
185.16	330.32
188.205	298.993
191.249	277.152
194.291	263.729
197.333	248.319
200.372	238.384
203.409	225.002
206.446	206.547
209.48	195.786
212.514	185.797
215.546	171.242
218.577	167.467
221.605	160.737
224.633	160.158
227.658	147.433
230.682	144.353
233.706	140.788
236.727	138.609
239.747	131.087
242.765	129.987
245.782	133.144
248.797	126.806
251.811	122.058
254.823	114.531
257.834	115.867
260.844	111.317
263.852	111.342
266.858	114.282
269.863	112.789
272.866	115.761
275.868	114.418
278.869	117.589
281.867	109.961
284.865	114.474
287.861	110.528
290.856	111.461
293.848	104.84
296.84	112.585
299.83	107.594
302.819	109.786
305.806	108.651
308.791	109.673
311.775	108.28
314.758	108.387
317.739	108.705
320.719	104.2
323.697	111.046
326.674	109.875
329.649	105.049
332.623	108.513
335.595	100.657
338.566	104.776
341.535	110.542
344.504	110.312
347.47	108.038
350.434	109.087
353.399	109.29
356.36	106.493
359.321	105.271
362.281	102.565
365.238	109.205
368.194	108.273
371.149	104.152
374.102	105.769
377.054	109.807
380.005	114.551
382.954	119.167
385.901	121.585
388.847	128.466
391.792	133.454
394.735	129.156
397.676	132.882
400.617	126.971
403.555	122.931
406.493	119.936
409.429	121.678
412.363	105.922
415.297	108.549
418.228	107.121
421.158	105.541
424.087	103.76
427.014	98.3872
429.94	103.318
432.864	96.4379
435.787	98.3889
438.709	93.4883
441.629	97.0913
444.547	96.1851
447.464	89.0716
450.38	90.0901
453.294	89.1029
456.208	88.2658
459.119	91.0087
462.028	85.5496
464.938	84.8153
467.844	79.1509
470.75	81.4418
473.654	85.8115
476.557	84.1516
479.459	83.548
482.359	81.8932
485.257	83.9932
488.154	83.3809
491.05	82.3458
493.945	82.2196
496.838	79.4376
499.729	81.2688
502.619	79.9964
505.508	86.7629
508.395	83.4242
511.281	80.458
514.165	81.2173
517.049	83.5686
519.93	81.6048
522.81	80.874
525.689	81.6506
528.566	80.2173
531.442	82.5955
534.317	78.3942
537.19	84.8161
540.062	86.1547
542.932	83.8216
545.801	82.5064
548.669	78.9835
551.534	82.6591
554.399	83.0684
557.262	90.7689
560.124	92.3642
562.985	92.7369
565.844	92.6947
568.702	101.208
571.558	103.77
574.413	107.456
577.266	115.88
580.118	131.546
582.969	153.477
585.819	182.416
588.666	241.832
591.513	346.932
594.359	540.387
597.202	754.538
600.045	778.397
602.885	594.759
605.725	400.875
608.564	271.049
611.4	198.907
614.236	160.891
617.07	138.305
619.902	127.405
622.734	113.567
625.564	103.102
628.393	103.789
631.219	97.6164
634.045	97.5639
636.87	93.7567
639.693	91.2933
642.515	93.3218
645.335	84.4212
648.153	89.708
650.971	89.6074
653.787	90.7105
656.602	92.1732
659.416	91.9948
662.228	93.8882
665.038	90.9806
667.848	91.103
670.655	98.8172
673.462	95.1408
676.268	94.0564
679.071	88.4571
681.874	86.8628
684.675	80.2594
687.475	87.8496
690.273	82.7361
693.07	84.4229
695.866	83.6569
698.66	76.3319
701.453	76.0984
704.244	73.5412
707.035	78.7535
709.824	78.3328
712.612	73.8683
715.397	78.1391
718.183	77.0042
720.966	73.0103
723.748	71.8611
726.529	76.7222
729.308	76.0906
732.087	73.0702
734.863	73.7613
737.639	77.5311
740.413	75.3307
743.186	75.5571
745.956	65.4858
748.726	78.1247
751.495	76.4696
754.262	71.6596
757.029	79.4052
759.793	76.6607
762.557	72.8161
765.318	76.1432
768.079	78.106
770.839	79.0949
773.597	87.7976
776.353	87.2196
779.109	87.5928
781.862	88.0924
784.615	91.782
787.366	104.795
790.116	111.332
792.865	115.991
795.612	120.38
798.358	110.874
801.102	103.163
803.846	92.1062
806.588	91.9584
809.329	90.5424
812.068	88.7189
814.806	89.3291
817.542	96.103
820.278	100.594
823.012	105.922
825.744	107.305
828.476	114.181
831.206	123.648
833.935	127.879
836.662	142.433
839.388	159.114
842.113	169.922
844.836	165.944
847.558	134.404
850.279	114.212
852.999	105.925
855.718	97.2125
858.435	91.2176
861.15	91.6709
863.865	85.1298
866.577	85.0908
869.289	79.9776
871.999	80.5853
874.709	73.2627
877.417	77.3451
880.123	72.5332
882.828	73.4724
885.531	72.3738
888.234	74.2103
890.936	71.0279
893.635	76.1013
896.334	77.7421
899.031	77.9194
901.728	78.4723
904.422	75.2154
907.116	78.3139
909.808	73.7814
912.499	76.7422
915.188	78.11
917.877	80.4985
920.563	76.847
923.249	80.6385
925.934	83.4487
928.617	88.3613
931.298	93.7746
933.979	97.5604
936.658	91.9629
939.336	89.7103
942.013	95.2543
944.688	100.426
947.362	98.5853
950.035	106.752
952.706	107.356
955.377	122.181
958.045	141.368
960.714	168.603
963.38	219.323
966.044	310.7
968.709	485.958
971.372	784.933
974.033	1175.15
976.693	1621.82
979.351	2703.54
982.009	6830.71
984.665	11046.5
987.32	7791.68
989.974	4120.63
992.626	2099.76
995.277	973.652
997.926	546.51
1000.57	360.26
1003.22	240.325
1005.87	186.673
1008.51	145.589
1011.16	134.61
1013.8	120.697
1016.44	116.22
1019.08	109.629
1021.72	103.242
1024.35	105.532
1026.99	102.675
1029.63	102.021
1032.26	95.9544
1034.89	92.3236
1037.52	83.7535
1040.15	83.5332
1042.78	87.1043
1045.41	83.4843
1048.03	83.9215
1050.66	77.3139
1053.28	84.7575
1055.9	84.9797
1058.52	82.1956
1061.14	85.6731
1063.76	83.9806
1066.38	90.6443
1068.99	88.8686
1071.61	85.6964
1074.22	86.9014
1076.83	86.9428
1079.44	85.3976
1082.05	85.1621
1084.66	83.1108
1087.27	80.654
1089.87	83.6527
1092.48	84.3407
1095.08	84.9198
1097.68	82.8758
1100.29	76.4827
1102.88	80.1637
1105.48	84.0178
1108.08	82.0626
1110.68	86.9411
1113.27	82.2347
1115.86	88.218
1118.46	91.0767
1121.05	94.0308
1123.64	89.2643
1126.23	98.2292
1128.81	98.2103
1131.4	99.6948
1133.98	108.697
1136.57	115.995
1139.15	133.61
1141.73	131.234
1144.31	138.833
1146.89	148.972
1149.47	146.639
1152.04	158.815
1154.62	189.896
1157.19	227.078
1159.76	278.376
1162.33	366.697
1164.9	479.327
1167.47	606.868
1170.04	658.11
1172.61	603.853
1175.17	501.435
1177.74	384.678
1180.3	296.153
1182.86	226.097
1185.42	188.869
1187.98	160.417
1190.54	144.401
1193.09	129.88
1195.65	125.181
1198.2	113.901
1200.76	106.19
1203.31	106.155
1205.86	103.495
1208.41	104.173
1210.96	102.646
1213.5	93.1051
1216.05	94.5529
1218.59	93.9186
1221.14	84.9951
1223.68	83.7383
1226.22	82.8472
1228.76	87.9265
1231.3	89.4347
1233.84	83.9623
1236.37	82.5625
1238.91	89.9914
1241.44	83.3124
1243.97	82.9953
1246.5	83.8607
1249.03	85.9324
1251.56	86.0279
1254.09	91.9014
1256.62	80.2157
1259.14	86.6719
1261.67	82.1961
1264.19	83.2515
1266.71	84.6258
1269.23	85.597
1271.75	86.0124
1274.27	86.4329
1276.78	89.1274
1279.3	87.4821
1281.81	84.1336
1284.33	88.5221
1286.84	93.2977
1289.35	94.1051
1291.86	87.8749
1294.37	92.578
1296.88	91.5368
1299.38	88.2057
1301.89	96.755
1304.39	93.6506
1306.89	97.3319
1309.4	96.9881
1311.9	94.7746
1314.4	102.31
1316.89	91.7156
1319.39	101.215
1321.89	99.1349
1324.38	103.617
1326.87	102.539
1329.37	96.4827
1331.86	102.443
1334.35	100.655
1336.83	101.806
1339.32	106.95
1341.81	104.924
1344.29	108.036
1346.78	106.123
1349.26	106.706
1351.74	115.974
1354.22	110.1
1356.7	111.105
1359.18	116.651
1361.65	110.483
1364.13	114.184
1366.6	114.098
1369.08	112.167
1371.55	118.697
1374.02	109.711
1376.49	105.338
1378.96	111.929
1381.43	117.856
1383.89	112.151
1386.36	113.961
1388.82	115.48
1391.28	110.816
1393.75	121.343
1396.21	125.597
1398.67	139.765
1401.12	132.656
1403.58	122.416
1406.04	118.997
1408.49	112.204
1410.95	113.485
1413.4	114.251
1415.85	104.089
1418.3	108.045
1420.75	110.34
1423.2	105.955
1425.64	106.263
1428.09	105.12
1430.53	102.668
1432.97	109.247
1435.42	104.162
1437.86	98.5441
1440.3	101.918
1442.74	105.646
1445.17	105.506
1447.61	103.483
1450.05	110.819
1452.48	106.869
1454.91	103.677
1457.34	106.333
1459.77	104.83
1462.2	106.14
1464.63	102.414
1467.06	105.599
1469.48	107.695
1471.91	109.294
1474.33	108.62
1476.76	109.168
1479.18	100.533
1481.6	101.657
1484.02	100.422
1486.44	103.245
1488.85	101.985
1491.27	104.311
1493.68	104.668
1496.1	101.666
1498.51	99.8665
1500.92	100.488
1503.33	96.6561
1505.74	104.405
1508.15	101.986
1510.55	100.033
1512.96	101.274
1515.36	102.885
1517.77	98.324
1520.17	103.184
1522.57	104.295
1524.97	103.279
1527.37	101.43
1529.77	107.631
1532.16	100.82
1534.56	106.987
1536.95	109.706
1539.35	104.202
1541.74	111.052
1544.13	110.564
1546.52	109.643
1548.91	114.706
1551.3	119.387
1553.68	123.638
1556.07	129.135
1558.45	137.104
1560.84	138.267
1563.22	160.374
1565.6	174.51
1567.98	185.847
1570.36	226.784
1572.74	254.6
1575.11	295.736
1577.49	347.775
1579.86	367.91
1582.24	357.788
1584.61	316.901
1586.98	276.35
1589.35	246.806
1591.72	238.55
1594.08	233.816
1596.45	263.487
1598.82	288.269
1601.18	290.088
1603.54	255.776
1605.91	226.438
1608.27	197.162
1610.63	165.088
1612.99	152.866
1615.34	136.34
1617.7	131.208
1620.06	123.953
1622.41	113.818
1624.76	115.651
1627.12	107.938
1629.47	105.401
1631.82	100.484
1634.17	103.875
1636.51	96.5163
1638.86	92.5137
1641.21	87.8829
1643.55	93.1521
1645.9	90.4163
1648.24	89.1897
1650.58	82.6472
1652.92	86.4313
1655.26	90.7895
1657.6	83.2125
1659.93	81.4268
1662.27	81.6784
1664.6	82.7088
1666.94	85.9265
1669.27	85.0992
1671.6	83.9951
1673.93	81.1944
1676.26	85.3643
1678.59	80.6781
1680.92	86.0505
1683.24	85.4392
1685.57	83.5853
1687.89	85.175
1690.22	87.3382
1692.54	84.1835
1694.86	81.3716
1697.18	79.1303
1699.5	80.205
1701.81	77.5139
1704.13	83.629
1706.45	78.098
1708.76	85.9261
1711.07	76.3313
1713.38	73.3706
1715.7	77.1865
1718.01	75.5349
1720.31	74.3457
1722.62	74.5733
1724.93	69.6288
1727.24	75.1494
1729.54	76.2543
1731.84	68.7072
1734.15	71.8382
1736.45	68.49
1738.75	68.7895
1741.05	67.156
1743.35	69.945
1745.64	70.2154
1747.94	66.492
1750.23	68.8087
1752.53	69.8611
1754.82	64.6762
1757.11	65.8351
1759.4	67.9918
1761.69	69.0265
1763.98	67.3152
1766.27	71.3228
1768.56	68.6121
1770.84	61.2074
1773.13	63.649
1775.41	68.6421
1777.69	66.9935
1779.97	65.3244
1782.25	64.9914
1784.53	64.0924
1786.81	61.1043
1789.09	63.2074
1791.36	60.6547
1793.64	64.6592
1795.91	62.4205
1798.18	64.0895
1800.46	56.8154
1802.73	63.851
1805	65.0415
1807.27	57.9919
1809.53	61.2606
1811.8	61.9287
1814.07	62.2918
1816.33	57.8104
1818.59	57.4379
1820.86	57.4347
1823.12	65.3419
1825.38	61.7605
1827.64	59.3984
1829.89	59.9768
1832.15	60.6526
1834.41	59.2157
1836.66	58.3244
1838.92	61.1822
1841.17	59.2631
1843.42	59.0604
1845.67	61.2017
1847.92	57.4201
1850.17	60.782
1852.42	58.1897
1854.67	60.6115
1856.91	54.4325
1859.16	57.851
1861.4	57.5146
1863.64	58.2922
1865.88	57.7709
1868.12	59.0554
1870.36	53.4368
1872.6	55.4745
1874.84	58.2062
1877.08	59.2654
1879.31	55.4082
1881.54	58.0621
1883.78	55.3181
1886.01	52.0444
1888.24	58.4068
1890.47	57.4179
1892.7	55.2107
1894.93	54.6405
1897.16	53.6731
1899.38	53.9838
1901.61	53.5379
1903.83	52.5481
1906.05	53.8992
1908.28	50.0949
1910.5	57.696
1912.72	54.1024
1914.94	53.9638
1917.16	51.1732
1919.37	55.6266
1921.59	51.4347
1923.8	53.8678
1926.02	58.6866
1928.23	57.5474
1930.44	54.6735
1932.65	50.6784
1934.86	51.2586
1937.07	47.7629
1939.28	50.3799
1941.48	50.9059
1943.69	49.3319
1945.9	50.7072
1948.1	54.5882
1950.3	47.5965
1952.5	51.6596
1954.7	47.2331
1956.9	50.8176
1959.1	51.4613
1961.3	52.9008
1963.5	49.5961
1965.69	48.7709
1967.89	48.6077
1970.08	52.7976
1972.27	48.3716
1974.46	46.0383
1976.66	49.1583
1978.84	46.3139
1981.03	45.0638
1983.22	47.3152
1985.41	46.6518
1987.59	42.9081
1989.78	40.6472
1991.96	43.9827
1994.14	46.5323
1996.32	44.2605
1998.51	48.7616
2000.69	43.2303
2002.86	44.9006
2005.04	43.3218
2007.22	44.9303
2009.39	40.6569
2011.57	41.4368
2013.74	46.438
2015.91	44.9345
2018.09	45.3725
2020.26	41.3542
2022.43	42.0102
2024.59	45.653
2026.76	40.4798
2028.93	41.7105
2031.09	38.5095
2033.26	42.5416
2035.42	38.8684
2037.59	41.2999
2039.75	43.3269
2041.91	43.9666
2044.07	40.553
2046.23	38.6066
2048.38	40.6016
2050.54	35.5407
2052.7	37.9948
2054.85	37.2169
2057	41.8075
2059.16	33.9168
2061.31	39.8282
2063.46	40.3716
2065.61	37.5992
2067.76	36.5163
2069.91	35.6591
2072.05	33.6272
2074.2	33.8225
2076.34	38.4258
2078.49	36.0042
2080.63	35.7667
2082.77	38.4313
2084.91	35.7567
2087.05	29.3598
2089.19	34.3748
2091.33	34.8354
2093.47	34.5082
2095.6	38.5361
2097.74	32.4325
2099.87	35.0192
2102.01	34.2331
2104.14	37.4844
2106.27	34.2339
2108.4	34.6082
2110.53	34.1224
2112.66	34.7039
2114.79	33.6603
2116.91	34.7858
2119.04	34.662
2121.16	35.7646
2123.29	34.8728
2125.41	31.0888
2127.53	32.7097
2129.65	30.023
2131.77	29.9847
2133.89	35.4603
2136.01	32.2293
2138.12	28.3181
2140.24	31.7977
2142.35	31.0261
2144.47	33.116
2146.58	30.2146
2148.69	30.9902
2150.8	32.451
2152.91	31.1827
2155.02	33.2918
2157.13	31.9167
2159.24	31.1494
2161.34	30.1419
2163.45	29.3633
2165.55	30.4376
2167.66	32.0064
2169.76	41.0777
2171.86	30.9089
2173.96	34.8969
2176.06	30.5462
2178.16	32.9827
2180.26	33.2501
2182.35	35.5379
2184.45	32.6472
2186.54	31.6464
2188.64	31.7081
2190.73	31.3727
2192.82	30.7729
2194.91	29.2552
2197	24.7584
2199.09	33.4564
2201.18	29.7092
2203.27	29.7043
2205.35	31.2006
2207.44	30.7105
2209.52	31.9812
2211.61	34.1495
2213.69	30.5526
2215.77	26.1979
2217.85	29.5139
2219.93	29.9354
2222.01	28.5928
2224.09	27.1762
2226.16	25.5021
2228.24	28.4301
2230.31	28.313
2232.39	28.0576
2234.46	26.6272
2236.53	27.0992
2238.6	28.0354
2240.67	26.4817
2242.74	28.5932
2244.81	27.6464
2246.88	29.3873
2248.94	29.1311
2251.01	25.4049
2253.07	26.3714
2255.14	27.3286
2257.2	26.7663
2259.26	26.4978
2261.32	28.428
2263.38	25.979
2265.44	26.3844
2267.5	28.4268
2269.56	28.4325
2271.61	26.6584
2273.67	25.1503
2275.72	26.7584
2277.78	25.1465
2279.83	24.7076
2281.88	28.6421
2283.93	24.6506
2285.98	26.6768
2288.03	31.2192
2290.08	32.9295
2292.12	27.2331
2294.17	28.681
2296.21	25.6948
2298.26	24.9768
2300.3	24.9324
2302.34	29.8333
2304.38	26.3181
2306.42	27.378
2308.46	28.6003
2310.5	26.205
2312.54	28.1687
2314.58	26.4963
2316.61	25.6096
2318.65	24.0992
2320.68	26.8478
2322.71	23.0751
2324.75	22.6501
2326.78	23.2614
2328.81	23.1498
2330.84	26.6439
2332.86	22.8611
2334.89	22.2598
2336.92	24.485
2338.94	27.7821
2340.97	26.1465
2342.99	24.7591
2345.02	27.2687
2347.04	23.7773
2349.06	22.3569
2351.08	21.7868
2353.1	24.4753
2355.12	26.3218
2357.13	24.8078
2359.15	25.0888
2361.17	24.008
2363.18	23.5021
2365.19	24.1944
2367.21	25.5361
2369.22	22.8343
2371.23	25.5296
2373.24	22.5931
2375.25	21.0565
2377.26	26.4044
2379.27	21.7535
2381.27	22.1419
2383.28	22.1442
2385.28	24.4066
2387.29	22.9324
2389.29	19.8132
2391.29	22.7155
2393.29	23.1153
2395.29	22.9455
2397.29	23.5161
2399.29	22.4396
2401.29	24.7026
2403.28	21.4392
2405.28	23.1036
2407.27	22.1999
2409.27	20.5926
2411.26	20.9006
2413.25	19.0405
2415.25	22.6802
2417.24	20.252
2419.22	19.2422
2421.21	22.0901
2423.2	21.2339
2425.19	22.7165
2427.17	22.1799
2429.16	22.6607
2431.14	18.3236
2433.13	20.7584
2435.11	21.5474
2437.09	22.8213
2439.07	23.381
2441.05	22.5248
2443.03	21.9907
2445.01	23.0582
2446.98	23.3777
2448.96	26.7318
2450.93	27.1051
2452.91	25.0901
2454.88	25.5507
2456.85	20.5496
2458.83	22.0855
2460.8	23.3614
2462.77	20.951
2464.74	18.7746
2466.7	22.9197
2468.67	20.943
2470.64	20.8829
2472.6	21.5635
2474.57	21.428
2476.53	22.922
2478.49	19.6607
2480.46	23.0399
2482.42	21.5146
2484.38	19.2339
2486.34	23.4933
2488.29	22.4314
2490.25	27.2006
2492.21	25.3451
2494.16	28.1196
2496.12	23.7294
2498.07	22.8678
2500.03	23.3614
2501.98	23.7243
2503.93	23.378
2505.88	23.696
2507.83	26.7773
2509.78	24.994
2511.73	31.3706
2513.67	40.8154
2515.62	31.9411
2517.56	32.5724
2519.51	26.0511
2521.45	22.0102
2523.4	22.596
2525.34	23.1432
2527.28	24.2265
2529.22	23.3382
2531.16	23.2071
2533.1	21.7702
2535.03	22.4548
2536.97	22.3754
2538.91	24.3504
2540.84	26.1228
2542.77	26.1813
2544.71	24.7121
2546.64	20.3301
2548.57	22.2369
2550.5	21.313
2552.43	21.1558
2554.36	20.0716
2556.29	16.8216
2558.21	18.7646
2560.14	19.6462
2562.07	14.2019
2563.99	17.4218
2565.91	18.8774
2567.84	19.6847
2569.76	21.6505
2571.68	19.7193
2573.6	18.0996
2575.52	18.9776
2577.44	19.037
2579.36	18.1196
2581.27	20.15
2583.19	19.9712
2585.1	16.185
2587.02	15.5273
2588.93	18.2422
2590.84	19.7959
2592.75	17.6077
2594.67	16.9545
2596.58	17.3218
2598.48	16.6515
2600.39	16.3376
