105.443	6072.63
108.528	5430.84
111.612	4795.04
114.693	4196.39
117.774	3658.9
120.854	3246.81
123.931	2838.23
127.007	2523.1
130.081	2209.31
133.155	1936.27
136.226	1713.18
139.296	1493.41
142.364	1324.22
145.431	1183.65
148.496	1043.22
151.559	947.223
154.622	848.213
157.682	738.886
160.741	682.092
163.799	604.467
166.855	567.658
169.91	499.242
172.963	453.036
176.014	404.417
179.064	378.674
182.113	349.831
185.16	330.625
188.205	291.655
191.249	276.873
194.291	261.753
197.333	247.976
200.372	231.651
203.409	221.834
206.446	205.122
209.48	195.515
212.514	175.896
215.546	177.782
218.577	162.705
221.605	152.915
224.633	155.232
227.658	143.349
230.682	146.601
233.706	145.199
236.727	137.357
239.747	134.051
242.765	129.558
245.782	130.412
248.797	128.879
251.811	118.799
254.823	116.361
257.834	114.339
260.844	116.389
263.852	120.592
266.858	106.774
269.863	110.911
272.866	109.584
275.868	118.555
278.869	114.989
281.867	109.366
284.865	104.424
287.861	106.918
290.856	110.141
293.848	109.353
296.84	109.222
299.83	107.689
302.819	109.998
305.806	102.933
308.791	102.476
311.775	106.83
314.758	102.17
317.739	107.808
320.719	106.409
323.697	106.965
326.674	106.675
329.649	106.049
332.623	108.633
335.595	103.331
338.566	102.029
341.535	108.337
344.504	106.487
347.47	110.285
350.434	106.887
353.399	103.493
356.36	102.274
359.321	109.322
362.281	104.877
365.238	104.658
368.194	105.844
371.149	113.235
374.102	112.39
377.054	114.492
380.005	107.731
382.954	116.563
385.901	120.952
388.847	132.06
391.792	127.025
394.735	125.467
397.676	130.827
400.617	127.631
403.555	112.133
406.493	115.12
409.429	112.754
412.363	102.31
415.297	108.176
418.228	110.149
421.158	104.913
424.087	102.156
427.014	99.9863
429.94	101.127
432.864	95.5082
435.787	97.8524
438.709	98.5561
441.629	92.9386
444.547	90.7282
447.464	89.9762
450.38	84.653
453.294	90.2201
456.208	91.9069
459.119	89.5549
462.028	82.8904
464.938	88.9672
467.844	83.1709
470.75	81.1318
473.654	86.261
476.557	83.1163
479.459	80.7772
482.359	79.7333
485.257	78.4108
488.154	82.765
491.05	85.1098
493.945	84.3456
496.838	80.0426
499.729	80.3596
502.619	80.9212
505.508	76.3943
508.395	79.4832
511.281	79.6046
514.165	75.3266
517.049	81.5817
519.93	85.4786
522.81	81.4026
525.689	80.7238
528.566	77.2744
531.442	76.9371
534.317	76.8174
537.19	80.7029
540.062	80.4889
542.932	79.4743
545.801	82.7642
548.669	81.4694
551.534	87.6719
554.399	81.5094
557.262	88.5858
560.124	88.5086
562.985	89.2376
565.844	91.075
568.702	96.9744
571.558	99.4871
574.413	115.349
577.266	117.85
580.118	125.947
582.969	154.699
585.819	179.509
588.666	242.815
591.513	349.15
594.359	537.843
597.202	752.839
600.045	789.821
602.885	584.91
605.725	391.952
608.564	276.701
611.4	197.029
614.236	157.164
617.07	140.628
619.902	118.917
622.734	109.008
625.564	108.693
628.393	101.037
631.219	95.7976
634.045	97.5986
636.87	88.8941
639.693	86.423
642.515	88.681
645.335	89.1789
648.153	89.9872
650.971	83.0403
653.787	91.9843
656.602	85.7333
659.416	88.5064
662.228	87.1986
665.038	88.4977
667.848	96.1991
670.655	89.7181
673.462	88.0605
676.268	89.9556
679.071	87.1844
681.874	87.2332
684.675	86.8459
687.475	85.1578
690.273	80.633
693.07	79.7817
695.866	76.8504
698.66	75.8889
701.453	76.4483
704.244	73.4044
707.035	80.115
709.824	78.0531
712.612	72.1817
715.397	74.0761
718.183	72.7921
720.966	74.7148
723.748	75.8658
726.529	71.8388
729.308	73.3635
732.087	72.7212
734.863	72.2704
737.639	73.9672
740.413	71.4872
743.186	72.9752
745.956	70.8625
748.726	71.7427
751.495	76.7449
754.262	67.8654
757.029	70.9938
759.793	76.0458
762.557	75.6682
765.318	78.3748
768.079	76.9091
770.839	83.2192
773.597	81.0863
776.353	83.4518
779.109	80.975
781.862	87.1245
784.615	91.0895
787.366	99.2027
790.116	106.566
792.865	124.498
795.612	122.382
798.358	107.141
801.102	92.8546
803.846	89.7377
806.588	90.4625
809.329	90.832
812.068	90.13
814.806	90.1081
817.542	97.1516
820.278	99.5635
823.012	99.8546
825.744	107.611
828.476	114.704
831.206	118.708
833.935	132.376
836.662	142.151
839.388	166.352
842.113	167.661
844.836	147.654
847.558	136.37
850.279	117.802
852.999	99.4694
855.718	96.2356
858.435	93.3492
861.15	87.6389
863.865	85.2512
866.577	78.7359
869.289	84.5049
871.999	78.7219
874.709	80.4388
877.417	73.5488
880.123	75.4625
882.828	73.4746
885.531	72.5191
888.234	72.7294
890.936	74.0691
893.635	75.8981
896.334	75.4167
899.031	74.0586
901.728	70.9371
904.422	73.1005
907.116	73.1905
909.808	77.2625
912.499	75.2232
915.188	73.2794
917.877	77.9954
920.563	81.8223
923.249	82.5571
925.934	81.6694
928.617	85.3142
931.298	88.9145
933.979	91.6889
936.658	92.7204
939.336	89.8329
942.013	93.5017
944.688	96.1569
947.362	99.3983
950.035	105.238
952.706	103.885
955.377	124.312
958.045	138.448
960.714	170.238
963.38	211.652
966.044	304.502
968.709	485.958
971.372	776.897
974.033	1189.45
976.693	1593.56
979.351	2710.9
982.009	6871.88
984.665	11012.4
987.32	7751.75
989.974	4105.65
992.626	2090.23
995.277	980.02
997.926	554.974
1000.57	353.598
1003.22	232.545
1005.87	173.531
1008.51	142.896
1011.16	128.343
1013.8	119.09
1016.44	110.048
1019.08	109.382
1021.72	103.206
1024.35	106.532
1026.99	101.009
1029.63	96.7635
1032.26	97.444
1034.89	90.5979
1037.52	90.4548
1040.15	86.8101
1042.78	90.8644
1045.41	87.0954
1048.03	81.2317
1050.66	86.0503
1053.28	80.8329
1055.9	82.7967
1058.52	86.3676
1061.14	88.0773
1063.76	82.8015
1066.38	87.0241
1068.99	82.3943
1071.61	85.8746
1074.22	87.4054
1076.83	89.607
1079.44	81.3001
1082.05	84.1952
1084.66	84.4771
1087.27	83.8928
1089.87	81.7619
1092.48	81.0375
1095.08	81.2983
1097.68	79.3037
1100.29	75.2943
1102.88	78.1306
1105.48	82.4894
1108.08	81.4645
1110.68	86.8694
1113.27	89.5165
1115.86	88.0655
1118.46	91.9487
1121.05	91.2221
1123.64	87.5058
1126.23	91.9555
1128.81	94.6948
1131.4	101.825
1133.98	107.594
1136.57	116.892
1139.15	117.75
1141.73	122.806
1144.31	135.693
1146.89	148.685
1149.47	146.815
1152.04	160.943
1154.62	189.936
1157.19	224.156
1159.76	276.91
1162.33	360.84
1164.9	488.223
1167.47	596.075
1170.04	648.818
1172.61	605.304
1175.17	499.468
1177.74	375.076
1180.3	289.614
1182.86	239.511
1185.42	185.596
1187.98	158.804
1190.54	145.343
1193.09	132.931
1195.65	122.232
1198.2	109.838
1200.76	107.528
1203.31	96.75
1205.86	105.22
1208.41	104.645
1210.96	107.509
1213.5	88.9499
1216.05	90.9435
1218.59	87.2933
1221.14	85.1239
1223.68	85.5973
1226.22	85.2625
1228.76	88.3656
1231.3	90.4505
1233.84	80.1931
1236.37	86.4173
1238.91	90.0881
1241.44	85.7783
1243.97	84.0369
1246.5	84.8546
1249.03	82.6171
1251.56	84.0768
1254.09	81.2445
1256.62	80.4537
1259.14	86.1893
1261.67	86.0339
1264.19	82.7011
1266.71	83.7921
1269.23	83.3657
1271.75	84.5793
1274.27	86.2442
1276.78	85.2101
1279.3	85.8618
1281.81	92.0424
1284.33	85.3879
1286.84	89.6107
1289.35	88.2101
1291.86	91.4214
1294.37	90.3989
1296.88	92.0672
1299.38	87.7069
1301.89	95.1126
1304.39	92.3143
1306.89	88.115
1309.4	93.6541
1311.9	88.9763
1314.4	91.3837
1316.89	98.0862
1319.39	96.0856
1321.89	100.398
1324.38	91.6549
1326.87	100.328
1329.37	102.123
1331.86	101.128
1334.35	102.262
1336.83	103.393
1339.32	106.937
1341.81	109.532
1344.29	107.689
1346.78	107.478
1349.26	109.564
1351.74	110.713
1354.22	112.604
1356.7	117.97
1359.18	109.471
1361.65	116.444
1364.13	111.15
1366.6	109.786
1369.08	111.359
1371.55	102.366
1374.02	106.077
1376.49	107.343
1378.96	107.394
1381.43	107.877
1383.89	109.416
1386.36	112.571
1388.82	110.673
1391.28	112.873
1393.75	117.74
1396.21	123.896
1398.67	127.779
1401.12	128.64
1403.58	123.63
1406.04	109.293
1408.49	111.828
1410.95	113.05
1413.4	108.433
1415.85	105.697
1418.3	105.332
1420.75	108.551
1423.2	105.534
1425.64	107.903
1428.09	108.445
1430.53	103.468
1432.97	103.197
1435.42	101.508
1437.86	105.584
1440.3	103.057
1442.74	106.734
1445.17	104.362
1447.61	104.665
1450.05	106.109
1452.48	101.983
1454.91	104.022
1457.34	98.3308
1459.77	105.149
1462.2	103.594
1464.63	100.117
1467.06	107.329
1469.48	102.911
1471.91	109.158
1474.33	109.877
1476.76	108.842
1479.18	107.325
1481.6	107.287
1484.02	105.291
1486.44	106.998
1488.85	98.5166
1491.27	97.5529
1493.68	105.885
1496.1	107.184
1498.51	100.21
1500.92	98.441
1503.33	100.658
1505.74	95.1992
1508.15	100.862
1510.55	102.575
1512.96	99.6309
1515.36	98.5187
1517.77	97.2546
1520.17	98.9769
1522.57	100.099
1524.97	102.526
1527.37	102.63
1529.77	100.41
1532.16	103.887
1534.56	100.498
1536.95	104.887
1539.35	110.605
1541.74	109.46
1544.13	106.896
1546.52	109.929
1548.91	116.34
1551.3	123.887
1553.68	125.063
1556.07	123.135
1558.45	135.012
1560.84	143.963
1563.22	155.511
1565.6	169.011
1567.98	191.99
1570.36	219.77
1572.74	246.075
1575.11	296.363
1577.49	340.734
1579.86	360.453
1582.24	355.459
1584.61	306.511
1586.98	278.45
1589.35	232.195
1591.72	229.998
1594.08	230.986
1596.45	268.53
1598.82	288.945
1601.18	292.914
1603.54	260.815
1605.91	227.689
1608.27	189.486
1610.63	169.02
1612.99	144.564
1615.34	137.616
1617.7	133.46
1620.06	122.248
1622.41	118.487
1624.76	113.739
1627.12	108.935
1629.47	108.357
1631.82	96.3534
1634.17	99.6867
1636.51	92.7936
1638.86	96.9023
1641.21	93.3905
1643.55	91.3885
1645.9	87.3906
1648.24	85.1757
1650.58	86.0081
1652.92	87.5078
1655.26	85.665
1657.6	86.4208
1659.93	84.3436
1662.27	87.6778
1664.6	86.1398
1666.94	83.9212
1669.27	86.3207
1671.6	85.3434
1673.93	75.4588
1676.26	84.0692
1678.59	85.2206
1680.92	78.1008
1683.24	80.6037
1685.57	81.8153
1687.89	86.8113
1690.22	85.3331
1692.54	85.7793
1694.86	83.2445
1697.18	80.2983
1699.5	87.598
1701.81	78.7528
1704.13	78.9729
1706.45	80.195
1708.76	81.3589
1711.07	76.7313
1713.38	76.1569
1715.7	74.7212
1718.01	74.7857
1720.31	74.387
1722.62	74.6088
1724.93	75.387
1727.24	74.3595
1729.54	75.4558
1731.84	69.8116
1734.15	71.6183
1736.45	68.8324
1738.75	74.4524
1741.05	63.765
1743.35	72.6268
1745.64	70.1777
1747.94	64.0647
1750.23	68.1123
1752.53	67.6248
1754.82	66.0862
1757.11	68.3212
1759.4	67.6208
1761.69	63.5958
1763.98	67.4734
1766.27	66.4414
1768.56	60.7231
1770.84	67.0015
1773.13	64.0532
1775.41	66.1635
1777.69	64.4295
1779.97	61.9105
1782.25	61.0298
1784.53	63.1123
1786.81	62.5547
1789.09	60.8244
1791.36	61.3927
1793.64	58.2585
1795.91	63.6
1798.18	57.9752
1800.46	56.7069
1802.73	53.8942
1805	62.072
1807.27	58.1433
1809.53	63.7044
1811.8	57.8364
1814.07	60.6778
1816.33	60.7932
1818.59	59.8
1820.86	58.5534
1823.12	60.2512
1825.38	57.9291
1827.64	60.1495
1829.89	60.2768
1832.15	61.2421
1834.41	53.1138
1836.66	59.8424
1838.92	53.1738
1841.17	61.5197
1843.42	53.5958
1845.67	52.2828
1847.92	57.2565
1850.17	60.4998
1852.42	60.0405
1854.67	58.1123
1856.91	57.8981
1859.16	54.4756
1861.4	58.5729
1863.64	53.1931
1865.88	56.9442
1868.12	52.4301
1870.36	54.0471
1872.6	55.4359
1874.84	56.9984
1877.08	52.9032
1879.31	54.7921
1881.54	51.3205
1883.78	55.897
1886.01	54.9002
1888.24	51.8079
1890.47	53.7164
1892.7	53.061
1894.93	52.4483
1897.16	49.0896
1899.38	51.7265
1901.61	53.4813
1903.83	56.3697
1906.05	51.8753
1908.28	47.9843
1910.5	53.0482
1912.72	57.1327
1914.94	52.7547
1917.16	50.5842
1919.37	54.2127
1921.59	51.0039
1923.8	49.6654
1926.02	55.963
1928.23	52.9017
1930.44	52.4572
1932.65	49.2006
1934.86	49.2546
1937.07	50.3534
1939.28	52.4988
1941.48	47.1138
1943.69	52.6539
1945.9	52.3963
1948.1	47.7793
1950.3	50.1233
1952.5	51.5489
1954.7	52.2438
1956.9	47.8404
1959.1	45.7906
1961.3	43.9979
1963.5	48.464
1965.69	45.826
1967.89	44.1373
1970.08	47.8681
1972.27	47.0369
1974.46	51.0387
1976.66	48.5284
1978.84	49.8619
1981.03	48.2177
1983.22	42.6186
1985.41	43.0564
1987.59	42.9494
1989.78	45.018
1991.96	48.2032
1994.14	42.5173
1996.32	44.5635
1998.51	42.7641
2000.69	46.7333
2002.86	42.6883
2005.04	41.7002
2007.22	45.5166
2009.39	39.8767
2011.57	38.0573
2013.74	39.5583
2015.91	47.3919
2018.09	42.8887
2020.26	41.8863
2022.43	45.2955
2024.59	41.9313
2026.76	37.0681
2028.93	39.5217
2031.09	37.4402
2033.26	37.8147
2035.42	39.478
2037.59	39.7839
2039.75	40.1199
2041.91	43.1761
2044.07	40.2759
2046.23	40.1222
2048.38	38.1842
2050.54	37.5943
2052.7	35.8753
2054.85	37.1516
2057	38.1204
2059.16	34.9621
2061.31	37.3865
2063.46	33.8019
2065.61	35.9334
2067.76	34.534
2069.91	35.703
2072.05	36.7892
2074.2	33.7413
2076.34	34.864
2078.49	37.0655
2080.63	34.5104
2082.77	30.6968
2084.91	33.8752
2087.05	30.7069
2089.19	33.3857
2091.33	34.3447
2093.47	33.0667
2095.6	30.2325
2097.74	33.5165
2099.87	31.7642
2102.01	35.1973
2104.14	35.3815
2106.27	33.3062
2108.4	32.6605
2110.53	32.1212
2112.66	34.6645
2114.79	34.0216
2116.91	32.9872
2119.04	34.9421
2121.16	28.7921
2123.29	31.2933
2125.41	31.9233
2127.53	28.5763
2129.65	31.6865
2131.77	28.7839
2133.89	33.8864
2136.01	28.6916
2138.12	29.0761
2140.24	31.8116
2142.35	31.8538
2144.47	33.9443
2146.58	32.2445
2148.69	31.1278
2150.8	28.5009
2152.91	29.6436
2155.02	33.4579
2157.13	29.1345
2159.24	28.9002
2161.34	27.7522
2163.45	28.3062
2165.55	27.8653
2167.66	32.7387
2169.76	41.2544
2171.86	30.2973
2173.96	30.1084
2176.06	31.7118
2178.16	30.8027
2180.26	32.9863
2182.35	30.5165
2184.45	29.7312
2186.54	33.9872
2188.64	30.7998
2190.73	29.0875
2192.82	30.2119
2194.91	32.6471
2197	29.1758
2199.09	24.5649
2201.18	28.9435
2203.27	26.9499
2205.35	27.826
2207.44	28.0436
2209.52	28.5595
2211.61	30.2429
2213.69	28.4768
2215.77	25.289
2217.85	25.9541
2219.93	25.3815
2222.01	25.3716
2224.09	28.1593
2226.16	24.8079
2228.24	28.9766
2230.31	27.3736
2232.39	27.5112
2234.46	26.0286
2236.53	25.3985
2238.6	24.0855
2240.67	24.8388
2242.74	26.9766
2244.81	26.6746
2246.88	25.7732
2248.94	24.0783
2251.01	27.5366
2253.07	24.8223
2255.14	25.9307
2257.2	24.3979
2259.26	23.565
2261.32	24.6538
2263.38	24.0551
2265.44	22.6226
2267.5	24.6101
2269.56	25.8959
2271.61	25.0687
2273.67	26.7212
2275.72	26.1593
2277.78	26.7797
2279.83	24.6497
2281.88	29.4788
2283.93	25.2795
2285.98	30.3102
2288.03	29.5858
2290.08	30.6719
2292.12	25.8612
2294.17	29.0862
2296.21	26.8847
2298.26	24.7756
2300.3	24.1602
2302.34	27.8202
2304.38	26.9903
2306.42	25.3088
2308.46	25.0075
2310.5	28.7661
2312.54	24.148
2314.58	21.814
2316.61	24.5017
2318.65	22.6916
2320.68	21.8983
2322.71	20.6682
2324.75	26.1604
2326.78	26.9171
2328.81	22.639
2330.84	22.9109
2332.86	21.3258
2334.89	24.5136
2336.92	27.3979
2338.94	23.9017
2340.97	26.1334
2342.99	20.1893
2345.02	28.0256
2347.04	21.2006
2349.06	24.8332
2351.08	25.3266
2353.1	21.7912
2355.12	24.5401
2357.13	19.9617
2359.15	24.0158
2361.17	22.8803
2363.18	24.8202
2365.19	24.3404
2367.21	24.7788
2369.22	22.8761
2371.23	22.3248
2373.24	23.9581
2375.25	23.4004
2377.26	21.1853
2379.27	23.1004
2381.27	23.5958
2383.28	20.5406
2385.28	20.3421
2387.29	25.0027
2389.29	21.7671
2391.29	22.1697
2393.29	24.3636
2395.29	21.4682
2397.29	21.2032
2399.29	20.3702
2401.29	20.8531
2403.28	20.4344
2405.28	18.9435
2407.27	20.7976
2409.27	20.2274
2411.26	21.5699
2413.25	20.3277
2415.25	19.8419
2417.24	21.9065
2419.22	20.1334
2421.21	20.26
2423.2	17.9883
2425.19	23.2746
2427.17	19.1514
2429.16	20.975
2431.14	22.2283
2433.13	22.1224
2435.11	20.9864
2437.09	21.018
2439.07	22.2228
2441.05	21.4086
2443.03	25.0747
2445.01	22.5763
2446.98	23.8617
2448.96	25.029
2450.93	26.1662
2452.91	25.0524
2454.88	21.826
2456.85	21.7159
2458.83	22.8735
2460.8	21.9516
2462.77	21.6896
2464.74	20.7387
2466.7	20.9273
2468.67	22.7148
2470.64	21.8409
2472.6	19.268
2474.57	21.7069
2476.53	17.4214
2478.49	20.7276
2480.46	22.4783
2482.42	21.4456
2484.38	17.2365
2486.34	23.7042
2488.29	24.8089
2490.25	23.4758
2492.21	25.3428
2494.16	24.5858
2496.12	25.2295
2498.07	24.5753
2500.03	22.3426
2501.98	23.8281
2503.93	19.3056
2505.88	21.7515
2507.83	26.7148
2509.78	25.5983
2511.73	38.072
2513.67	37.6415
2515.62	34.5284
2517.56	31.3176
2519.51	25.1361
2521.45	24.1862
2523.4	20.231
2525.34	20.0667
2527.28	20.2512
2529.22	19.5324
2531.16	20.9138
2533.1	24.103
2535.03	22.141
2536.97	22.5406
2538.91	23.5669
2540.84	23.1973
2542.77	23.96
2544.71	23.534
2546.64	21.7116
2548.57	21.8741
2550.5	19.754
2552.43	18.4977
2554.36	17.0634
2556.29	14.5958
2558.21	17.3946
2560.14	15.7002
2562.07	17.4399
2563.99	15.9864
2565.91	17.446
2567.84	17.6523
2569.76	15.2317
2571.68	17.1973
2573.6	18.8498
2575.52	17.7103
2577.44	15.1662
2579.36	16.3574
2581.27	18.5958
2583.19	14.7133
2585.1	15.3306
2587.02	12.8732
2588.93	15.681
2590.84	16.2334
2592.75	16.7428
2594.67	17.8309
2596.58	16.7906
2598.48	12.5219
2600.39	17.895
