scanname Scan064
timestamp 2024-03-06 21:52:33
ccdbias 988.669434
ccdgain 4.313516
sigmaread 9.885917
laserwavenum 0.024864
wavenumcorrection -0.828260
scancount 8
totalexposurems 1083
singleexposurems 144
measurementstate Unknown
scanmode Auto
snr 610.221069 16.368589 5.384824
replacelist 0
peaks 30
320.698456 1.396971 0.000000 0.777973 0.000153
360.841095 1.407774 0.000000 0.361975 0.000073
385.830658 1.414745 0.000000 0.217657 0.000100
463.735046 1.370647 0.000000 0.155322 0.000029
629.649292 1.465702 0.000000 0.169313 0.000048
751.008667 1.530122 0.000000 0.221037 0.000086
802.201538 1.545227 0.000000 0.116744 0.000021
860.010010 1.590642 0.000000 0.152192 0.000059
1006.585571 1.821402 0.000000 0.625851 0.000447
1030.665894 1.867189 0.000000 0.161298 0.000076
1104.819946 2.124234 0.000000 0.296818 0.000075
1258.190430 3.027808 0.000000 1.794907 0.000839
1265.126709 3.027245 0.000000 1.038903 0.000919
1311.522461 4.111455 0.000000 0.362848 0.000182
1335.279297 4.673944 0.000000 0.250930 0.000090
1381.824707 4.886357 0.000000 5.249726 0.004088
1519.060181 4.218961 0.000000 0.118489 0.000181
1532.128418 4.248902 0.000000 0.544604 0.001148
1546.502319 4.225780 0.000000 0.068739 0.000176
1614.517944 4.004231 0.000000 0.057888 0.000071
1645.396484 3.974701 0.000000 0.103167 0.000106
1688.886108 3.880461 0.000000 0.446492 0.000243
1696.603271 3.880043 0.000000 0.118586 0.000089
1715.658569 3.847464 0.000000 0.088593 0.000086
1873.817993 3.385954 0.000000 0.173172 0.000208
1931.742065 3.143132 0.000000 0.446664 0.000181
1945.039429 3.135845 0.000000 0.186807 0.000228
1993.434814 2.914875 0.000000 0.154385 0.000167
2358.240967 2.098305 0.000000 0.238040 0.000454
2369.314941 2.088828 0.000000 0.139565 0.000301
finalresult GLS_NotPositive 1
A3930	Zirconium(IV) silicate	1.445414e-002
spectrum 2048
-92.847366 0.506366
-90.243217 0.508911
-87.640839 0.432909
-85.040207 0.377795
-82.441330 0.402976
-79.844200 0.415904
-77.248833 0.340163
-74.655212 0.478020
-72.063332 0.407757
-69.473206 0.327047
-66.884819 0.335111
-64.298187 0.401631
-61.713291 0.391160
-59.130135 0.413739
-56.548721 0.348236
-53.969040 0.397279
-51.391098 0.347955
-48.814892 0.381717
-46.240417 0.396506
-43.667671 0.443163
-41.096664 0.392186
-38.527378 0.397027
-35.959824 0.377571
-33.393990 0.008469
-30.829885 0.006327
-28.267500 0.006245
-25.706844 0.007596
-23.147909 0.009533
-20.590683 0.012240
-18.035175 0.016570
-15.481393 0.026570
-12.929322 0.068415
-10.378958 0.499033
-7.830305 0.677273
-5.283369 0.795787
-2.738142 0.876234
-0.194615 0.914529
2.347207 0.912553
4.887317 0.858647
7.425724 0.461079
9.962437 0.224344
12.497451 0.241661
15.030758 0.346761
17.562370 0.376133
20.092291 0.370105
22.620520 0.390227
25.147049 0.391222
27.671883 0.368423
30.195040 0.379041
32.716507 0.389801
35.236286 0.437840
37.754364 0.443798
40.270771 0.488907
42.785496 0.433717
45.298527 0.408863
47.809891 0.509085
50.319580 0.419638
52.827587 0.544465
55.333923 0.485293
57.838566 0.489630
60.341557 0.543337
62.842873 0.522351
65.342506 0.554001
67.840485 0.518015
70.336792 0.647615
72.831444 0.609527
75.324417 0.538897
77.815720 0.643105
80.305374 0.729168
82.793381 0.694263
85.279694 0.656643
87.764374 0.633307
90.247398 0.572095
92.728767 0.708561
95.208473 0.665298
97.686531 0.790844
100.162941 0.690166
102.637718 0.805121
105.110809 0.703733
107.582275 0.625151
110.052101 0.925982
112.520279 0.674983
114.986832 0.881906
117.451714 0.590503
119.914970 0.932944
122.376595 0.753656
124.836578 0.682580
127.294922 0.851139
129.751633 0.862267
132.206726 0.909757
134.660172 0.794646
137.111984 0.859547
139.562180 0.974569
142.010742 0.963638
144.457687 1.085642
146.903000 0.997089
149.346710 1.077409
151.788773 1.080385
154.229218 1.147285
156.668045 1.133558
159.105286 1.148301
161.540863 1.149619
163.974838 1.153233
166.407227 1.147039
168.837982 1.143596
171.267120 1.149505
173.694672 1.143793
176.120605 1.150435
178.544907 1.155189
180.967636 1.152581
183.388763 1.157779
185.808273 1.162228
188.226196 1.176554
190.642502 1.181225
193.057220 1.185608
195.470337 1.190845
197.881866 1.193485
200.291794 1.204308
202.700119 1.206515
205.106873 1.214038
207.512009 1.212835
209.915558 1.205446
212.317551 1.217032
214.717926 1.217127
217.116714 1.212714
219.513977 1.212815
221.909576 1.214568
224.303665 1.216457
226.696121 1.217287
229.087006 1.217536
231.476349 1.217878
233.864090 1.222508
236.250259 1.230897
238.634842 1.235461
241.017868 1.238164
243.399353 1.243401
245.779221 1.239252
248.157516 1.247744
250.534286 1.245549
252.909454 1.252142
255.283066 1.253879
257.655121 1.259596
260.025635 1.267027
262.394562 1.271177
264.761932 1.272912
267.127747 1.275179
269.492035 1.289074
271.854736 1.291779
274.215881 1.298165
276.575500 1.301463
278.933533 1.305916
281.290039 1.313645
283.644958 1.319137
285.998352 1.322486
288.350281 1.324607
290.700562 1.331547
293.049286 1.337791
295.396576 1.341179
297.742249 1.349735
300.086426 1.351805
302.428986 1.361255
304.770081 1.367289
307.109619 1.371430
309.447632 1.376420
311.784119 1.384677
314.119049 1.392779
316.452454 1.394681
318.784332 1.396764
321.114685 1.394616
323.443481 1.394656
325.770782 1.394122
328.096558 1.389011
330.420807 1.387740
332.743561 1.388141
335.064789 1.386072
337.384460 1.387374
339.702606 1.384973
342.019257 1.388534
344.334381 1.387403
346.648010 1.396901
348.960175 1.395630
351.270752 1.397318
353.579834 1.406604
355.887421 1.401951
358.193481 1.410773
360.498047 1.409927
362.801147 1.404694
365.102631 1.409684
367.402710 1.402468
369.701263 1.405912
371.998291 1.405115
374.293915 1.405781
376.587921 1.407439
378.880493 1.409776
381.171570 1.414309
383.461121 1.411707
385.749207 1.415775
388.035736 1.412883
390.320892 1.414189
392.604492 1.408614
394.886597 1.409549
397.167175 1.400253
399.446350 1.397397
401.724030 1.394270
404.000214 1.390957
406.274902 1.381994
408.548126 1.383019
410.819824 1.378074
413.090057 1.378521
415.358887 1.376008
417.626129 1.369520
419.891968 1.367501
422.156372 1.369131
424.419189 1.366127
426.680634 1.363362
428.940552 1.366176
431.199005 1.363962
433.456055 1.367468
435.711578 1.369324
437.965698 1.372203
440.218262 1.373500
442.469421 1.373265
444.719147 1.364231
446.967316 1.368478
449.214081 1.362621
451.459412 1.364925
453.703217 1.367459
455.945648 1.372506
458.186584 1.372360
460.426025 1.371720
462.664063 1.369756
464.900696 1.371850
467.135864 1.368570
469.369476 1.368226
471.601776 1.367000
473.832550 1.367277
476.061829 1.364675
478.289825 1.364633
480.516266 1.365464
482.741241 1.365471
484.964935 1.362152
487.187012 1.367090
489.407654 1.367760
491.627014 1.371403
493.844818 1.372482
496.061188 1.375212
498.276245 1.380376
500.489746 1.377626
502.701782 1.379810
504.912537 1.384732
507.121735 1.384759
509.329651 1.389977
511.535980 1.382728
513.740906 1.390631
515.944580 1.394392
518.146667 1.396443
520.347290 1.396817
522.546692 1.398402
524.744507 1.395125
526.940857 1.399782
529.135986 1.404619
531.329590 1.406631
533.521667 1.405285
535.712524 1.405055
537.901917 1.408672
540.089783 1.410167
542.276489 1.410117
544.461548 1.406967
546.645203 1.408860
548.827698 1.411981
551.008606 1.417551
553.188049 1.415897
555.366211 1.424593
557.542908 1.419725
559.718140 1.422184
561.892151 1.419726
564.064697 1.423131
566.235718 1.423110
568.405579 1.421948
570.573853 1.428637
572.740723 1.428809
574.906311 1.432236
577.070435 1.428171
579.233337 1.428641
581.394653 1.432925
583.554626 1.428286
585.713257 1.433319
587.870422 1.432922
590.026184 1.436918
592.180725 1.440104
594.333679 1.447415
596.485352 1.441961
598.635742 1.439231
600.784607 1.441831
602.932129 1.442914
605.078308 1.446380
607.223083 1.446456
609.366455 1.447622
611.508667 1.450793
613.649170 1.451369
615.788391 1.452675
617.926453 1.460237
620.062988 1.461541
622.198120 1.462305
624.331970 1.467388
626.464417 1.468414
628.595520 1.461786
630.725281 1.463870
632.853577 1.469189
634.980530 1.462232
637.106262 1.467261
639.230469 1.465572
641.353394 1.466045
643.475037 1.470141
645.595154 1.469665
647.714111 1.473883
649.831543 1.473694
651.947754 1.474256
654.062561 1.474389
656.175964 1.475360
658.287964 1.480218
660.398865 1.481351
662.508179 1.477818
664.616272 1.482309
666.722961 1.480067
668.828308 1.484841
670.932251 1.482806
673.035034 1.482537
675.136292 1.484087
677.236328 1.480273
679.335022 1.477694
681.432251 1.486233
683.528198 1.485459
685.622986 1.479938
687.716248 1.482923
689.808167 1.477155
691.898865 1.476674
693.988159 1.487187
696.076050 1.489867
698.162781 1.490198
700.248169 1.491398
702.332031 1.489040
704.414795 1.498749
706.496216 1.494481
708.576111 1.496028
710.654907 1.498839
712.732178 1.497343
714.808411 1.496940
716.883118 1.496248
718.956482 1.498559
721.028625 1.501981
723.099426 1.500790
725.168823 1.501163
727.237061 1.512440
729.303833 1.506681
731.369385 1.506804
733.433594 1.510181
735.496521 1.514576
737.558044 1.513146
739.618469 1.519851
741.677368 1.523916
743.734985 1.525593
745.791443 1.527741
747.846497 1.528784
749.900208 1.530281
751.952759 1.528756
754.003906 1.529104
756.053650 1.528777
758.102356 1.525851
760.149536 1.525126
762.195435 1.527130
764.240234 1.527451
766.283569 1.529534
768.325623 1.524029
770.366455 1.527161
772.405884 1.523815
774.444092 1.531415
776.481079 1.532289
778.516724 1.533626
780.551086 1.536541
782.584106 1.537511
784.615906 1.539154
786.646423 1.540531
788.675537 1.540804
790.703430 1.545329
792.730164 1.544449
794.755432 1.540687
796.779541 1.541641
798.802368 1.543222
800.823792 1.547748
802.844055 1.547554
804.863098 1.541364
806.880798 1.546799
808.897095 1.544726
810.912170 1.546918
812.926147 1.548994
814.938782 1.550861
816.950012 1.551472
818.960205 1.553715
820.968994 1.558738
822.976563 1.560847
824.982788 1.557873
826.987732 1.561592
828.991577 1.567930
830.994019 1.559587
832.995178 1.567642
834.995178 1.563391
836.993835 1.560177
838.991272 1.562726
840.987549 1.568968
842.982361 1.576128
844.975952 1.581806
846.968506 1.576841
848.959595 1.583457
850.949463 1.582232
852.938171 1.587100
854.925537 1.589225
856.911560 1.593978
858.896606 1.589596
860.880188 1.590968
862.862610 1.589418
864.843811 1.590847
866.823730 1.591172
868.802246 1.594515
870.779846 1.593093
872.755981 1.597605
874.730835 1.600428
876.704712 1.596866
878.677124 1.596616
880.648254 1.601388
882.618347 1.601052
884.587036 1.608303
886.554504 1.608943
888.520874 1.615237
890.485840 1.611232
892.449768 1.626085
894.412354 1.621895
896.373657 1.623839
898.333862 1.625062
900.292725 1.625005
902.250366 1.634349
904.206848 1.630603
906.161987 1.637181
908.115906 1.635926
910.068787 1.642767
912.020325 1.640200
913.970581 1.644680
915.919678 1.649458
917.867615 1.650061
919.814209 1.654836
921.759766 1.655793
923.703918 1.656832
925.646851 1.657715
927.588745 1.661007
929.529297 1.654044
931.468628 1.663202
933.406799 1.667966
935.343750 1.668285
937.279480 1.674545
939.213989 1.671855
941.147278 1.680979
943.079346 1.677934
945.010254 1.676153
946.939941 1.683935
948.868591 1.683857
950.795776 1.690987
952.721802 1.692753
954.646790 1.695313
956.570435 1.697751
958.492798 1.706335
960.414124 1.707227
962.334167 1.711943
964.252991 1.711713
966.170776 1.710985
968.087219 1.720780
970.002380 1.719388
971.916565 1.720277
973.829468 1.725958
975.741150 1.728753
977.651733 1.737829
979.560974 1.742074
981.469055 1.743581
983.376099 1.750891
985.281799 1.750609
987.186340 1.757171
989.089844 1.758758
990.991943 1.768957
992.892883 1.770731
994.792847 1.776493
996.691406 1.782251
998.588867 1.797945
1000.485229 1.805928
1002.380310 1.810871
1004.274231 1.821263
1006.167114 1.820299
1008.058533 1.818859
1009.948914 1.819736
1011.838135 1.807493
1013.726196 1.812836
1015.613098 1.807959
1017.498840 1.804609
1019.383301 1.811767
1021.266724 1.814112
1023.148926 1.822352
1025.029785 1.825414
1026.909668 1.833751
1028.788452 1.838981
1030.665894 1.845967
1032.542358 1.851339
1034.417480 1.858328
1036.291382 1.861636
1038.164429 1.861173
1040.036011 1.862430
1041.906616 1.862015
1043.776001 1.874457
1045.644165 1.875812
1047.511108 1.876544
1049.377075 1.883553
1051.241821 1.884128
1053.105347 1.890882
1054.967773 1.890538
1056.829224 1.899077
1058.689209 1.906134
1060.548340 1.911470
1062.405884 1.922175
1064.262695 1.928815
1066.118164 1.936851
1067.972534 1.944355
1069.825928 1.951784
1071.677979 1.952742
1073.528809 1.954456
1075.378662 1.965263
1077.227295 1.967576
1079.074707 1.975823
1080.921021 1.981338
1082.766357 1.985104
1084.610352 1.996305
1086.453369 2.006266
1088.295044 2.009058
1090.135742 2.011143
1091.975220 2.022924
1093.813599 2.031779
1095.650879 2.036759
1097.486938 2.055256
1099.321899 2.060260
1101.155640 2.061998
1102.988525 2.073481
1104.819946 2.077869
1106.650391 2.088015
1108.479858 2.097075
1110.307861 2.096630
1112.134888 2.101873
1113.960938 2.109655
1115.785522 2.112431
1117.609375 2.112366
1119.432007 2.127547
1121.253296 2.125465
1123.073486 2.139528
1124.892944 2.145437
1126.710815 2.145839
1128.527710 2.150492
1130.343506 2.163776
1132.158325 2.168435
1133.971924 2.176129
1135.784302 2.179875
1137.595581 2.187165
1139.405884 2.197967
1141.214966 2.193163
1143.022949 2.211582
1144.829834 2.220473
1146.635498 2.226006
1148.440186 2.238288
1150.243774 2.245649
1152.046143 2.247058
1153.847534 2.253204
1155.647705 2.266221
1157.446899 2.268160
1159.244873 2.272450
1161.041748 2.283310
1162.837402 2.293795
1164.632202 2.302529
1166.425781 2.293628
1168.218140 2.305501
1170.009521 2.311066
1171.799927 2.324368
1173.588989 2.330891
1175.377075 2.333182
1177.164063 2.349994
1178.949829 2.361028
1180.734619 2.359268
1182.518311 2.367147
1184.300903 2.376397
1186.082520 2.381558
1187.862915 2.389452
1189.642090 2.397661
1191.420410 2.403978
1193.197632 2.416835
1194.973389 2.417837
1196.748535 2.432003
1198.522217 2.431081
1200.295044 2.439162
1202.066772 2.455274
1203.837280 2.465973
1205.606812 2.475250
1207.375244 2.486215
1209.142456 2.497787
1210.908691 2.506864
1212.673950 2.513656
1214.437988 2.526866
1216.200928 2.540929
1217.962769 2.535346
1219.723511 2.566356
1221.483398 2.564448
1223.242065 2.574560
1224.999634 2.582063
1226.756226 2.606338
1228.511597 2.606714
1230.265991 2.617926
1232.019287 2.639492
1233.771606 2.662338
1235.522583 2.677325
1237.272705 2.688372
1239.021729 2.712173
1240.769775 2.722515
1242.516479 2.742121
1244.262329 2.759467
1246.007080 2.793151
1247.750732 2.810926
1249.493286 2.842763
1251.234741 2.855055
1252.975342 2.902595
1254.714722 2.928648
1256.453003 2.951478
1258.190430 2.990236
1259.926392 3.005417
1261.661499 3.014094
1263.395630 3.017470
1265.128662 3.031685
1266.860718 3.038263
1268.591675 3.040587
1270.321533 3.057894
1272.050171 3.081393
1273.778076 3.089705
1275.504639 3.111709
1277.230103 3.134856
1278.954834 3.148983
1280.678345 3.177968
1282.400879 3.196205
1284.122192 3.201337
1285.842529 3.232651
1287.561890 3.251580
1289.280273 3.270165
1290.997437 3.293782
1292.713501 3.320502
1294.428711 3.341564
1296.142944 3.380457
1297.855957 3.401031
1299.567749 3.433186
1301.278564 3.447297
1302.988647 3.483532
1304.697510 3.515280
1306.405151 3.554956
1308.112061 3.585923
1309.817627 3.620707
1311.522461 3.652795
1313.226074 3.683026
1314.928833 3.708412
1316.630249 3.741522
1318.330933 3.774834
1320.030396 3.794544
1321.728760 3.816189
1323.426270 3.858547
1325.122559 3.878161
1326.817993 3.905469
1328.512329 3.935949
1330.205688 3.964377
1331.897949 3.992319
1333.589233 4.015164
1335.279297 4.041526
1336.968384 4.064443
1338.656738 4.085183
1340.343872 4.118579
1342.029785 4.141794
1343.714966 4.165955
1345.399048 4.185598
1347.082031 4.204782
1348.764038 4.228255
1350.444946 4.249998
1352.124878 4.282837
1353.803955 4.303266
1355.481812 4.326971
1357.158691 4.356164
1358.834595 4.382304
1360.509399 4.402277
1362.183350 4.428290
1363.856201 4.446154
1365.527832 4.486179
1367.198853 4.508480
1368.868408 4.547139
1370.537231 4.576467
1372.204956 4.629080
1373.871704 4.678699
1375.537476 4.740577
1377.202148 4.808897
1378.865723 4.845604
1380.528564 4.883576
1382.190186 4.894667
1383.850830 4.865745
1385.510376 4.822737
1387.169189 4.771129
1388.826782 4.688290
1390.483398 4.634870
1392.139160 4.573292
1393.793701 4.521342
1395.447266 4.471825
1397.099976 4.426082
1398.751465 4.394673
1400.402100 4.355901
1402.051758 4.329847
1403.700317 4.317932
1405.348022 4.304363
1406.994751 4.277940
1408.640259 4.262827
1410.284912 4.250352
1411.928589 4.231916
1413.571167 4.225835
1415.212769 4.205985
1416.853394 4.208162
1418.493164 4.204900
1420.131836 4.194391
1421.769287 4.175514
1423.406128 4.168289
1425.041626 4.149616
1426.676270 4.141119
1428.310059 4.129237
1429.942749 4.121908
1431.574585 4.115446
1433.205078 4.103296
1434.835083 4.094562
1436.463745 4.089224
1438.091431 4.091226
1439.718262 4.087095
1441.343994 4.080564
1442.968750 4.066741
1444.592651 4.079144
1446.215576 4.082827
1447.837280 4.073085
1449.458252 4.080678
1451.078247 4.082696
1452.697021 4.080126
1454.315063 4.082772
1455.932007 4.086325
1457.547974 4.091880
1459.163086 4.091505
1460.776855 4.090787
1462.390015 4.084886
1464.002197 4.096312
1465.613281 4.097221
1467.223511 4.098366
1468.832520 4.112799
1470.440674 4.106677
1472.047974 4.095018
1473.654175 4.110739
1475.259399 4.124729
1476.863647 4.112692
1478.467041 4.113571
1480.069336 4.116041
1481.670776 4.124561
1483.271362 4.122044
1484.870728 4.124643
1486.469238 4.143572
1488.066650 4.145455
1489.663208 4.142858
1491.258911 4.147467
1492.853516 4.163010
1494.447021 4.163220
1496.039795 4.159040
1497.631714 4.164211
1499.222168 4.164124
1500.812378 4.170392
1502.401001 4.177551
1503.989014 4.179222
1505.576050 4.184597
1507.161865 4.197379
1508.747070 4.197516
1510.331177 4.204617
1511.914307 4.200178
1513.496216 4.215992
1515.077515 4.219509
1516.657959 4.223138
1518.237305 4.218691
1519.815552 4.220407
1521.392944 4.212444
1522.969116 4.217464
1524.544800 4.217779
1526.119507 4.218601
1527.692993 4.226038
1529.265747 4.238153
1530.837280 4.247466
1532.407837 4.257000
1533.978027 4.235082
1535.546875 4.237141
1537.114502 4.221540
1538.681519 4.210522
1540.247681 4.200263
1541.812622 4.205889
1543.376953 4.208209
1544.940063 4.189927
1546.502319 4.187245
1548.063599 4.172273
1549.623901 4.158291
1551.183350 4.148954
1552.741943 4.130226
1554.299438 4.127474
1555.856079 4.120976
1557.411621 4.112355
1558.966309 4.104832
1560.520264 4.097120
1562.073242 4.089243
1563.625122 4.081346
1565.176025 4.073812
1566.725952 4.081301
1568.275146 4.074568
1569.823486 4.068566
1571.370972 4.056007
1572.917236 4.064569
1574.462524 4.052667
1576.007202 4.037335
1577.550415 4.042062
1579.093018 4.042159
1580.635010 4.030244
1582.175415 4.020938
1583.715454 4.033938
1585.254150 4.039209
1586.792114 4.033594
1588.329468 4.027909
1589.865601 4.025890
1591.400757 4.027623
1592.934937 4.015385
1594.468140 4.028892
1596.000732 4.014384
1597.532227 4.008406
1599.062988 4.003906
1600.592407 4.002852
1602.121216 3.998634
1603.649048 3.998747
1605.175903 3.989935
1606.702026 3.998056
1608.227051 3.997505
1609.751221 4.003292
1611.274414 4.009954
1612.796753 4.007113
1614.318115 4.005231
1615.838745 3.997056
1617.358398 3.998619
1618.876831 3.996957
1620.394653 4.004874
1621.911377 3.998935
1623.427246 4.014531
1624.942505 3.991548
1626.456665 4.004326
1627.969604 3.990402
1629.482178 3.978592
1630.993286 3.996373
1632.503906 3.990866
1634.013550 3.978678
1635.522217 3.978310
1637.029785 3.974997
1638.536743 3.979266
1640.042480 3.974667
1641.547852 3.976419
1643.051880 3.970799
1644.555054 3.968035
1646.057495 3.967734
1647.558838 3.982314
1649.059204 3.974830
1650.559082 3.972282
1652.057617 3.969742
1653.555420 3.969040
1655.052368 3.968238
1656.548218 3.955370
1658.043335 3.957050
1659.537720 3.962604
1661.031006 3.943096
1662.523560 3.939929
1664.015015 3.940193
1665.505493 3.942721
1666.995361 3.935700
1668.484375 3.935198
1669.972168 3.935922
1671.459229 3.928119
1672.945435 3.921692
1674.430542 3.913707
1675.915039 3.911286
1677.398682 3.902772
1678.881226 3.906743
1680.362915 3.909301
1681.843750 3.891594
1683.323486 3.878902
1684.802856 3.874545
1686.281006 3.871718
1687.758301 3.884226
1689.234497 3.881509
1690.710083 3.875790
1692.184570 3.876154
1693.658447 3.872009
1695.131226 3.867050
1696.603271 3.874900
1698.074219 3.860751
1699.544434 3.854659
1701.013672 3.848912
1702.482300 3.836262
1703.949707 3.819061
1705.416382 3.833170
1706.882202 3.838389
1708.347046 3.826274
1709.811035 3.821868
1711.274536 3.814292
1712.736694 3.811153
1714.197876 3.799017
1715.658569 3.791269
1717.118164 3.797693
1718.576782 3.768275
1720.034912 3.776938
1721.491943 3.769898
1722.947998 3.770965
1724.403320 3.746208
1725.857544 3.740250
1727.311401 3.737435
1728.764038 3.732873
1730.215698 3.730775
1731.666382 3.725704
1733.116577 3.720265
1734.565674 3.714649
1736.014282 3.715806
1737.461670 3.714991
1738.908203 3.690278
1740.353760 3.690525
1741.798706 3.690716
1743.242554 3.682445
1744.685913 3.670525
1746.128052 3.654843
1747.569336 3.658756
1749.009888 3.655416
1750.449463 3.640361
1751.888306 3.650005
1753.326416 3.636039
1754.763306 3.633502
1756.199585 3.626369
1757.635010 3.613263
1759.069336 3.604304
1760.502808 3.603109
1761.935791 3.606061
1763.367676 3.594191
1764.798706 3.590296
1766.228760 3.585644
1767.658081 3.574091
1769.086548 3.573345
1770.514282 3.567047
1771.941162 3.561311
1773.366943 3.576385
1774.791870 3.550237
1776.215942 3.550385
1777.639648 3.552999
1779.062134 3.544429
1780.483643 3.548175
1781.904419 3.541342
1783.324219 3.531960
1784.743286 3.520579
1786.161743 3.508238
1787.579224 3.514399
1788.995483 3.510686
1790.411255 3.509675
1791.826172 3.502357
1793.239868 3.484140
1794.653320 3.486955
1796.065674 3.483347
1797.477173 3.484755
1798.887451 3.479078
1800.297241 3.479754
1801.706055 3.472701
1803.114380 3.468415
1804.521484 3.457758
1805.928101 3.462414
1807.333496 3.450825
1808.738159 3.444661
1810.141846 3.455694
1811.545166 3.449035
1812.947144 3.431719
1814.348511 3.437527
1815.748901 3.431700
1817.148560 3.436154
1818.547241 3.429206
1819.945557 3.435482
1821.342651 3.430069
1822.738892 3.428458
1824.134399 3.422125
1825.528809 3.409662
1826.922852 3.418488
1828.315918 3.429231
1829.707886 3.427488
1831.099121 3.439652
1832.489624 3.427968
1833.879150 3.431681
1835.268188 3.436148
1836.656006 3.423929
1838.043213 3.428379
1839.429321 3.420425
1840.814941 3.418320
1842.199341 3.431506
1843.583252 3.445377
1844.966187 3.425033
1846.348389 3.420311
1847.729736 3.423124
1849.110107 3.417808
1850.489746 3.415798
1851.868774 3.418349
1853.246826 3.404565
1854.623901 3.400716
1856.000244 3.403139
1857.375732 3.397241
1858.750244 3.401390
1860.124512 3.390220
1861.497681 3.393002
1862.869751 3.396593
1864.241089 3.391745
1865.611572 3.370273
1866.981567 3.383603
1868.350464 3.387515
1869.718750 3.362860
1871.085938 3.374027
1872.452271 3.377119
1873.817993 3.344719
1875.182983 3.347224
1876.546997 3.349007
1877.910278 3.328320
1879.272583 3.336684
1880.634033 3.310047
1881.994873 3.301619
1883.354980 3.294614
1884.714111 3.298394
1886.072266 3.296082
1887.429932 3.282115
1888.786499 3.273967
1890.142456 3.276785
1891.497559 3.281634
1892.851929 3.265166
1894.205200 3.261530
1895.557739 3.261261
1896.909546 3.247192
1898.260498 3.263819
1899.610962 3.255145
1900.960449 3.257127
1902.308716 3.245284
1903.656738 3.240359
1905.003662 3.248274
1906.349854 3.235754
1907.695313 3.232602
1909.039917 3.213214
1910.383423 3.222399
1911.726440 3.217753
1913.068481 3.209334
1914.410034 3.208839
1915.750610 3.207117
1917.090210 3.198732
1918.428955 3.179566
1919.767212 3.182303
1921.104492 3.181602
1922.441162 3.177522
1923.776733 3.157621
1925.111694 3.164649
1926.445679 3.156911
1927.778931 3.160321
1929.111328 3.154470
1930.443359 3.138820
1931.774292 3.149439
1933.104370 3.141914
1934.433594 3.148196
1935.762085 3.136671
1937.089722 3.135588
1938.416992 3.133114
1939.742920 3.128259
1941.068237 3.123154
1942.392822 3.126492
1943.716553 3.114304
1945.039429 3.118629
1946.361816 3.103110
1947.683105 3.099805
1949.003662 3.080551
1950.323364 3.088647
1951.642212 3.079778
1952.960693 3.053478
1954.278076 3.049969
1955.594604 3.049136
1956.910522 3.061884
1958.225342 3.044839
1959.539673 3.030821
1960.853149 3.024315
1962.165894 3.016356
1963.477661 2.994108
1964.788818 3.001193
1966.098999 2.986320
1967.408569 2.992540
1968.717529 2.989057
1970.025391 2.975499
1971.332520 2.968060
1972.638794 2.952960
1973.944336 2.951347
1975.249268 2.940310
1976.553223 2.937968
1977.856689 2.933620
1979.159058 2.933696
1980.460815 2.933173
1981.761597 2.909585
1983.061646 2.900620
1984.361084 2.905244
1985.659668 2.904387
1986.957397 2.878453
1988.254272 2.876436
1989.550537 2.886443
1990.845947 2.866168
1992.140625 2.864043
1993.434814 2.846112
1994.727661 2.850349
1996.020142 2.834131
1997.311523 2.840907
1998.602661 2.825794
1999.892578 2.801929
2001.181641 2.806862
2002.469971 2.783604
2003.757813 2.766502
2005.044556 2.761478
2006.330933 2.758200
2007.616211 2.746805
2008.900757 2.748684
2010.184570 2.742317
2011.467651 2.737052
2012.749878 2.718341
2014.031494 2.721349
2015.312378 2.693231
2016.592285 2.687928
2017.871338 2.679687
2019.149902 2.671995
2020.427246 2.663857
2021.704590 2.668591
2022.980347 2.664953
2024.255981 2.652371
2025.530273 2.654752
2026.804199 2.635006
2028.077393 2.652897
2029.349854 2.623368
2030.621216 2.622551
2031.891968 2.618903
2033.161743 2.610353
2034.431030 2.607395
2035.699829 2.590875
2036.967407 2.595256
2038.234497 2.583855
2039.500488 2.580368
2040.765869 2.578344
2042.030518 2.555182
2043.294678 2.562422
2044.557861 2.545220
2045.820190 2.550035
2047.081665 2.529034
2048.342529 2.520816
2049.602539 2.516640
2050.862305 2.519697
2052.121094 2.512673
2053.378662 2.505053
2054.635742 2.503753
2055.892090 2.497843
2057.147461 2.494330
2058.402344 2.471648
2059.656494 2.487079
2060.909668 2.482635
2062.162109 2.477819
2063.413818 2.479774
2064.665039 2.464110
2065.915527 2.455040
2067.165039 2.462623
2068.413818 2.450848
2069.661621 2.451509
2070.909180 2.440111
2072.155518 2.440157
2073.401367 2.441620
2074.646240 2.417713
2075.890625 2.424265
2077.134033 2.430364
2078.376953 2.409061
2079.619141 2.403257
2080.860352 2.391530
2082.100830 2.404654
2083.340576 2.394624
2084.579590 2.393549
2085.817871 2.410471
2087.055664 2.381520
2088.292480 2.378696
2089.528320 2.379893
2090.763672 2.373331
2091.998291 2.364434
2093.231934 2.375763
2094.465332 2.364060
2095.697510 2.365807
2096.928955 2.357217
2098.159668 2.354514
2099.390137 2.360513
2100.619141 2.353172
2101.847900 2.349893
2103.075928 2.338229
2104.302979 2.333704
2105.529541 2.336631
2106.755127 2.333074
2107.980225 2.334536
2109.204346 2.306859
2110.427734 2.319439
2111.650391 2.315452
2112.872314 2.307084
2114.093506 2.303122
2115.314453 2.306599
2116.534180 2.312999
2117.752686 2.285416
2118.970947 2.299395
2120.188721 2.297034
2121.405273 2.306889
2122.621826 2.305515
2123.837158 2.297595
2125.051514 2.295767
2126.265381 2.286630
2127.479004 2.290877
2128.690918 2.269406
2129.902832 2.295208
2131.113770 2.276564
2132.323975 2.295434
2133.533447 2.284160
2134.742188 2.275500
2135.950195 2.275256
2137.157959 2.269317
2138.364258 2.260930
2139.570313 2.267930
2140.775146 2.263716
2141.979492 2.266318
2143.183105 2.254016
2144.385986 2.258924
2145.588379 2.262025
2146.789795 2.256063
2147.990479 2.251539
2149.190674 2.254738
2150.389648 2.238821
2151.588623 2.232760
2152.786621 2.249743
2153.983398 2.233217
2155.179932 2.236399
2156.375732 2.229720
2157.570801 2.227635
2158.764893 2.219100
2159.958252 2.227052
2161.151123 2.213567
2162.343262 2.215037
2163.534424 2.225336
2164.725342 2.211942
2165.915283 2.210101
2167.104248 2.214146
2168.292725 2.215147
2169.480225 2.195747
2170.667480 2.209126
2171.854004 2.202066
2173.039795 2.201669
2174.224365 2.195920
2175.408691 2.192569
2176.591797 2.199171
2177.774414 2.211901
2178.956787 2.194845
2180.138184 2.182568
2181.318848 2.206046
2182.498535 2.189906
2183.677490 2.212398
2184.855957 2.200418
2186.033936 2.204687
2187.211182 2.200500
2188.386963 2.186530
2189.562744 2.198053
2190.737549 2.184549
2191.911865 2.192537
2193.085205 2.189409
2194.257813 2.184994
2195.429932 2.202632
2196.601074 2.192589
2197.771973 2.205821
2198.942139 2.199262
2200.111084 2.202922
2201.279541 2.196560
2202.447266 2.187578
2203.614258 2.180413
2204.780762 2.191597
2205.946533 2.183255
2207.111328 2.189130
2208.275635 2.177269
2209.438965 2.182705
2210.602051 2.173555
2211.763916 2.177140
2212.925537 2.174036
2214.085938 2.176011
2215.246338 2.168051
2216.405518 2.183450
2217.563965 2.167747
2218.721924 2.180404
2219.879395 2.177022
2221.035645 2.173359
2222.191406 2.159412
2223.346436 2.171367
2224.500977 2.168124
2225.654541 2.167105
2226.807373 2.156314
2227.959961 2.159443
2229.111572 2.150794
2230.262207 2.149801
2231.412354 2.147690
2232.562012 2.136394
2233.710938 2.139331
2234.859131 2.157913
2236.006348 2.155194
2237.153076 2.155217
2238.299072 2.152127
2239.444336 2.154982
2240.588867 2.159637
2241.732666 2.156718
2242.875977 2.145538
2244.018311 2.152849
2245.160156 2.156330
2246.301514 2.146029
2247.441895 2.159163
2248.581787 2.154840
2249.720703 2.152229
2250.859131 2.146343
2251.996582 2.163118
2253.133789 2.156949
2254.269775 2.159199
2255.405762 2.154123
2256.540283 2.145944
2257.674561 2.141552
2258.808105 2.158049
2259.940918 2.138573
2261.072998 2.155234
2262.204590 2.153882
2263.335205 2.141475
2264.465332 2.147973
2265.594971 2.150492
2266.723633 2.123343
2267.851563 2.142314
2268.978760 2.121847
2270.105225 2.130523
2271.231201 2.149618
2272.356934 2.139596
2273.481445 2.141644
2274.605225 2.134247
2275.728271 2.122422
2276.850830 2.126363
2277.972656 2.112437
2279.093994 2.114363
2280.214111 2.117055
2281.333984 2.111347
2282.453125 2.119957
2283.571533 2.115102
2284.689209 2.115860
2285.806396 2.119590
2286.922852 2.108903
2288.038574 2.109309
2289.153320 2.106547
2290.267822 2.122974
2291.381348 2.126480
2292.494385 2.131038
2293.606689 2.125245
2294.718018 2.133125
2295.829102 2.130376
2296.939453 2.129336
2298.048828 2.120246
2299.157959 2.126877
2300.266113 2.127158
2301.373779 2.117153
2302.480469 2.121639
2303.586670 2.115405
2304.692383 2.122281
2305.797119 2.121879
2306.901367 2.123226
2308.004639 2.114861
2309.107666 2.104063
2310.209717 2.113420
2311.311523 2.103311
2312.412354 2.111453
2313.512207 2.107465
2314.611816 2.111622
2315.710693 2.105716
2316.808350 2.085788
2317.906250 2.107105
2319.002930 2.097099
2320.098877 2.102613
2321.194336 2.118505
2322.289063 2.089643
2323.383057 2.094056
2324.477051 2.104760
2325.569580 2.097076
2326.661377 2.092240
2327.752930 2.091638
2328.843506 2.106382
2329.933594 2.108599
2331.023193 2.120042
2332.111816 2.108275
2333.199951 2.110471
2334.287109 2.099133
2335.374268 2.121263
2336.460449 2.101414
2337.545654 2.091366
2338.630371 2.116493
2339.714600 2.089881
2340.797852 2.094682
2341.880615 2.103400
2342.962402 2.091847
2344.044189 2.093920
2345.125000 2.101866
2346.205078 2.103744
2347.284180 2.093470
2348.363037 2.080455
2349.441406 2.086115
2350.518799 2.081231
2351.595459 2.090012
2352.671631 2.062867
2353.747070 2.077196
2354.821777 2.093350
2355.896240 2.098413
2356.969727 2.101949
2358.042480 2.096252
2359.114502 2.095837
2360.186279 2.097362
2361.257080 2.103944
2362.327393 2.092816
2363.396973 2.087864
2364.465576 2.086929
2365.533936 2.061895
2366.601563 2.081402
2367.668457 2.092939
2368.734619 2.097095
2369.800293 2.090916
2370.865234 2.087848
2371.929688 2.079066
2372.993164 2.085969
2374.056396 2.083008
2375.118896 2.087374
2376.180420 2.066449
2377.241455 2.084044
2378.301758 2.058799
2379.361572 2.047424
2380.420898 2.057238
2381.479248 2.062155
2382.537109 2.069694
2383.593994 2.068380
2384.650635 2.043936
2385.706299 2.065716
2386.761719 2.075878
2387.816406 2.067807
2388.869873 2.065501
2389.923096 2.044382
2390.975830 2.054390
2392.027588 2.063043
2393.079102 2.033868
2394.129639 2.057265
2395.179688 2.049548
2396.229004 2.042435
2397.277832 2.053049
2398.325928 2.054410
2399.373291 2.050458
2400.420166 2.036778
2401.465820 2.052516
2402.511719 2.078736
2403.556396 2.061181
2404.600830 2.062121
2405.644531 2.057198
2406.687256 2.064568
2407.729492 2.058642
2408.771240 2.054876
2409.812012 2.068781
2410.852539 2.058647
2411.892334 2.058875
2412.931396 2.065437
2413.969727 2.068019
2415.007568 2.057880
2416.044678 2.054291
2417.081055 2.041517
2418.116943 2.044497
2419.152344 2.060907
2420.186768 2.049066
2421.220703 2.047979
2422.253906 2.065929
2423.286865 2.056695
2424.318848 2.044361
2425.350098 2.060294
2426.381104 2.068430
2427.411133 2.055716
2428.440430 2.054354
2429.469482 2.054861
2430.497803 2.070013
2431.525391 2.056315
2432.552002 2.038453
2433.578613 2.065060
2434.604004 2.024837
2435.629395 2.050633
2436.653564 2.050581
2437.677490 2.065127
2438.700195 2.051955
2439.722900 2.052178
2440.745117 2.043035
2441.766113 2.061491
2442.786865 2.043212
2443.806641 2.041926
2444.826172 2.053418
2445.844727 2.054485
2446.863281 2.044948
2447.880615 2.053819
2448.897705 2.045020
2449.913574 2.045410
2450.929199 2.045522
2451.944092 2.059900
2452.958740 2.014217
2453.972168 2.036027
2454.985107 2.043138
2455.997559 2.037728
2457.009521 2.041338
2458.020752 2.047986
2459.031494 2.063900
2460.041260 2.062806
2461.050781 2.067903
2462.059326 2.063265
2463.067139 2.076972
2464.074707 2.099162
2465.081787 2.076374
2466.087891 2.070343
2467.093262 2.071719
2468.098389 2.089961
2469.102783 2.091129
2470.106445 2.086711
2471.109619 2.086090
2472.112061 2.094431
2473.113770 2.091434
2474.114990 2.084311
2475.115723 2.087445
2476.115723 2.107990
2477.114990 2.084997
2478.113525 2.098891
2479.111816 2.065625
2480.109131 2.080732
2481.106201 2.084938
2482.102539 2.090002
2483.097900 2.090186
2484.093018 2.111140
2485.087646 2.097785
2486.081299 2.101337
2487.074463 2.094656
2488.066895 2.094755
2489.059082 2.105369
2490.050537 2.079734
2491.041260 2.079390
2492.031250 2.096678
2493.020508 2.103450
2494.009766 2.092604
2494.997559 2.091019
2495.985352 2.068690
2496.972412 2.092497
2497.958984 2.066638
2498.944824 2.090039
2499.929688 2.090637
2500.914795 2.091375
2501.898438 2.076730
2502.881836 2.073395
2503.864258 2.076706
2504.846680 2.083308
2505.827881 2.064444
2506.808838 2.059936
2507.789551 2.082179
2508.769043 2.075141
2509.748535 2.066562
2510.726807 2.075465
2511.704834 2.063011
2512.681885 2.082073
2513.658447 2.053977
2514.634521 2.059569
2515.609619 2.069441
2516.584473 2.063604
2517.558838 2.059848
2518.532227 2.059384
2519.506104 2.048441
2520.478271 2.076689
2521.449951 2.068363
2522.421143 2.032528
2523.391602 2.058700
2524.361572 2.068816
2525.331055 2.037202
2526.299805 2.054669
2527.268066 2.059092
2528.235596 2.043135
2529.202148 2.045007
2530.169189 2.077891
2531.135010 2.057835
2532.099854 2.046823
2533.064453 2.053858
2534.028564 2.030596
2534.992188 2.043474
2535.954590 2.034870
2536.916504 2.042622
2537.878174 2.059441
2538.838623 2.034257
2539.799316 2.019070
2540.759033 2.067519
2541.718262 2.054303
2542.677246 2.037319
2543.634766 2.034610
2544.592285 2.016663
2545.549072 2.033915
2546.504883 2.023215
2547.460693 2.009423
2548.415527 2.007232
2549.370117 2.033677
2550.323975 2.021200
2551.276855 2.023799
2552.229492 2.028655
2553.181885 2.018602
2554.133057 2.014193
2555.084229 2.013091
2556.034424 2.013970
2556.983887 2.028209
2557.932861 2.014639
2558.881348 2.024713
2559.829102 2.030236
2560.776367 2.006243
2561.722900 1.980370
2562.669434 2.010414
2563.615234 2.018148
2564.560059 2.001503
2565.503906 2.022375
2566.447998 2.011196
2567.391113 2.018144
2568.333496 2.006260
2569.275146 2.003042
2570.216797 2.028105
2571.157715 2.027521
2572.097656 2.008458
2573.037109 1.980094
2573.976074 2.009850
2574.914795 2.001423
2575.852783 1.983187
2576.790039 2.004428
2577.726563 1.998563
2578.662598 1.982704
2579.598389 2.003532
2580.532959 2.001037
2581.467529 2.007437
2582.400879 2.001205
2583.334229 1.986501
2584.266846 1.963910
2585.198730 1.994309
2586.130859 2.002324
2587.061523 1.991138
2587.991943 1.995937
2588.921143 1.986331
2589.850586 1.965459
2590.779053 1.976632
2591.706543 1.983880
2592.634033 1.998368
2593.560791 1.983838
2594.487061 1.983959
2595.412354 1.980567
2596.337646 1.984949
2597.262451 1.970702
2598.186035 1.952901
2599.109619 1.965563
2600.032227 1.969826
2600.954346 1.974489
2601.875732 1.984212
2602.796875 1.979342
2603.717041 1.976712
2604.636719 1.970723
2605.555908 1.978006
2606.474609 1.950764
2607.393066 1.952013
2608.310791 1.965593
2609.227539 1.946708
2610.144043 1.939681
2611.059814 1.950343
2611.974854 1.956908
2612.889404 1.946827
2613.803467 1.935683
2614.717041 1.956905
2615.629883 1.934011
2616.542236 1.939899
2617.453857 1.957759
2618.365479 1.926428
2619.276367 1.955372
2620.186279 1.957913
2621.095947 1.941592
2622.004883 1.941698
2622.912842 1.941287
2623.820801 1.952462
2624.728271 1.948758
2625.634521 1.943710
2626.540771 1.934261
2627.446533 1.940122
2628.351318 1.963191
2629.255859 1.948411
2630.159912 1.949090
2631.062744 1.947449
2631.965820 1.943615
2632.867676 1.948140
2633.769043 1.940725
2634.670166 1.927920
2635.570313 1.925288
2636.470459 1.946405
2637.369385 1.939369
2638.268311 1.936096
2639.166992 1.911148
2640.064697 1.927817
2640.961670 1.911699
2641.857910 1.928651
2642.753418 1.926582
2643.648682 1.916296
2644.543945 1.937807
2645.438232 1.924081
2646.331787 1.947276
2647.224609 1.912584
2648.117432 1.907207
2649.009277 1.938671
2649.901123 1.897620
2650.791992 1.949419
2651.682373 1.912707
2652.572266 1.913190
2653.460938 1.902176
2654.349854 1.935297
2655.237793 1.915395
2656.125244 1.917780
2657.012451 1.921472
2657.898438 1.912504
2658.784424 1.923356
2659.670166 1.891791
2660.554688 1.926150
2661.438721 1.904762
2662.322754 1.914330
2663.205566 1.910966
2664.087891 1.907981
2664.970215 1.911706
2665.851074 1.920264
2666.732178 1.907762
2667.612305 1.924449
2668.492188 1.928267
2669.371582 1.909452
2670.250244 1.903145
2671.128418 1.921160
2672.006104 1.906489
2672.883057 1.910593
2673.759277 1.896388
2674.635254 1.919687
2675.510498 1.925860
2676.385254 1.918540
2677.259277 1.925008
2678.133057 1.910369
2679.006104 1.898136
2679.878906 1.901386
2680.750977 1.897741
2681.622559 1.902990
2682.493408 1.910807
2683.364258 1.914487
2684.233887 1.900483
2685.103027 1.905131
2685.971924 1.886727
2686.840088 1.902367
2687.707764 1.888952
2688.574707 1.883072
2689.441406 1.903123
2690.308105 1.905828
2691.173340 1.890012
2692.037842 1.894101
2692.902588 1.895385
2693.766113 1.880339
2694.629639 1.878966
2695.492188 1.904977
2696.354248 1.894670
2697.216064 1.894294
2698.077393 1.906799
2698.937988 1.891571
2699.797852 1.906519
2700.657959 1.896052
2701.516846 1.865475
2702.375000 1.880077
2703.232910 1.885210
2704.090332 1.886644
2704.947266 1.901327
2705.803467 1.907906
2706.658936 1.903975
2707.514404 1.872105
2708.368896 1.905244
2709.223389 1.901254
2710.077148 1.894143
2710.929932 1.892735
2711.782715 1.882502
2712.634766 1.880989
2713.486084 1.853486
2714.336914 1.879174
2715.187256 1.876314
2716.037109 1.894809
2716.885986 1.865407
2717.735107 1.852836
2718.583496 1.916270
2719.431152 1.883340
2720.279053 1.867193
2721.125488 1.864017
2721.971436 1.895129
2722.816895 1.881491
2723.662354 1.896346
2724.506348 1.890201
2725.350830 1.871020
2726.194092 1.886941
2727.036865 1.883907
2727.879150 1.867000
2728.721191 1.885196
2729.562256 1.879320
2730.403809 1.880979
2731.243896 1.884013
2732.083496 1.874945
2732.923096 1.853297
2733.761719 1.889220
2734.600098 1.900009
2735.437744 1.850346
2736.274170 1.867637
2737.111084 1.854221
2737.947266 1.873455
2738.782715 1.884412
2739.618408 1.899415
2740.452637 1.892682
2741.286865 1.868651
2742.119873 1.872131
2742.952881 1.891806
2743.785400 1.854212
2744.617188 1.869518
2745.448730 1.891364
2746.279297 1.889158
2747.109619 1.886227
2747.939209 1.866132
2748.768799 1.890104
2749.597900 1.868945
2750.426270 1.853734
2751.253906 1.881546
2752.080811 1.866729
2752.907715 1.898991
2753.733643 1.870743
2754.559326 1.852931
2755.384521 1.873671
2756.208984 1.886140
2757.033203 1.883490
2757.856689 1.865933
2758.680176 1.884414
2759.502930 1.865955
2760.324707 1.873258
2761.146240 1.897887
2761.967285 1.868438
2762.787598 1.881153
2763.607422 1.853462
2764.427002 1.868118
2765.246094 1.871545
2766.064209 1.887684
2766.882080 1.883359
2767.699463 1.854006
2768.516846 1.870061
2769.333496 1.863144
2770.149170 1.859481
2770.964600 1.841555
2771.779297 1.862388
2772.593506 1.882166
2773.407471 1.821932
2774.220703 1.863488
2775.033447 1.859277
2775.845947 1.856621
2776.657471 1.837830
2777.468506 1.844303
2778.280029 1.872166
2779.090088 1.869515
2779.899902 1.851607
2780.709229 1.868700
2781.517822 1.817703
2782.326172 1.850304
2783.134033 1.850520
2783.940918 1.845177
2784.747559 1.860748
2785.553955 1.855123
2786.359375 1.866775
2787.165039 1.851224
2787.969971 1.856011
2788.773926 1.849115
2789.577637 1.871106
2790.380615 1.848688
2791.183350 1.834712
2791.985352 1.863922
2792.787109 1.843592
2793.587891 1.853756
2794.388916 1.846735
2795.189209 1.859363
2795.989014 1.865820
2796.788086 1.858616
2797.586914 1.847784
2798.385254 1.838086
2799.183105 1.850253
2799.980225 1.864764
2800.776855 1.833862
2801.572998 1.883594
2802.368652 1.827526
2803.163574 1.847217
2803.958496 1.848527
2804.752686 1.857685
2805.546387 1.844270
2806.340088 1.828432
2807.132324 1.827532
2807.924805 1.853725
2808.716309 1.826678
2809.507568 1.868923
2810.298340 1.839542
2811.088379 1.810587
2811.878174 1.848128
2812.667236 1.809067
2813.456055 1.844473
2814.244141 1.814037
2815.032715 1.825336
2815.819824 1.850614
2816.606934 1.814281
2817.393066 1.840321
2818.178955 1.817170
2818.964111 1.801811
2819.749023 1.839314
2820.532959 1.819230
2821.317139 1.787818
2822.100342 1.785249
2822.883301 1.824270
2823.665771 1.837118
2824.447998 1.806718
2825.229248 1.805764
2826.010254 1.829842
2826.790771 1.840621
2827.570557 1.829380
2828.350342 1.807320
2829.129150 1.806070
2829.907471 1.825354
2830.685791 1.800796
2831.463135 1.829396
2832.240234 1.812987
2833.016602 1.824787
2833.793213 1.792599
2834.568604 1.853604
2835.343994 1.827944
2836.118164 1.840820
2836.892578 1.807495
2837.666504 1.831817
2838.439209 1.822718
2839.212158 1.825819
2839.984375 1.796910
2840.756104 1.820368
2841.527588 1.808997
2842.298828 1.819111
2843.069092 1.832991
2843.838867 1.838697
2844.607910 1.803707
2845.376953 1.837110
2846.145508 1.824618
2846.913086 1.825246
2847.680664 1.821350
2848.447998 1.790487
2849.214355 1.799209
2849.980225 1.758708
2850.745605 1.791877
2851.511475 1.792312
2852.275879 1.813097
2853.040283 1.829005
2853.803711 1.804619
2854.566895 1.814121
2855.329834 1.792723
2856.091797 1.797738
2856.853516 1.760948
2857.615234 1.786139
2858.375732 1.843401
2859.136475 1.808044
2859.896240 1.806238
2860.655762 1.797376
2861.415039 1.812897
2862.173096 1.791822
2862.931152 1.802259
2863.688965 1.820212
2864.445801 1.809639
2865.202637 1.805415
2865.958496 1.818456
2866.714111 1.798330
2867.469482 1.798089
2868.224121 1.776033
2868.979248 1.795294
2869.732666 1.780195
2870.486328 1.799953
2871.239014 1.758304
2871.991699 1.786335
2872.743408 1.793750
2873.495117 1.807267
2874.245850 1.829047
2874.996582 1.786086
2875.746582 1.823954
2876.496338 1.801959
2877.245361 1.787471
2877.994873 1.779044
2878.742920 1.807395
2879.490967 1.796584
2880.237793 1.779052
2880.985107 1.829063
2881.731445 1.823640
2882.477295 1.757792
2883.222656 1.818342
2883.968018 1.807561
2884.712402 1.774662
2885.456543 1.787442
2886.200928 1.799164
2886.944092 1.768809
2887.687012 1.783891
2888.429199 1.796361
2889.170898 1.788391
2889.912354 1.746729
2890.653320 1.756792
2891.393799 1.797748
2892.133789 1.773018
2892.873291 1.817521
2893.612793 1.788593
2894.351318 1.815584
2895.090088 1.814581
2895.827881 1.784886
2896.565186 1.773512
2897.302002 1.802702
2898.038574 1.799073
2898.774414 1.814661
2899.510254 1.797964
2900.245117 1.755067
2900.979736 1.755070
2901.713867 1.817008
2902.447998 1.817282
2903.181152 1.812829
2903.914307 1.787613
2904.646973 1.783423
2905.378906 1.736904
2906.110352 1.800635
2906.841309 1.800342
spectrumdark 2048
-92.847366 8717.000000
-90.243217 8717.000000
-87.640839 8654.000000
-85.040207 8648.000000
-82.441330 8667.000000
-79.844200 8730.000000
-77.248833 8654.000000
-74.655212 8580.000000
-72.063332 8505.000000
-69.473206 8701.000000
-66.884819 8871.000000
-64.298187 8605.000000
-61.713291 8627.000000
-59.130135 8581.000000
-56.548721 8723.000000
-53.969040 8738.000000
-51.391098 8637.000000
-48.814892 8620.000000
-46.240417 8584.000000
-43.667671 8656.000000
-41.096664 8713.000000
-38.527378 8690.000000
-35.959824 8636.000000
-33.393990 8638.000000
-30.829885 8558.000000
-28.267500 8685.000000
-25.706844 8775.000000
-23.147909 8592.000000
-20.590683 8785.000000
-18.035175 8710.000000
-15.481393 8732.000000
-12.929322 8645.000000
-10.378958 8748.000000
-7.830305 8671.000000
-5.283369 8752.000000
-2.738142 8597.000000
-0.194615 8594.000000
2.347207 8681.000000
4.887317 8760.000000
7.425724 8697.000000
9.962437 8687.000000
12.497451 8639.000000
15.030758 8679.000000
17.562370 8645.000000
20.092291 8579.000000
22.620520 8808.000000
25.147049 8723.000000
27.671883 8693.000000
30.195040 8702.000000
32.716507 8713.000000
35.236286 8738.000000
37.754364 8629.000000
40.270771 8749.000000
42.785496 8733.000000
45.298527 8719.000000
47.809891 8671.000000
50.319580 8666.000000
52.827587 8739.000000
55.333923 8650.000000
57.838566 8700.000000
60.341557 8840.000000
62.842873 8622.000000
65.342506 8729.000000
67.840485 8594.000000
70.336792 8611.000000
72.831444 8810.000000
75.324417 8671.000000
77.815720 8690.000000
80.305374 8567.000000
82.793381 8632.000000
85.279694 8612.000000
87.764374 8714.000000
90.247398 8567.000000
92.728767 8652.000000
95.208473 8705.000000
97.686531 8549.000000
100.162941 8671.000000
102.637718 8654.000000
105.110809 8628.000000
107.582275 8588.000000
110.052101 8669.000000
112.520279 8710.000000
114.986832 8617.000000
117.451714 8771.000000
119.914970 8630.000000
122.376595 8611.000000
124.836578 8559.000000
127.294922 8555.000000
129.751633 8641.000000
132.206726 8752.000000
134.660172 8633.000000
137.111984 8654.000000
139.562180 8526.000000
142.010742 8746.000000
144.457687 8724.000000
146.903000 8780.000000
149.346710 8790.000000
151.788773 8619.000000
154.229218 8760.000000
156.668045 8809.000000
159.105286 8760.000000
161.540863 8563.000000
163.974838 8659.000000
166.407227 8618.000000
168.837982 8741.000000
171.267120 8722.000000
173.694672 8654.000000
176.120605 8648.000000
178.544907 8595.000000
180.967636 8666.000000
183.388763 8803.000000
185.808273 8684.000000
188.226196 8653.000000
190.642502 8756.000000
193.057220 8780.000000
195.470337 8578.000000
197.881866 8674.000000
200.291794 8700.000000
202.700119 8718.000000
205.106873 8742.000000
207.512009 8702.000000
209.915558 8814.000000
212.317551 8773.000000
214.717926 8626.000000
217.116714 8601.000000
219.513977 8693.000000
221.909576 8735.000000
224.303665 8672.000000
226.696121 8583.000000
229.087006 8706.000000
231.476349 8674.000000
233.864090 8673.000000
236.250259 8670.000000
238.634842 8529.000000
241.017868 8597.000000
243.399353 8895.000000
245.779221 8775.000000
248.157516 8524.000000
250.534286 8611.000000
252.909454 8709.000000
255.283066 8796.000000
257.655121 8675.000000
260.025635 8643.000000
262.394562 8754.000000
264.761932 8639.000000
267.127747 8645.000000
269.492035 8672.000000
271.854736 8730.000000
274.215881 8691.000000
276.575500 8743.000000
278.933533 8675.000000
281.290039 8720.000000
283.644958 8667.000000
285.998352 8712.000000
288.350281 8800.000000
290.700562 8565.000000
293.049286 8779.000000
295.396576 8640.000000
297.742249 8728.000000
300.086426 8768.000000
302.428986 8721.000000
304.770081 8505.000000
307.109619 8724.000000
309.447632 8888.000000
311.784119 9922.000000
314.119049 8886.000000
316.452454 8737.000000
318.784332 8819.000000
321.114685 8804.000000
323.443481 8886.000000
325.770782 8678.000000
328.096558 8728.000000
330.420807 8938.000000
332.743561 8993.000000
335.064789 8929.000000
337.384460 9087.000000
339.702606 8845.000000
342.019257 8678.000000
344.334381 8731.000000
346.648010 8821.000000
348.960175 8573.000000
351.270752 8658.000000
353.579834 8887.000000
355.887421 8729.000000
358.193481 8704.000000
360.498047 8682.000000
362.801147 8790.000000
365.102631 8808.000000
367.402710 8742.000000
369.701263 8774.000000
371.998291 8780.000000
374.293915 8685.000000
376.587921 8635.000000
378.880493 8806.000000
381.171570 8667.000000
383.461121 8631.000000
385.749207 8718.000000
388.035736 8733.000000
390.320892 8630.000000
392.604492 8751.000000
394.886597 8770.000000
397.167175 8981.000000
399.446350 9563.000000
401.724030 10299.000000
404.000214 10332.000000
406.274902 10392.000000
408.548126 9873.000000
410.819824 10501.000000
413.090057 13495.000000
415.358887 15079.000000
417.626129 15135.000000
419.891968 13429.000000
422.156372 10383.000000
424.419189 8933.000000
426.680634 8751.000000
428.940552 8737.000000
431.199005 8578.000000
433.456055 8626.000000
435.711578 8705.000000
437.965698 8817.000000
440.218262 8723.000000
442.469421 8747.000000
444.719147 8584.000000
446.967316 8737.000000
449.214081 8652.000000
451.459412 8714.000000
453.703217 8650.000000
455.945648 8575.000000
458.186584 8639.000000
460.426025 8818.000000
462.664063 8821.000000
464.900696 8882.000000
467.135864 8659.000000
469.369476 8730.000000
471.601776 8813.000000
473.832550 8612.000000
476.061829 8691.000000
478.289825 8684.000000
480.516266 8647.000000
482.741241 8562.000000
484.964935 8653.000000
487.187012 8665.000000
489.407654 8710.000000
491.627014 8686.000000
493.844818 8712.000000
496.061188 8621.000000
498.276245 8747.000000
500.489746 8784.000000
502.701782 8606.000000
504.912537 8699.000000
507.121735 8592.000000
509.329651 8726.000000
511.535980 8630.000000
513.740906 8683.000000
515.944580 8520.000000
518.146667 8659.000000
520.347290 8669.000000
522.546692 8737.000000
524.744507 8663.000000
526.940857 8932.000000
529.135986 9309.000000
531.329590 9708.000000
533.521667 9776.000000
535.712524 9646.000000
537.901917 8992.000000
540.089783 8773.000000
542.276489 8725.000000
544.461548 8766.000000
546.645203 8573.000000
548.827698 8639.000000
551.008606 8827.000000
553.188049 8766.000000
555.366211 8661.000000
557.542908 8737.000000
559.718140 8777.000000
561.892151 8725.000000
564.064697 8767.000000
566.235718 8799.000000
568.405579 8726.000000
570.573853 8821.000000
572.740723 8726.000000
574.906311 8753.000000
577.070435 8822.000000
579.233337 8675.000000
581.394653 8661.000000
583.554626 8863.000000
585.713257 8599.000000
587.870422 8743.000000
590.026184 8659.000000
592.180725 8837.000000
594.333679 8748.000000
596.485352 8650.000000
598.635742 8783.000000
600.784607 8677.000000
602.932129 8703.000000
605.078308 8748.000000
607.223083 8613.000000
609.366455 8624.000000
611.508667 8705.000000
613.649170 8724.000000
615.788391 8675.000000
617.926453 8746.000000
620.062988 8597.000000
622.198120 8603.000000
624.331970 8545.000000
626.464417 8721.000000
628.595520 8940.000000
630.725281 8701.000000
632.853577 8754.000000
634.980530 8907.000000
637.106262 9380.000000
639.230469 9669.000000
641.353394 9572.000000
643.475037 9723.000000
645.595154 9128.000000
647.714111 8784.000000
649.831543 8687.000000
651.947754 8605.000000
654.062561 8591.000000
656.175964 8700.000000
658.287964 8801.000000
660.398865 8552.000000
662.508179 8800.000000
664.616272 8898.000000
666.722961 8874.000000
668.828308 9107.000000
670.932251 8820.000000
673.035034 8697.000000
675.136292 8648.000000
677.236328 8605.000000
679.335022 8748.000000
681.432251 8602.000000
683.528198 8682.000000
685.622986 8956.000000
687.716248 9851.000000
689.808167 10470.000000
691.898865 10763.000000
693.988159 10577.000000
696.076050 9399.000000
698.162781 8927.000000
700.248169 8689.000000
702.332031 8742.000000
704.414795 8658.000000
706.496216 8602.000000
708.576111 8582.000000
710.654907 8627.000000
712.732178 8798.000000
714.808411 8736.000000
716.883118 8527.000000
718.956482 8684.000000
721.028625 8719.000000
723.099426 8567.000000
725.168823 8749.000000
727.237061 8695.000000
729.303833 8580.000000
731.369385 8717.000000
733.433594 8477.000000
735.496521 8694.000000
737.558044 8601.000000
739.618469 8716.000000
741.677368 8572.000000
743.734985 8866.000000
745.791443 8581.000000
747.846497 8765.000000
749.900208 8745.000000
751.952759 9500.000000
754.003906 8603.000000
756.053650 8725.000000
758.102356 8614.000000
760.149536 8669.000000
762.195435 8436.000000
764.240234 8660.000000
766.283569 8561.000000
768.325623 8585.000000
770.366455 8678.000000
772.405884 8684.000000
774.444092 8728.000000
776.481079 8777.000000
778.516724 8573.000000
780.551086 8600.000000
782.584106 8636.000000
784.615906 8794.000000
786.646423 8742.000000
788.675537 8493.000000
790.703430 8634.000000
792.730164 8512.000000
794.755432 8617.000000
796.779541 8733.000000
798.802368 8693.000000
800.823792 8656.000000
802.844055 8641.000000
804.863098 8724.000000
806.880798 8601.000000
808.897095 8615.000000
810.912170 8573.000000
812.926147 8669.000000
814.938782 8681.000000
816.950012 8734.000000
818.960205 8840.000000
820.968994 8609.000000
822.976563 8654.000000
824.982788 8702.000000
826.987732 8616.000000
828.991577 8673.000000
830.994019 8746.000000
832.995178 8652.000000
834.995178 8615.000000
836.993835 8720.000000
838.991272 8697.000000
840.987549 8771.000000
842.982361 8608.000000
844.975952 8786.000000
846.968506 8666.000000
848.959595 8957.000000
850.949463 8646.000000
852.938171 8745.000000
854.925537 8767.000000
856.911560 8775.000000
858.896606 8638.000000
860.880188 8518.000000
862.862610 8558.000000
864.843811 8799.000000
866.823730 8646.000000
868.802246 8756.000000
870.779846 8754.000000
872.755981 8612.000000
874.730835 8690.000000
876.704712 8764.000000
878.677124 8765.000000
880.648254 8544.000000
882.618347 8802.000000
884.587036 8748.000000
886.554504 8572.000000
888.520874 8611.000000
890.485840 8777.000000
892.449768 8702.000000
894.412354 8731.000000
896.373657 8639.000000
898.333862 8697.000000
900.292725 8605.000000
902.250366 8574.000000
904.206848 8672.000000
906.161987 8712.000000
908.115906 8808.000000
910.068787 8730.000000
912.020325 8710.000000
913.970581 8541.000000
915.919678 8576.000000
917.867615 8622.000000
919.814209 8613.000000
921.759766 8682.000000
923.703918 8724.000000
925.646851 8609.000000
927.588745 8643.000000
929.529297 8900.000000
931.468628 8699.000000
933.406799 8699.000000
935.343750 8562.000000
937.279480 8698.000000
939.213989 8662.000000
941.147278 8598.000000
943.079346 8677.000000
945.010254 8695.000000
946.939941 8659.000000
948.868591 8646.000000
950.795776 8639.000000
952.721802 8505.000000
954.646790 8674.000000
956.570435 8675.000000
958.492798 8679.000000
960.414124 8664.000000
962.334167 8668.000000
964.252991 8689.000000
966.170776 8570.000000
968.087219 8623.000000
970.002380 8623.000000
971.916565 8526.000000
973.829468 8574.000000
975.741150 8650.000000
977.651733 8748.000000
979.560974 8663.000000
981.469055 8607.000000
983.376099 8668.000000
985.281799 8799.000000
987.186340 8973.000000
989.089844 9010.000000
990.991943 8938.000000
992.892883 8922.000000
994.792847 8813.000000
996.691406 8558.000000
998.588867 8575.000000
1000.485229 8596.000000
1002.380310 8542.000000
1004.274231 8750.000000
1006.167114 8649.000000
1008.058533 8562.000000
1009.948914 8724.000000
1011.838135 8792.000000
1013.726196 8612.000000
1015.613098 8521.000000
1017.498840 8657.000000
1019.383301 8630.000000
1021.266724 8633.000000
1023.148926 8703.000000
1025.029785 8710.000000
1026.909668 8716.000000
1028.788452 8670.000000
1030.665894 8666.000000
1032.542358 8533.000000
1034.417480 8709.000000
1036.291382 8576.000000
1038.164429 8447.000000
1040.036011 8833.000000
1041.906616 8725.000000
1043.776001 8677.000000
1045.644165 8682.000000
1047.511108 8797.000000
1049.377075 8601.000000
1051.241821 8568.000000
1053.105347 8652.000000
1054.967773 8615.000000
1056.829224 8558.000000
1058.689209 8686.000000
1060.548340 8549.000000
1062.405884 8703.000000
1064.262695 8651.000000
1066.118164 8451.000000
1067.972534 8578.000000
1069.825928 8726.000000
1071.677979 8653.000000
1073.528809 8714.000000
1075.378662 8670.000000
1077.227295 8581.000000
1079.074707 8683.000000
1080.921021 8551.000000
1082.766357 8461.000000
1084.610352 8756.000000
1086.453369 8634.000000
1088.295044 8734.000000
1090.135742 8633.000000
1091.975220 8606.000000
1093.813599 8565.000000
1095.650879 8532.000000
1097.486938 8552.000000
1099.321899 8751.000000
1101.155640 8525.000000
1102.988525 8608.000000
1104.819946 8695.000000
1106.650391 8700.000000
1108.479858 8549.000000
1110.307861 8744.000000
1112.134888 8447.000000
1113.960938 8613.000000
1115.785522 8606.000000
1117.609375 8632.000000
1119.432007 8759.000000
1121.253296 8550.000000
1123.073486 8635.000000
1124.892944 8744.000000
1126.710815 8741.000000
1128.527710 8616.000000
1130.343506 8650.000000
1132.158325 8727.000000
1133.971924 8542.000000
1135.784302 8491.000000
1137.595581 8705.000000
1139.405884 8619.000000
1141.214966 8613.000000
1143.022949 8617.000000
1144.829834 8600.000000
1146.635498 8828.000000
1148.440186 8553.000000
1150.243774 8781.000000
1152.046143 8584.000000
1153.847534 8708.000000
1155.647705 8761.000000
1157.446899 8599.000000
1159.244873 8561.000000
1161.041748 8547.000000
1162.837402 8711.000000
1164.632202 8592.000000
1166.425781 8735.000000
1168.218140 8748.000000
1170.009521 8622.000000
1171.799927 8566.000000
1173.588989 8632.000000
1175.377075 8752.000000
1177.164063 8659.000000
1178.949829 8630.000000
1180.734619 8591.000000
1182.518311 8494.000000
1184.300903 8801.000000
1186.082520 8606.000000
1187.862915 8785.000000
1189.642090 8637.000000
1191.420410 8734.000000
1193.197632 8526.000000
1194.973389 8662.000000
1196.748535 8578.000000
1198.522217 8666.000000
1200.295044 8699.000000
1202.066772 8619.000000
1203.837280 8661.000000
1205.606812 8648.000000
1207.375244 8900.000000
1209.142456 8421.000000
1210.908691 8675.000000
1212.673950 8810.000000
1214.437988 8705.000000
1216.200928 8579.000000
1217.962769 8548.000000
1219.723511 8643.000000
1221.483398 8668.000000
1223.242065 8560.000000
1224.999634 8682.000000
1226.756226 8760.000000
1228.511597 8593.000000
1230.265991 8524.000000
1232.019287 8675.000000
1233.771606 8596.000000
1235.522583 8664.000000
1237.272705 8611.000000
1239.021729 8836.000000
1240.769775 8560.000000
1242.516479 8715.000000
1244.262329 8523.000000
1246.007080 8655.000000
1247.750732 8690.000000
1249.493286 8685.000000
1251.234741 8665.000000
1252.975342 8611.000000
1254.714722 8504.000000
1256.453003 8527.000000
1258.190430 8650.000000
1259.926392 8583.000000
1261.661499 8459.000000
1263.395630 8629.000000
1265.128662 8533.000000
1266.860718 8573.000000
1268.591675 8641.000000
1270.321533 8651.000000
1272.050171 8586.000000
1273.778076 8621.000000
1275.504639 8694.000000
1277.230103 8750.000000
1278.954834 8473.000000
1280.678345 8711.000000
1282.400879 8682.000000
1284.122192 8563.000000
1285.842529 8632.000000
1287.561890 8497.000000
1289.280273 8612.000000
1290.997437 8556.000000
1292.713501 8602.000000
1294.428711 8629.000000
1296.142944 8569.000000
1297.855957 8534.000000
1299.567749 8502.000000
1301.278564 8655.000000
1302.988647 8647.000000
1304.697510 8565.000000
1306.405151 8760.000000
1308.112061 8664.000000
1309.817627 8746.000000
1311.522461 8483.000000
1313.226074 8719.000000
1314.928833 8504.000000
1316.630249 8598.000000
1318.330933 8605.000000
1320.030396 8448.000000
1321.728760 8655.000000
1323.426270 8746.000000
1325.122559 8624.000000
1326.817993 8690.000000
1328.512329 8708.000000
1330.205688 8581.000000
1331.897949 8728.000000
1333.589233 8542.000000
1335.279297 8469.000000
1336.968384 8667.000000
1338.656738 8527.000000
1340.343872 8525.000000
1342.029785 8583.000000
1343.714966 9092.000000
1345.399048 9634.000000
1347.082031 10308.000000
1348.764038 10692.000000
1350.444946 10670.000000
1352.124878 9776.000000
1353.803955 9203.000000
1355.481812 8723.000000
1357.158691 8686.000000
1358.834595 8701.000000
1360.509399 8680.000000
1362.183350 8566.000000
1363.856201 8768.000000
1365.527832 8620.000000
1367.198853 8576.000000
1368.868408 8538.000000
1370.537231 8752.000000
1372.204956 8605.000000
1373.871704 8626.000000
1375.537476 8646.000000
1377.202148 8640.000000
1378.865723 8545.000000
1380.528564 8613.000000
1382.190186 8699.000000
1383.850830 8678.000000
1385.510376 8669.000000
1387.169189 8663.000000
1388.826782 8664.000000
1390.483398 8579.000000
1392.139160 8585.000000
1393.793701 8742.000000
1395.447266 8678.000000
1397.099976 8482.000000
1398.751465 8558.000000
1400.402100 8461.000000
1402.051758 8656.000000
1403.700317 8618.000000
1405.348022 8627.000000
1406.994751 8874.000000
1408.640259 8624.000000
1410.284912 8597.000000
1411.928589 8598.000000
1413.571167 8621.000000
1415.212769 8587.000000
1416.853394 8824.000000
1418.493164 8691.000000
1420.131836 8646.000000
1421.769287 8563.000000
1423.406128 8608.000000
1425.041626 8644.000000
1426.676270 8464.000000
1428.310059 8565.000000
1429.942749 8630.000000
1431.574585 8547.000000
1433.205078 8572.000000
1434.835083 8622.000000
1436.463745 8749.000000
1438.091431 8728.000000
1439.718262 8718.000000
1441.343994 8572.000000
1442.968750 8650.000000
1444.592651 8580.000000
1446.215576 8701.000000
1447.837280 8526.000000
1449.458252 8700.000000
1451.078247 8696.000000
1452.697021 8478.000000
1454.315063 8693.000000
1455.932007 8701.000000
1457.547974 8640.000000
1459.163086 8576.000000
1460.776855 8565.000000
1462.390015 8597.000000
1464.002197 8582.000000
1465.613281 8637.000000
1467.223511 8621.000000
1468.832520 8455.000000
1470.440674 8563.000000
1472.047974 8554.000000
1473.654175 8427.000000
1475.259399 8531.000000
1476.863647 8561.000000
1478.467041 8785.000000
1480.069336 8617.000000
1481.670776 8619.000000
1483.271362 8681.000000
1484.870728 8629.000000
1486.469238 8634.000000
1488.066650 8643.000000
1489.663208 8715.000000
1491.258911 8628.000000
1492.853516 8661.000000
1494.447021 8582.000000
1496.039795 8561.000000
1497.631714 8631.000000
1499.222168 8610.000000
1500.812378 8548.000000
1502.401001 8604.000000
1503.989014 8604.000000
1505.576050 8583.000000
1507.161865 8595.000000
1508.747070 8711.000000
1510.331177 8456.000000
1511.914307 8713.000000
1513.496216 8686.000000
1515.077515 8511.000000
1516.657959 8654.000000
1518.237305 8711.000000
1519.815552 8524.000000
1521.392944 8481.000000
1522.969116 8618.000000
1524.544800 8679.000000
1526.119507 8541.000000
1527.692993 8623.000000
1529.265747 8546.000000
1530.837280 8715.000000
1532.407837 8614.000000
1533.978027 8662.000000
1535.546875 8652.000000
1537.114502 8747.000000
1538.681519 9254.000000
1540.247681 9934.000000
1541.812622 9909.000000
1543.376953 10428.000000
1544.940063 9977.000000
1546.502319 9132.000000
1548.063599 8747.000000
1549.623901 8811.000000
1551.183350 8653.000000
1552.741943 8473.000000
1554.299438 8716.000000
1555.856079 8557.000000
1557.411621 8612.000000
1558.966309 8550.000000
1560.520264 8508.000000
1562.073242 8604.000000
1563.625122 8663.000000
1565.176025 8657.000000
1566.725952 8635.000000
1568.275146 8547.000000
1569.823486 8650.000000
1571.370972 8699.000000
1572.917236 8555.000000
1574.462524 8616.000000
1576.007202 8608.000000
1577.550415 8619.000000
1579.093018 8700.000000
1580.635010 8475.000000
1582.175415 8603.000000
1583.715454 8549.000000
1585.254150 8591.000000
1586.792114 8594.000000
1588.329468 8556.000000
1589.865601 8604.000000
1591.400757 8661.000000
1592.934937 8446.000000
1594.468140 8525.000000
1596.000732 8595.000000
1597.532227 8560.000000
1599.062988 8513.000000
1600.592407 8477.000000
1602.121216 8475.000000
1603.649048 8592.000000
1605.175903 8468.000000
1606.702026 8754.000000
1608.227051 8570.000000
1609.751221 8557.000000
1611.274414 8571.000000
1612.796753 8576.000000
1614.318115 8561.000000
1615.838745 8586.000000
1617.358398 8598.000000
1618.876831 8638.000000
1620.394653 8593.000000
1621.911377 8457.000000
1623.427246 8549.000000
1624.942505 8521.000000
1626.456665 8549.000000
1627.969604 8581.000000
1629.482178 8670.000000
1630.993286 8625.000000
1632.503906 8506.000000
1634.013550 8557.000000
1635.522217 8485.000000
1637.029785 8481.000000
1638.536743 8752.000000
1640.042480 8484.000000
1641.547852 8659.000000
1643.051880 8590.000000
1644.555054 8440.000000
1646.057495 8641.000000
1647.558838 8607.000000
1649.059204 8515.000000
1650.559082 8597.000000
1652.057617 8584.000000
1653.555420 8625.000000
1655.052368 8519.000000
1656.548218 8480.000000
1658.043335 8676.000000
1659.537720 8710.000000
1661.031006 8491.000000
1662.523560 8763.000000
1664.015015 8779.000000
1665.505493 8508.000000
1666.995361 8637.000000
1668.484375 8640.000000
1669.972168 8682.000000
1671.459229 8578.000000
1672.945435 8453.000000
1674.430542 8675.000000
1675.915039 8388.000000
1677.398682 8451.000000
1678.881226 8820.000000
1680.362915 8486.000000
1681.843750 8613.000000
1683.323486 8659.000000
1684.802856 8619.000000
1686.281006 8564.000000
1687.758301 8536.000000
1689.234497 8547.000000
1690.710083 8517.000000
1692.184570 8661.000000
1693.658447 8571.000000
1695.131226 8563.000000
1696.603271 8545.000000
1698.074219 8438.000000
1699.544434 8628.000000
1701.013672 8572.000000
1702.482300 8474.000000
1703.949707 8483.000000
1705.416382 8594.000000
1706.882202 8644.000000
1708.347046 8743.000000
1709.811035 8543.000000
1711.274536 8473.000000
1712.736694 8617.000000
1714.197876 9132.000000
1715.658569 8567.000000
1717.118164 8589.000000
1718.576782 8547.000000
1720.034912 8514.000000
1721.491943 8562.000000
1722.947998 8549.000000
1724.403320 8522.000000
1725.857544 8461.000000
1727.311401 8560.000000
1728.764038 8537.000000
1730.215698 8666.000000
1731.666382 8577.000000
1733.116577 8600.000000
1734.565674 8692.000000
1736.014282 8419.000000
1737.461670 8624.000000
1738.908203 8500.000000
1740.353760 8514.000000
1741.798706 8642.000000
1743.242554 8630.000000
1744.685913 8637.000000
1746.128052 8599.000000
1747.569336 8519.000000
1749.009888 8520.000000
1750.449463 8681.000000
1751.888306 8508.000000
1753.326416 8483.000000
1754.763306 8652.000000
1756.199585 8662.000000
1757.635010 8479.000000
1759.069336 8385.000000
1760.502808 8678.000000
1761.935791 8416.000000
1763.367676 8521.000000
1764.798706 8385.000000
1766.228760 8748.000000
1767.658081 8522.000000
1769.086548 8661.000000
1770.514282 8446.000000
1771.941162 8587.000000
1773.366943 8537.000000
1774.791870 8624.000000
1776.215942 8409.000000
1777.639648 8663.000000
1779.062134 8594.000000
1780.483643 8636.000000
1781.904419 8680.000000
1783.324219 8647.000000
1784.743286 8466.000000
1786.161743 8509.000000
1787.579224 8659.000000
1788.995483 8699.000000
1790.411255 8585.000000
1791.826172 8619.000000
1793.239868 8408.000000
1794.653320 8562.000000
1796.065674 8537.000000
1797.477173 8518.000000
1798.887451 8505.000000
1800.297241 8732.000000
1801.706055 8642.000000
1803.114380 8657.000000
1804.521484 8663.000000
1805.928101 8408.000000
1807.333496 8608.000000
1808.738159 8440.000000
1810.141846 8668.000000
1811.545166 8573.000000
1812.947144 8627.000000
1814.348511 8462.000000
1815.748901 8493.000000
1817.148560 8675.000000
1818.547241 8453.000000
1819.945557 8585.000000
1821.342651 8632.000000
1822.738892 8332.000000
1824.134399 8516.000000
1825.528809 8645.000000
1826.922852 8501.000000
1828.315918 8612.000000
1829.707886 8617.000000
1831.099121 8650.000000
1832.489624 8622.000000
1833.879150 8666.000000
1835.268188 8612.000000
1836.656006 8640.000000
1838.043213 8537.000000
1839.429321 8587.000000
1840.814941 8494.000000
1842.199341 8561.000000
1843.583252 8809.000000
1844.966187 8566.000000
1846.348389 8442.000000
1847.729736 8598.000000
1849.110107 8612.000000
1850.489746 8659.000000
1851.868774 8611.000000
1853.246826 8455.000000
1854.623901 8664.000000
1856.000244 8503.000000
1857.375732 8525.000000
1858.750244 8616.000000
1860.124512 8472.000000
1861.497681 8634.000000
1862.869751 8536.000000
1864.241089 8693.000000
1865.611572 8572.000000
1866.981567 8756.000000
1868.350464 8487.000000
1869.718750 8504.000000
1871.085938 8484.000000
1872.452271 8768.000000
1873.817993 8665.000000
1875.182983 8624.000000
1876.546997 8631.000000
1877.910278 8580.000000
1879.272583 8726.000000
1880.634033 8611.000000
1881.994873 8584.000000
1883.354980 8388.000000
1884.714111 8654.000000
1886.072266 8617.000000
1887.429932 8489.000000
1888.786499 8380.000000
1890.142456 8650.000000
1891.497559 8630.000000
1892.851929 8622.000000
1894.205200 8558.000000
1895.557739 8456.000000
1896.909546 8460.000000
1898.260498 8677.000000
1899.610962 8520.000000
1900.960449 8592.000000
1902.308716 8746.000000
1903.656738 8624.000000
1905.003662 8662.000000
1906.349854 8700.000000
1907.695313 8669.000000
1909.039917 8522.000000
1910.383423 8415.000000
1911.726440 8493.000000
1913.068481 8556.000000
1914.410034 8500.000000
1915.750610 8601.000000
1917.090210 8582.000000
1918.428955 8470.000000
1919.767212 8700.000000
1921.104492 8803.000000
1922.441162 8656.000000
1923.776733 8456.000000
1925.111694 8731.000000
1926.445679 8526.000000
1927.778931 8502.000000
1929.111328 8511.000000
1930.443359 8422.000000
1931.774292 8681.000000
1933.104370 8619.000000
1934.433594 8582.000000
1935.762085 8623.000000
1937.089722 8657.000000
1938.416992 8474.000000
1939.742920 8633.000000
1941.068237 8606.000000
1942.392822 8708.000000
1943.716553 8574.000000
1945.039429 8715.000000
1946.361816 8718.000000
1947.683105 8512.000000
1949.003662 8600.000000
1950.323364 8664.000000
1951.642212 8446.000000
1952.960693 8676.000000
1954.278076 8517.000000
1955.594604 8704.000000
1956.910522 8720.000000
1958.225342 8588.000000
1959.539673 8662.000000
1960.853149 8544.000000
1962.165894 8613.000000
1963.477661 8392.000000
1964.788818 8519.000000
1966.098999 8584.000000
1967.408569 8706.000000
1968.717529 8504.000000
1970.025391 8619.000000
1971.332520 8652.000000
1972.638794 8407.000000
1973.944336 8451.000000
1975.249268 8516.000000
1976.553223 8429.000000
1977.856689 8500.000000
1979.159058 8570.000000
1980.460815 8585.000000
1981.761597 8528.000000
1983.061646 8482.000000
1984.361084 8487.000000
1985.659668 8570.000000
1986.957397 8423.000000
1988.254272 8469.000000
1989.550537 8728.000000
1990.845947 8653.000000
1992.140625 8477.000000
1993.434814 8724.000000
1994.727661 8686.000000
1996.020142 8563.000000
1997.311523 8601.000000
1998.602661 8710.000000
1999.892578 8487.000000
2001.181641 8601.000000
2002.469971 8773.000000
2003.757813 8641.000000
2005.044556 8480.000000
2006.330933 8568.000000
2007.616211 8425.000000
2008.900757 8619.000000
2010.184570 8634.000000
2011.467651 8691.000000
2012.749878 8458.000000
2014.031494 8604.000000
2015.312378 8625.000000
2016.592285 8525.000000
2017.871338 8438.000000
2019.149902 8558.000000
2020.427246 8380.000000
2021.704590 8612.000000
2022.980347 8487.000000
2024.255981 8409.000000
2025.530273 8656.000000
2026.804199 8641.000000
2028.077393 8426.000000
2029.349854 8473.000000
2030.621216 8525.000000
2031.891968 8627.000000
2033.161743 8662.000000
2034.431030 8496.000000
2035.699829 8462.000000
2036.967407 8570.000000
2038.234497 8514.000000
2039.500488 8435.000000
2040.765869 8681.000000
2042.030518 8512.000000
2043.294678 8736.000000
2044.557861 8485.000000
2045.820190 8614.000000
2047.081665 8445.000000
2048.342529 8590.000000
2049.602539 8618.000000
2050.862305 8533.000000
2052.121094 8766.000000
2053.378662 8510.000000
2054.635742 8628.000000
2055.892090 8757.000000
2057.147461 8728.000000
2058.402344 8369.000000
2059.656494 8661.000000
2060.909668 8545.000000
2062.162109 8584.000000
2063.413818 8608.000000
2064.665039 8611.000000
2065.915527 8666.000000
2067.165039 8578.000000
2068.413818 8589.000000
2069.661621 8450.000000
2070.909180 8455.000000
2072.155518 8518.000000
2073.401367 8540.000000
2074.646240 8375.000000
2075.890625 8647.000000
2077.134033 8600.000000
2078.376953 8512.000000
2079.619141 8467.000000
2080.860352 8476.000000
2082.100830 8571.000000
2083.340576 8515.000000
2084.579590 8552.000000
2085.817871 8529.000000
2087.055664 8592.000000
2088.292480 8434.000000
2089.528320 8612.000000
2090.763672 8559.000000
2091.998291 8533.000000
2093.231934 8696.000000
2094.465332 8593.000000
2095.697510 8576.000000
2096.928955 8678.000000
2098.159668 8569.000000
2099.390137 8583.000000
2100.619141 8666.000000
2101.847900 8540.000000
2103.075928 8655.000000
2104.302979 8528.000000
2105.529541 8545.000000
2106.755127 8664.000000
2107.980225 8638.000000
2109.204346 8491.000000
2110.427734 8497.000000
2111.650391 8636.000000
2112.872314 8808.000000
2114.093506 8586.000000
2115.314453 8618.000000
2116.534180 8463.000000
2117.752686 8438.000000
2118.970947 8680.000000
2120.188721 8609.000000
2121.405273 8567.000000
2122.621826 8585.000000
2123.837158 8683.000000
2125.051514 8634.000000
2126.265381 8537.000000
2127.479004 8551.000000
2128.690918 8397.000000
2129.902832 8706.000000
2131.113770 8543.000000
2132.323975 8651.000000
2133.533447 8453.000000
2134.742188 8529.000000
2135.950195 8478.000000
2137.157959 8559.000000
2138.364258 8529.000000
2139.570313 8637.000000
2140.775146 8600.000000
2141.979492 8625.000000
2143.183105 8387.000000
2144.385986 8402.000000
2145.588379 8725.000000
2146.789795 8634.000000
2147.990479 8722.000000
2149.190674 8777.000000
2150.389648 8577.000000
2151.588623 8505.000000
2152.786621 8728.000000
2153.983398 8640.000000
2155.179932 8619.000000
2156.375732 8603.000000
2157.570801 8575.000000
2158.764893 8546.000000
2159.958252 8569.000000
2161.151123 8424.000000
2162.343262 8527.000000
2163.534424 8716.000000
2164.725342 8499.000000
2165.915283 8611.000000
2167.104248 8599.000000
2168.292725 8622.000000
2169.480225 8538.000000
2170.667480 8621.000000
2171.854004 8661.000000
2173.039795 8491.000000
2174.224365 8601.000000
2175.408691 8428.000000
2176.591797 8463.000000
2177.774414 8553.000000
2178.956787 8525.000000
2180.138184 8460.000000
2181.318848 8550.000000
2182.498535 8445.000000
2183.677490 8536.000000
2184.855957 8483.000000
2186.033936 8476.000000
2187.211182 8573.000000
2188.386963 8517.000000
2189.562744 8473.000000
2190.737549 8491.000000
2191.911865 8496.000000
2193.085205 8553.000000
2194.257813 8386.000000
2195.429932 8609.000000
2196.601074 8510.000000
2197.771973 8630.000000
2198.942139 8781.000000
2200.111084 8539.000000
2201.279541 8705.000000
2202.447266 8614.000000
2203.614258 8678.000000
2204.780762 8535.000000
2205.946533 8533.000000
2207.111328 8583.000000
2208.275635 8592.000000
2209.438965 8701.000000
2210.602051 8453.000000
2211.763916 8589.000000
2212.925537 8721.000000
2214.085938 8618.000000
2215.246338 8543.000000
2216.405518 8592.000000
2217.563965 8583.000000
2218.721924 8568.000000
2219.879395 8567.000000
2221.035645 8585.000000
2222.191406 8515.000000
2223.346436 8549.000000
2224.500977 8614.000000
2225.654541 8577.000000
2226.807373 8707.000000
2227.959961 8759.000000
2229.111572 8460.000000
2230.262207 8694.000000
2231.412354 8649.000000
2232.562012 8592.000000
2233.710938 8465.000000
2234.859131 8648.000000
2236.006348 8647.000000
2237.153076 8563.000000
2238.299072 8575.000000
2239.444336 8550.000000
2240.588867 8712.000000
2241.732666 8662.000000
2242.875977 8710.000000
2244.018311 8641.000000
2245.160156 8480.000000
2246.301514 8471.000000
2247.441895 8583.000000
2248.581787 8515.000000
2249.720703 8678.000000
2250.859131 8600.000000
2251.996582 8664.000000
2253.133789 8710.000000
2254.269775 8541.000000
2255.405762 8541.000000
2256.540283 8585.000000
2257.674561 8527.000000
2258.808105 8669.000000
2259.940918 8542.000000
2261.072998 8695.000000
2262.204590 8578.000000
2263.335205 8706.000000
2264.465332 8588.000000
2265.594971 8497.000000
2266.723633 8571.000000
2267.851563 8494.000000
2268.978760 8449.000000
2270.105225 8789.000000
2271.231201 8682.000000
2272.356934 8652.000000
2273.481445 8611.000000
2274.605225 8621.000000
2275.728271 8839.000000
2276.850830 8798.000000
2277.972656 8539.000000
2279.093994 8525.000000
2280.214111 8586.000000
2281.333984 8667.000000
2282.453125 8658.000000
2283.571533 8683.000000
2284.689209 8588.000000
2285.806396 8613.000000
2286.922852 8484.000000
2288.038574 8598.000000
2289.153320 8520.000000
2290.267822 8624.000000
2291.381348 8690.000000
2292.494385 8762.000000
2293.606689 8577.000000
2294.718018 8561.000000
2295.829102 8614.000000
2296.939453 8604.000000
2298.048828 8702.000000
2299.157959 8712.000000
2300.266113 8558.000000
2301.373779 8529.000000
2302.480469 8557.000000
2303.586670 8691.000000
2304.692383 8429.000000
2305.797119 8422.000000
2306.901367 8490.000000
2308.004639 8521.000000
2309.107666 8657.000000
2310.209717 8388.000000
2311.311523 8548.000000
2312.412354 8471.000000
2313.512207 8603.000000
2314.611816 8594.000000
2315.710693 8669.000000
2316.808350 8557.000000
2317.906250 8660.000000
2319.002930 8435.000000
2320.098877 8581.000000
2321.194336 8591.000000
2322.289063 8450.000000
2323.383057 8439.000000
2324.477051 8619.000000
2325.569580 8738.000000
2326.661377 8429.000000
2327.752930 8613.000000
2328.843506 8409.000000
2329.933594 8636.000000
2331.023193 8742.000000
2332.111816 8662.000000
2333.199951 8536.000000
2334.287109 8532.000000
2335.374268 8559.000000
2336.460449 8643.000000
2337.545654 8568.000000
2338.630371 8657.000000
2339.714600 8502.000000
2340.797852 8677.000000
2341.880615 8613.000000
2342.962402 8505.000000
2344.044189 8468.000000
2345.125000 8587.000000
2346.205078 8644.000000
2347.284180 8583.000000
2348.363037 8560.000000
2349.441406 8492.000000
2350.518799 8464.000000
2351.595459 8605.000000
2352.671631 8434.000000
2353.747070 8581.000000
2354.821777 8680.000000
2355.896240 8549.000000
2356.969727 8681.000000
2358.042480 8690.000000
2359.114502 8637.000000
2360.186279 8485.000000
2361.257080 8650.000000
2362.327393 8450.000000
2363.396973 8780.000000
2364.465576 8596.000000
2365.533936 8625.000000
2366.601563 8546.000000
2367.668457 8537.000000
2368.734619 8628.000000
2369.800293 8661.000000
2370.865234 8513.000000
2371.929688 8543.000000
2372.993164 8625.000000
2374.056396 8758.000000
2375.118896 8757.000000
2376.180420 8497.000000
2377.241455 8520.000000
2378.301758 8616.000000
2379.361572 8415.000000
2380.420898 8457.000000
2381.479248 8498.000000
2382.537109 8434.000000
2383.593994 8716.000000
2384.650635 8496.000000
2385.706299 8545.000000
2386.761719 8713.000000
2387.816406 8608.000000
2388.869873 8689.000000
2389.923096 8575.000000
2390.975830 8430.000000
2392.027588 8604.000000
2393.079102 8467.000000
2394.129639 8645.000000
2395.179688 8572.000000
2396.229004 8526.000000
2397.277832 8464.000000
2398.325928 8511.000000
2399.373291 8515.000000
2400.420166 8564.000000
2401.465820 8572.000000
2402.511719 8604.000000
2403.556396 8552.000000
2404.600830 8580.000000
2405.644531 8563.000000
2406.687256 8573.000000
2407.729492 8636.000000
2408.771240 8845.000000
2409.812012 8559.000000
2410.852539 8580.000000
2411.892334 8546.000000
2412.931396 8680.000000
2413.969727 8736.000000
2415.007568 8683.000000
2416.044678 8715.000000
2417.081055 8516.000000
2418.116943 8607.000000
2419.152344 8696.000000
2420.186768 8775.000000
2421.220703 8863.000000
2422.253906 8516.000000
2423.286865 8457.000000
2424.318848 8642.000000
2425.350098 8611.000000
2426.381104 8649.000000
2427.411133 8650.000000
2428.440430 8605.000000
2429.469482 8661.000000
2430.497803 8506.000000
2431.525391 8664.000000
2432.552002 8522.000000
2433.578613 8598.000000
2434.604004 8425.000000
2435.629395 8593.000000
2436.653564 8692.000000
2437.677490 8549.000000
2438.700195 8617.000000
2439.722900 8524.000000
2440.745117 8538.000000
2441.766113 8622.000000
2442.786865 8666.000000
2443.806641 8569.000000
2444.826172 8592.000000
2445.844727 8611.000000
2446.863281 8526.000000
2447.880615 8784.000000
2448.897705 8534.000000
2449.913574 8528.000000
2450.929199 8683.000000
2451.944092 8611.000000
2452.958740 8460.000000
2453.972168 8618.000000
2454.985107 8674.000000
2455.997559 8568.000000
2457.009521 8662.000000
2458.020752 8426.000000
2459.031494 8596.000000
2460.041260 8675.000000
2461.050781 8625.000000
2462.059326 8712.000000
2463.067139 8570.000000
2464.074707 8642.000000
2465.081787 8542.000000
2466.087891 8650.000000
2467.093262 8560.000000
2468.098389 8496.000000
2469.102783 8645.000000
2470.106445 8738.000000
2471.109619 8573.000000
2472.112061 8553.000000
2473.113770 8528.000000
2474.114990 8629.000000
2475.115723 8637.000000
2476.115723 8611.000000
2477.114990 8618.000000
2478.113525 8671.000000
2479.111816 8719.000000
2480.109131 8692.000000
2481.106201 8575.000000
2482.102539 8545.000000
2483.097900 8712.000000
2484.093018 8531.000000
2485.087646 8676.000000
2486.081299 8705.000000
2487.074463 8707.000000
2488.066895 8620.000000
2489.059082 8577.000000
2490.050537 8567.000000
2491.041260 8762.000000
2492.031250 8665.000000
2493.020508 8677.000000
2494.009766 8641.000000
2494.997559 8603.000000
2495.985352 8684.000000
2496.972412 8586.000000
2497.958984 8473.000000
2498.944824 8725.000000
2499.929688 8613.000000
2500.914795 8596.000000
2501.898438 8599.000000
2502.881836 8462.000000
2503.864258 8671.000000
2504.846680 8603.000000
2505.827881 8693.000000
2506.808838 8506.000000
2507.789551 8559.000000
2508.769043 8536.000000
2509.748535 8778.000000
2510.726807 8642.000000
2511.704834 8603.000000
2512.681885 8696.000000
2513.658447 8519.000000
2514.634521 8716.000000
2515.609619 8570.000000
2516.584473 8428.000000
2517.558838 8641.000000
2518.532227 8557.000000
2519.506104 8587.000000
2520.478271 8639.000000
2521.449951 8603.000000
2522.421143 8552.000000
2523.391602 8682.000000
2524.361572 8608.000000
2525.331055 8658.000000
2526.299805 8653.000000
2527.268066 8642.000000
2528.235596 8661.000000
2529.202148 8566.000000
2530.169189 8649.000000
2531.135010 8551.000000
2532.099854 8577.000000
2533.064453 8667.000000
2534.028564 8489.000000
2534.992188 8579.000000
2535.954590 8678.000000
2536.916504 8717.000000
2537.878174 8608.000000
2538.838623 8468.000000
2539.799316 8493.000000
2540.759033 8624.000000
2541.718262 8599.000000
2542.677246 8602.000000
2543.634766 8703.000000
2544.592285 8430.000000
2545.549072 8569.000000
2546.504883 8581.000000
2547.460693 8464.000000
2548.415527 8483.000000
2549.370117 8687.000000
2550.323975 8629.000000
2551.276855 8605.000000
2552.229492 8564.000000
2553.181885 8627.000000
2554.133057 8756.000000
2555.084229 8701.000000
2556.034424 8510.000000
2556.983887 8805.000000
2557.932861 8676.000000
2558.881348 8657.000000
2559.829102 8695.000000
2560.776367 8631.000000
2561.722900 8457.000000
2562.669434 8637.000000
2563.615234 8814.000000
2564.560059 8477.000000
2565.503906 8734.000000
2566.447998 8586.000000
2567.391113 8748.000000
2568.333496 8678.000000
2569.275146 8647.000000
2570.216797 8665.000000
2571.157715 8580.000000
2572.097656 8512.000000
2573.037109 8514.000000
2573.976074 8993.000000
2574.914795 8583.000000
2575.852783 8456.000000
2576.790039 8602.000000
2577.726563 8705.000000
2578.662598 8573.000000
2579.598389 8698.000000
2580.532959 8602.000000
2581.467529 8555.000000
2582.400879 8565.000000
2583.334229 8637.000000
2584.266846 8488.000000
2585.198730 8598.000000
2586.130859 8628.000000
2587.061523 8758.000000
2587.991943 8711.000000
2588.921143 8610.000000
2589.850586 8726.000000
2590.779053 8527.000000
2591.706543 8742.000000
2592.634033 8691.000000
2593.560791 8668.000000
2594.487061 8618.000000
2595.412354 8629.000000
2596.337646 8646.000000
2597.262451 8651.000000
2598.186035 8652.000000
2599.109619 8696.000000
2600.032227 8687.000000
2600.954346 8531.000000
2601.875732 8479.000000
2602.796875 8681.000000
2603.717041 8611.000000
2604.636719 8530.000000
2605.555908 8598.000000
2606.474609 8748.000000
2607.393066 8792.000000
2608.310791 8588.000000
2609.227539 8642.000000
2610.144043 8570.000000
2611.059814 8725.000000
2611.974854 8562.000000
2612.889404 8676.000000
2613.803467 8616.000000
2614.717041 8696.000000
2615.629883 8629.000000
2616.542236 8654.000000
2617.453857 8656.000000
2618.365479 8598.000000
2619.276367 8656.000000
2620.186279 8531.000000
2621.095947 8730.000000
2622.004883 8708.000000
2622.912842 8474.000000
2623.820801 8705.000000
2624.728271 8563.000000
2625.634521 8607.000000
2626.540771 8586.000000
2627.446533 8445.000000
2628.351318 8789.000000
2629.255859 8592.000000
2630.159912 8617.000000
2631.062744 8569.000000
2631.965820 8658.000000
2632.867676 8663.000000
2633.769043 8728.000000
2634.670166 8608.000000
2635.570313 8593.000000
2636.470459 8590.000000
2637.369385 8600.000000
2638.268311 8544.000000
2639.166992 8640.000000
2640.064697 8600.000000
2640.961670 8586.000000
2641.857910 8612.000000
2642.753418 8473.000000
2643.648682 8680.000000
2644.543945 8572.000000
2645.438232 8723.000000
2646.331787 8671.000000
2647.224609 8589.000000
2648.117432 8750.000000
2649.009277 8685.000000
2649.901123 8480.000000
2650.791992 8615.000000
2651.682373 8605.000000
2652.572266 8635.000000
2653.460938 8548.000000
2654.349854 8493.000000
2655.237793 8584.000000
2656.125244 8570.000000
2657.012451 8607.000000
2657.898438 8661.000000
2658.784424 8690.000000
2659.670166 8653.000000
2660.554688 8725.000000
2661.438721 8626.000000
2662.322754 8575.000000
2663.205566 8737.000000
2664.087891 8660.000000
2664.970215 8528.000000
2665.851074 8693.000000
2666.732178 8716.000000
2667.612305 8641.000000
2668.492188 8780.000000
2669.371582 8743.000000
2670.250244 8701.000000
2671.128418 8697.000000
2672.006104 8667.000000
2672.883057 8876.000000
2673.759277 8652.000000
2674.635254 8576.000000
2675.510498 8658.000000
2676.385254 8633.000000
2677.259277 8616.000000
2678.133057 8526.000000
2679.006104 8772.000000
2679.878906 8625.000000
2680.750977 8816.000000
2681.622559 8717.000000
2682.493408 8756.000000
2683.364258 8574.000000
2684.233887 8608.000000
2685.103027 8699.000000
2685.971924 8752.000000
2686.840088 8670.000000
2687.707764 8740.000000
2688.574707 8814.000000
2689.441406 8935.000000
2690.308105 8646.000000
2691.173340 8603.000000
2692.037842 8738.000000
2692.902588 8677.000000
2693.766113 8624.000000
2694.629639 8636.000000
2695.492188 8649.000000
2696.354248 8498.000000
2697.216064 8642.000000
2698.077393 8620.000000
2698.937988 8532.000000
2699.797852 8632.000000
2700.657959 8812.000000
2701.516846 8615.000000
2702.375000 8644.000000
2703.232910 8677.000000
2704.090332 8621.000000
2704.947266 8670.000000
2705.803467 8597.000000
2706.658936 8720.000000
2707.514404 8606.000000
2708.368896 8659.000000
2709.223389 8660.000000
2710.077148 8758.000000
2710.929932 8670.000000
2711.782715 8752.000000
2712.634766 8693.000000
2713.486084 8502.000000
2714.336914 8665.000000
2715.187256 8725.000000
2716.037109 8574.000000
2716.885986 8552.000000
2717.735107 8727.000000
2718.583496 8736.000000
2719.431152 8626.000000
2720.279053 8769.000000
2721.125488 8610.000000
2721.971436 8774.000000
2722.816895 9018.000000
2723.662354 8712.000000
2724.506348 8691.000000
2725.350830 8637.000000
2726.194092 8758.000000
2727.036865 8660.000000
2727.879150 8787.000000
2728.721191 8826.000000
2729.562256 8553.000000
2730.403809 8665.000000
2731.243896 8704.000000
2732.083496 8711.000000
2732.923096 8611.000000
2733.761719 8695.000000
2734.600098 8735.000000
2735.437744 8682.000000
2736.274170 8714.000000
2737.111084 8845.000000
2737.947266 8608.000000
2738.782715 8699.000000
2739.618408 8785.000000
2740.452637 8760.000000
2741.286865 8720.000000
2742.119873 8589.000000
2742.952881 8642.000000
2743.785400 8676.000000
2744.617188 8531.000000
2745.448730 8569.000000
2746.279297 8671.000000
2747.109619 8739.000000
2747.939209 8639.000000
2748.768799 8644.000000
2749.597900 8647.000000
2750.426270 8660.000000
2751.253906 8653.000000
2752.080811 8535.000000
2752.907715 8605.000000
2753.733643 8658.000000
2754.559326 8600.000000
2755.384521 8670.000000
2756.208984 8494.000000
2757.033203 8674.000000
2757.856689 8689.000000
2758.680176 8764.000000
2759.502930 8557.000000
2760.324707 8624.000000
2761.146240 8618.000000
2761.967285 8775.000000
2762.787598 8729.000000
2763.607422 8690.000000
2764.427002 8699.000000
2765.246094 8610.000000
2766.064209 8765.000000
2766.882080 8502.000000
2767.699463 8623.000000
2768.516846 8696.000000
2769.333496 8652.000000
2770.149170 8724.000000
2770.964600 8692.000000
2771.779297 8587.000000
2772.593506 8613.000000
2773.407471 8723.000000
2774.220703 8655.000000
2775.033447 8651.000000
2775.845947 8787.000000
2776.657471 8691.000000
2777.468506 8579.000000
2778.280029 9034.000000
2779.090088 8711.000000
2779.899902 8720.000000
2780.709229 8718.000000
2781.517822 8749.000000
2782.326172 8695.000000
2783.134033 8657.000000
2783.940918 8631.000000
2784.747559 8788.000000
2785.553955 8775.000000
2786.359375 8654.000000
2787.165039 8700.000000
2787.969971 8686.000000
2788.773926 8648.000000
2789.577637 8712.000000
2790.380615 8590.000000
2791.183350 8628.000000
2791.985352 8705.000000
2792.787109 8817.000000
2793.587891 8655.000000
2794.388916 8788.000000
2795.189209 8740.000000
2795.989014 8726.000000
2796.788086 8693.000000
2797.586914 8793.000000
2798.385254 8698.000000
2799.183105 8614.000000
2799.980225 8727.000000
2800.776855 8634.000000
2801.572998 8671.000000
2802.368652 8836.000000
2803.163574 8711.000000
2803.958496 8726.000000
2804.752686 8710.000000
2805.546387 8660.000000
2806.340088 8692.000000
2807.132324 8654.000000
2807.924805 8768.000000
2808.716309 8660.000000
2809.507568 8768.000000
2810.298340 8650.000000
2811.088379 8758.000000
2811.878174 8803.000000
2812.667236 8749.000000
2813.456055 8587.000000
2814.244141 8571.000000
2815.032715 8643.000000
2815.819824 8661.000000
2816.606934 8814.000000
2817.393066 8680.000000
2818.178955 8615.000000
2818.964111 8846.000000
2819.749023 8677.000000
2820.532959 8781.000000
2821.317139 8795.000000
2822.100342 8727.000000
2822.883301 8824.000000
2823.665771 8749.000000
2824.447998 8597.000000
2825.229248 8796.000000
2826.010254 8703.000000
2826.790771 8691.000000
2827.570557 8638.000000
2828.350342 8647.000000
2829.129150 8969.000000
2829.907471 8676.000000
2830.685791 8919.000000
2831.463135 8668.000000
2832.240234 8651.000000
2833.016602 8628.000000
2833.793213 8659.000000
2834.568604 8454.000000
2835.343994 8717.000000
2836.118164 8789.000000
2836.892578 8746.000000
2837.666504 8750.000000
2838.439209 8701.000000
2839.212158 8811.000000
2839.984375 8751.000000
2840.756104 8740.000000
2841.527588 8712.000000
2842.298828 8657.000000
2843.069092 8775.000000
2843.838867 8569.000000
2844.607910 8815.000000
2845.376953 8706.000000
2846.145508 8736.000000
2846.913086 8705.000000
2847.680664 8727.000000
2848.447998 8689.000000
2849.214355 8771.000000
2849.980225 8596.000000
2850.745605 8645.000000
2851.511475 8914.000000
2852.275879 8658.000000
2853.040283 8718.000000
2853.803711 8760.000000
2854.566895 8651.000000
2855.329834 8727.000000
2856.091797 8780.000000
2856.853516 8765.000000
2857.615234 8600.000000
2858.375732 8691.000000
2859.136475 8678.000000
2859.896240 8856.000000
2860.655762 8775.000000
2861.415039 8675.000000
2862.173096 8735.000000
2862.931152 8688.000000
2863.688965 8760.000000
2864.445801 8803.000000
2865.202637 8666.000000
2865.958496 8719.000000
2866.714111 8644.000000
2867.469482 8733.000000
2868.224121 8698.000000
2868.979248 8746.000000
2869.732666 8816.000000
2870.486328 8856.000000
2871.239014 8784.000000
2871.991699 8730.000000
2872.743408 8750.000000
2873.495117 8805.000000
2874.245850 8839.000000
2874.996582 8988.000000
2875.746582 8994.000000
2876.496338 9115.000000
2877.245361 9101.000000
2877.994873 9238.000000
2878.742920 9531.000000
2879.490967 9502.000000
2880.237793 9397.000000
2880.985107 9224.000000
2881.731445 9336.000000
2882.477295 9159.000000
2883.222656 8935.000000
2883.968018 8840.000000
2884.712402 8962.000000
2885.456543 8941.000000
2886.200928 8963.000000
2886.944092 8928.000000
2887.687012 8905.000000
2888.429199 8749.000000
2889.170898 8776.000000
2889.912354 8867.000000
2890.653320 8751.000000
2891.393799 8738.000000
2892.133789 8696.000000
2892.873291 8790.000000
2893.612793 8878.000000
2894.351318 8702.000000
2895.090088 8815.000000
2895.827881 8663.000000
2896.565186 8748.000000
2897.302002 8700.000000
2898.038574 8729.000000
2898.774414 8733.000000
2899.510254 8706.000000
2900.245117 8675.000000
2900.979736 8662.000000
2901.713867 8777.000000
2902.447998 8779.000000
2903.181152 8800.000000
2903.914307 8740.000000
2904.646973 8808.000000
2905.378906 8738.000000
2906.110352 8871.000000
2906.841309 8871.000000
