scanname Scan081
timestamp 2024-03-06 22:18:47
ccdbias 982.231445
ccdgain 4.313516
sigmaread 9.885917
laserwavenum 0.034338
wavenumcorrection -0.818785
scancount 2
totalexposurems 604
singleexposurems 529
measurementstate Unknown
scanmode Auto
snr 53.499027 18.029415 5.364067
replacelist 0
peaks 2
239.440582 0.261246 0.000000 8.418956 0.000256
1002.538452 0.047755 0.000000 0.347198 0.000048
finalresult GLS_Single 1
U4Z0X7	benfentmags-4	2.998441e-001
spectrum 2048
-92.856842 0.094176
-90.252693 0.094649
-87.650314 0.082722
-85.049683 0.129951
-82.450806 0.142385
-79.853676 0.111403
-77.258308 0.059822
-74.664688 0.120373
-72.072807 0.125974
-69.482681 0.132057
-66.894295 0.135429
-64.307663 0.144104
-61.722763 0.102755
-59.139606 0.132044
-56.558193 0.107435
-53.978512 0.108843
-51.400570 0.137351
-48.824364 0.115638
-46.249889 0.138375
-43.677143 0.123943
-41.106136 0.130859
-38.536850 0.132814
-35.969296 0.131794
-33.403461 0.017465
-30.839361 0.101949
-28.276976 0.122709
-25.716320 0.122450
-23.157385 0.123394
-20.600159 0.125820
-18.044651 0.128729
-15.490867 0.129679
-12.938796 0.131712
-10.388432 0.134822
-7.839779 0.141121
-5.292843 0.158109
-2.747617 0.186297
-0.204089 0.204954
2.337733 0.206073
4.877842 0.184504
7.416249 0.152887
9.952963 0.096037
12.487977 0.099918
15.021284 0.136689
17.552895 0.139175
20.082815 0.139222
22.611044 0.136213
25.137573 0.127313
27.662407 0.143089
30.185564 0.142050
32.707031 0.128840
35.226814 0.146873
37.744892 0.148112
40.261299 0.139513
42.776024 0.132658
45.289055 0.150556
47.800419 0.138841
50.310108 0.111560
52.818115 0.092422
55.324451 0.114297
57.829094 0.151646
60.332085 0.104779
62.833401 0.164269
65.333031 0.117096
67.831009 0.121128
70.327316 0.142856
72.821968 0.086487
75.314941 0.178123
77.806244 0.084854
80.295898 0.107683
82.783905 0.136942
85.270218 0.083099
87.754898 0.128306
90.237923 0.101633
92.719292 0.102715
95.198997 0.064211
97.677055 0.070418
100.153465 0.100912
102.628242 0.093871
105.101334 0.095722
107.572800 0.071242
110.042625 0.113014
112.510803 0.116754
114.977356 0.090028
117.442238 0.076547
119.905495 0.109419
122.367119 0.222208
124.827103 0.078759
127.285446 0.148612
129.742157 0.064954
132.197250 0.109904
134.650696 0.098636
137.102509 0.134929
139.552704 0.135233
142.001266 0.092547
144.448212 0.147818
146.893524 0.117958
149.337234 0.105344
151.779297 0.123986
154.219742 0.117480
156.658569 0.117105
159.095810 0.121362
161.531387 0.124489
163.965363 0.121992
166.397751 0.112816
168.828506 0.115188
171.257645 0.110438
173.685196 0.106079
176.111130 0.101867
178.535431 0.100695
180.958160 0.102043
183.379288 0.098732
185.798798 0.100630
188.216721 0.101849
190.633026 0.101617
193.047745 0.106490
195.460861 0.106499
197.872391 0.110988
200.282318 0.113788
202.690643 0.116400
205.097397 0.124220
207.502533 0.126581
209.906082 0.134592
212.308075 0.140969
214.708450 0.146183
217.107239 0.153438
219.504501 0.160789
221.900101 0.170444
224.294189 0.177469
226.686646 0.191319
229.077530 0.201972
231.466873 0.214705
233.854614 0.228139
236.240784 0.242517
238.625366 0.253179
241.008392 0.261487
243.389877 0.262566
245.769745 0.257297
248.148041 0.248211
250.524811 0.230495
252.899979 0.209837
255.273590 0.189938
257.645660 0.169631
260.016174 0.151293
262.385101 0.135613
264.752472 0.120030
267.118286 0.110942
269.482574 0.101667
271.845276 0.094180
274.206421 0.086378
276.566040 0.082216
278.924072 0.075665
281.280579 0.072020
283.635498 0.068571
285.988892 0.066174
288.340820 0.063322
290.691101 0.060491
293.039825 0.058236
295.387115 0.056037
297.732788 0.055108
300.076965 0.053194
302.419525 0.051828
304.760620 0.051003
307.100159 0.049786
309.438171 0.048280
311.774658 0.048326
314.109589 0.048006
316.442993 0.045817
318.774872 0.045959
321.105225 0.045566
323.434021 0.045299
325.761322 0.043266
328.087097 0.044234
330.411346 0.044455
332.734100 0.044332
335.055328 0.044954
337.375000 0.043756
339.693146 0.043041
342.009796 0.043471
344.324921 0.042570
346.638550 0.042567
348.950714 0.042446
351.261292 0.041618
353.570374 0.042108
355.877960 0.040463
358.184021 0.041426
360.488586 0.042457
362.791687 0.041407
365.093170 0.040197
367.393250 0.041158
369.691803 0.040895
371.988831 0.041357
374.284454 0.041428
376.578461 0.039747
378.871033 0.040831
381.162109 0.041177
383.451660 0.040387
385.739746 0.039333
388.026276 0.040591
390.311432 0.039965
392.595032 0.040034
394.877136 0.038929
397.157715 0.040138
399.436890 0.040034
401.714569 0.039630
403.990753 0.040005
406.265442 0.037594
408.538666 0.038717
410.810364 0.039181
413.080597 0.039551
415.349426 0.038720
417.616669 0.039928
419.882507 0.039304
422.146912 0.039326
424.409729 0.038921
426.671173 0.038648
428.931091 0.038704
431.189545 0.038772
433.446594 0.038232
435.702118 0.038232
437.956238 0.039105
440.208801 0.038011
442.459961 0.038341
444.709686 0.038348
446.957855 0.038210
449.204620 0.039267
451.449951 0.037804
453.693756 0.038072
455.936188 0.038063
458.177124 0.038314
460.416565 0.038505
462.654602 0.037664
464.891235 0.037346
467.126404 0.038125
469.360016 0.037296
471.592316 0.036966
473.823090 0.037728
476.052368 0.036907
478.280365 0.037930
480.506805 0.036997
482.731781 0.036567
484.955475 0.036635
487.177551 0.036715
489.398193 0.036065
491.617554 0.036925
493.835358 0.036534
496.051727 0.037253
498.266785 0.035924
500.480286 0.038009
502.692322 0.035932
504.903076 0.036640
507.112274 0.038018
509.320190 0.035833
511.526520 0.036026
513.731445 0.036129
515.935120 0.036020
518.137207 0.036697
520.337830 0.036306
522.537231 0.036022
524.735046 0.036212
526.931396 0.036197
529.126526 0.035953
531.320129 0.036019
533.512207 0.035994
535.703064 0.036190
537.892456 0.037395
540.080322 0.036102
542.267029 0.035801
544.452087 0.036072
546.635742 0.037160
548.818237 0.035894
550.999146 0.036422
553.178589 0.036741
555.356750 0.037276
557.533447 0.037469
559.708679 0.037229
561.882690 0.036698
564.055237 0.037592
566.226257 0.037111
568.396118 0.036670
570.564392 0.036217
572.731262 0.037747
574.896851 0.037073
577.060974 0.036942
579.223877 0.036711
581.385193 0.036195
583.545166 0.036978
585.703796 0.037658
587.860962 0.036347
590.016724 0.036933
592.171265 0.036658
594.324219 0.037152
596.475891 0.036547
598.626282 0.036316
600.775146 0.036007
602.922668 0.036811
605.068848 0.036907
607.213623 0.037257
609.356995 0.036688
611.499207 0.037492
613.639709 0.037020
615.778931 0.037625
617.916992 0.036749
620.053528 0.037302
622.188660 0.038049
624.322510 0.037656
626.454956 0.037689
628.586060 0.036173
630.715820 0.037984
632.844116 0.036486
634.971069 0.036656
637.096802 0.038033
639.221008 0.037594
641.343933 0.036520
643.465576 0.037899
645.585693 0.037713
647.704651 0.037474
649.822083 0.037644
651.938293 0.037261
654.053101 0.036600
656.166504 0.038718
658.278503 0.037391
660.389404 0.037259
662.498718 0.037190
664.606812 0.037215
666.713501 0.037140
668.818848 0.037408
670.922791 0.038003
673.025574 0.037625
675.126831 0.038644
677.226868 0.037119
679.325562 0.038581
681.422791 0.037324
683.518738 0.038230
685.613525 0.037054
687.706787 0.036919
689.798706 0.038416
691.889404 0.037149
693.978699 0.038753
696.066589 0.037564
698.153320 0.038548
700.238708 0.036748
702.322571 0.037633
704.405334 0.038412
706.486755 0.037831
708.566650 0.038493
710.645447 0.038769
712.722717 0.037720
714.798950 0.038402
716.873657 0.039008
718.947021 0.038820
721.019165 0.038774
723.089966 0.039642
725.159363 0.039004
727.227600 0.038618
729.294373 0.038482
731.359924 0.038889
733.424133 0.039774
735.487061 0.038520
737.548584 0.039688
739.609009 0.040299
741.667908 0.039988
743.725525 0.039219
745.781982 0.039620
747.837036 0.039782
749.890747 0.040653
751.943298 0.038731
753.994446 0.039792
756.044189 0.039764
758.092896 0.039389
760.140076 0.039537
762.185974 0.039414
764.230774 0.039167
766.274109 0.038583
768.316162 0.038758
770.356995 0.038544
772.396423 0.039818
774.434631 0.040959
776.471619 0.038830
778.507263 0.038121
780.541626 0.039976
782.574646 0.040439
784.606445 0.038070
786.636963 0.039840
788.666077 0.038658
790.693970 0.038855
792.720703 0.039701
794.745972 0.038548
796.770081 0.039233
798.792908 0.039908
800.814331 0.039397
802.834595 0.039187
804.853638 0.039468
806.871338 0.039996
808.887634 0.038952
810.902710 0.040069
812.916687 0.039772
814.929321 0.038904
816.940552 0.039376
818.950745 0.040173
820.959534 0.040814
822.967102 0.040796
824.973328 0.040338
826.978271 0.040300
828.982117 0.040964
830.984558 0.040288
832.985718 0.040003
834.985718 0.040722
836.984375 0.039262
838.981812 0.039779
840.978088 0.039882
842.972900 0.040754
844.966492 0.039942
846.959045 0.040430
848.950134 0.039570
850.940002 0.040425
852.928711 0.040793
854.916077 0.040537
856.902100 0.039749
858.887146 0.040439
860.870728 0.040425
862.853149 0.040218
864.834351 0.040891
866.814270 0.040762
868.792786 0.039279
870.770386 0.040476
872.746521 0.041223
874.721375 0.041095
876.695251 0.041039
878.667664 0.039246
880.638794 0.039658
882.608887 0.039424
884.577576 0.040506
886.545044 0.041665
888.511414 0.039708
890.476379 0.040474
892.440308 0.040397
894.402893 0.040742
896.364197 0.040295
898.324402 0.041277
900.283264 0.039818
902.240906 0.040500
904.197388 0.040698
906.152527 0.039921
908.106445 0.042474
910.059326 0.041361
912.010864 0.041082
913.961121 0.040761
915.910217 0.040503
917.858154 0.040615
919.804749 0.040908
921.750305 0.041371
923.694458 0.041184
925.637390 0.040713
927.579285 0.040892
929.519836 0.041399
931.459167 0.041437
933.397339 0.039961
935.334290 0.040915
937.270020 0.040846
939.204529 0.040907
941.137817 0.040349
943.069885 0.039836
945.000793 0.041072
946.930481 0.040094
948.859131 0.040971
950.786316 0.040871
952.712341 0.041404
954.637329 0.040882
956.560974 0.041007
958.483337 0.039326
960.404663 0.040782
962.324707 0.041766
964.243530 0.040460
966.161316 0.041468
968.077759 0.040360
969.992920 0.041683
971.907104 0.042476
973.820007 0.041150
975.731689 0.043231
977.642273 0.041780
979.551514 0.041980
981.459595 0.041761
983.366638 0.042994
985.272339 0.043597
987.176880 0.043427
989.080383 0.042914
990.982483 0.043365
992.883423 0.043949
994.783386 0.044784
996.681946 0.046501
998.579407 0.047686
1000.475769 0.045669
1002.370850 0.048075
1004.264771 0.048148
1006.157654 0.047449
1008.049072 0.046386
1009.939453 0.044841
1011.828674 0.044637
1013.716736 0.042217
1015.603638 0.042093
1017.489380 0.042641
1019.373840 0.042909
1021.257263 0.042209
1023.139465 0.043637
1025.020264 0.044266
1026.900146 0.045328
1028.778931 0.043608
1030.656372 0.043855
1032.532837 0.043345
1034.407959 0.044004
1036.281860 0.042581
1038.154907 0.043106
1040.026489 0.042178
1041.897095 0.042944
1043.766479 0.042623
1045.634644 0.042502
1047.501587 0.042888
1049.367554 0.042172
1051.232300 0.042947
1053.095825 0.042392
1054.958252 0.043114
1056.819702 0.042673
1058.679688 0.043304
1060.538818 0.043352
1062.396362 0.041131
1064.253174 0.041645
1066.108643 0.043035
1067.963013 0.044278
1069.816406 0.042585
1071.668457 0.042932
1073.519287 0.041694
1075.369141 0.043212
1077.217773 0.042215
1079.065186 0.042883
1080.911499 0.041248
1082.756836 0.042673
1084.600830 0.043778
1086.443848 0.043758
1088.285522 0.043120
1090.126221 0.044108
1091.965698 0.044231
1093.804077 0.044746
1095.641357 0.043891
1097.477417 0.042890
1099.312378 0.044087
1101.146118 0.043246
1102.979004 0.044058
1104.810425 0.043599
1106.640869 0.044184
1108.470337 0.044964
1110.298340 0.043810
1112.125366 0.043454
1113.951416 0.043909
1115.776001 0.044631
1117.599854 0.042604
1119.422485 0.043477
1121.243774 0.044922
1123.063965 0.044108
1124.883423 0.043700
1126.701294 0.044313
1128.518188 0.044900
1130.333984 0.043615
1132.148804 0.043000
1133.962402 0.044376
1135.774780 0.044613
1137.586060 0.042470
1139.396362 0.042949
1141.205444 0.042942
1143.013428 0.044144
1144.820313 0.041301
1146.625977 0.043484
1148.430664 0.044136
1150.234253 0.043984
1152.036621 0.044785
1153.838013 0.042084
1155.638184 0.044443
1157.437378 0.044236
1159.235352 0.044524
1161.032227 0.043873
1162.827881 0.042432
1164.622681 0.043777
1166.416260 0.043429
1168.208618 0.042664
1170.000000 0.044302
1171.790405 0.043926
1173.579468 0.044292
1175.367554 0.045282
1177.154541 0.042684
1178.940308 0.045136
1180.725098 0.044784
1182.508789 0.043099
1184.291382 0.044819
1186.072998 0.044262
1187.853394 0.044499
1189.632568 0.044059
1191.410889 0.044246
1193.188110 0.044703
1194.963867 0.043611
1196.739014 0.043545
1198.512695 0.043390
1200.285522 0.043554
1202.057251 0.043735
1203.827759 0.045200
1205.597290 0.043301
1207.365723 0.044088
1209.132935 0.043417
1210.899170 0.044262
1212.664429 0.044445
1214.428467 0.044427
1216.191406 0.044182
1217.953247 0.043799
1219.713989 0.044816
1221.473877 0.045226
1223.232544 0.044057
1224.990112 0.044406
1226.746704 0.043981
1228.502075 0.044830
1230.256470 0.044740
1232.009766 0.045450
1233.762085 0.043325
1235.513062 0.043910
1237.263184 0.044998
1239.012207 0.044569
1240.760254 0.044865
1242.506958 0.044898
1244.252808 0.044387
1245.997559 0.044917
1247.741211 0.045267
1249.483765 0.045368
1251.225220 0.045613
1252.965820 0.044159
1254.705200 0.044685
1256.443481 0.045030
1258.180908 0.044058
1259.916870 0.044569
1261.651978 0.043993
1263.386108 0.044944
1265.119141 0.046723
1266.851196 0.045290
1268.582153 0.043831
1270.312012 0.043367
1272.040649 0.044801
1273.768555 0.044234
1275.495117 0.045158
1277.220581 0.044373
1278.945313 0.043647
1280.668823 0.045448
1282.391357 0.044918
1284.112671 0.044897
1285.833008 0.045290
1287.552368 0.044253
1289.270752 0.044547
1290.987915 0.045452
1292.703979 0.044763
1294.419189 0.046180
1296.133423 0.045578
1297.846436 0.045328
1299.558228 0.046650
1301.269043 0.045212
1302.979126 0.045802
1304.687988 0.046587
1306.395630 0.045228
1308.102539 0.044821
1309.808105 0.044311
1311.512939 0.044995
1313.216553 0.045729
1314.919312 0.045576
1316.620728 0.045513
1318.321411 0.045518
1320.020874 0.046200
1321.719238 0.045624
1323.416748 0.047387
1325.113037 0.044804
1326.808472 0.044648
1328.502808 0.045215
1330.196167 0.045055
1331.888428 0.044738
1333.579712 0.046923
1335.269775 0.045301
1336.958862 0.045430
1338.647217 0.046354
1340.334351 0.045434
1342.020264 0.045047
1343.705444 0.046424
1345.389526 0.047789
1347.072510 0.046688
1348.754517 0.045728
1350.435425 0.045441
1352.115356 0.045942
1353.794434 0.045474
1355.472290 0.044917
1357.149170 0.045126
1358.825073 0.046513
1360.499878 0.044947
1362.173828 0.045207
1363.846680 0.046126
1365.518311 0.045866
1367.189331 0.046788
1368.858887 0.047257
1370.527710 0.045975
1372.195435 0.047478
1373.862183 0.047001
1375.527954 0.049012
1377.192627 0.046491
1378.856201 0.045675
1380.519043 0.045383
1382.180664 0.046487
1383.841309 0.045179
1385.500854 0.046365
1387.159668 0.045760
1388.817261 0.045056
1390.473877 0.046947
1392.129639 0.046357
1393.784180 0.046527
1395.437744 0.045443
1397.090454 0.047039
1398.741943 0.046718
1400.392578 0.044839
1402.042236 0.045266
1403.690796 0.046637
1405.338501 0.046771
1406.985229 0.046748
1408.630737 0.044388
1410.275391 0.046263
1411.919067 0.046574
1413.561646 0.045362
1415.203247 0.045849
1416.843872 0.047145
1418.483643 0.046799
1420.122314 0.046828
1421.759766 0.047408
1423.396606 0.045812
1425.032104 0.045779
1426.666748 0.045948
1428.300537 0.045333
1429.933228 0.047051
1431.565063 0.046556
1433.195557 0.046330
1434.825562 0.045704
1436.454224 0.045741
1438.081909 0.047248
1439.708740 0.047409
1441.334473 0.046290
1442.959229 0.044738
1444.583130 0.046363
1446.206055 0.043936
1447.827759 0.046569
1449.448730 0.047596
1451.068726 0.046327
1452.687500 0.045780
1454.305542 0.047080
1455.922485 0.046698
1457.538452 0.046774
1459.153564 0.045442
1460.767334 0.046219
1462.380493 0.045645
1463.992676 0.047225
1465.603760 0.047237
1467.213989 0.045381
1468.822998 0.045783
1470.431152 0.046678
1472.038452 0.046700
1473.644653 0.045515
1475.249878 0.047137
1476.854126 0.045957
1478.457520 0.047059
1480.059814 0.046342
1481.661255 0.045639
1483.261841 0.046599
1484.861206 0.046318
1486.459717 0.044389
1488.057129 0.046069
1489.653687 0.043868
1491.249390 0.046581
1492.843994 0.046726
1494.437500 0.044980
1496.030273 0.046868
1497.622192 0.045418
1499.212646 0.046753
1500.802856 0.046073
1502.391479 0.044991
1503.979492 0.047124
1505.566528 0.045480
1507.152344 0.045193
1508.737549 0.045206
1510.321655 0.045903
1511.904785 0.045504
1513.486694 0.045743
1515.067993 0.046239
1516.648438 0.046604
1518.227783 0.046545
1519.806030 0.046314
1521.383423 0.046036
1522.959595 0.045706
1524.535278 0.045962
1526.109985 0.044392
1527.683472 0.045613
1529.256226 0.046353
1530.827759 0.046454
1532.398315 0.045970
1533.968506 0.044644
1535.537354 0.046555
1537.104980 0.045288
1538.671997 0.045968
1540.238159 0.047915
1541.803101 0.046062
1543.367432 0.045487
1544.930542 0.045457
1546.492798 0.045125
1548.054077 0.045738
1549.614380 0.044984
1551.173828 0.046222
1552.732422 0.045021
1554.289917 0.047178
1555.846558 0.045545
1557.402100 0.046310
1558.956787 0.048256
1560.510742 0.044857
1562.063721 0.045709
1563.615601 0.045644
1565.166504 0.045236
1566.716431 0.048276
1568.265625 0.044030
1569.813965 0.046456
1571.361450 0.047839
1572.907715 0.046041
1574.453003 0.044311
1575.997681 0.047270
1577.540894 0.045324
1579.083496 0.046634
1580.625488 0.044955
1582.165894 0.048216
1583.705933 0.045929
1585.244629 0.046063
1586.782593 0.045329
1588.319946 0.045622
1589.856079 0.046877
1591.391235 0.048150
1592.925415 0.047134
1594.458618 0.046583
1595.991211 0.046709
1597.522705 0.047450
1599.053467 0.047557
1600.582886 0.046628
1602.111694 0.045903
1603.639526 0.047142
1605.166382 0.047325
1606.692505 0.046255
1608.217529 0.046525
1609.741699 0.045372
1611.264893 0.046172
1612.787231 0.047001
1614.308594 0.044299
1615.829224 0.045310
1617.348877 0.046059
1618.867310 0.043762
1620.385132 0.044715
1621.901855 0.046935
1623.417725 0.045095
1624.932983 0.047004
1626.447144 0.047418
1627.960083 0.045148
1629.472656 0.044623
1630.983765 0.044632
1632.494385 0.045354
1634.004028 0.044531
1635.512695 0.044822
1637.020264 0.044019
1638.527222 0.045428
1640.032959 0.043511
1641.538330 0.047472
1643.042358 0.045874
1644.545532 0.044633
1646.047974 0.046380
1647.549316 0.045057
1649.049683 0.045810
1650.549561 0.045502
1652.048096 0.045561
1653.545898 0.045413
1655.042847 0.045163
1656.538696 0.043445
1658.033813 0.043762
1659.528198 0.043673
1661.021484 0.046794
1662.514038 0.045280
1664.005493 0.046496
1665.495972 0.044806
1666.985840 0.044034
1668.474854 0.046390
1669.962646 0.045153
1671.449707 0.044510
1672.935913 0.045080
1674.421021 0.043728
1675.905518 0.043615
1677.389160 0.044905
1678.871704 0.043675
1680.353394 0.044740
1681.834229 0.043767
1683.313965 0.043796
1684.793335 0.045391
1686.271484 0.043204
1687.748779 0.044602
1689.224976 0.045443
1690.700562 0.044364
1692.175049 0.044422
1693.648926 0.044918
1695.121704 0.046028
1696.593750 0.045624
1698.064697 0.044152
1699.534912 0.045373
1701.004150 0.045938
1702.472778 0.043824
1703.940186 0.043517
1705.406860 0.044815
1706.872681 0.043331
1708.337524 0.045017
1709.801514 0.042815
1711.265015 0.044138
1712.727173 0.046381
1714.188354 0.044095
1715.649048 0.043826
1717.108643 0.045785
1718.567261 0.041291
1720.025391 0.045191
1721.482422 0.044050
1722.938477 0.044206
1724.393799 0.042851
1725.848022 0.043824
1727.301880 0.044068
1728.754517 0.044114
1730.206177 0.046111
1731.656860 0.044481
1733.107056 0.043119
1734.556152 0.046076
1736.004761 0.043729
1737.452148 0.043711
1738.898682 0.043411
1740.344238 0.045907
1741.789185 0.045788
1743.233032 0.045228
1744.676392 0.045676
1746.118530 0.045927
1747.559814 0.042618
1749.000366 0.044054
1750.439941 0.045678
1751.878784 0.043450
1753.316895 0.043499
1754.753784 0.044386
1756.190063 0.044763
1757.625488 0.043637
1759.059814 0.043653
1760.493286 0.042565
1761.926270 0.045637
1763.358154 0.043315
1764.789185 0.044681
1766.219238 0.046215
1767.648560 0.044048
1769.077026 0.044284
1770.504761 0.043632
1771.931641 0.044459
1773.357422 0.044110
1774.782349 0.043564
1776.206421 0.044786
1777.630127 0.044525
1779.052612 0.044275
1780.474121 0.045678
1781.894897 0.045950
1783.314697 0.045734
1784.733765 0.042399
1786.152222 0.044891
1787.569702 0.044524
1788.985962 0.044851
1790.401733 0.045761
1791.816650 0.045134
1793.230347 0.042961
1794.643799 0.043843
1796.056152 0.045284
1797.467651 0.045074
1798.877930 0.046337
1800.287720 0.044189
1801.696533 0.044472
1803.104858 0.043241
1804.511963 0.043681
1805.918579 0.042731
1807.323975 0.045727
1808.728638 0.045029
1810.132324 0.044941
1811.535645 0.045771
1812.937622 0.045230
1814.338989 0.044116
1815.739380 0.045150
1817.139038 0.044293
1818.537720 0.043985
1819.936035 0.044358
1821.333130 0.043851
1822.729370 0.043838
1824.124878 0.042839
1825.519287 0.044852
1826.913330 0.044573
1828.306396 0.044430
1829.698364 0.043651
1831.089600 0.044987
1832.480103 0.045054
1833.869629 0.046013
1835.258667 0.046095
1836.646484 0.041010
1838.033691 0.045272
1839.419800 0.044333
1840.805420 0.043639
1842.189819 0.041882
1843.573730 0.044284
1844.956665 0.045583
1846.338867 0.045140
1847.720215 0.046148
1849.100586 0.043462
1850.480225 0.045473
1851.859253 0.043444
1853.237305 0.044320
1854.614380 0.042626
1855.990723 0.045259
1857.366211 0.042951
1858.740723 0.044417
1860.114990 0.044433
1861.488159 0.045152
1862.860229 0.044340
1864.231567 0.046241
1865.602051 0.044326
1866.972046 0.045728
1868.340942 0.042924
1869.709229 0.045467
1871.076416 0.044476
1872.442749 0.043974
1873.808472 0.045725
1875.173462 0.044956
1876.537476 0.044306
1877.900757 0.043659
1879.263062 0.046543
1880.624512 0.045604
1881.985352 0.044769
1883.345459 0.044674
1884.704590 0.044361
1886.062744 0.044482
1887.420410 0.044260
1888.776978 0.043727
1890.132935 0.044770
1891.488037 0.042731
1892.842407 0.045712
1894.195679 0.043460
1895.548218 0.045672
1896.900024 0.044029
1898.250977 0.044572
1899.601440 0.044482
1900.950928 0.044718
1902.299194 0.045384
1903.647217 0.043820
1904.994141 0.043041
1906.340332 0.045561
1907.685791 0.046051
1909.030396 0.044047
1910.373901 0.044301
1911.716919 0.044648
1913.058960 0.047461
1914.400513 0.045884
1915.741089 0.044983
1917.080688 0.045350
1918.419434 0.043329
1919.757690 0.043692
1921.094971 0.044944
1922.431641 0.046550
1923.767212 0.042177
1925.102173 0.045229
1926.436157 0.045053
1927.769409 0.045297
1929.101807 0.042479
1930.433838 0.045193
1931.764771 0.044010
1933.094849 0.044966
1934.424072 0.046609
1935.752563 0.045133
1937.080200 0.044768
1938.407471 0.044774
1939.733398 0.044591
1941.058716 0.043329
1942.383301 0.043635
1943.707031 0.044936
1945.029907 0.045596
1946.352295 0.044142
1947.673584 0.045914
1948.994141 0.047378
1950.313843 0.045641
1951.632690 0.041187
1952.951172 0.043422
1954.268555 0.045088
1955.585083 0.044097
1956.901001 0.044977
1958.215820 0.045390
1959.530151 0.044634
1960.843628 0.042543
1962.156372 0.042854
1963.468140 0.044010
1964.779297 0.044881
1966.089478 0.045114
1967.399048 0.044854
1968.708008 0.043630
1970.015869 0.043711
1971.322998 0.043851
1972.629272 0.043875
1973.934814 0.043419
1975.239746 0.047944
1976.543701 0.042908
1977.847168 0.043858
1979.149536 0.047577
1980.451294 0.045015
1981.752075 0.045831
1983.052124 0.045192
1984.351563 0.046324
1985.650146 0.045361
1986.947876 0.045628
1988.244751 0.042822
1989.541016 0.045967
1990.836426 0.041346
1992.131104 0.044306
1993.425293 0.046504
1994.718140 0.045995
1996.010620 0.046119
1997.302002 0.044740
1998.593140 0.047813
1999.883057 0.044021
2001.172119 0.044582
2002.460449 0.044531
2003.748291 0.043040
2005.035034 0.042856
2006.321411 0.045744
2007.606689 0.044551
2008.891235 0.044464
2010.175049 0.047837
2011.458130 0.044996
2012.740356 0.043525
2014.021973 0.043226
2015.302856 0.044473
2016.582764 0.045224
2017.861816 0.045510
2019.140381 0.043922
2020.417725 0.044844
2021.695068 0.046201
2022.970825 0.046931
2024.246460 0.043625
2025.520752 0.044745
2026.794678 0.040511
2028.067871 0.041798
2029.340332 0.043613
2030.611694 0.044430
2031.882446 0.043181
2033.152222 0.043583
2034.421509 0.045789
2035.690308 0.044969
2036.957886 0.044389
2038.224976 0.041440
2039.490967 0.043333
2040.756348 0.043964
2042.020996 0.045747
2043.285156 0.045118
2044.548340 0.043234
2045.810669 0.043712
2047.072144 0.041888
2048.333008 0.041667
2049.593018 0.042857
2050.852783 0.045177
2052.111572 0.044579
2053.369141 0.042036
2054.626221 0.043856
2055.882568 0.041989
2057.137939 0.044928
2058.392822 0.044028
2059.646973 0.044088
2060.900146 0.046228
2062.152588 0.042761
2063.404297 0.044651
2064.655518 0.043228
2065.906006 0.044683
2067.155518 0.042207
2068.404297 0.042514
2069.652100 0.043798
2070.899658 0.046012
2072.145996 0.046128
2073.391846 0.043086
2074.636719 0.045280
2075.881104 0.043974
2077.124512 0.040763
2078.367432 0.048557
2079.609619 0.045885
2080.850830 0.041108
2082.091309 0.044775
2083.331055 0.044197
2084.570068 0.041724
2085.808350 0.042900
2087.046143 0.044606
2088.282959 0.043012
2089.518799 0.042281
2090.754150 0.042038
2091.988770 0.045368
2093.222412 0.043434
2094.455811 0.044206
2095.687988 0.043296
2096.919434 0.043617
2098.150146 0.043697
2099.380615 0.041338
2100.609619 0.045130
2101.838379 0.045767
2103.066406 0.043221
2104.293457 0.043678
2105.520020 0.042704
2106.745605 0.044791
2107.970703 0.045148
2109.194824 0.040658
2110.418213 0.047012
2111.640869 0.046099
2112.862793 0.046298
2114.083984 0.042257
2115.304932 0.042708
2116.524658 0.046063
2117.743164 0.043769
2118.961426 0.042390
2120.179199 0.044882
2121.395752 0.046195
2122.612305 0.047421
2123.827637 0.041907
2125.041992 0.042384
2126.255859 0.043648
2127.469482 0.044397
2128.681396 0.043655
2129.893311 0.041376
2131.104248 0.046627
2132.314453 0.047024
2133.523926 0.044632
2134.732666 0.044602
2135.940674 0.045655
2137.148438 0.043759
2138.354736 0.044992
2139.560791 0.042081
2140.765625 0.041038
2141.969971 0.045156
2143.173584 0.044146
2144.376465 0.045127
2145.578857 0.044647
2146.780273 0.046096
2147.980957 0.044060
2149.181152 0.042625
2150.380127 0.046191
2151.579102 0.044779
2152.777100 0.045986
2153.973877 0.043345
2155.170410 0.044793
2156.366211 0.041388
2157.561279 0.044426
2158.755371 0.041497
2159.948730 0.044695
2161.141602 0.042524
2162.333740 0.046471
2163.524902 0.045884
2164.715820 0.041991
2165.905762 0.043074
2167.094727 0.045202
2168.283203 0.049391
2169.470703 0.044348
2170.657959 0.044408
2171.844482 0.043442
2173.030273 0.044497
2174.214844 0.045333
2175.399170 0.044608
2176.582275 0.044812
2177.764893 0.043023
2178.947266 0.043170
2180.128662 0.047326
2181.309326 0.042241
2182.489014 0.044494
2183.667969 0.042162
2184.846436 0.046499
2186.024414 0.044702
2187.201660 0.042193
2188.377441 0.043270
2189.553223 0.046474
2190.728027 0.045817
2191.902344 0.042202
2193.075684 0.045956
2194.248291 0.046125
2195.420410 0.043392
2196.591553 0.040904
2197.762451 0.044095
2198.932617 0.043775
2200.101563 0.041560
2201.270020 0.046684
2202.437744 0.044201
2203.604736 0.042624
2204.771240 0.042707
2205.937012 0.044965
2207.101807 0.042672
2208.266113 0.042171
2209.429443 0.041860
2210.592529 0.046257
2211.754395 0.043306
2212.916016 0.042206
2214.076416 0.044655
2215.236816 0.044679
2216.395996 0.043255
2217.554443 0.045765
2218.712402 0.044645
2219.869873 0.042605
2221.026123 0.043404
2222.181885 0.041845
2223.336914 0.043371
2224.491455 0.045473
2225.645020 0.045193
2226.797852 0.039847
2227.950439 0.046244
2229.102051 0.042680
2230.252686 0.040841
2231.402832 0.041275
2232.552490 0.042970
2233.701416 0.045358
2234.849609 0.040605
2235.996826 0.042233
2237.143555 0.044585
2238.289551 0.044612
2239.434814 0.042691
2240.579346 0.043058
2241.723145 0.044033
2242.866455 0.041520
2244.008789 0.041895
2245.150635 0.044268
2246.291992 0.045283
2247.432373 0.042265
2248.572266 0.044433
2249.711182 0.042931
2250.849609 0.046343
2251.987061 0.043073
2253.124268 0.045174
2254.260254 0.039953
2255.396240 0.044293
2256.530762 0.042556
2257.665039 0.044580
2258.798584 0.048511
2259.931396 0.042767
2261.063477 0.041262
2262.195068 0.044933
2263.325684 0.049886
2264.455811 0.042522
2265.585449 0.043521
2266.714111 0.042252
2267.842041 0.044057
2268.969238 0.042914
2270.095703 0.045066
2271.221680 0.045183
2272.347412 0.043190
2273.471924 0.043270
2274.595703 0.043577
2275.718750 0.046923
2276.841309 0.042707
2277.963135 0.043129
2279.084473 0.043718
2280.204590 0.040211
2281.324463 0.042526
2282.443604 0.047194
2283.562012 0.043862
2284.679688 0.041878
2285.796875 0.039325
2286.913330 0.045813
2288.029053 0.043225
2289.143799 0.040955
2290.258301 0.043055
2291.371826 0.046461
2292.484863 0.040800
2293.597168 0.041978
2294.708496 0.041465
2295.819580 0.044910
2296.929932 0.045964
2298.039307 0.041216
2299.148438 0.040203
2300.256592 0.044555
2301.364258 0.046674
2302.470947 0.046846
2303.577148 0.045437
2304.682861 0.041732
2305.787598 0.040787
2306.891846 0.041866
2307.995117 0.046986
2309.098145 0.044764
2310.200195 0.044347
2311.302002 0.041622
2312.402832 0.039870
2313.502686 0.042900
2314.602295 0.042741
2315.701172 0.043901
2316.798828 0.042434
2317.896729 0.043893
2318.993408 0.047079
2320.089355 0.043424
2321.184814 0.043021
2322.279541 0.045409
2323.373535 0.043645
2324.467529 0.042173
2325.560059 0.047247
2326.651855 0.040167
2327.743408 0.043155
2328.833984 0.041466
2329.924072 0.043273
2331.013672 0.046400
2332.102295 0.043890
2333.190430 0.043202
2334.277588 0.045075
2335.364746 0.042360
2336.450928 0.041848
2337.536133 0.045419
2338.620850 0.042314
2339.705078 0.042569
2340.788330 0.044340
2341.871094 0.044026
2342.952881 0.046674
2344.034668 0.044480
2345.115479 0.042365
2346.195557 0.037433
2347.274658 0.044990
2348.353516 0.043062
2349.431885 0.042030
2350.509277 0.041774
2351.585938 0.040853
2352.662109 0.045965
2353.737549 0.044552
2354.812256 0.042082
2355.886719 0.042357
2356.960205 0.042561
2358.032959 0.049133
2359.104980 0.041002
2360.176758 0.045428
2361.247559 0.042345
2362.317871 0.040575
2363.387451 0.040284
2364.456055 0.046909
2365.524414 0.044277
2366.592041 0.043657
2367.658936 0.042073
2368.725098 0.044471
2369.790771 0.043763
2370.855713 0.043296
2371.920166 0.042796
2372.983643 0.043550
2374.046875 0.044402
2375.109375 0.044031
2376.170898 0.044328
2377.231934 0.047427
2378.292236 0.039060
2379.352051 0.045071
2380.411377 0.042767
2381.469727 0.043458
2382.527588 0.044335
2383.584473 0.042225
2384.641113 0.041775
2385.696777 0.044281
2386.752197 0.044264
2387.806885 0.045033
2388.860352 0.044693
2389.913574 0.045390
2390.966309 0.044683
2392.018066 0.040931
2393.069580 0.045965
2394.120117 0.044782
2395.170166 0.040089
2396.219482 0.042932
2397.268311 0.042240
2398.316406 0.044922
2399.363770 0.041553
2400.410645 0.044973
2401.456299 0.039233
2402.502197 0.045403
2403.546875 0.041516
2404.591309 0.041405
2405.635010 0.043525
2406.677734 0.044098
2407.719971 0.039175
2408.761719 0.043429
2409.802490 0.046346
2410.843018 0.045286
2411.882813 0.044748
2412.921875 0.042574
2413.960205 0.040171
2414.998047 0.049121
2416.035156 0.043141
2417.071533 0.048000
2418.107422 0.044034
2419.142822 0.041774
2420.177246 0.048408
2421.211182 0.041209
2422.244385 0.042886
2423.277344 0.042711
2424.309326 0.044021
2425.340576 0.045587
2426.371582 0.042618
2427.401611 0.048171
2428.430908 0.041426
2429.459961 0.041430
2430.488281 0.042175
2431.515869 0.041425
2432.542480 0.044938
2433.569092 0.044977
2434.594482 0.041867
2435.619873 0.043957
2436.644043 0.044853
2437.667969 0.043056
2438.690674 0.043338
2439.713379 0.044619
2440.735596 0.047045
2441.756592 0.041721
2442.777344 0.044311
2443.797119 0.046874
2444.816650 0.043797
2445.835205 0.041988
2446.853760 0.046271
2447.871094 0.044873
2448.888184 0.048081
2449.904053 0.042291
2450.919678 0.040308
2451.934570 0.045725
2452.949219 0.047341
2453.962646 0.045215
2454.975586 0.042386
2455.988037 0.042618
2457.000000 0.043495
2458.011230 0.039562
2459.021973 0.042364
2460.031738 0.045947
2461.041260 0.045142
2462.049805 0.038569
2463.057617 0.048177
2464.065186 0.045231
2465.072266 0.045111
2466.078369 0.039320
2467.083740 0.048904
2468.088867 0.047439
2469.093262 0.042715
2470.096924 0.043189
2471.100098 0.041639
2472.102539 0.043127
2473.104248 0.045369
2474.105469 0.041469
2475.106201 0.045792
2476.106201 0.042351
2477.105469 0.044623
2478.104004 0.040382
2479.102295 0.043699
2480.099609 0.043668
2481.096680 0.045984
2482.093018 0.047530
2483.088379 0.050171
2484.083496 0.046904
2485.078125 0.039707
2486.071777 0.042552
2487.064941 0.044515
2488.057373 0.043112
2489.049561 0.041131
2490.041016 0.040552
2491.031738 0.046598
2492.021729 0.048736
2493.010986 0.042759
2494.000244 0.042489
2494.988037 0.045045
2495.975830 0.041399
2496.962891 0.047215
2497.949463 0.042074
2498.935303 0.039160
2499.920166 0.041064
2500.905273 0.046162
2501.888916 0.040628
2502.872314 0.046380
2503.854736 0.042762
2504.837158 0.038261
2505.818359 0.041195
2506.799316 0.036023
2507.780029 0.044340
2508.759521 0.046278
2509.739014 0.042242
2510.717285 0.046214
2511.695313 0.047299
2512.672363 0.042706
2513.648926 0.044256
2514.625000 0.044051
2515.600098 0.042932
2516.574951 0.046503
2517.549316 0.044447
2518.522705 0.041301
2519.496582 0.047221
2520.468750 0.047758
2521.440430 0.041164
2522.411621 0.044252
2523.382080 0.043559
2524.352051 0.045031
2525.321533 0.044029
2526.290283 0.050762
2527.258545 0.047231
2528.226074 0.043830
2529.192627 0.038936
2530.159668 0.047211
2531.125488 0.039709
2532.090332 0.046639
2533.054932 0.043160
2534.019043 0.041266
2534.982666 0.043744
2535.945068 0.042786
2536.906982 0.038909
2537.868652 0.041691
2538.829102 0.042522
2539.789795 0.041856
2540.749512 0.039908
2541.708740 0.039619
2542.667725 0.035382
2543.625244 0.041713
2544.582764 0.037780
2545.539551 0.044618
2546.495361 0.044738
2547.451172 0.038796
2548.406006 0.045450
2549.360596 0.039011
2550.314453 0.035703
2551.267334 0.041526
2552.219971 0.046493
2553.172363 0.043660
2554.123535 0.044936
2555.074707 0.044732
2556.024902 0.046439
2556.974365 0.042432
2557.923340 0.043839
2558.871826 0.046306
2559.819580 0.047891
2560.766846 0.045521
2561.713379 0.042446
2562.659912 0.047832
2563.605713 0.044574
2564.550537 0.047645
2565.494385 0.046323
2566.438477 0.043171
2567.381592 0.042757
2568.323975 0.039304
2569.265625 0.044039
2570.207275 0.041077
2571.148193 0.042874
2572.088135 0.045557
2573.027588 0.048192
2573.966553 0.047909
2574.905273 0.047614
2575.843262 0.038958
2576.780518 0.045816
2577.717041 0.045905
2578.653076 0.039758
2579.588867 0.042090
2580.523438 0.039645
2581.458008 0.049578
2582.391357 0.043247
2583.324707 0.043191
2584.257324 0.039831
2585.189209 0.041554
2586.121338 0.039175
2587.052002 0.041227
2587.982422 0.045960
2588.911621 0.041914
2589.841064 0.046059
2590.769531 0.043427
2591.697021 0.043764
2592.624512 0.044669
2593.551270 0.040702
2594.477539 0.043227
2595.402832 0.045739
2596.328125 0.042006
2597.252930 0.042448
2598.176514 0.048279
2599.100098 0.045708
2600.022705 0.039099
2600.944824 0.035769
2601.866211 0.042410
2602.787354 0.048063
2603.707520 0.041622
2604.627197 0.037250
2605.546387 0.038220
2606.465088 0.039855
2607.383545 0.036785
2608.301270 0.048261
2609.218018 0.041168
2610.134521 0.041123
2611.050293 0.041081
2611.965332 0.038885
2612.879883 0.037606
2613.793945 0.045824
2614.707520 0.039098
2615.620361 0.041404
2616.532715 0.041387
2617.444336 0.048148
2618.355957 0.039834
2619.266846 0.044677
2620.176758 0.041779
2621.086426 0.037220
2621.995361 0.042014
2622.903320 0.042159
2623.811279 0.047005
2624.718750 0.041664
2625.625000 0.028944
2626.531250 0.043456
2627.437012 0.041985
2628.341797 0.043955
2629.246338 0.043920
2630.150391 0.045653
2631.053223 0.037188
2631.956299 0.042472
2632.858154 0.046540
2633.759521 0.041209
2634.660645 0.046280
2635.560791 0.044107
2636.460938 0.040140
2637.359863 0.050543
2638.258789 0.039274
2639.157471 0.041114
2640.055176 0.045143
2640.952148 0.041172
2641.848389 0.045813
2642.743896 0.048096
2643.639160 0.040918
2644.534424 0.036753
2645.428711 0.045980
2646.322266 0.043147
2647.215088 0.039980
2648.107910 0.041637
2648.999756 0.040118
2649.891602 0.039537
2650.782471 0.040495
2651.672852 0.046715
2652.562744 0.046735
2653.451416 0.045798
2654.340332 0.036625
2655.228271 0.047360
2656.115723 0.045960
2657.002930 0.042372
2657.888916 0.040065
2658.774902 0.042255
2659.660645 0.051183
2660.545166 0.041607
2661.429199 0.041687
2662.313232 0.036026
2663.196045 0.045938
2664.078369 0.041169
2664.960693 0.047002
2665.841553 0.048314
2666.722656 0.040170
2667.602783 0.054198
2668.482666 0.042427
2669.362061 0.046470
2670.240723 0.043151
2671.118896 0.051977
2671.996582 0.045786
2672.873535 0.040124
2673.749756 0.041211
2674.625732 0.043690
2675.500977 0.040300
2676.375732 0.040138
2677.249756 0.047986
2678.123535 0.045075
2678.996582 0.043947
2679.869385 0.037099
2680.741455 0.046047
2681.613037 0.036854
2682.483887 0.034382
2683.354736 0.042041
2684.224365 0.050959
2685.093506 0.043639
2685.962402 0.038721
2686.830566 0.040974
2687.698242 0.038832
2688.565186 0.031040
2689.431885 0.039188
2690.298584 0.035526
2691.163818 0.041378
2692.028320 0.033450
2692.893066 0.042076
2693.756592 0.042699
2694.620117 0.042891
2695.482666 0.045292
2696.344727 0.043906
2697.206543 0.036256
2698.067871 0.042451
2698.928467 0.041153
2699.788330 0.044520
2700.648438 0.044931
2701.507324 0.052726
2702.365479 0.045125
2703.223389 0.044935
2704.080811 0.049649
2704.937744 0.039852
2705.793945 0.040209
2706.649414 0.037138
2707.504883 0.042169
2708.359375 0.035886
2709.213867 0.046457
2710.067627 0.033538
2710.920410 0.041513
2711.773193 0.041088
2712.625244 0.051100
2713.476563 0.045064
2714.327393 0.052395
2715.177734 0.047467
2716.027588 0.044024
2716.876465 0.040994
2717.725586 0.043397
2718.573975 0.035501
2719.421631 0.043486
2720.269531 0.043262
2721.115967 0.044367
2721.961914 0.039200
2722.807373 0.044793
2723.652832 0.042470
2724.496826 0.044534
2725.341309 0.044734
2726.184570 0.040528
2727.027344 0.052604
2727.869629 0.042236
2728.711670 0.042409
2729.552734 0.039215
2730.394287 0.042676
2731.234375 0.045083
2732.073975 0.045716
2732.913574 0.044931
2733.752197 0.043303
2734.590576 0.039387
2735.428223 0.046032
2736.264648 0.041777
2737.101563 0.051450
2737.937744 0.044625
2738.773193 0.042367
2739.608887 0.045052
2740.443115 0.047478
2741.277344 0.046958
2742.110352 0.044973
2742.943359 0.037973
2743.775879 0.037185
2744.607666 0.035855
2745.439209 0.042539
2746.269775 0.044611
2747.100098 0.035339
2747.929688 0.040282
2748.759277 0.042765
2749.588379 0.046868
2750.416748 0.043371
2751.244385 0.044516
2752.071289 0.045946
2752.898193 0.038242
2753.724121 0.049736
2754.549805 0.046004
2755.375000 0.030558
2756.199463 0.041417
2757.023682 0.037985
2757.847168 0.046057
2758.670654 0.051472
2759.493408 0.041232
2760.315186 0.047424
2761.136719 0.038938
2761.957764 0.037386
2762.778076 0.039231
2763.597900 0.038178
2764.417480 0.035469
2765.236572 0.036159
2766.054688 0.047028
2766.872559 0.043487
2767.689941 0.040949
2768.507324 0.045974
2769.323975 0.045388
2770.139648 0.032788
2770.955078 0.046656
2771.769775 0.049244
2772.583984 0.043835
2773.397949 0.038482
2774.211182 0.046212
2775.023926 0.040217
2775.836426 0.040382
2776.647949 0.034374
2777.458984 0.042654
2778.270508 0.049305
2779.080566 0.051102
2779.890381 0.044126
2780.699707 0.042372
2781.508301 0.049153
2782.316650 0.045863
2783.124512 0.046491
2783.931396 0.042854
2784.738037 0.049737
2785.544434 0.043618
2786.349854 0.051575
2787.155518 0.049853
2787.960449 0.050809
2788.764404 0.038518
2789.568115 0.056933
2790.371094 0.042653
2791.173828 0.038119
2791.975830 0.029910
2792.777588 0.036514
2793.578369 0.043116
2794.379395 0.045690
2795.179688 0.059932
2795.979492 0.027963
2796.778564 0.047942
2797.577393 0.050678
2798.375732 0.042144
2799.173584 0.048340
2799.970703 0.052716
2800.767334 0.049371
2801.563477 0.042775
2802.359131 0.040895
2803.154053 0.033235
2803.948975 0.054131
2804.743164 0.041881
2805.536865 0.049203
2806.330566 0.043849
2807.122803 0.050315
2807.915283 0.045980
2808.706787 0.036064
2809.498047 0.050417
2810.288818 0.037741
2811.078857 0.045007
2811.868652 0.042401
2812.657715 0.060285
2813.446533 0.047868
2814.234619 0.042169
2815.023193 0.041025
2815.810303 0.033733
2816.597412 0.050828
2817.383545 0.042631
2818.169434 0.044367
2818.954590 0.040100
2819.739502 0.032092
2820.523438 0.041515
2821.307617 0.056394
2822.090820 0.036881
2822.873779 0.046328
2823.656250 0.041010
2824.438477 0.046575
2825.219727 0.047999
2826.000732 0.047266
2826.781250 0.050462
2827.561035 0.042814
2828.340820 0.041296
2829.119629 0.045318
2829.897949 0.039917
2830.676270 0.041429
2831.453613 0.051575
2832.230713 0.039815
2833.007080 0.044137
2833.783691 0.029826
2834.559082 0.040745
2835.334473 0.046581
2836.108643 0.038809
2836.883057 0.046191
2837.656982 0.052322
2838.429688 0.039487
2839.202637 0.059403
2839.974854 0.042390
2840.746582 0.048878
2841.518066 0.049162
2842.289307 0.053520
2843.059570 0.052250
2843.829346 0.050666
2844.598389 0.049625
2845.367432 0.034257
2846.135986 0.034510
2846.903564 0.047141
2847.671143 0.048344
2848.438477 0.052159
2849.204834 0.028884
2849.970703 0.050798
2850.736084 0.050497
2851.501953 0.054671
2852.266357 0.044111
2853.030762 0.049581
2853.794189 0.041982
2854.557373 0.049162
2855.320313 0.033842
2856.082275 0.044478
2856.843994 0.047772
2857.605713 0.045507
2858.366211 0.043113
2859.126953 0.035640
2859.886719 0.043147
2860.646240 0.041959
2861.405518 0.045701
2862.163574 0.054028
2862.921631 0.047443
2863.679443 0.041457
2864.436279 0.050119
2865.193115 0.043779
2865.948975 0.059448
2866.704590 0.052526
2867.459961 0.038374
2868.214600 0.037612
2868.969727 0.033155
2869.723145 0.041781
2870.476807 0.055455
2871.229492 0.040707
2871.982178 0.045698
2872.733887 0.052109
2873.485596 0.045134
2874.236328 0.034218
2874.987061 0.061456
2875.737061 0.050103
2876.486816 0.053866
2877.235840 0.043075
2877.985352 0.048589
2878.733398 0.035806
2879.481445 0.042701
2880.228271 0.040426
2880.975586 0.056786
2881.721924 0.031334
2882.467773 0.044525
2883.213135 0.065188
2883.958496 0.032523
2884.702881 0.041715
2885.447021 0.054694
2886.191406 0.063958
2886.934570 0.035456
2887.677490 0.039007
2888.419678 0.040803
2889.161377 0.059986
2889.902832 0.049439
2890.643799 0.055474
2891.384277 0.042626
2892.124268 0.051539
2892.863770 0.042872
2893.603271 0.037941
2894.341797 0.038944
2895.080566 0.045147
2895.818359 0.044932
2896.555664 0.058781
2897.292480 0.059459
2898.029053 0.044371
2898.764893 0.061304
2899.500732 0.034563
2900.235596 0.037409
2900.970215 0.042590
2901.704346 0.034256
2902.438477 0.061920
2903.171631 0.056097
2903.904785 0.029860
2904.637451 0.055492
2905.369385 0.047400
2906.100830 0.052917
2906.831787 0.052908
spectrumdark 2048
-92.856842 2437.000000
-90.252693 2437.000000
-87.650314 2380.000000
-85.049683 2392.000000
-82.450806 2387.000000
-79.853676 2415.000000
-77.258308 2375.000000
-74.664688 2396.000000
-72.072807 2313.000000
-69.482681 2355.000000
-66.894295 2482.000000
-64.307663 2334.000000
-61.722763 2409.000000
-59.139606 2323.000000
-56.558193 2414.000000
-53.978512 2456.000000
-51.400570 2366.000000
-48.824364 2364.000000
-46.249889 2359.000000
-43.677143 2429.000000
-41.106136 2410.000000
-38.536850 2409.000000
-35.969296 2358.000000
-33.403461 2408.000000
-30.839361 2362.000000
-28.276976 2413.000000
-25.716320 2419.000000
-23.157385 2368.000000
-20.600159 2461.000000
-18.044651 2394.000000
-15.490867 2479.000000
-12.938796 2398.000000
-10.388432 2412.000000
-7.839779 2452.000000
-5.292843 2441.000000
-2.747617 2344.000000
-0.204089 2360.000000
2.337733 2346.000000
4.877842 2445.000000
7.416249 2400.000000
9.952963 2440.000000
12.487977 2357.000000
15.021284 2418.000000
17.552895 2395.000000
20.082815 2330.000000
22.611044 2486.000000
25.137573 2418.000000
27.662407 2394.000000
30.185564 2388.000000
32.707031 2414.000000
35.226814 2397.000000
37.744892 2401.000000
40.261299 2460.000000
42.776024 2408.000000
45.289055 2437.000000
47.800419 2407.000000
50.310108 2384.000000
52.818115 2497.000000
55.324451 2405.000000
57.829094 2395.000000
60.332085 2511.000000
62.833401 2385.000000
65.333031 2431.000000
67.831009 2354.000000
70.327316 2343.000000
72.821968 2467.000000
75.314941 2443.000000
77.806244 2407.000000
80.295898 2362.000000
82.783905 2391.000000
85.270218 2391.000000
87.754898 2426.000000
90.237923 2367.000000
92.719292 2381.000000
95.198997 2410.000000
97.677055 2394.000000
100.153465 2406.000000
102.628242 2420.000000
105.101334 2388.000000
107.572800 2369.000000
110.042625 2429.000000
112.510803 2402.000000
114.977356 2388.000000
117.442238 2406.000000
119.905495 2407.000000
122.367119 2339.000000
124.827103 2357.000000
127.285446 2322.000000
129.742157 2389.000000
132.197250 2452.000000
134.650696 2363.000000
137.102509 2408.000000
139.552704 2325.000000
142.001266 2431.000000
144.448212 2425.000000
146.893524 2412.000000
149.337234 2469.000000
151.779297 2364.000000
154.219742 2443.000000
156.658569 2455.000000
159.095810 2436.000000
161.531387 2347.000000
163.965363 2413.000000
166.397751 2394.000000
168.828506 2432.000000
171.257645 2400.000000
173.685196 2386.000000
176.111130 2362.000000
178.535431 2396.000000
180.958160 2345.000000
183.379288 2433.000000
185.798798 2401.000000
188.216721 2405.000000
190.633026 2482.000000
193.047745 2447.000000
195.460861 2360.000000
197.872391 2404.000000
200.282318 2430.000000
202.690643 2405.000000
205.097397 2467.000000
207.502533 2428.000000
209.906082 2436.000000
212.308075 2421.000000
214.708450 2363.000000
217.107239 2403.000000
219.504501 2425.000000
221.900101 2400.000000
224.294189 2426.000000
226.686646 2347.000000
229.077530 2430.000000
231.466873 2400.000000
233.854614 2421.000000
236.240784 2402.000000
238.625366 2350.000000
241.008392 2370.000000
243.389877 2541.000000
245.769745 2431.000000
248.148041 2361.000000
250.524811 2353.000000
252.899979 2436.000000
255.273590 2415.000000
257.645660 2367.000000
260.016174 2368.000000
262.385101 2484.000000
264.752472 2402.000000
267.118286 2378.000000
269.482574 2398.000000
271.845276 2397.000000
274.206421 2405.000000
276.566040 2405.000000
278.924072 2400.000000
281.280579 2441.000000
283.635498 2415.000000
285.988892 2399.000000
288.340820 2463.000000
290.691101 2373.000000
293.039825 2436.000000
295.387115 2391.000000
297.732788 2415.000000
300.076965 2440.000000
302.419525 2414.000000
304.760620 2354.000000
307.100159 2399.000000
309.438171 2471.000000
311.774658 3608.000000
314.109589 2490.000000
316.442993 2436.000000
318.774872 2474.000000
321.105225 2452.000000
323.434021 2480.000000
325.761322 2446.000000
328.087097 2476.000000
330.411346 2505.000000
332.734100 2593.000000
335.055328 2521.000000
337.375000 2577.000000
339.693146 2524.000000
342.009796 2400.000000
344.324921 2434.000000
346.638550 2463.000000
348.950714 2367.000000
351.261292 2420.000000
353.570374 2488.000000
355.877960 2412.000000
358.184021 2434.000000
360.488586 2376.000000
362.791687 2452.000000
365.093170 2469.000000
367.393250 2405.000000
369.691803 2398.000000
371.988831 2429.000000
374.284454 2389.000000
376.578461 2362.000000
378.871033 2519.000000
381.162109 2361.000000
383.451660 2338.000000
385.739746 2519.000000
388.026276 2438.000000
390.311432 2367.000000
392.595032 2450.000000
394.877136 2493.000000
397.157715 2515.000000
399.436890 2796.000000
401.714569 3087.000000
403.990753 3128.000000
406.265442 3203.000000
408.538666 2939.000000
410.810364 3210.000000
413.080597 4547.000000
415.349426 5341.000000
417.616669 5388.000000
419.882507 4559.000000
422.146912 3156.000000
424.409729 2499.000000
426.671173 2415.000000
428.931091 2433.000000
431.189545 2354.000000
433.446594 2421.000000
435.702118 2418.000000
437.956238 2463.000000
440.208801 2483.000000
442.459961 2481.000000
444.709686 2347.000000
446.957855 2460.000000
449.204620 2359.000000
451.449951 2424.000000
453.693756 2407.000000
455.936188 2347.000000
458.177124 2389.000000
460.416565 2447.000000
462.654602 2464.000000
464.891235 2462.000000
467.126404 2399.000000
469.360016 2459.000000
471.592316 2491.000000
473.823090 2409.000000
476.052368 2414.000000
478.280365 2391.000000
480.506805 2404.000000
482.731781 2339.000000
484.955475 2392.000000
487.177551 2424.000000
489.398193 2466.000000
491.617554 2412.000000
493.835358 2411.000000
496.051727 2389.000000
498.266785 2445.000000
500.480286 2416.000000
502.692322 2369.000000
504.903076 2416.000000
507.112274 2302.000000
509.320190 2454.000000
511.526520 2409.000000
513.731445 2411.000000
515.935120 2349.000000
518.137207 2365.000000
520.337830 2409.000000
522.537231 2498.000000
524.735046 2416.000000
526.931396 2526.000000
529.126526 2731.000000
531.320129 2884.000000
533.512207 2921.000000
535.703064 2821.000000
537.892456 2529.000000
540.080322 2435.000000
542.267029 2449.000000
544.452087 2447.000000
546.635742 2383.000000
548.818237 2392.000000
550.999146 2496.000000
553.178589 2456.000000
555.356750 2398.000000
557.533447 2463.000000
559.708679 2430.000000
561.882690 2438.000000
564.055237 2469.000000
566.226257 2453.000000
568.396118 2427.000000
570.564392 2482.000000
572.731262 2444.000000
574.896851 2434.000000
577.060974 2474.000000
579.223877 2378.000000
581.385193 2426.000000
583.545166 2481.000000
585.703796 2404.000000
587.860962 2441.000000
590.016724 2356.000000
592.171265 2501.000000
594.324219 2416.000000
596.475891 2397.000000
598.626282 2460.000000
600.775146 2409.000000
602.922668 2411.000000
605.068848 2446.000000
607.213623 2411.000000
609.356995 2405.000000
611.499207 2419.000000
613.639709 2451.000000
615.778931 2417.000000
617.916992 2434.000000
620.053528 2426.000000
622.188660 2354.000000
624.322510 2370.000000
626.454956 2416.000000
628.586060 2514.000000
630.715820 2410.000000
632.844116 2464.000000
634.971069 2498.000000
637.096802 2701.000000
639.221008 2830.000000
641.343933 2825.000000
643.465576 2869.000000
645.585693 2573.000000
647.704651 2423.000000
649.822083 2430.000000
651.938293 2375.000000
654.053101 2398.000000
656.166504 2375.000000
658.278503 2459.000000
660.389404 2369.000000
662.498718 2498.000000
664.606812 2524.000000
666.713501 2526.000000
668.818848 2627.000000
670.922791 2460.000000
673.025574 2398.000000
675.126831 2381.000000
677.226868 2372.000000
679.325562 2412.000000
681.422791 2409.000000
683.518738 2416.000000
685.613525 2578.000000
687.706787 2953.000000
689.798706 3241.000000
691.889404 3358.000000
693.978699 3232.000000
696.066589 2746.000000
698.153320 2535.000000
700.238708 2431.000000
702.322571 2438.000000
704.405334 2400.000000
706.486755 2405.000000
708.566650 2375.000000
710.645447 2399.000000
712.722717 2490.000000
714.798950 2477.000000
716.873657 2319.000000
718.947021 2430.000000
721.019165 2430.000000
723.089966 2385.000000
725.159363 2430.000000
727.227600 2411.000000
729.294373 2409.000000
731.359924 2376.000000
733.424133 2302.000000
735.487061 2433.000000
737.548584 2396.000000
739.609009 2427.000000
741.667908 2350.000000
743.725525 2524.000000
745.781982 2355.000000
747.837036 2474.000000
749.890747 2455.000000
751.943298 2922.000000
753.994446 2386.000000
756.044189 2427.000000
758.092896 2417.000000
760.140076 2395.000000
762.185974 2310.000000
764.230774 2385.000000
766.274109 2362.000000
768.316162 2383.000000
770.356995 2407.000000
772.396423 2414.000000
774.434631 2388.000000
776.471619 2473.000000
778.507263 2387.000000
780.541626 2351.000000
782.574646 2373.000000
784.606445 2481.000000
786.636963 2458.000000
788.666077 2403.000000
790.693970 2430.000000
792.720703 2358.000000
794.745972 2367.000000
796.770081 2445.000000
798.792908 2462.000000
800.814331 2410.000000
802.834595 2429.000000
804.853638 2430.000000
806.871338 2371.000000
808.887634 2430.000000
810.902710 2405.000000
812.916687 2431.000000
814.929321 2389.000000
816.940552 2431.000000
818.950745 2488.000000
820.959534 2370.000000
822.967102 2375.000000
824.973328 2398.000000
826.978271 2411.000000
828.982117 2398.000000
830.984558 2441.000000
832.985718 2380.000000
834.985718 2413.000000
836.984375 2455.000000
838.981812 2429.000000
840.978088 2471.000000
842.972900 2385.000000
844.966492 2502.000000
846.959045 2392.000000
848.950134 2575.000000
850.940002 2386.000000
852.928711 2411.000000
854.916077 2445.000000
856.902100 2461.000000
858.887146 2439.000000
860.870728 2356.000000
862.853149 2406.000000
864.834351 2484.000000
866.814270 2391.000000
868.792786 2480.000000
870.770386 2448.000000
872.746521 2364.000000
874.721375 2432.000000
876.695251 2423.000000
878.667664 2484.000000
880.638794 2393.000000
882.608887 2449.000000
884.577576 2445.000000
886.545044 2332.000000
888.511414 2376.000000
890.476379 2480.000000
892.440308 2407.000000
894.402893 2472.000000
896.364197 2342.000000
898.324402 2408.000000
900.283264 2416.000000
902.240906 2407.000000
904.197388 2401.000000
906.152527 2477.000000
908.106445 2450.000000
910.059326 2437.000000
912.010864 2419.000000
913.961121 2364.000000
915.910217 2346.000000
917.858154 2385.000000
919.804749 2362.000000
921.750305 2424.000000
923.694458 2453.000000
925.637390 2397.000000
927.579285 2394.000000
929.519836 2510.000000
931.459167 2404.000000
933.397339 2463.000000
935.334290 2380.000000
937.270020 2382.000000
939.204529 2429.000000
941.137817 2381.000000
943.069885 2420.000000
945.000793 2477.000000
946.930481 2413.000000
948.859131 2390.000000
950.786316 2414.000000
952.712341 2378.000000
954.637329 2375.000000
956.560974 2378.000000
958.483337 2449.000000
960.404663 2434.000000
962.324707 2392.000000
964.243530 2443.000000
966.161316 2373.000000
968.077759 2400.000000
969.992920 2401.000000
971.907104 2280.000000
973.820007 2391.000000
975.731689 2375.000000
977.642273 2436.000000
979.551514 2415.000000
981.459595 2392.000000
983.366638 2414.000000
985.272339 2447.000000
987.176880 2505.000000
989.080383 2575.000000
990.982483 2565.000000
992.883423 2520.000000
994.783386 2452.000000
996.681946 2367.000000
998.579407 2352.000000
1000.475769 2404.000000
1002.370850 2368.000000
1004.264771 2464.000000
1006.157654 2423.000000
1008.049072 2384.000000
1009.939453 2398.000000
1011.828674 2408.000000
1013.716736 2413.000000
1015.603638 2368.000000
1017.489380 2389.000000
1019.373840 2365.000000
1021.257263 2409.000000
1023.139465 2408.000000
1025.020264 2405.000000
1026.900146 2450.000000
1028.778931 2410.000000
1030.656372 2411.000000
1032.532837 2357.000000
1034.407959 2447.000000
1036.281860 2420.000000
1038.154907 2300.000000
1040.026489 2479.000000
1041.897095 2394.000000
1043.766479 2399.000000
1045.634644 2425.000000
1047.501587 2488.000000
1049.367554 2359.000000
1051.232300 2369.000000
1053.095825 2367.000000
1054.958252 2403.000000
1056.819702 2369.000000
1058.679688 2383.000000
1060.538818 2326.000000
1062.396362 2459.000000
1064.253174 2436.000000
1066.108643 2351.000000
1067.963013 2400.000000
1069.816406 2450.000000
1071.668457 2404.000000
1073.519287 2432.000000
1075.369141 2418.000000
1077.217773 2365.000000
1079.065186 2381.000000
1080.911499 2377.000000
1082.756836 2325.000000
1084.600830 2425.000000
1086.443848 2396.000000
1088.285522 2423.000000
1090.126221 2386.000000
1091.965698 2331.000000
1093.804077 2355.000000
1095.641357 2293.000000
1097.477417 2362.000000
1099.312378 2446.000000
1101.146118 2356.000000
1102.979004 2355.000000
1104.810425 2403.000000
1106.640869 2440.000000
1108.470337 2356.000000
1110.298340 2457.000000
1112.125366 2315.000000
1113.951416 2362.000000
1115.776001 2337.000000
1117.599854 2417.000000
1119.422485 2484.000000
1121.243774 2355.000000
1123.063965 2418.000000
1124.883423 2455.000000
1126.701294 2402.000000
1128.518188 2365.000000
1130.333984 2414.000000
1132.148804 2452.000000
1133.962402 2338.000000
1135.774780 2318.000000
1137.586060 2403.000000
1139.396362 2381.000000
1141.205444 2425.000000
1143.013428 2381.000000
1144.820313 2373.000000
1146.625977 2451.000000
1148.430664 2332.000000
1150.234253 2476.000000
1152.036621 2351.000000
1153.838013 2442.000000
1155.638184 2455.000000
1157.437378 2320.000000
1159.235352 2370.000000
1161.032227 2392.000000
1162.827881 2465.000000
1164.622681 2364.000000
1166.416260 2437.000000
1168.208618 2497.000000
1170.000000 2349.000000
1171.790405 2371.000000
1173.579468 2402.000000
1175.367554 2451.000000
1177.154541 2383.000000
1178.940308 2398.000000
1180.725098 2371.000000
1182.508789 2322.000000
1184.291382 2439.000000
1186.072998 2374.000000
1187.853394 2457.000000
1189.632568 2414.000000
1191.410889 2397.000000
1193.188110 2315.000000
1194.963867 2420.000000
1196.739014 2380.000000
1198.512695 2409.000000
1200.285522 2447.000000
1202.057251 2370.000000
1203.827759 2425.000000
1205.597290 2397.000000
1207.365723 2535.000000
1209.132935 2339.000000
1210.899170 2406.000000
1212.664429 2470.000000
1214.428467 2406.000000
1216.191406 2407.000000
1217.953247 2382.000000
1219.713989 2393.000000
1221.473877 2380.000000
1223.232544 2334.000000
1224.990112 2406.000000
1226.746704 2408.000000
1228.502075 2359.000000
1230.256470 2346.000000
1232.009766 2397.000000
1233.762085 2389.000000
1235.513062 2369.000000
1237.263184 2382.000000
1239.012207 2485.000000
1240.760254 2399.000000
1242.506958 2407.000000
1244.252808 2360.000000
1245.997559 2377.000000
1247.741211 2426.000000
1249.483765 2391.000000
1251.225220 2392.000000
1252.965820 2393.000000
1254.705200 2355.000000
1256.443481 2316.000000
1258.180908 2451.000000
1259.916870 2368.000000
1261.651978 2360.000000
1263.386108 2394.000000
1265.119141 2330.000000
1266.851196 2388.000000
1268.582153 2382.000000
1270.312012 2416.000000
1272.040649 2369.000000
1273.768555 2378.000000
1275.495117 2401.000000
1277.220581 2416.000000
1278.945313 2353.000000
1280.668823 2439.000000
1282.391357 2437.000000
1284.112671 2360.000000
1285.833008 2404.000000
1287.552368 2355.000000
1289.270752 2375.000000
1290.987915 2380.000000
1292.703979 2364.000000
1294.419189 2361.000000
1296.133423 2355.000000
1297.846436 2327.000000
1299.558228 2365.000000
1301.269043 2436.000000
1302.979126 2403.000000
1304.687988 2315.000000
1306.395630 2484.000000
1308.102539 2431.000000
1309.808105 2489.000000
1311.512939 2356.000000
1313.216553 2395.000000
1314.919312 2378.000000
1316.620728 2348.000000
1318.321411 2364.000000
1320.020874 2292.000000
1321.719238 2351.000000
1323.416748 2425.000000
1325.113037 2385.000000
1326.808472 2365.000000
1328.502808 2409.000000
1330.196167 2346.000000
1331.888428 2434.000000
1333.579712 2359.000000
1335.269775 2336.000000
1336.958862 2427.000000
1338.647217 2342.000000
1340.334351 2373.000000
1342.020264 2368.000000
1343.705444 2580.000000
1345.389526 2862.000000
1347.072510 3109.000000
1348.754517 3322.000000
1350.435425 3277.000000
1352.115356 2874.000000
1353.794434 2612.000000
1355.472290 2444.000000
1357.149170 2410.000000
1358.825073 2406.000000
1360.499878 2406.000000
1362.173828 2388.000000
1363.846680 2433.000000
1365.518311 2409.000000
1367.189331 2377.000000
1368.858887 2328.000000
1370.527710 2480.000000
1372.195435 2395.000000
1373.862183 2396.000000
1375.527954 2363.000000
1377.192627 2417.000000
1378.856201 2341.000000
1380.519043 2407.000000
1382.180664 2436.000000
1383.841309 2471.000000
1385.500854 2419.000000
1387.159668 2360.000000
1388.817261 2368.000000
1390.473877 2393.000000
1392.129639 2363.000000
1393.784180 2424.000000
1395.437744 2445.000000
1397.090454 2325.000000
1398.741943 2348.000000
1400.392578 2323.000000
1402.042236 2445.000000
1403.690796 2374.000000
1405.338501 2378.000000
1406.985229 2500.000000
1408.630737 2459.000000
1410.275391 2428.000000
1411.919067 2430.000000
1413.561646 2394.000000
1415.203247 2378.000000
1416.843872 2479.000000
1418.483643 2365.000000
1420.122314 2417.000000
1421.759766 2358.000000
1423.396606 2417.000000
1425.032104 2392.000000
1426.666748 2343.000000
1428.300537 2383.000000
1429.933228 2366.000000
1431.565063 2350.000000
1433.195557 2386.000000
1434.825562 2376.000000
1436.454224 2431.000000
1438.081909 2401.000000
1439.708740 2426.000000
1441.334473 2358.000000
1442.959229 2430.000000
1444.583130 2354.000000
1446.206055 2438.000000
1447.827759 2332.000000
1449.448730 2401.000000
1451.068726 2480.000000
1452.687500 2360.000000
1454.305542 2361.000000
1455.922485 2436.000000
1457.538452 2403.000000
1459.153564 2352.000000
1460.767334 2385.000000
1462.380493 2391.000000
1463.992676 2381.000000
1465.603760 2359.000000
1467.213989 2398.000000
1468.822998 2354.000000
1470.431152 2375.000000
1472.038452 2346.000000
1473.644653 2318.000000
1475.249878 2341.000000
1476.854126 2337.000000
1478.457520 2779.000000
1480.059814 2365.000000
1481.661255 2401.000000
1483.261841 2391.000000
1484.861206 2355.000000
1486.459717 2395.000000
1488.057129 2351.000000
1489.653687 2454.000000
1491.249390 2387.000000
1492.843994 2383.000000
1494.437500 2411.000000
1496.030273 2375.000000
1497.622192 2408.000000
1499.212646 2367.000000
1500.802856 2358.000000
1502.391479 2403.000000
1503.979492 2362.000000
1505.566528 2373.000000
1507.152344 2383.000000
1508.737549 2430.000000
1510.321655 2370.000000
1511.904785 2417.000000
1513.486694 2418.000000
1515.067993 2355.000000
1516.648438 2406.000000
1518.227783 2457.000000
1519.806030 2378.000000
1521.383423 2317.000000
1522.959595 2406.000000
1524.535278 2397.000000
1526.109985 2386.000000
1527.683472 2373.000000
1529.256226 2335.000000
1530.827759 2421.000000
1532.398315 2412.000000
1533.968506 2398.000000
1535.537354 2436.000000
1537.104980 2434.000000
1538.671997 2635.000000
1540.238159 2944.000000
1541.803101 2985.000000
1543.367432 3205.000000
1544.930542 2997.000000
1546.492798 2654.000000
1548.054077 2441.000000
1549.614380 2447.000000
1551.173828 2371.000000
1552.732422 2327.000000
1554.289917 2426.000000
1555.846558 2351.000000
1557.402100 2392.000000
1558.956787 2346.000000
1560.510742 2322.000000
1562.063721 2368.000000
1563.615601 2423.000000
1565.166504 2366.000000
1566.716431 2373.000000
1568.265625 2374.000000
1569.813965 2365.000000
1571.361450 2411.000000
1572.907715 2366.000000
1574.453003 2391.000000
1575.997681 2341.000000
1577.540894 2407.000000
1579.083496 2431.000000
1580.625488 2376.000000
1582.165894 2322.000000
1583.705933 2368.000000
1585.244629 2392.000000
1586.782593 2399.000000
1588.319946 2373.000000
1589.856079 2409.000000
1591.391235 2386.000000
1592.925415 2269.000000
1594.458618 2344.000000
1595.991211 2332.000000
1597.522705 2399.000000
1599.053467 2328.000000
1600.582886 2338.000000
1602.111694 2300.000000
1603.639526 2376.000000
1605.166382 2335.000000
1606.692505 2428.000000
1608.217529 2381.000000
1609.741699 2388.000000
1611.264893 2372.000000
1612.787231 2370.000000
1614.308594 2377.000000
1615.829224 2411.000000
1617.348877 2377.000000
1618.867310 2401.000000
1620.385132 2381.000000
1621.901855 2311.000000
1623.417725 2347.000000
1624.932983 2324.000000
1626.447144 2368.000000
1627.960083 2352.000000
1629.472656 2416.000000
1630.983765 2399.000000
1632.494385 2354.000000
1634.004028 2358.000000
1635.512695 2368.000000
1637.020264 2372.000000
1638.527222 2450.000000
1640.032959 2342.000000
1641.538330 2382.000000
1643.042358 2381.000000
1644.545532 2296.000000
1646.047974 2389.000000
1647.549316 2401.000000
1649.049683 2366.000000
1650.549561 2399.000000
1652.048096 2364.000000
1653.545898 2375.000000
1655.042847 2328.000000
1656.538696 2373.000000
1658.033813 2426.000000
1659.528198 2469.000000
1661.021484 2338.000000
1662.514038 2448.000000
1664.005493 2431.000000
1665.495972 2332.000000
1666.985840 2402.000000
1668.474854 2358.000000
1669.962646 2416.000000
1671.449707 2406.000000
1672.935913 2316.000000
1674.421021 2414.000000
1675.905518 2274.000000
1677.389160 2332.000000
1678.871704 2494.000000
1680.353394 2345.000000
1681.834229 2410.000000
1683.313965 2425.000000
1684.793335 2416.000000
1686.271484 2366.000000
1687.748779 2378.000000
1689.224976 2346.000000
1690.700562 2355.000000
1692.175049 2396.000000
1693.648926 2377.000000
1695.121704 2341.000000
1696.593750 2349.000000
1698.064697 2375.000000
1699.534912 2397.000000
1701.004150 2330.000000
1702.472778 2327.000000
1703.940186 2339.000000
1705.406860 2350.000000
1706.872681 2395.000000
1708.337524 2429.000000
1709.801514 2372.000000
1711.265015 2323.000000
1712.727173 2377.000000
1714.188354 2682.000000
1715.649048 2351.000000
1717.108643 2352.000000
1718.567261 2346.000000
1720.025391 2326.000000
1721.482422 2374.000000
1722.938477 2354.000000
1724.393799 2382.000000
1725.848022 2314.000000
1727.301880 2357.000000
1728.754517 2364.000000
1730.206177 2397.000000
1731.656860 2370.000000
1733.107056 2397.000000
1734.556152 2418.000000
1736.004761 2325.000000
1737.452148 2411.000000
1738.898682 2317.000000
1740.344238 2338.000000
1741.789185 2373.000000
1743.233032 2372.000000
1744.676392 2363.000000
1746.118530 2391.000000
1747.559814 2405.000000
1749.000366 2370.000000
1750.439941 2393.000000
1751.878784 2352.000000
1753.316895 2336.000000
1754.753784 2423.000000
1756.190063 2408.000000
1757.625488 2320.000000
1759.059814 2313.000000
1760.493286 2440.000000
1761.926270 2300.000000
1763.358154 2362.000000
1764.789185 2270.000000
1766.219238 2479.000000
1767.648560 2366.000000
1769.077026 2409.000000
1770.504761 2301.000000
1771.931641 2373.000000
1773.357422 2410.000000
1774.782349 2386.000000
1776.206421 2307.000000
1777.630127 2395.000000
1779.052612 2372.000000
1780.474121 2390.000000
1781.894897 2404.000000
1783.314697 2387.000000
1784.733765 2346.000000
1786.152222 2305.000000
1787.569702 2413.000000
1788.985962 2392.000000
1790.401733 2372.000000
1791.816650 2369.000000
1793.230347 2294.000000
1794.643799 2347.000000
1796.056152 2345.000000
1797.467651 2304.000000
1798.877930 2331.000000
1800.287720 2441.000000
1801.696533 2379.000000
1803.104858 2443.000000
1804.511963 2414.000000
1805.918579 2276.000000
1807.323975 2354.000000
1808.728638 2338.000000
1810.132324 2392.000000
1811.535645 2385.000000
1812.937622 2397.000000
1814.338989 2334.000000
1815.739380 2373.000000
1817.139038 2425.000000
1818.537720 2343.000000
1819.936035 2403.000000
1821.333130 2400.000000
1822.729370 2316.000000
1824.124878 2375.000000
1825.519287 2394.000000
1826.913330 2343.000000
1828.306396 2397.000000
1829.698364 2429.000000
1831.089600 2414.000000
1832.480103 2393.000000
1833.869629 2394.000000
1835.258667 2347.000000
1836.646484 2452.000000
1838.033691 2341.000000
1839.419800 2367.000000
1840.805420 2286.000000
1842.189819 2387.000000
1843.573730 2473.000000
1844.956665 2356.000000
1846.338867 2342.000000
1847.720215 2334.000000
1849.100586 2384.000000
1850.480225 2387.000000
1851.859253 2405.000000
1853.237305 2341.000000
1854.614380 2390.000000
1855.990723 2305.000000
1857.366211 2331.000000
1858.740723 2371.000000
1860.114990 2351.000000
1861.488159 2364.000000
1862.860229 2398.000000
1864.231567 2418.000000
1865.602051 2336.000000
1866.972046 2419.000000
1868.340942 2350.000000
1869.709229 2309.000000
1871.076416 2305.000000
1872.442749 2489.000000
1873.808472 2380.000000
1875.173462 2421.000000
1876.537476 2378.000000
1877.900757 2391.000000
1879.263062 2411.000000
1880.624512 2394.000000
1881.985352 2375.000000
1883.345459 2301.000000
1884.704590 2431.000000
1886.062744 2374.000000
1887.420410 2344.000000
1888.776978 2299.000000
1890.132935 2415.000000
1891.488037 2471.000000
1892.842407 2344.000000
1894.195679 2382.000000
1895.548218 2315.000000
1896.900024 2284.000000
1898.250977 2402.000000
1899.601440 2373.000000
1900.950928 2393.000000
1902.299194 2434.000000
1903.647217 2392.000000
1904.994141 2410.000000
1906.340332 2471.000000
1907.685791 2382.000000
1909.030396 2337.000000
1910.373901 2309.000000
1911.716919 2365.000000
1913.058960 2336.000000
1914.400513 2329.000000
1915.741089 2362.000000
1917.080688 2391.000000
1918.419434 2338.000000
1919.757690 2414.000000
1921.094971 2507.000000
1922.431641 2357.000000
1923.767212 2283.000000
1925.102173 2436.000000
1926.436157 2373.000000
1927.769409 2343.000000
1929.101807 2371.000000
1930.433838 2275.000000
1931.764771 2429.000000
1933.094849 2354.000000
1934.424072 2348.000000
1935.752563 2379.000000
1937.080200 2428.000000
1938.407471 2344.000000
1939.733398 2414.000000
1941.058716 2396.000000
1942.383301 2463.000000
1943.707031 2361.000000
1945.029907 2433.000000
1946.352295 2433.000000
1947.673584 2358.000000
1948.994141 2339.000000
1950.313843 2400.000000
1951.632690 2346.000000
1952.951172 2395.000000
1954.268555 2341.000000
1955.585083 2403.000000
1956.901001 2414.000000
1958.215820 2373.000000
1959.530151 2424.000000
1960.843628 2387.000000
1962.156372 2424.000000
1963.468140 2281.000000
1964.779297 2326.000000
1966.089478 2380.000000
1967.399048 2375.000000
1968.708008 2381.000000
1970.015869 2394.000000
1971.322998 2413.000000
1972.629272 2265.000000
1973.934814 2304.000000
1975.239746 2340.000000
1976.543701 2290.000000
1977.847168 2351.000000
1979.149536 2339.000000
1980.451294 2426.000000
1981.752075 2344.000000
1983.052124 2357.000000
1984.351563 2306.000000
1985.650146 2347.000000
1986.947876 2288.000000
1988.244751 2325.000000
1989.541016 2423.000000
1990.836426 2405.000000
1992.131104 2351.000000
1993.425293 2372.000000
1994.718140 2439.000000
1996.010620 2402.000000
1997.302002 2372.000000
1998.593140 2387.000000
1999.883057 2349.000000
2001.172119 2371.000000
2002.460449 2461.000000
2003.748291 2420.000000
2005.035034 2340.000000
2006.321411 2323.000000
2007.606689 2306.000000
2008.891235 2368.000000
2010.175049 2350.000000
2011.458130 2441.000000
2012.740356 2292.000000
2014.021973 2428.000000
2015.302856 2384.000000
2016.582764 2320.000000
2017.861816 2351.000000
2019.140381 2350.000000
2020.417725 2289.000000
2021.695068 2356.000000
2022.970825 2305.000000
2024.246460 2302.000000
2025.520752 2430.000000
2026.794678 2424.000000
2028.067871 2338.000000
2029.340332 2320.000000
2030.611694 2357.000000
2031.882446 2417.000000
2033.152222 2389.000000
2034.421509 2356.000000
2035.690308 2329.000000
2036.957886 2391.000000
2038.224976 2423.000000
2039.490967 2315.000000
2040.756348 2449.000000
2042.020996 2347.000000
2043.285156 2416.000000
2044.548340 2303.000000
2045.810669 2415.000000
2047.072144 2326.000000
2048.333008 2379.000000
2049.593018 2408.000000
2050.852783 2338.000000
2052.111572 2460.000000
2053.369141 2354.000000
2054.626221 2371.000000
2055.882568 2448.000000
2057.137939 2434.000000
2058.392822 2245.000000
2059.646973 2424.000000
2060.900146 2356.000000
2062.152588 2350.000000
2063.404297 2413.000000
2064.655518 2363.000000
2065.906006 2404.000000
2067.155518 2390.000000
2068.404297 2390.000000
2069.652100 2315.000000
2070.899658 2347.000000
2072.145996 2341.000000
2073.391846 2344.000000
2074.636719 2257.000000
2075.881104 2380.000000
2077.124512 2407.000000
2078.367432 2311.000000
2079.609619 2313.000000
2080.850830 2307.000000
2082.091309 2409.000000
2083.331055 2339.000000
2084.570068 2395.000000
2085.808350 2402.000000
2087.046143 2387.000000
2088.282959 2343.000000
2089.518799 2371.000000
2090.754150 2355.000000
2091.988770 2353.000000
2093.222412 2411.000000
2094.455811 2360.000000
2095.687988 2380.000000
2096.919434 2411.000000
2098.150146 2348.000000
2099.380615 2400.000000
2100.609619 2432.000000
2101.838379 2361.000000
2103.066406 2367.000000
2104.293457 2354.000000
2105.520020 2362.000000
2106.745605 2377.000000
2107.970703 2387.000000
2109.194824 2335.000000
2110.418213 2340.000000
2111.640869 2388.000000
2112.862793 2462.000000
2114.083984 2391.000000
2115.304932 2439.000000
2116.524658 2358.000000
2117.743164 2330.000000
2118.961426 2408.000000
2120.179199 2351.000000
2121.395752 2327.000000
2122.612305 2333.000000
2123.827637 2454.000000
2125.041992 2397.000000
2126.255859 2371.000000
2127.469482 2379.000000
2128.681396 2287.000000
2129.893311 2465.000000
2131.104248 2351.000000
2132.314453 2386.000000
2133.523926 2354.000000
2134.732666 2379.000000
2135.940674 2334.000000
2137.148438 2375.000000
2138.354736 2360.000000
2139.560791 2421.000000
2140.765625 2367.000000
2141.969971 2370.000000
2143.173584 2283.000000
2144.376465 2262.000000
2145.578857 2443.000000
2146.780273 2391.000000
2147.980957 2454.000000
2149.181152 2483.000000
2150.380127 2356.000000
2151.579102 2299.000000
2152.777100 2442.000000
2153.973877 2416.000000
2155.170410 2384.000000
2156.366211 2405.000000
2157.561279 2371.000000
2158.755371 2365.000000
2159.948730 2356.000000
2161.141602 2354.000000
2162.333740 2359.000000
2163.524902 2432.000000
2164.715820 2355.000000
2165.905762 2397.000000
2167.094727 2377.000000
2168.283203 2363.000000
2169.470703 2332.000000
2170.657959 2386.000000
2171.844482 2383.000000
2173.030273 2327.000000
2174.214844 2386.000000
2175.399170 2326.000000
2176.582275 2308.000000
2177.764893 2366.000000
2178.947266 2327.000000
2180.128662 2286.000000
2181.309326 2389.000000
2182.489014 2309.000000
2183.667969 2380.000000
2184.846436 2323.000000
2186.024414 2332.000000
2187.201660 2363.000000
2188.377441 2350.000000
2189.553223 2302.000000
2190.728027 2351.000000
2191.902344 2361.000000
2193.075684 2344.000000
2194.248291 2284.000000
2195.420410 2394.000000
2196.591553 2371.000000
2197.762451 2399.000000
2198.932617 2436.000000
2200.101563 2381.000000
2201.270020 2424.000000
2202.437744 2427.000000
2203.604736 2419.000000
2204.771240 2420.000000
2205.937012 2399.000000
2207.101807 2389.000000
2208.266113 2419.000000
2209.429443 2483.000000
2210.592529 2326.000000
2211.754395 2416.000000
2212.916016 2411.000000
2214.076416 2411.000000
2215.236816 2358.000000
2216.395996 2414.000000
2217.554443 2369.000000
2218.712402 2386.000000
2219.869873 2411.000000
2221.026123 2366.000000
2222.181885 2376.000000
2223.336914 2343.000000
2224.491455 2382.000000
2225.645020 2339.000000
2226.797852 2438.000000
2227.950439 2456.000000
2229.102051 2332.000000
2230.252686 2412.000000
2231.402832 2423.000000
2232.552490 2353.000000
2233.701416 2306.000000
2234.849609 2434.000000
2235.996826 2380.000000
2237.143555 2363.000000
2238.289551 2387.000000
2239.434814 2380.000000
2240.579346 2425.000000
2241.723145 2428.000000
2242.866455 2411.000000
2244.008789 2419.000000
2245.150635 2356.000000
2246.291992 2344.000000
2247.432373 2397.000000
2248.572266 2383.000000
2249.711182 2428.000000
2250.849609 2389.000000
2251.987061 2430.000000
2253.124268 2436.000000
2254.260254 2392.000000
2255.396240 2370.000000
2256.530762 2366.000000
2257.665039 2338.000000
2258.798584 2392.000000
2259.931396 2381.000000
2261.063477 2449.000000
2262.195068 2356.000000
2263.325684 2401.000000
2264.455811 2401.000000
2265.585449 2359.000000
2266.714111 2334.000000
2267.842041 2337.000000
2268.969238 2322.000000
2270.095703 2476.000000
2271.221680 2408.000000
2272.347412 2441.000000
2273.471924 2414.000000
2274.595703 2414.000000
2275.718750 2450.000000
2276.841309 2465.000000
2277.963135 2360.000000
2279.084473 2353.000000
2280.204590 2405.000000
2281.324463 2390.000000
2282.443604 2355.000000
2283.562012 2397.000000
2284.679688 2362.000000
2285.796875 2407.000000
2286.913330 2321.000000
2288.029053 2379.000000
2289.143799 2338.000000
2290.258301 2377.000000
2291.371826 2446.000000
2292.484863 2471.000000
2293.597168 2402.000000
2294.708496 2386.000000
2295.819580 2364.000000
2296.929932 2402.000000
2298.039307 2420.000000
2299.148438 2442.000000
2300.256592 2413.000000
2301.364258 2364.000000
2302.470947 2378.000000
2303.577148 2381.000000
2304.682861 2313.000000
2305.787598 2348.000000
2306.891846 2324.000000
2307.995117 2352.000000
2309.098145 2396.000000
2310.200195 2319.000000
2311.302002 2385.000000
2312.402832 2360.000000
2313.502686 2400.000000
2314.602295 2382.000000
2315.701172 2423.000000
2316.798828 2392.000000
2317.896729 2377.000000
2318.993408 2305.000000
2320.089355 2369.000000
2321.184814 2423.000000
2322.279541 2297.000000
2323.373535 2315.000000
2324.467529 2403.000000
2325.560059 2379.000000
2326.651855 2287.000000
2327.743408 2370.000000
2328.833984 2343.000000
2329.924072 2455.000000
2331.013672 2415.000000
2332.102295 2378.000000
2333.190430 2325.000000
2334.277588 2383.000000
2335.364746 2388.000000
2336.450928 2431.000000
2337.536133 2338.000000
2338.620850 2371.000000
2339.705078 2335.000000
2340.788330 2412.000000
2341.871094 2387.000000
2342.952881 2352.000000
2344.034668 2326.000000
2345.115479 2398.000000
2346.195557 2453.000000
2347.274658 2375.000000
2348.353516 2409.000000
2349.431885 2348.000000
2350.509277 2360.000000
2351.585938 2386.000000
2352.662109 2299.000000
2353.737549 2399.000000
2354.812256 2454.000000
2355.886719 2362.000000
2356.960205 2428.000000
2358.032959 2415.000000
2359.104980 2394.000000
2360.176758 2361.000000
2361.247559 2448.000000
2362.317871 2352.000000
2363.387451 2506.000000
2364.456055 2364.000000
2365.524414 2359.000000
2366.592041 2321.000000
2367.658936 2350.000000
2368.725098 2384.000000
2369.790771 2409.000000
2370.855713 2362.000000
2371.920166 2380.000000
2372.983643 2396.000000
2374.046875 2445.000000
2375.109375 2451.000000
2376.170898 2370.000000
2377.231934 2357.000000
2378.292236 2417.000000
2379.352051 2283.000000
2380.411377 2348.000000
2381.469727 2353.000000
2382.527588 2295.000000
2383.584473 2454.000000
2384.641113 2356.000000
2385.696777 2413.000000
2386.752197 2411.000000
2387.806885 2366.000000
2388.860352 2449.000000
2389.913574 2385.000000
2390.966309 2296.000000
2392.018066 2424.000000
2393.069580 2296.000000
2394.120117 2392.000000
2395.170166 2398.000000
2396.219482 2333.000000
2397.268311 2336.000000
2398.316406 2344.000000
2399.363770 2381.000000
2400.410645 2377.000000
2401.456299 2387.000000
2402.502197 2393.000000
2403.546875 2418.000000
2404.591309 2384.000000
2405.635010 2358.000000
2406.677734 2384.000000
2407.719971 2407.000000
2408.761719 2513.000000
2409.802490 2348.000000
2410.843018 2377.000000
2411.882813 2370.000000
2412.921875 2435.000000
2413.960205 2487.000000
2414.998047 2385.000000
2416.035156 2444.000000
2417.071533 2333.000000
2418.107422 2431.000000
2419.142822 2474.000000
2420.177246 2419.000000
2421.211182 2497.000000
2422.244385 2383.000000
2423.277344 2331.000000
2424.309326 2373.000000
2425.340576 2372.000000
2426.371582 2412.000000
2427.401611 2418.000000
2428.430908 2419.000000
2429.459961 2420.000000
2430.488281 2364.000000
2431.515869 2433.000000
2432.542480 2338.000000
2433.569092 2383.000000
2434.594482 2300.000000
2435.619873 2388.000000
2436.644043 2422.000000
2437.667969 2340.000000
2438.690674 2407.000000
2439.713379 2345.000000
2440.735596 2357.000000
2441.756592 2433.000000
2442.777344 2416.000000
2443.797119 2370.000000
2444.816650 2383.000000
2445.835205 2375.000000
2446.853760 2375.000000
2447.871094 2466.000000
2448.888184 2354.000000
2449.904053 2364.000000
2450.919678 2432.000000
2451.934570 2436.000000
2452.949219 2312.000000
2453.962646 2361.000000
2454.975586 2406.000000
2455.988037 2402.000000
2457.000000 2452.000000
2458.011230 2346.000000
2459.021973 2407.000000
2460.031738 2398.000000
2461.041260 2372.000000
2462.049805 2449.000000
2463.057617 2380.000000
2464.065186 2395.000000
2465.072266 2370.000000
2466.078369 2385.000000
2467.083740 2390.000000
2468.088867 2368.000000
2469.093262 2415.000000
2470.096924 2449.000000
2471.100098 2379.000000
2472.102539 2372.000000
2473.104248 2337.000000
2474.105469 2399.000000
2475.106201 2414.000000
2476.106201 2431.000000
2477.105469 2369.000000
2478.104004 2464.000000
2479.102295 2434.000000
2480.099609 2437.000000
2481.096680 2348.000000
2482.093018 2344.000000
2483.088379 2401.000000
2484.083496 2325.000000
2485.078125 2448.000000
2486.071777 2449.000000
2487.064941 2456.000000
2488.057373 2398.000000
2489.049561 2392.000000
2490.041016 2396.000000
2491.031738 2411.000000
2492.021729 2420.000000
2493.010986 2426.000000
2494.000244 2374.000000
2494.988037 2449.000000
2495.975830 2427.000000
2496.962891 2380.000000
2497.949463 2324.000000
2498.935303 2438.000000
2499.920166 2400.000000
2500.905273 2391.000000
2501.888916 2409.000000
2502.872314 2330.000000
2503.854736 2401.000000
2504.837158 2398.000000
2505.818359 2412.000000
2506.799316 2339.000000
2507.780029 2357.000000
2508.759521 2391.000000
2509.739014 2469.000000
2510.717285 2388.000000
2511.695313 2395.000000
2512.672363 2471.000000
2513.648926 2374.000000
2514.625000 2431.000000
2515.600098 2370.000000
2516.574951 2340.000000
2517.549316 2435.000000
2518.522705 2378.000000
2519.496582 2419.000000
2520.468750 2390.000000
2521.440430 2372.000000
2522.411621 2411.000000
2523.382080 2418.000000
2524.352051 2402.000000
2525.321533 2364.000000
2526.290283 2357.000000
2527.258545 2390.000000
2528.226074 2413.000000
2529.192627 2429.000000
2530.159668 2428.000000
2531.125488 2386.000000
2532.090332 2354.000000
2533.054932 2431.000000
2534.019043 2359.000000
2534.982666 2372.000000
2535.945068 2370.000000
2536.906982 2518.000000
2537.868652 2412.000000
2538.829102 2343.000000
2539.789795 2342.000000
2540.749512 2470.000000
2541.708740 2402.000000
2542.667725 2434.000000
2543.625244 2467.000000
2544.582764 2354.000000
2545.539551 2380.000000
2546.495361 2352.000000
2547.451172 2334.000000
2548.406006 2320.000000
2549.360596 2458.000000
2550.314453 2413.000000
2551.267334 2396.000000
2552.219971 2345.000000
2553.172363 2430.000000
2554.123535 2454.000000
2555.074707 2443.000000
2556.024902 2394.000000
2556.974365 2515.000000
2557.923340 2420.000000
2558.871826 2444.000000
2559.819580 2431.000000
2560.766846 2380.000000
2561.713379 2294.000000
2562.659912 2360.000000
2563.605713 2480.000000
2564.550537 2350.000000
2565.494385 2428.000000
2566.438477 2424.000000
2567.381592 2449.000000
2568.323975 2432.000000
2569.265625 2406.000000
2570.207275 2429.000000
2571.148193 2376.000000
2572.088135 2364.000000
2573.027588 2353.000000
2573.966553 2529.000000
2574.905273 2334.000000
2575.843262 2318.000000
2576.780518 2457.000000
2577.717041 2426.000000
2578.653076 2391.000000
2579.588867 2437.000000
2580.523438 2405.000000
2581.458008 2371.000000
2582.391357 2393.000000
2583.324707 2390.000000
2584.257324 2339.000000
2585.189209 2399.000000
2586.121338 2432.000000
2587.052002 2499.000000
2587.982422 2441.000000
2588.911621 2394.000000
2589.841064 2443.000000
2590.769531 2350.000000
2591.697021 2452.000000
2592.624512 2443.000000
2593.551270 2477.000000
2594.477539 2378.000000
2595.402832 2425.000000
2596.328125 2450.000000
2597.252930 2427.000000
2598.176514 2395.000000
2599.100098 2410.000000
2600.022705 2422.000000
2600.944824 2401.000000
2601.866211 2347.000000
2602.787354 2415.000000
2603.707520 2438.000000
2604.627197 2380.000000
2605.546387 2412.000000
2606.465088 2470.000000
2607.383545 2463.000000
2608.301270 2357.000000
2609.218018 2448.000000
2610.134521 2394.000000
2611.050293 2460.000000
2611.965332 2420.000000
2612.879883 2459.000000
2613.793945 2380.000000
2614.707520 2462.000000
2615.620361 2414.000000
2616.532715 2425.000000
2617.444336 2378.000000
2618.355957 2421.000000
2619.266846 2457.000000
2620.176758 2389.000000
2621.086426 2450.000000
2621.995361 2417.000000
2622.903320 2347.000000
2623.811279 2443.000000
2624.718750 2416.000000
2625.625000 2426.000000
2626.531250 2375.000000
2627.437012 2326.000000
2628.341797 2508.000000
2629.246338 2385.000000
2630.150391 2425.000000
2631.053223 2391.000000
2631.956299 2413.000000
2632.858154 2437.000000
2633.759521 2415.000000
2634.660645 2351.000000
2635.560791 2384.000000
2636.460938 2411.000000
2637.359863 2367.000000
2638.258789 2356.000000
2639.157471 2442.000000
2640.055176 2389.000000
2640.952148 2371.000000
2641.848389 2363.000000
2642.743896 2332.000000
2643.639160 2405.000000
2644.534424 2466.000000
2645.428711 2419.000000
2646.322266 2460.000000
2647.215088 2408.000000
2648.107910 2459.000000
2648.999756 2457.000000
2649.891602 2356.000000
2650.782471 2417.000000
2651.672852 2372.000000
2652.562744 2395.000000
2653.451416 2360.000000
2654.340332 2357.000000
2655.228271 2380.000000
2656.115723 2361.000000
2657.002930 2394.000000
2657.888916 2418.000000
2658.774902 2402.000000
2659.660645 2401.000000
2660.545166 2480.000000
2661.429199 2390.000000
2662.313232 2406.000000
2663.196045 2437.000000
2664.078369 2419.000000
2664.960693 2368.000000
2665.841553 2432.000000
2666.722656 2477.000000
2667.602783 2403.000000
2668.482666 2478.000000
2669.362061 2413.000000
2670.240723 2448.000000
2671.118896 2403.000000
2671.996582 2375.000000
2672.873535 2509.000000
2673.749756 2419.000000
2674.625732 2412.000000
2675.500977 2451.000000
2676.375732 2426.000000
2677.249756 2342.000000
2678.123535 2364.000000
2678.996582 2466.000000
2679.869385 2410.000000
2680.741455 2480.000000
2681.613037 2465.000000
2682.483887 2500.000000
2683.354736 2388.000000
2684.224365 2373.000000
2685.093506 2413.000000
2685.962402 2471.000000
2686.830566 2445.000000
2687.698242 2485.000000
2688.565186 2532.000000
2689.431885 2586.000000
2690.298584 2427.000000
2691.163818 2403.000000
2692.028320 2432.000000
2692.893066 2440.000000
2693.756592 2394.000000
2694.620117 2423.000000
2695.482666 2431.000000
2696.344727 2348.000000
2697.206543 2418.000000
2698.067871 2393.000000
2698.928467 2380.000000
2699.788330 2416.000000
2700.648438 2477.000000
2701.507324 2368.000000
2702.365479 2434.000000
2703.223389 2464.000000
2704.080811 2418.000000
2704.937744 2452.000000
2705.793945 2421.000000
2706.649414 2465.000000
2707.504883 2409.000000
2708.359375 2406.000000
2709.213867 2428.000000
2710.067627 2515.000000
2710.920410 2402.000000
2711.773193 2471.000000
2712.625244 2464.000000
2713.476563 2328.000000
2714.327393 2395.000000
2715.177734 2452.000000
2716.027588 2419.000000
2716.876465 2384.000000
2717.725586 2446.000000
2718.573975 2483.000000
2719.421631 2405.000000
2720.269531 2460.000000
2721.115967 2429.000000
2721.961914 2508.000000
2722.807373 2614.000000
2723.652832 2451.000000
2724.496826 2442.000000
2725.341309 2402.000000
2726.184570 2453.000000
2727.027344 2389.000000
2727.869629 2479.000000
2728.711670 2478.000000
2729.552734 2401.000000
2730.394287 2403.000000
2731.234375 2463.000000
2732.073975 2411.000000
2732.913574 2412.000000
2733.752197 2407.000000
2734.590576 2475.000000
2735.428223 2403.000000
2736.264648 2447.000000
2737.101563 2490.000000
2737.937744 2399.000000
2738.773193 2431.000000
2739.608887 2543.000000
2740.443115 2478.000000
2741.277344 2445.000000
2742.110352 2412.000000
2742.943359 2444.000000
2743.775879 2411.000000
2744.607666 2389.000000
2745.439209 2376.000000
2746.269775 2441.000000
2747.100098 2470.000000
2747.929688 2411.000000
2748.759277 2416.000000
2749.588379 2418.000000
2750.416748 2380.000000
2751.244385 2409.000000
2752.071289 2367.000000
2752.898193 2417.000000
2753.724121 2421.000000
2754.549805 2380.000000
2755.375000 2462.000000
2756.199463 2356.000000
2757.023682 2471.000000
2757.847168 2410.000000
2758.670654 2441.000000
2759.493408 2396.000000
2760.315186 2417.000000
2761.136719 2431.000000
2761.957764 2477.000000
2762.778076 2503.000000
2763.597900 2421.000000
2764.417480 2460.000000
2765.236572 2444.000000
2766.054688 2491.000000
2766.872559 2347.000000
2767.689941 2444.000000
2768.507324 2416.000000
2769.323975 2393.000000
2770.139648 2484.000000
2770.955078 2450.000000
2771.769775 2352.000000
2772.583984 2421.000000
2773.397949 2395.000000
2774.211182 2409.000000
2775.023926 2425.000000
2775.836426 2497.000000
2776.647949 2451.000000
2777.458984 2376.000000
2778.270508 2603.000000
2779.080566 2460.000000
2779.890381 2458.000000
2780.699707 2478.000000
2781.508301 2433.000000
2782.316650 2435.000000
2783.124512 2425.000000
2783.931396 2394.000000
2784.738037 2489.000000
2785.544434 2495.000000
2786.349854 2399.000000
2787.155518 2436.000000
2787.960449 2449.000000
2788.764404 2411.000000
2789.568115 2443.000000
2790.371094 2383.000000
2791.173828 2409.000000
2791.975830 2455.000000
2792.777588 2490.000000
2793.578369 2442.000000
2794.379395 2472.000000
2795.179688 2435.000000
2795.979492 2475.000000
2796.778564 2417.000000
2797.577393 2493.000000
2798.375732 2430.000000
2799.173584 2439.000000
2799.970703 2475.000000
2800.767334 2382.000000
2801.563477 2458.000000
2802.359131 2496.000000
2803.154053 2447.000000
2803.948975 2406.000000
2804.743164 2473.000000
2805.536865 2396.000000
2806.330566 2417.000000
2807.122803 2391.000000
2807.915283 2457.000000
2808.706787 2440.000000
2809.498047 2448.000000
2810.288818 2434.000000
2811.078857 2467.000000
2811.868652 2499.000000
2812.657715 2418.000000
2813.446533 2389.000000
2814.234619 2385.000000
2815.023193 2423.000000
2815.810303 2428.000000
2816.597412 2512.000000
2817.383545 2420.000000
2818.169434 2400.000000
2818.954590 2503.000000
2819.739502 2465.000000
2820.523438 2480.000000
2821.307617 2461.000000
2822.090820 2481.000000
2822.873779 2479.000000
2823.656250 2471.000000
2824.438477 2336.000000
2825.219727 2483.000000
2826.000732 2458.000000
2826.781250 2423.000000
2827.561035 2436.000000
2828.340820 2468.000000
2829.119629 2591.000000
2829.897949 2452.000000
2830.676270 2559.000000
2831.453613 2416.000000
2832.230713 2428.000000
2833.007080 2408.000000
2833.783691 2421.000000
2834.559082 2375.000000
2835.334473 2474.000000
2836.108643 2497.000000
2836.883057 2397.000000
2837.656982 2428.000000
2838.429688 2460.000000
2839.202637 2450.000000
2839.974854 2434.000000
2840.746582 2447.000000
2841.518066 2465.000000
2842.289307 2417.000000
2843.059570 2464.000000
2843.829346 2397.000000
2844.598389 2500.000000
2845.367432 2520.000000
2846.135986 2486.000000
2846.903564 2434.000000
2847.671143 2426.000000
2848.438477 2457.000000
2849.204834 2496.000000
2849.970703 2365.000000
2850.736084 2421.000000
2851.501953 2550.000000
2852.266357 2431.000000
2853.030762 2474.000000
2853.794189 2455.000000
2854.557373 2419.000000
2855.320313 2493.000000
2856.082275 2468.000000
2856.843994 2445.000000
2857.605713 2415.000000
2858.366211 2480.000000
2859.126953 2435.000000
2859.886719 2500.000000
2860.646240 2491.000000
2861.405518 2442.000000
2862.163574 2466.000000
2862.921631 2446.000000
2863.679443 2472.000000
2864.436279 2480.000000
2865.193115 2454.000000
2865.948975 2488.000000
2866.704590 2380.000000
2867.459961 2509.000000
2868.214600 2486.000000
2868.969727 2481.000000
2869.723145 2488.000000
2870.476807 2490.000000
2871.229492 2498.000000
2871.982178 2460.000000
2872.733887 2431.000000
2873.485596 2505.000000
2874.236328 2569.000000
2874.987061 2597.000000
2875.737061 2596.000000
2876.486816 2634.000000
2877.235840 2695.000000
2877.985352 2735.000000
2878.733398 2896.000000
2879.481445 2796.000000
2880.228271 2789.000000
2880.975586 2684.000000
2881.721924 2800.000000
2882.467773 2669.000000
2883.213135 2530.000000
2883.958496 2536.000000
2884.702881 2553.000000
2885.447021 2528.000000
2886.191406 2575.000000
2886.934570 2593.000000
2887.677490 2537.000000
2888.419678 2483.000000
2889.161377 2505.000000
2889.902832 2539.000000
2890.643799 2487.000000
2891.384277 2508.000000
2892.124268 2440.000000
2892.863770 2522.000000
2893.603271 2587.000000
2894.341797 2478.000000
2895.080566 2542.000000
2895.818359 2458.000000
2896.555664 2457.000000
2897.292480 2472.000000
2898.029053 2468.000000
2898.764893 2438.000000
2899.500732 2478.000000
2900.235596 2434.000000
2900.970215 2421.000000
2901.704346 2546.000000
2902.438477 2468.000000
2903.171631 2464.000000
2903.904785 2488.000000
2904.637451 2499.000000
2905.369385 2497.000000
2906.100830 2497.000000
2906.831787 2497.000000
