scanname Scan068
timestamp 2024-03-06 21:56:43
ccdbias 987.587402
ccdgain 4.313516
sigmaread 9.885917
laserwavenum 0.164456
wavenumcorrection -0.688668
scancount 2
totalexposurems 623
singleexposurems 548
measurementstate Unknown
scanmode Auto
snr 112.728706 23.986866 5.629012
replacelist 0
peaks 12
235.185547 0.510368 0.000000 11.392303 0.000253
250.394699 0.520479 0.000000 7.000407 0.000299
370.731567 0.114985 0.000000 0.229629 0.000010
656.088867 0.101812 0.000000 0.225014 0.000012
694.298706 0.105226 0.000000 0.837575 0.000068
745.905518 0.106806 0.000000 0.435681 0.000023
857.440918 0.108448 0.000000 0.188764 0.000008
1003.160339 0.128297 0.000000 2.040071 0.000247
1030.354248 0.116124 0.000000 0.588485 0.000079
1096.065674 0.118782 0.000000 0.305440 0.000029
1118.494385 0.117796 0.000000 0.191036 0.000018
1214.192871 0.116357 0.000000 0.159199 0.000014
finalresult GLS_Single 1
U4Z0X7	benfentmags-4	2.295207e-001
spectrum 2048
-92.986961 0.126933
-90.382813 0.127571
-87.780434 0.099266
-85.179802 0.075023
-82.580925 0.110147
-79.983795 0.096549
-77.388428 0.187676
-74.794807 0.112271
-72.202927 0.083982
-69.612801 0.147532
-67.024414 0.158165
-64.437782 0.151541
-61.852882 0.132977
-59.269726 0.163255
-56.688313 0.084466
-54.108631 0.159864
-51.530689 0.174588
-48.954483 0.138653
-46.380009 0.118247
-43.807262 0.160948
-41.236256 0.144572
-38.666969 0.132814
-36.099415 4.421918
-33.533581 0.180183
-30.969479 0.142307
-28.407093 0.134267
-25.846437 0.134666
-23.287502 0.135031
-20.730276 0.132101
-18.174768 0.132203
-15.620984 0.133096
-13.068913 0.134122
-10.518549 0.136210
-7.969896 0.142308
-5.422960 0.158400
-2.877734 0.186419
-0.334206 0.207098
2.207615 0.207478
4.747725 0.188288
7.286132 0.159148
9.822845 0.113275
12.357860 0.115030
14.891167 0.150489
17.422777 0.148117
19.952698 0.154165
22.480927 0.148859
25.007456 0.153836
27.532290 0.148898
30.055447 0.171764
32.576916 0.159203
35.096695 0.145020
37.614773 0.140033
40.131180 0.161541
42.645905 0.169775
45.158936 0.147604
47.670300 0.154800
50.179989 0.139879
52.687996 0.140005
55.194332 0.151771
57.698975 0.114974
60.201965 0.142586
62.703281 0.171360
65.202911 0.132205
67.700890 0.143034
70.197197 0.179591
72.691849 0.171601
75.184822 0.153971
77.676125 0.160776
80.165779 0.150756
82.653786 0.171973
85.140099 0.206932
87.624779 0.134886
90.107803 0.136057
92.589172 0.078342
95.068878 0.135557
97.546936 0.176947
100.023346 0.102714
102.498123 0.133585
104.971214 0.193216
107.442680 0.190573
109.912506 0.167698
112.380684 0.175131
114.847237 0.169032
117.312119 0.178609
119.775375 0.149732
122.237000 0.207394
124.696983 0.166269
127.155327 0.258382
129.612045 0.209477
132.067139 0.151117
134.520584 0.177823
136.972397 0.211139
139.422592 0.211231
141.871155 0.261423
144.318100 0.304670
146.763412 0.280323
149.207123 0.266426
151.649185 0.300980
154.089630 0.277649
156.528458 0.305398
158.965698 0.302477
161.401276 0.303063
163.835251 0.304335
166.267639 0.297277
168.698395 0.286320
171.127533 0.285126
173.555084 0.275527
175.981018 0.268293
178.405319 0.262631
180.828049 0.260444
183.249176 0.259570
185.668686 0.261184
188.086609 0.267101
190.502914 0.269315
192.917633 0.272809
195.330750 0.281275
197.742279 0.288698
200.152206 0.295574
202.560532 0.307422
204.967285 0.315625
207.372421 0.326888
209.775970 0.339629
212.177963 0.351205
214.578339 0.363580
216.977127 0.377208
219.374390 0.390309
221.769989 0.404803
224.164078 0.419414
226.556534 0.438599
228.947418 0.459542
231.336761 0.479864
233.724503 0.494884
236.110672 0.504122
238.495255 0.511539
240.878281 0.512554
243.259766 0.505817
245.639633 0.495126
248.017929 0.478425
250.394699 0.455904
252.769867 0.427393
255.143478 0.399443
257.515533 0.368169
259.886047 0.340656
262.254974 0.314570
264.622345 0.296529
266.988159 0.276433
269.352448 0.260361
271.715149 0.246359
274.076294 0.234022
276.435913 0.220339
278.793945 0.211586
281.150452 0.201291
283.505371 0.192736
285.858765 0.185188
288.210693 0.176731
290.560974 0.171671
292.909698 0.165778
295.256989 0.159767
297.602661 0.155574
299.946838 0.149986
302.289398 0.147162
304.630493 0.143778
306.970032 0.140215
309.308044 0.137328
311.644531 0.135929
313.979462 0.133454
316.312866 0.132207
318.644745 0.129225
320.975098 0.129032
323.303894 0.126632
325.631195 0.125030
327.956970 0.124542
330.281219 0.124069
332.603973 0.123179
334.925201 0.122654
337.244873 0.121754
339.563019 0.121006
341.879669 0.120172
344.194794 0.119726
346.508423 0.119091
348.820587 0.116644
351.131165 0.116760
353.440247 0.117194
355.747833 0.115934
358.053894 0.116387
360.358459 0.114767
362.661560 0.114055
364.963043 0.114277
367.263123 0.114388
369.561676 0.115015
371.858704 0.114993
374.154327 0.114399
376.448334 0.114556
378.740906 0.114509
381.031982 0.114929
383.321533 0.113464
385.609619 0.113169
387.896149 0.112113
390.181305 0.110774
392.464905 0.110366
394.747009 0.110861
397.027588 0.109528
399.306763 0.109315
401.584442 0.108588
403.860626 0.109043
406.135315 0.109593
408.408539 0.108480
410.680237 0.109577
412.950470 0.109716
415.219299 0.107425
417.486542 0.107920
419.752380 0.106976
422.016785 0.108337
424.279602 0.109626
426.541046 0.108874
428.800964 0.109106
431.059418 0.108586
433.316467 0.109245
435.571991 0.109118
437.826111 0.107947
440.078674 0.109376
442.329834 0.108461
444.579559 0.108475
446.827728 0.106952
449.074493 0.107320
451.319824 0.108133
453.563629 0.107358
455.806061 0.107825
458.046997 0.107201
460.286438 0.108472
462.524475 0.107536
464.761108 0.105665
466.996277 0.106255
469.229889 0.106424
471.462189 0.106406
473.692963 0.106037
475.922241 0.106414
478.150238 0.106390
480.376678 0.105019
482.601654 0.105774
484.825348 0.105063
487.047424 0.104401
489.268066 0.103197
491.487427 0.103659
493.705231 0.102776
495.921600 0.102697
498.136658 0.102310
500.350159 0.103031
502.562195 0.102512
504.772949 0.102960
506.982147 0.101486
509.190063 0.102982
511.396393 0.101921
513.601318 0.102477
515.804993 0.102562
518.007080 0.104022
520.207703 0.102862
522.407104 0.102808
524.604919 0.103353
526.801270 0.102254
528.996399 0.102527
531.190002 0.102410
533.382080 0.100343
535.572937 0.102473
537.762329 0.101769
539.950195 0.101974
542.136902 0.100634
544.321960 0.101195
546.505615 0.100500
548.688110 0.101476
550.869019 0.101135
553.048462 0.100779
555.226624 0.102299
557.403320 0.101409
559.578552 0.101977
561.752563 0.102194
563.925110 0.102684
566.096130 0.102845
568.265991 0.101964
570.434265 0.101059
572.601135 0.102295
574.766724 0.102340
576.930847 0.102147
579.093750 0.102476
581.255066 0.102826
583.415039 0.102949
585.573669 0.103079
587.730835 0.102265
589.886597 0.102611
592.041138 0.102694
594.194092 0.103346
596.345764 0.103362
598.496155 0.103043
600.645020 0.103072
602.792542 0.102043
604.938721 0.100244
607.083496 0.102372
609.226868 0.102752
611.369080 0.100871
613.509583 0.100908
615.648804 0.102118
617.786865 0.100796
619.923401 0.102105
622.058533 0.101861
624.192383 0.102162
626.324829 0.102471
628.455933 0.101296
630.585693 0.101083
632.713989 0.101840
634.840942 0.100418
636.966675 0.101186
639.090881 0.098493
641.213806 0.099801
643.335449 0.102605
645.455566 0.100589
647.574524 0.101969
649.691956 0.101019
651.808167 0.100547
653.922974 0.101968
656.036377 0.101530
658.148376 0.101039
660.259277 0.101452
662.368591 0.101676
664.476685 0.101553
666.583374 0.101455
668.688721 0.099326
670.792664 0.099527
672.895447 0.099411
674.996704 0.096451
677.096741 0.097071
679.195435 0.098210
681.292664 0.099866
683.388611 0.100959
685.483398 0.101155
687.576660 0.101400
689.668579 0.102626
691.759277 0.103983
693.848572 0.106288
695.936462 0.104873
698.023193 0.106485
700.108582 0.101558
702.192444 0.100827
704.275208 0.101836
706.356628 0.101883
708.436523 0.102856
710.515320 0.102658
712.592590 0.101974
714.668823 0.102507
716.743530 0.100822
718.816895 0.103419
720.889038 0.101777
722.959839 0.101821
725.029236 0.102464
727.097473 0.103033
729.164246 0.103436
731.229797 0.103042
733.294006 0.103778
735.356934 0.103794
737.418457 0.105015
739.478882 0.105670
741.537781 0.105983
743.595398 0.106936
745.651855 0.107887
747.706909 0.106256
749.760620 0.105530
751.813171 0.107218
753.864319 0.105781
755.914063 0.103188
757.962769 0.104025
760.009949 0.104469
762.055847 0.103693
764.100647 0.103100
766.143982 0.104435
768.186035 0.104217
770.226868 0.103666
772.266296 0.104465
774.304504 0.102431
776.341492 0.101747
778.377136 0.102914
780.411499 0.102674
782.444519 0.103082
784.476318 0.103884
786.506836 0.104282
788.535950 0.106089
790.563843 0.104675
792.590576 0.103891
794.615845 0.104865
796.639954 0.103869
798.662781 0.103604
800.684204 0.104645
802.704468 0.105126
804.723511 0.104167
806.741211 0.106079
808.757507 0.104599
810.772583 0.105037
812.786560 0.104732
814.799194 0.104995
816.810425 0.105300
818.820618 0.106014
820.829407 0.105387
822.836975 0.106020
824.843201 0.106791
826.848145 0.107370
828.851990 0.108177
830.854431 0.108029
832.855591 0.107228
834.855591 0.108262
836.854248 0.106104
838.851685 0.106060
840.847961 0.106185
842.842773 0.106612
844.836365 0.107702
846.828918 0.108087
848.820007 0.108158
850.809875 0.106951
852.798584 0.107452
854.785950 0.108804
856.771973 0.109260
858.757019 0.107406
860.740601 0.108422
862.723022 0.108530
864.704224 0.108461
866.684143 0.108439
868.662659 0.106807
870.640259 0.107228
872.616394 0.107783
874.591248 0.105173
876.565125 0.108089
878.537537 0.107382
880.508667 0.106639
882.478760 0.106424
884.447449 0.107257
886.414917 0.107591
888.381287 0.108603
890.346252 0.107826
892.310181 0.107811
894.272766 0.106842
896.234070 0.108753
898.194275 0.107919
900.153137 0.109031
902.110779 0.107655
904.067261 0.108319
906.022400 0.106933
907.976318 0.106854
909.929199 0.107461
911.880737 0.107270
913.830994 0.107875
915.780090 0.106635
917.728027 0.108371
919.674622 0.107857
921.620178 0.108852
923.564331 0.108314
925.507263 0.109558
927.449158 0.108324
929.389709 0.107380
931.329041 0.107822
933.267212 0.108141
935.204163 0.107493
937.139893 0.108162
939.074402 0.108807
941.007690 0.107681
942.939758 0.107553
944.870667 0.106873
946.800354 0.108338
948.729004 0.107737
950.656189 0.106829
952.582214 0.106459
954.507202 0.108596
956.430847 0.107884
958.353210 0.109028
960.274536 0.109360
962.194580 0.108341
964.113403 0.108477
966.031189 0.108066
967.947632 0.107879
969.862793 0.109144
971.776978 0.109879
973.689880 0.108613
975.601563 0.108623
977.512146 0.109511
979.421387 0.110499
981.329468 0.109520
983.236511 0.111387
985.142212 0.112213
987.046753 0.114058
988.950256 0.114150
990.852356 0.116499
992.753296 0.115557
994.653259 0.119471
996.551819 0.120163
998.449280 0.123279
1000.345642 0.124969
1002.240723 0.128991
1004.134644 0.128467
1006.027527 0.126199
1007.918945 0.121989
1009.809326 0.117711
1011.698547 0.114150
1013.586609 0.110493
1015.473511 0.111378
1017.359253 0.110522
1019.243713 0.112514
1021.127136 0.110965
1023.009338 0.112132
1024.890259 0.112556
1026.770142 0.116749
1028.648926 0.115773
1030.526367 0.115453
1032.402832 0.115407
1034.277954 0.115456
1036.151855 0.113590
1038.024902 0.111362
1039.896484 0.112501
1041.767090 0.111594
1043.636475 0.112884
1045.504639 0.113941
1047.371582 0.111772
1049.237549 0.110874
1051.102295 0.111687
1052.965820 0.112616
1054.828247 0.112823
1056.689697 0.113507
1058.549683 0.114732
1060.408813 0.112727
1062.266357 0.113368
1064.123169 0.113578
1065.978638 0.112461
1067.833008 0.113537
1069.686401 0.112897
1071.538452 0.114005
1073.389282 0.114355
1075.239136 0.113528
1077.087769 0.112914
1078.935181 0.111828
1080.781494 0.113899
1082.626831 0.114909
1084.470825 0.114364
1086.313843 0.113742
1088.155518 0.117319
1089.996216 0.118535
1091.835693 0.119060
1093.674072 0.116266
1095.511353 0.120640
1097.347412 0.119277
1099.182373 0.118123
1101.016113 0.118542
1102.848999 0.116509
1104.680420 0.116816
1106.510864 0.118152
1108.340332 0.115721
1110.168335 0.116935
1111.995361 0.116494
1113.821411 0.118312
1115.645996 0.116575
1117.469849 0.116683
1119.292480 0.119190
1121.113770 0.118440
1122.933960 0.118355
1124.753418 0.116958
1126.571289 0.115447
1128.388184 0.115101
1130.203979 0.114933
1132.018799 0.115245
1133.832397 0.113716
1135.644775 0.113409
1137.456055 0.113173
1139.266357 0.112102
1141.075439 0.112057
1142.883423 0.113538
1144.690308 0.113180
1146.495972 0.113864
1148.300659 0.112070
1150.104248 0.113010
1151.906616 0.114535
1153.708008 0.113001
1155.508179 0.114028
1157.307373 0.113984
1159.105347 0.113248
1160.902222 0.114096
1162.697876 0.112233
1164.492676 0.112520
1166.286255 0.113948
1168.078613 0.112994
1169.869995 0.115272
1171.660400 0.114072
1173.449463 0.115295
1175.237549 0.114789
1177.024536 0.114546
1178.810303 0.115258
1180.595093 0.112829
1182.378784 0.114568
1184.161377 0.113542
1185.942993 0.113313
1187.723389 0.114614
1189.502563 0.114667
1191.280884 0.113926
1193.058105 0.114281
1194.833862 0.113425
1196.609009 0.112419
1198.382690 0.114548
1200.155518 0.112849
1201.927246 0.114721
1203.697754 0.114427
1205.467285 0.115934
1207.235718 0.115853
1209.002930 0.115841
1210.769165 0.117279
1212.534424 0.116032
1214.298462 0.115255
1216.061401 0.116460
1217.823242 0.116963
1219.583984 0.114386
1221.343872 0.116330
1223.102539 0.115372
1224.860107 0.114339
1226.616699 0.114156
1228.372070 0.113884
1230.126465 0.114789
1231.879761 0.114034
1233.632080 0.117909
1235.383057 0.116390
1237.133179 0.115844
1238.882202 0.116412
1240.630249 0.115472
1242.376953 0.116849
1244.122803 0.116096
1245.867554 0.116342
1247.611206 0.116750
1249.353760 0.116372
1251.095215 0.116055
1252.835815 0.115440
1254.575195 0.118535
1256.313477 0.117003
1258.050903 0.116302
1259.786865 0.117017
1261.521973 0.115334
1263.256104 0.116356
1264.989136 0.118031
1266.721191 0.116138
1268.452148 0.115940
1270.182007 0.115915
1271.910645 0.115628
1273.638550 0.116841
1275.365112 0.116350
1277.090576 0.118207
1278.815308 0.117509
1280.538818 0.118078
1282.261353 0.117828
1283.982666 0.118433
1285.703003 0.116666
1287.422363 0.116617
1289.140747 0.117667
1290.857910 0.119475
1292.573975 0.118655
1294.289185 0.118532
1296.003418 0.118141
1297.716431 0.120435
1299.428223 0.117675
1301.139038 0.118579
1302.849121 0.118654
1304.557983 0.118296
1306.265625 0.120277
1307.972534 0.119961
1309.678101 0.118995
1311.382935 0.120461
1313.086548 0.119935
1314.789307 0.121103
1316.490723 0.118701
1318.191406 0.120518
1319.890869 0.119399
1321.589233 0.118168
1323.286743 0.117798
1324.983032 0.119013
1326.678467 0.120242
1328.372803 0.119143
1330.066162 0.120681
1331.758423 0.118724
1333.449707 0.118663
1335.139771 0.120157
1336.828857 0.117383
1338.517212 0.120387
1340.204346 0.121108
1341.890259 0.120346
1343.575439 0.118455
1345.259521 0.118472
1346.942505 0.118070
1348.624512 0.119279
1350.305420 0.117879
1351.985352 0.118273
1353.664429 0.121566
1355.342285 0.118295
1357.019165 0.119973
1358.695068 0.118418
1360.369873 0.119851
1362.043823 0.119689
1363.716675 0.119897
1365.388306 0.119262
1367.059326 0.119547
1368.728882 0.121894
1370.397705 0.123322
1372.065430 0.122691
1373.732178 0.120913
1375.397949 0.121236
1377.062622 0.121122
1378.726196 0.124073
1380.389038 0.122392
1382.050659 0.121234
1383.711304 0.122031
1385.370850 0.122130
1387.029663 0.122558
1388.687256 0.121309
1390.343872 0.122087
1391.999634 0.123506
1393.654175 0.123581
1395.307739 0.121823
1396.960449 0.122344
1398.611938 0.122170
1400.262573 0.124618
1401.912231 0.123043
1403.560791 0.119780
1405.208496 0.121699
1406.855225 0.121369
1408.500732 0.120786
1410.145386 0.120289
1411.789063 0.121922
1413.431641 0.119943
1415.073242 0.119099
1416.713867 0.120008
1418.353638 0.120577
1419.992310 0.121958
1421.629761 0.119241
1423.266602 0.120042
1424.902100 0.119985
1426.536743 0.118507
1428.170532 0.119327
1429.803223 0.120497
1431.435059 0.121332
1433.065552 0.121853
1434.695557 0.122329
1436.324219 0.121958
1437.951904 0.122293
1439.578735 0.120894
1441.204468 0.122175
1442.829224 0.120914
1444.453125 0.121816
1446.076050 0.123014
1447.697754 0.124624
1449.318726 0.123351
1450.938721 0.121354
1452.557495 0.123803
1454.175537 0.120563
1455.792480 0.122947
1457.408447 0.120810
1459.023560 0.121274
1460.637329 0.122809
1462.250488 0.122559
1463.862671 0.123040
1465.473755 0.122582
1467.083984 0.119652
1468.692993 0.121226
1470.301147 0.121346
1471.908447 0.123841
1473.514648 0.121838
1475.119873 0.121912
1476.724121 0.120456
1478.327515 0.119839
1479.929810 0.118896
1481.531250 0.121277
1483.131836 0.118278
1484.731201 0.117614
1486.329712 0.120226
1487.927124 0.118350
1489.523682 0.119795
1491.119385 0.117935
1492.713989 0.120348
1494.307495 0.117067
1495.900269 0.118404
1497.492188 0.118506
1499.082642 0.116968
1500.672852 0.116992
1502.261475 0.118303
1503.849487 0.118867
1505.436523 0.115846
1507.022339 0.118037
1508.607544 0.118548
1510.191650 0.113987
1511.774780 0.117258
1513.356689 0.116493
1514.937988 0.116989
1516.518433 0.114455
1518.097778 0.118545
1519.676025 0.119063
1521.253418 0.115637
1522.829590 0.115584
1524.405273 0.116137
1525.979980 0.117357
1527.553467 0.118415
1529.126221 0.117786
1530.697754 0.116330
1532.268311 0.116118
1533.838501 0.117187
1535.407349 0.116282
1536.974976 0.117990
1538.541992 0.115057
1540.108154 0.114891
1541.673096 0.115841
1543.237427 0.117267
1544.800537 0.116326
1546.362793 0.115128
1547.924072 0.116794
1549.484375 0.115037
1551.043823 0.115861
1552.602417 0.116269
1554.159912 0.119155
1555.716553 0.115516
1557.272095 0.117157
1558.826782 0.116338
1560.380737 0.117576
1561.933716 0.118201
1563.485596 0.116099
1565.036499 0.115520
1566.586426 0.115339
1568.135620 0.117177
1569.683960 0.116310
1571.231445 0.117197
1572.777710 0.118628
1574.322998 0.117033
1575.867676 0.116769
1577.410889 0.117596
1578.953491 0.117742
1580.495483 0.118409
1582.035889 0.119212
1583.575928 0.119761
1585.114624 0.118333
1586.652588 0.117683
1588.189941 0.118300
1589.726074 0.118292
1591.261230 0.118451
1592.795410 0.117882
1594.328613 0.117346
1595.861206 0.118364
1597.392700 0.119392
1598.923462 0.117070
1600.452881 0.118724
1601.981689 0.117318
1603.509521 0.118775
1605.036377 0.118502
1606.562500 0.118640
1608.087524 0.114758
1609.611694 0.115964
1611.134888 0.115800
1612.657227 0.116356
1614.178589 0.113809
1615.699219 0.117423
1617.218872 0.117430
1618.737305 0.116361
1620.255127 0.114658
1621.771851 0.117305
1623.287720 0.113130
1624.802979 0.115786
1626.317139 0.114807
1627.830078 0.113083
1629.342651 0.114356
1630.853760 0.113917
1632.364380 0.113026
1633.874023 0.112392
1635.382690 0.113563
1636.890259 0.111134
1638.397217 0.110411
1639.902954 0.110985
1641.408325 0.113397
1642.912354 0.111347
1644.415527 0.110094
1645.917969 0.110968
1647.419312 0.112676
1648.919678 0.111983
1650.419556 0.113324
1651.918091 0.112854
1653.415894 0.112136
1654.912842 0.111647
1656.408691 0.111308
1657.903809 0.111256
1659.398193 0.109982
1660.891479 0.108331
1662.384033 0.110169
1663.875488 0.112231
1665.365967 0.110226
1666.855835 0.110269
1668.344849 0.111779
1669.832642 0.113301
1671.319702 0.109729
1672.805908 0.110487
1674.291016 0.108930
1675.775513 0.110809
1677.259155 0.110528
1678.741699 0.110170
1680.223389 0.109360
1681.704224 0.110302
1683.183960 0.108865
1684.663330 0.107812
1686.141479 0.110933
1687.618774 0.110179
1689.094971 0.111242
1690.570557 0.109084
1692.045044 0.111479
1693.518921 0.110544
1694.991699 0.110298
1696.463745 0.107655
1697.934692 0.109864
1699.404907 0.109857
1700.874146 0.109130
1702.342773 0.111241
1703.810181 0.110116
1705.276855 0.109439
1706.742676 0.111140
1708.207520 0.109486
1709.671509 0.112093
1711.135010 0.109841
1712.597168 0.111565
1714.058350 0.110903
1715.519043 0.109152
1716.978638 0.109870
1718.437256 0.110445
1719.895386 0.112959
1721.352417 0.110377
1722.808472 0.108254
1724.263794 0.108043
1725.718018 0.108896
1727.171875 0.109881
1728.624512 0.108576
1730.076172 0.110593
1731.526855 0.108550
1732.977051 0.107887
1734.426147 0.108461
1735.874756 0.109722
1737.322144 0.106861
1738.768677 0.111898
1740.214233 0.109411
1741.659180 0.107934
1743.103027 0.108379
1744.546387 0.108049
1745.988525 0.109806
1747.429810 0.110637
1748.870361 0.108693
1750.309937 0.109338
1751.748779 0.109496
1753.186890 0.106104
1754.623779 0.110611
1756.060059 0.106826
1757.495483 0.107065
1758.929810 0.109151
1760.363281 0.107984
1761.796265 0.108241
1763.228149 0.109563
1764.659180 0.107424
1766.089233 0.108458
1767.518555 0.109623
1768.947021 0.110424
1770.374756 0.107355
1771.801636 0.105628
1773.227417 0.106356
1774.652344 0.108776
1776.076416 0.110103
1777.500122 0.107292
1778.922607 0.110045
1780.344116 0.108495
1781.764893 0.106421
1783.184692 0.108005
1784.603760 0.108153
1786.022217 0.109217
1787.439697 0.105705
1788.855957 0.107807
1790.271729 0.109568
1791.686646 0.109140
1793.100342 0.109299
1794.513794 0.109037
1795.926147 0.107486
1797.337646 0.109920
1798.747925 0.107990
1800.157715 0.105936
1801.566528 0.106512
1802.974854 0.107671
1804.381958 0.109438
1805.788574 0.107536
1807.193970 0.105831
1808.598633 0.110132
1810.002319 0.109530
1811.405640 0.107657
1812.807617 0.107223
1814.208984 0.109576
1815.609375 0.108676
1817.009033 0.106836
1818.407715 0.108144
1819.806030 0.107943
1821.203125 0.105073
1822.599365 0.107687
1823.994873 0.108347
1825.389282 0.108920
1826.783325 0.109625
1828.176392 0.107733
1829.568359 0.105538
1830.959595 0.108939
1832.350098 0.106802
1833.739624 0.108230
1835.128662 0.106617
1836.516479 0.108821
1837.903687 0.107626
1839.289795 0.108886
1840.675415 0.106220
1842.059814 0.106558
1843.443726 0.109803
1844.826660 0.107275
1846.208862 0.107525
1847.590210 0.107285
1848.970581 0.106627
1850.350220 0.108915
1851.729248 0.105804
1853.107300 0.106581
1854.484375 0.107114
1855.860718 0.106241
1857.236206 0.109892
1858.610718 0.107391
1859.984985 0.106921
1861.358154 0.107283
1862.730225 0.104681
1864.101563 0.106748
1865.472046 0.108924
1866.842041 0.107887
1868.210938 0.108436
1869.579224 0.106573
1870.946411 0.108074
1872.312744 0.107350
1873.678467 0.107090
1875.043457 0.104471
1876.407471 0.107625
1877.770752 0.107349
1879.133057 0.106992
1880.494507 0.108742
1881.855347 0.105682
1883.215454 0.104768
1884.574585 0.106973
1885.932739 0.106852
1887.290405 0.108359
1888.646973 0.107298
1890.002930 0.108739
1891.358032 0.104590
1892.712402 0.107646
1894.065674 0.108183
1895.418213 0.109694
1896.770020 0.107855
1898.120972 0.109823
1899.471436 0.105050
1900.820923 0.108646
1902.169189 0.106002
1903.517212 0.105350
1904.864136 0.109096
1906.210327 0.111271
1907.555786 0.108878
1908.900391 0.105275
1910.243896 0.105276
1911.586914 0.107001
1912.928955 0.108587
1914.270508 0.107094
1915.611084 0.107813
1916.950684 0.107439
1918.289429 0.105566
1919.627686 0.105999
1920.964966 0.108345
1922.301636 0.108135
1923.637207 0.107709
1924.972168 0.105475
1926.306152 0.108253
1927.639404 0.106037
1928.971802 0.107457
1930.303833 0.109742
1931.634766 0.108966
1932.964844 0.106184
1934.294067 0.109554
1935.622559 0.106352
1936.950195 0.108243
1938.277466 0.110430
1939.603394 0.107502
1940.928711 0.106975
1942.253296 0.108009
1943.577026 0.108124
1944.899902 0.105407
1946.222290 0.104218
1947.543579 0.106869
1948.864136 0.104995
1950.183838 0.106994
1951.502686 0.108255
1952.821167 0.105579
1954.138550 0.106541
1955.455078 0.109918
1956.770996 0.108243
1958.085815 0.107140
1959.400146 0.109953
1960.713623 0.108325
1962.026367 0.106378
1963.338135 0.104506
1964.649292 0.106509
1965.959473 0.105171
1967.269043 0.108513
1968.578003 0.107826
1969.885864 0.106335
1971.192993 0.104875
1972.499268 0.105756
1973.804810 0.101734
1975.109741 0.107996
1976.413696 0.106068
1977.717163 0.104096
1979.019531 0.108089
1980.321289 0.109509
1981.622070 0.107233
1982.922119 0.107596
1984.221558 0.104600
1985.520142 0.106187
1986.817871 0.108528
1988.114746 0.103692
1989.411011 0.108261
1990.706421 0.108582
1992.001099 0.107807
1993.295288 0.107286
1994.588135 0.108522
1995.880615 0.108221
1997.171997 0.102045
1998.463135 0.107801
1999.753052 0.106035
2001.042114 0.104993
2002.330444 0.105000
2003.618286 0.105052
2004.905029 0.105763
2006.191406 0.109336
2007.476685 0.107483
2008.761230 0.107984
2010.045044 0.107830
2011.328125 0.108276
2012.610352 0.105825
2013.891968 0.108936
2015.172852 0.105350
2016.452759 0.107639
2017.731812 0.109102
2019.010376 0.105835
2020.287720 0.104736
2021.565063 0.106673
2022.840820 0.108003
2024.116455 0.105605
2025.390747 0.104659
2026.664673 0.105615
2027.937866 0.105368
2029.210327 0.106651
2030.481689 0.106704
2031.752441 0.105353
2033.022217 0.108984
2034.291504 0.106393
2035.560303 0.106120
2036.827881 0.108609
2038.094971 0.106440
2039.360962 0.105222
2040.626343 0.108183
2041.890991 0.107514
2043.155151 0.105204
2044.418335 0.107479
2045.680664 0.105172
2046.942139 0.104244
2048.202881 0.106925
2049.462891 0.102104
2050.722656 0.103800
2051.981445 0.103253
2053.239014 0.106665
2054.496094 0.105041
2055.752441 0.105213
2057.007813 0.106452
2058.262695 0.107447
2059.516846 0.107209
2060.770020 0.103178
2062.022461 0.105893
2063.274170 0.107906
2064.525391 0.104680
2065.775879 0.106361
2067.025391 0.108364
2068.274170 0.105677
2069.521973 0.109203
2070.769531 0.107767
2072.015869 0.102713
2073.261719 0.106547
2074.506592 0.105315
2075.750977 0.105899
2076.994385 0.105146
2078.237305 0.104691
2079.479492 0.107083
2080.720703 0.105018
2081.961182 0.104599
2083.200928 0.107350
2084.439941 0.106054
2085.678223 0.105374
2086.916016 0.103973
2088.152832 0.101389
2089.388672 0.103864
2090.624023 0.101551
2091.858643 0.104736
2093.092285 0.105109
2094.325684 0.103439
2095.557861 0.106703
2096.789307 0.106734
2098.020020 0.108248
2099.250488 0.106378
2100.479492 0.103616
2101.708252 0.107015
2102.936279 0.103853
2104.163330 0.104264
2105.389893 0.105860
2106.615479 0.106110
2107.840576 0.104931
2109.064697 0.102606
2110.288086 0.101691
2111.510742 0.103372
2112.732666 0.103159
2113.953857 0.103934
2115.174805 0.102431
2116.394531 0.105311
2117.613037 0.103030
2118.831299 0.104474
2120.049072 0.103285
2121.265625 0.104968
2122.482178 0.107916
2123.697510 0.105574
2124.911865 0.103444
2126.125732 0.103483
2127.339355 0.100940
2128.551270 0.102855
2129.763184 0.106732
2130.974121 0.103241
2132.184326 0.107721
2133.393799 0.105911
2134.602539 0.105647
2135.810547 0.103369
2137.018311 0.106821
2138.224609 0.104560
2139.430664 0.108484
2140.635498 0.102715
2141.839844 0.103533
2143.043457 0.104490
2144.246338 0.104932
2145.448730 0.106021
2146.650146 0.108084
2147.850830 0.106551
2149.051025 0.103971
2150.250000 0.104679
2151.448975 0.106808
2152.646973 0.106503
2153.843750 0.105073
2155.040283 0.105132
2156.236084 0.100495
2157.431152 0.104460
2158.625244 0.105768
2159.818604 0.103837
2161.011475 0.105574
2162.203613 0.102064
2163.394775 0.103775
2164.585693 0.103503
2165.775635 0.103452
2166.964600 0.104878
2168.153076 0.105986
2169.340576 0.105533
2170.527832 0.101730
2171.714355 0.104126
2172.900146 0.104684
2174.084717 0.102914
2175.269043 0.102065
2176.452148 0.104644
2177.634766 0.103612
2178.817139 0.106878
2179.998535 0.101731
2181.179199 0.105352
2182.358887 0.104278
2183.537842 0.102915
2184.716309 0.103724
2185.894287 0.106462
2187.071533 0.106054
2188.247314 0.107185
2189.423096 0.105763
2190.597900 0.105392
2191.772217 0.102173
2192.945557 0.108218
2194.118164 0.105863
2195.290283 0.102131
2196.461426 0.102657
2197.632324 0.104635
2198.802490 0.105486
2199.971436 0.105788
2201.139893 0.105140
2202.307617 0.103916
2203.474609 0.101939
2204.641113 0.106207
2205.806885 0.103393
2206.971680 0.104783
2208.135986 0.106788
2209.299316 0.104252
2210.462402 0.100545
2211.624268 0.102311
2212.785889 0.106611
2213.946289 0.103505
2215.106689 0.102094
2216.265869 0.103476
2217.424316 0.105903
2218.582275 0.103874
2219.739746 0.106948
2220.895996 0.107344
2222.051758 0.100442
2223.206787 0.101912
2224.361328 0.106216
2225.514893 0.105316
2226.667725 0.102781
2227.820313 0.107858
2228.971924 0.105686
2230.122559 0.105563
2231.272705 0.102472
2232.422363 0.104794
2233.571289 0.104000
2234.719482 0.100242
2235.866699 0.102625
2237.013428 0.104286
2238.159424 0.103428
2239.304688 0.103223
2240.449219 0.102323
2241.593018 0.105819
2242.736328 0.105026
2243.878662 0.100155
2245.020508 0.103997
2246.161865 0.104137
2247.302246 0.101565
2248.442139 0.102009
2249.581055 0.105853
2250.719482 0.106545
2251.856934 0.105329
2252.994141 0.104728
2254.130127 0.106419
2255.266113 0.105133
2256.400635 0.106831
2257.534912 0.107288
2258.668457 0.107655
2259.801270 0.104739
2260.933350 0.102637
2262.064941 0.104769
2263.195557 0.101475
2264.325684 0.105195
2265.455322 0.101598
2266.583984 0.103587
2267.711914 0.102751
2268.839111 0.105092
2269.965576 0.101641
2271.091553 0.106047
2272.217285 0.106638
2273.341797 0.103491
2274.465576 0.101507
2275.588623 0.106299
2276.711182 0.106322
2277.833008 0.103465
2278.954346 0.099884
2280.074463 0.103262
2281.194336 0.101120
2282.313477 0.100212
2283.431885 0.103626
2284.549561 0.105407
2285.666748 0.102603
2286.783203 0.102613
2287.898926 0.103935
2289.013672 0.101819
2290.128174 0.104247
2291.241699 0.101720
2292.354736 0.102425
2293.467041 0.099590
2294.578369 0.103544
2295.689453 0.104002
2296.799805 0.102905
2297.909180 0.105418
2299.018311 0.102097
2300.126465 0.103803
2301.234131 0.100725
2302.340820 0.105725
2303.447021 0.104176
2304.552734 0.101096
2305.657471 0.103548
2306.761719 0.104747
2307.864990 0.107963
2308.968018 0.101809
2310.070068 0.100427
2311.171875 0.104663
2312.272705 0.107542
2313.372559 0.100941
2314.472168 0.103209
2315.571045 0.105006
2316.668701 0.105110
2317.766602 0.103282
2318.863281 0.105907
2319.959229 0.100109
2321.054688 0.101430
2322.149414 0.106793
2323.243408 0.100569
2324.337402 0.103089
2325.429932 0.102153
2326.521729 0.104337
2327.613281 0.108291
2328.703857 0.100277
2329.793945 0.104032
2330.883545 0.109262
2331.972168 0.102276
2333.060303 0.105893
2334.147461 0.101846
2335.234619 0.104559
2336.320801 0.105840
2337.406006 0.100831
2338.490723 0.099925
2339.574951 0.102214
2340.658203 0.098251
2341.740967 0.104891
2342.822754 0.104151
2343.904541 0.101809
2344.985352 0.105459
2346.065430 0.103043
2347.144531 0.100916
2348.223389 0.098249
2349.301758 0.103536
2350.379150 0.101856
2351.455811 0.108748
2352.531982 0.103991
2353.607422 0.102495
2354.682129 0.104570
2355.756592 0.103368
2356.830078 0.103904
2357.902832 0.108351
2358.974854 0.101943
2360.046631 0.104955
2361.117432 0.104254
2362.187744 0.100740
2363.257324 0.106666
2364.325928 0.102954
2365.394287 0.101040
2366.461914 0.106786
2367.528809 0.100814
2368.594971 0.103230
2369.660645 0.101005
2370.725586 0.103098
2371.790039 0.102239
2372.853516 0.100438
2373.916748 0.107056
2374.979248 0.098933
2376.040771 0.102882
2377.101807 0.103569
2378.162109 0.102384
2379.221924 0.102836
2380.281250 0.105258
2381.339600 0.102594
2382.397461 0.103356
2383.454346 0.101267
2384.510986 0.100113
2385.566650 0.101754
2386.622070 0.100884
2387.676758 0.103659
2388.730225 0.100837
2389.783447 0.105540
2390.836182 0.101114
2391.887939 0.103995
2392.939453 0.098337
2393.989990 0.100133
2395.040039 0.098459
2396.089355 0.102126
2397.138184 0.105273
2398.186279 0.102028
2399.233643 0.100622
2400.280518 0.102768
2401.326172 0.107728
2402.372070 0.099591
2403.416748 0.106055
2404.461182 0.102219
2405.504883 0.100322
2406.547607 0.100862
2407.589844 0.105179
2408.631592 0.097949
2409.672363 0.100059
2410.712891 0.107578
2411.752686 0.107357
2412.791748 0.108275
2413.830078 0.100570
2414.867920 0.101846
2415.905029 0.099652
2416.941406 0.104159
2417.977295 0.103931
2419.012695 0.102222
2420.047119 0.101357
2421.081055 0.097122
2422.114258 0.101464
2423.147217 0.105602
2424.179199 0.106375
2425.210449 0.100351
2426.241455 0.101019
2427.271484 0.108827
2428.300781 0.104499
2429.329834 0.103033
2430.358154 0.102888
2431.385742 0.102098
2432.412354 0.104657
2433.438965 0.107146
2434.464355 0.099382
2435.489746 0.101212
2436.513916 0.102040
2437.537842 0.102923
2438.560547 0.098439
2439.583252 0.106527
2440.605469 0.101551
2441.626465 0.106435
2442.647217 0.098423
2443.666992 0.102393
2444.686523 0.102403
2445.705078 0.102136
2446.723633 0.102488
2447.740967 0.099998
2448.758057 0.100030
2449.773926 0.107972
2450.789551 0.098636
2451.804443 0.101738
2452.819092 0.107479
2453.832520 0.104638
2454.845459 0.104463
2455.857910 0.104200
2456.869873 0.105927
2457.881104 0.096963
2458.891846 0.101673
2459.901611 0.103014
2460.911133 0.106135
2461.919678 0.098681
2462.927490 0.101824
2463.935059 0.103612
2464.942139 0.102027
2465.948242 0.097032
2466.953613 0.098231
2467.958740 0.103542
2468.963135 0.105201
2469.966797 0.100668
2470.969971 0.093979
2471.972412 0.098210
2472.974121 0.101469
2473.975342 0.102553
2474.976074 0.099270
2475.976074 0.103191
2476.975342 0.104549
2477.973877 0.103091
2478.972168 0.106784
2479.969482 0.109821
2480.966553 0.094251
2481.962891 0.101083
2482.958252 0.107918
2483.953369 0.104982
2484.947998 0.102502
2485.941650 0.102079
2486.934814 0.102485
2487.927246 0.099202
2488.919434 0.106849
2489.910889 0.097461
2490.901611 0.099901
2491.891602 0.103307
2492.880859 0.100000
2493.870117 0.096294
2494.857910 0.102102
2495.845703 0.101237
2496.832764 0.105308
2497.819336 0.101980
2498.805176 0.104776
2499.790039 0.099677
2500.775146 0.109355
2501.758789 0.097507
2502.742188 0.104207
2503.724609 0.103429
2504.707031 0.106073
2505.688232 0.102988
2506.669189 0.101692
2507.649902 0.105751
2508.629395 0.106439
2509.608887 0.103653
2510.587158 0.097893
2511.565186 0.102303
2512.542236 0.101146
2513.518799 0.093865
2514.494873 0.102590
2515.469971 0.103507
2516.444824 0.097963
2517.419189 0.100300
2518.392578 0.100016
2519.366455 0.100817
2520.338623 0.103298
2521.310303 0.101437
2522.281494 0.102148
2523.251953 0.102817
2524.221924 0.103264
2525.191406 0.097239
2526.160156 0.100697
2527.128418 0.100498
2528.095947 0.104909
2529.062500 0.099303
2530.029541 0.096206
2530.995361 0.097001
2531.960205 0.100471
2532.924805 0.101384
2533.888916 0.102143
2534.852539 0.098785
2535.814941 0.105756
2536.776855 0.095703
2537.738525 0.105802
2538.698975 0.097436
2539.659668 0.095670
2540.619385 0.101240
2541.578613 0.103970
2542.537598 0.102188
2543.495117 0.101426
2544.452637 0.097526
2545.409424 0.109232
2546.365234 0.100252
2547.321045 0.099400
2548.275879 0.104727
2549.230469 0.095417
2550.184326 0.101073
2551.137207 0.106136
2552.089844 0.098411
2553.042236 0.099369
2553.993408 0.110452
2554.944580 0.101818
2555.894775 0.102401
2556.844238 0.097436
2557.793213 0.103905
2558.741699 0.102216
2559.689453 0.097492
2560.636719 0.098432
2561.583252 0.100279
2562.529785 0.106368
2563.475586 0.103209
2564.420410 0.098884
2565.364258 0.105425
2566.308350 0.102430
2567.251465 0.100747
2568.193848 0.096718
2569.135498 0.099391
2570.077148 0.101277
2571.018066 0.101031
2571.958008 0.105758
2572.897461 0.097201
2573.836426 0.103689
2574.775146 0.098629
2575.713135 0.105432
2576.650391 0.103221
2577.586914 0.103933
2578.522949 0.098299
2579.458740 0.101400
2580.393311 0.102747
2581.327881 0.098195
2582.261230 0.103986
2583.194580 0.099629
2584.127197 0.104419
2585.059082 0.099757
2585.991211 0.101305
2586.921875 0.100732
2587.852295 0.106505
2588.781494 0.104030
2589.710938 0.103770
2590.639404 0.098124
2591.566895 0.099837
2592.494385 0.100950
2593.421143 0.101138
2594.347412 0.102409
2595.272705 0.104449
2596.197998 0.097421
2597.122803 0.099001
2598.046387 0.100135
2598.969971 0.097180
2599.892578 0.102153
2600.814697 0.101345
2601.736084 0.105537
2602.657227 0.097515
2603.577393 0.101463
2604.497070 0.101666
2605.416260 0.097938
2606.334961 0.105431
2607.253418 0.099744
2608.171143 0.103296
2609.087891 0.103560
2610.004395 0.102088
2610.920166 0.099973
2611.835205 0.101676
2612.749756 0.099077
2613.663818 0.101446
2614.577393 0.098468
2615.490234 0.098025
2616.402588 0.101627
2617.314209 0.101481
2618.225830 0.099138
2619.136719 0.101268
2620.046631 0.099431
2620.956299 0.103823
2621.865234 0.099690
2622.773193 0.104408
2623.681152 0.106788
2624.588623 0.096860
2625.494873 0.099544
2626.401123 0.103863
2627.306885 0.096165
2628.211670 0.104105
2629.116211 0.101449
2630.020264 0.102486
2630.923096 0.096937
2631.826172 0.100969
2632.728027 0.099016
2633.629395 0.103570
2634.530518 0.098051
2635.430664 0.105070
2636.330811 0.103735
2637.229736 0.096520
2638.128662 0.100156
2639.027344 0.095668
2639.925049 0.093466
2640.822021 0.097604
2641.718262 0.097554
2642.613770 0.097158
2643.509033 0.107251
2644.404297 0.097741
2645.298584 0.098391
2646.192139 0.096798
2647.084961 0.102622
2647.977783 0.098179
2648.869629 0.104113
2649.761475 0.101365
2650.652344 0.100913
2651.542725 0.097174
2652.432617 0.099820
2653.321289 0.102679
2654.210205 0.102097
2655.098145 0.093255
2655.985596 0.103492
2656.872803 0.102904
2657.758789 0.102371
2658.644775 0.096678
2659.530518 0.100715
2660.415039 0.107816
2661.299072 0.098039
2662.183105 0.101467
2663.065918 0.102579
2663.948242 0.099863
2664.830566 0.095343
2665.711426 0.103361
2666.592529 0.100928
2667.472656 0.097126
2668.352539 0.101924
2669.231934 0.100436
2670.110596 0.099580
2670.988770 0.109600
2671.866455 0.098257
2672.743408 0.098806
2673.619629 0.098337
2674.495605 0.110648
2675.370850 0.104846
2676.245605 0.104730
2677.119629 0.105096
2677.993408 0.100954
2678.866455 0.098333
2679.739258 0.104014
2680.611328 0.098527
2681.482910 0.103599
2682.353760 0.108903
2683.224609 0.098550
2684.094238 0.101577
2684.963379 0.100234
2685.832275 0.103657
2686.700439 0.098820
2687.568115 0.094922
2688.435059 0.111053
2689.301758 0.100320
2690.168457 0.102729
2691.033691 0.093497
2691.898193 0.101236
2692.762939 0.108578
2693.626465 0.100457
2694.489990 0.097089
2695.352539 0.094569
2696.214600 0.087086
2697.076416 0.098514
2697.937744 0.103913
2698.798340 0.101215
2699.658203 0.088294
2700.518311 0.104963
2701.377197 0.100573
2702.235352 0.101110
2703.093262 0.104031
2703.950684 0.104413
2704.807617 0.107221
2705.663818 0.099664
2706.519287 0.100119
2707.374756 0.100439
2708.229248 0.109962
2709.083740 0.091564
2709.937500 0.103699
2710.790283 0.098740
2711.643066 0.114737
2712.495117 0.105115
2713.346436 0.105930
2714.197266 0.103030
2715.047607 0.105525
2715.897461 0.100627
2716.746338 0.105046
2717.595459 0.103363
2718.443848 0.097825
2719.291504 0.099623
2720.139404 0.104383
2720.985840 0.103059
2721.831787 0.110038
2722.677246 0.101928
2723.522705 0.109381
2724.366699 0.101849
2725.211182 0.094885
2726.054443 0.100918
2726.897217 0.099787
2727.739502 0.095282
2728.581543 0.095020
2729.422607 0.095726
2730.264160 0.100853
2731.104248 0.104052
2731.943848 0.090827
2732.783447 0.098969
2733.622070 0.105539
2734.460449 0.101280
2735.298096 0.104177
2736.134521 0.105350
2736.971436 0.100087
2737.807617 0.097090
2738.643066 0.099592
2739.478760 0.098953
2740.312988 0.100790
2741.147217 0.103187
2741.980225 0.099627
2742.813232 0.107690
2743.645752 0.103876
2744.477539 0.100880
2745.309082 0.100068
2746.139648 0.097167
2746.969971 0.103973
2747.799561 0.099267
2748.629150 0.099717
2749.458252 0.101582
2750.286621 0.103550
2751.114258 0.100266
2751.941162 0.103742
2752.768066 0.118466
2753.593994 0.095919
2754.419678 0.103510
2755.244873 0.108837
2756.069336 0.115256
2756.893555 0.094227
2757.717041 0.096339
2758.540527 0.105053
2759.363281 0.107918
2760.185059 0.106281
2761.006592 0.094349
2761.827637 0.104040
2762.647949 0.103329
2763.467773 0.102023
2764.287354 0.093787
2765.106445 0.103249
2765.924561 0.096462
2766.742432 0.108499
2767.559814 0.103369
2768.377197 0.103497
2769.193848 0.105239
2770.009521 0.100834
2770.824951 0.103957
2771.639648 0.094613
2772.453857 0.099146
2773.267822 0.113384
2774.081055 0.103052
2774.893799 0.107168
2775.706299 0.097433
2776.517822 0.096765
2777.328857 0.099052
2778.140381 0.104536
2778.950439 0.109606
2779.760254 0.101921
2780.569580 0.104245
2781.378174 0.103125
2782.186523 0.103374
2782.994385 0.096671
2783.801270 0.108482
2784.607910 0.108983
2785.414307 0.102101
2786.219727 0.111009
2787.025391 0.100446
2787.830322 0.102111
2788.634277 0.097154
2789.437988 0.105449
2790.240967 0.105391
2791.043701 0.098911
2791.845703 0.098954
2792.647461 0.107058
2793.448242 0.122620
2794.249268 0.098582
2795.049561 0.106490
2795.849365 0.107149
2796.648438 0.094895
2797.447266 0.106277
2798.245605 0.117807
2799.043457 0.104326
2799.840576 0.097303
2800.637207 0.104392
2801.433350 0.104972
2802.229004 0.098196
2803.023926 0.113878
2803.818848 0.115120
2804.613037 0.111192
2805.406738 0.103547
2806.200439 0.103376
2806.992676 0.106766
2807.785156 0.106960
2808.576660 0.104240
2809.367920 0.103567
2810.158691 0.110972
2810.948730 0.113900
2811.738525 0.113747
2812.527588 0.117761
2813.316406 0.109376
2814.104492 0.103741
2814.893066 0.078674
2815.680176 0.103030
2816.467285 0.111401
2817.253418 0.108975
2818.039307 0.097821
2818.824463 0.116802
2819.609375 0.096276
2820.393311 0.111348
2821.177490 0.102059
2821.960693 0.103432
2822.743652 0.094598
2823.526123 0.102247
2824.308350 0.103407
2825.089600 0.098757
2825.870605 0.110288
2826.651123 0.089894
2827.430908 0.096399
2828.210693 0.103933
2828.989502 0.120202
2829.767822 0.102841
2830.546143 0.101088
2831.323486 0.108390
2832.100586 0.107834
2832.876953 0.103998
2833.653564 0.106600
2834.428955 0.109295
2835.204346 0.098398
2835.978516 0.120281
2836.752930 0.107229
2837.526855 0.112040
2838.299561 0.109412
2839.072510 0.109456
2839.844727 0.110655
2840.616455 0.101622
2841.387939 0.104157
2842.159180 0.115726
2842.929443 0.101958
2843.699219 0.100766
2844.468262 0.113305
2845.237305 0.107416
2846.005859 0.112887
2846.773438 0.113728
2847.541016 0.117152
2848.308350 0.114809
2849.074707 0.119446
2849.840576 0.115123
2850.605957 0.112484
2851.371826 0.124833
2852.136230 0.115600
2852.900635 0.116195
2853.664063 0.122296
2854.427246 0.112586
2855.190186 0.102433
2855.952148 0.126220
2856.713867 0.138208
2857.475586 0.112569
2858.236084 0.106586
2858.996826 0.113808
2859.756592 0.102959
2860.516113 0.116353
2861.275391 0.116033
2862.033447 0.132101
2862.791504 0.109416
2863.549316 0.128843
2864.306152 0.132755
2865.062988 0.125638
2865.818848 0.123122
2866.574463 0.123269
2867.329834 0.112685
2868.084473 0.106109
2868.839600 0.123718
2869.593018 0.126272
2870.346680 0.111538
2871.099365 0.109500
2871.852051 0.114879
2872.603760 0.128513
2873.355469 0.117796
2874.106201 0.113952
2874.856934 0.115833
2875.606934 0.121404
2876.356689 0.117031
2877.105713 0.095723
2877.855225 0.112421
2878.603271 0.127063
2879.351318 0.108950
2880.098145 0.116890
2880.845459 0.107297
2881.591797 0.126589
2882.337646 0.130753
2883.083008 0.142028
2883.828369 0.111279
2884.572754 0.108976
2885.316895 0.131463
2886.061279 0.101601
2886.804443 0.109045
2887.547363 0.132489
2888.289551 0.137922
2889.031250 0.136917
2889.772705 0.127177
2890.513672 0.130347
2891.254150 0.121789
2891.994141 0.121049
2892.733643 0.120178
2893.473145 0.132289
2894.211670 0.124553
2894.950439 0.138786
2895.688232 0.124067
2896.425537 0.144098
2897.162354 0.141216
2897.898926 0.117071
2898.634766 0.117786
2899.370605 0.127079
2900.105469 0.127404
2900.840088 0.122447
2901.574219 0.115972
2902.308350 0.129600
2903.041504 0.101336
2903.774658 0.121626
2904.507324 0.131794
2905.239258 0.133014
2905.970703 0.127882
2906.701660 0.127861
spectrumdark 2048
-92.986961 2440.000000
-90.382813 2440.000000
-87.780434 2450.000000
-85.179802 2415.000000
-82.580925 2421.000000
-79.983795 2456.000000
-77.388428 2378.000000
-74.794807 2417.000000
-72.202927 2367.000000
-69.612801 2368.000000
-67.024414 2496.000000
-64.437782 2377.000000
-61.852882 2443.000000
-59.269726 2358.000000
-56.688313 2426.000000
-54.108631 2438.000000
-51.530689 2414.000000
-48.954483 2388.000000
-46.380009 2425.000000
-43.807262 2405.000000
-41.236256 2474.000000
-38.666969 2441.000000
-36.099415 2386.000000
-33.533581 2439.000000
-30.969479 2355.000000
-28.407093 2434.000000
-25.846437 2483.000000
-23.287502 2413.000000
-20.730276 2491.000000
-18.174768 2444.000000
-15.620984 2485.000000
-13.068913 2427.000000
-10.518549 2467.000000
-7.969896 2446.000000
-5.422960 2461.000000
-2.877734 2387.000000
-0.334206 2403.000000
2.207615 2426.000000
4.747725 2481.000000
7.286132 2411.000000
9.822845 2450.000000
12.357860 2383.000000
14.891167 2421.000000
17.422777 2427.000000
19.952698 2396.000000
22.480927 2509.000000
25.007456 2416.000000
27.532290 2436.000000
30.055447 2372.000000
32.576916 2405.000000
35.096695 2444.000000
37.614773 2417.000000
40.131180 2480.000000
42.645905 2401.000000
45.158936 2459.000000
47.670300 2397.000000
50.179989 2416.000000
52.687996 2508.000000
55.194332 2423.000000
57.698975 2443.000000
60.201965 2535.000000
62.703281 2390.000000
65.202911 2461.000000
67.700890 2372.000000
70.197197 2391.000000
72.691849 2491.000000
75.184822 2477.000000
77.676125 2460.000000
80.165779 2386.000000
82.653786 2411.000000
85.140099 2411.000000
87.624779 2452.000000
90.107803 2361.000000
92.589172 2425.000000
95.068878 2419.000000
97.546936 2387.000000
100.023346 2460.000000
102.498123 2459.000000
104.971214 2412.000000
107.442680 2367.000000
109.912506 2460.000000
112.380684 2446.000000
114.847237 2407.000000
117.312119 2437.000000
119.775375 2443.000000
122.237000 2428.000000
124.696983 2385.000000
127.155327 2370.000000
129.612045 2382.000000
132.067139 2464.000000
134.520584 2409.000000
136.972397 2435.000000
139.422592 2370.000000
141.871155 2449.000000
144.318100 2440.000000
146.763412 2427.000000
149.207123 2491.000000
151.649185 2397.000000
154.089630 2480.000000
156.528458 2462.000000
158.965698 2462.000000
161.401276 2378.000000
163.835251 2447.000000
166.267639 2380.000000
168.698395 2469.000000
171.127533 2409.000000
173.555084 2412.000000
175.981018 2412.000000
178.405319 2440.000000
180.828049 2403.000000
183.249176 2466.000000
185.668686 2429.000000
188.086609 2437.000000
190.502914 2494.000000
192.917633 2515.000000
195.330750 2396.000000
197.742279 2419.000000
200.152206 2439.000000
202.560532 2465.000000
204.967285 2515.000000
207.372421 2436.000000
209.775970 2458.000000
212.177963 2446.000000
214.578339 2402.000000
216.977127 2450.000000
219.374390 2438.000000
221.769989 2414.000000
224.164078 2417.000000
226.556534 2364.000000
228.947418 2449.000000
231.336761 2404.000000
233.724503 2418.000000
236.110672 2431.000000
238.495255 2390.000000
240.878281 2391.000000
243.259766 2545.000000
245.639633 2457.000000
248.017929 2426.000000
250.394699 2353.000000
252.769867 2408.000000
255.143478 2444.000000
257.515533 2392.000000
259.886047 2397.000000
262.254974 2487.000000
264.622345 2377.000000
266.988159 2405.000000
269.352448 2409.000000
271.715149 2423.000000
274.076294 2391.000000
276.435913 2451.000000
278.793945 2419.000000
281.150452 2427.000000
283.505371 2438.000000
285.858765 2459.000000
288.210693 2488.000000
290.560974 2388.000000
292.909698 2431.000000
295.256989 2345.000000
297.602661 2448.000000
299.946838 2484.000000
302.289398 2380.000000
304.630493 2335.000000
306.970032 2388.000000
309.308044 2513.000000
311.644531 2817.000000
313.979462 2502.000000
316.312866 2419.000000
318.644745 2498.000000
320.975098 2471.000000
323.303894 2504.000000
325.631195 2441.000000
327.956970 2438.000000
330.281219 2485.000000
332.603973 2526.000000
334.925201 2493.000000
337.244873 2556.000000
339.563019 2517.000000
341.879669 2431.000000
344.194794 2445.000000
346.508423 2499.000000
348.820587 2425.000000
351.131165 2432.000000
353.440247 2506.000000
355.747833 2415.000000
358.053894 2450.000000
360.358459 2388.000000
362.661560 2478.000000
364.963043 2472.000000
367.263123 2427.000000
369.561676 2425.000000
371.858704 2440.000000
374.154327 2422.000000
376.448334 2397.000000
378.740906 2511.000000
381.031982 2404.000000
383.321533 2372.000000
385.609619 2473.000000
387.896149 2475.000000
390.181305 2388.000000
392.464905 2496.000000
394.747009 2481.000000
397.027588 2491.000000
399.306763 2683.000000
401.584442 2904.000000
403.860626 2930.000000
406.135315 2982.000000
408.408539 2778.000000
410.680237 2942.000000
412.950470 3805.000000
415.219299 4350.000000
417.486542 4388.000000
419.752380 3797.000000
422.016785 2952.000000
424.279602 2487.000000
426.541046 2412.000000
428.800964 2454.000000
431.059418 2379.000000
433.316467 2441.000000
435.571991 2455.000000
437.826111 2521.000000
440.078674 2497.000000
442.329834 2518.000000
444.579559 2392.000000
446.827728 2507.000000
449.074493 2408.000000
451.319824 2419.000000
453.563629 2428.000000
455.806061 2369.000000
458.046997 2447.000000
460.286438 2476.000000
462.524475 2467.000000
464.761108 2501.000000
466.996277 2412.000000
469.229889 2482.000000
471.462189 2501.000000
473.692963 2430.000000
475.922241 2407.000000
478.150238 2421.000000
480.376678 2397.000000
482.601654 2331.000000
484.825348 2425.000000
487.047424 2434.000000
489.268066 2456.000000
491.487427 2446.000000
493.705231 2467.000000
495.921600 2443.000000
498.136658 2434.000000
500.350159 2473.000000
502.562195 2370.000000
504.772949 2456.000000
506.982147 2374.000000
509.190063 2440.000000
511.396393 2371.000000
513.601318 2397.000000
515.804993 2362.000000
518.007080 2400.000000
520.207703 2406.000000
522.407104 2488.000000
524.604919 2400.000000
526.801270 2525.000000
528.996399 2604.000000
531.190002 2725.000000
533.382080 2792.000000
535.572937 2685.000000
537.762329 2534.000000
539.950195 2441.000000
542.136902 2471.000000
544.321960 2436.000000
546.505615 2431.000000
548.688110 2382.000000
550.869019 2515.000000
553.048462 2451.000000
555.226624 2409.000000
557.403320 2487.000000
559.578552 2489.000000
561.752563 2419.000000
563.925110 2499.000000
566.096130 2454.000000
568.265991 2452.000000
570.434265 2511.000000
572.601135 2440.000000
574.766724 2480.000000
576.930847 2465.000000
579.093750 2394.000000
581.255066 2395.000000
583.415039 2541.000000
585.573669 2417.000000
587.730835 2431.000000
589.886597 2394.000000
592.041138 2507.000000
594.194092 2446.000000
596.345764 2427.000000
598.496155 2455.000000
600.645020 2385.000000
602.792542 2439.000000
604.938721 2468.000000
607.083496 2446.000000
609.226868 2420.000000
611.369080 2459.000000
613.509583 2447.000000
615.648804 2441.000000
617.786865 2430.000000
619.923401 2385.000000
622.058533 2395.000000
624.192383 2419.000000
626.324829 2451.000000
628.455933 2505.000000
630.585693 2404.000000
632.713989 2447.000000
634.840942 2452.000000
636.966675 2647.000000
639.090881 2740.000000
641.213806 2701.000000
643.335449 2751.000000
645.455566 2597.000000
647.574524 2431.000000
649.691956 2440.000000
651.808167 2398.000000
653.922974 2400.000000
656.036377 2419.000000
658.148376 2496.000000
660.259277 2388.000000
662.368591 2449.000000
664.476685 2481.000000
666.583374 2507.000000
668.688721 2626.000000
670.792664 2549.000000
672.895447 2724.000000
674.996704 2939.000000
677.096741 2936.000000
679.195435 2953.000000
681.292664 2608.000000
683.388611 2486.000000
685.483398 2480.000000
687.576660 2766.000000
689.668579 3027.000000
691.759277 3218.000000
693.848572 3309.000000
695.936462 2974.000000
698.023193 2789.000000
700.108582 2506.000000
702.192444 2492.000000
704.275208 2419.000000
706.356628 2360.000000
708.436523 2427.000000
710.515320 2417.000000
712.592590 2474.000000
714.668823 2470.000000
716.743530 2386.000000
718.816895 2427.000000
720.889038 2458.000000
722.959839 2405.000000
725.029236 2469.000000
727.097473 2433.000000
729.164246 2447.000000
731.229797 2430.000000
733.294006 2327.000000
735.356934 2467.000000
737.418457 2372.000000
739.478882 2455.000000
741.537781 2380.000000
743.595398 2544.000000
745.651855 2344.000000
747.706909 2528.000000
749.760620 2527.000000
751.813171 2836.000000
753.864319 2402.000000
755.914063 2432.000000
757.962769 2406.000000
760.009949 2435.000000
762.055847 2361.000000
764.100647 2442.000000
766.143982 2337.000000
768.186035 2409.000000
770.226868 2403.000000
772.266296 2427.000000
774.304504 2448.000000
776.341492 2524.000000
778.377136 2364.000000
780.411499 2431.000000
782.444519 2408.000000
784.476318 2493.000000
786.506836 2532.000000
788.535950 2386.000000
790.563843 2468.000000
792.590576 2414.000000
794.615845 2360.000000
796.639954 2474.000000
798.662781 2496.000000
800.684204 2405.000000
802.704468 2408.000000
804.723511 2460.000000
806.741211 2409.000000
808.757507 2440.000000
810.772583 2403.000000
812.786560 2440.000000
814.799194 2404.000000
816.810425 2452.000000
818.820618 2501.000000
820.829407 2419.000000
822.836975 2405.000000
824.843201 2457.000000
826.848145 2457.000000
828.851990 2455.000000
830.854431 2492.000000
832.855591 2403.000000
834.855591 2432.000000
836.854248 2474.000000
838.851685 2455.000000
840.847961 2506.000000
842.842773 2422.000000
844.836365 2517.000000
846.828918 2398.000000
848.820007 2572.000000
850.809875 2430.000000
852.798584 2448.000000
854.785950 2454.000000
856.771973 2501.000000
858.757019 2474.000000
860.740601 2417.000000
862.723022 2409.000000
864.704224 2512.000000
866.684143 2387.000000
868.662659 2500.000000
870.640259 2447.000000
872.616394 2420.000000
874.591248 2497.000000
876.565125 2454.000000
878.537537 2461.000000
880.508667 2371.000000
882.478760 2445.000000
884.447449 2467.000000
886.414917 2373.000000
888.381287 2382.000000
890.346252 2499.000000
892.310181 2423.000000
894.272766 2511.000000
896.234070 2347.000000
898.194275 2405.000000
900.153137 2407.000000
902.110779 2379.000000
904.067261 2399.000000
906.022400 2456.000000
907.976318 2439.000000
909.929199 2418.000000
911.880737 2443.000000
913.830994 2359.000000
915.780090 2417.000000
917.728027 2399.000000
919.674622 2402.000000
921.620178 2451.000000
923.564331 2480.000000
925.507263 2406.000000
927.449158 2418.000000
929.389709 2541.000000
931.329041 2411.000000
933.267212 2465.000000
935.204163 2396.000000
937.139893 2433.000000
939.074402 2390.000000
941.007690 2427.000000
942.939758 2408.000000
944.870667 2501.000000
946.800354 2414.000000
948.729004 2389.000000
950.656189 2468.000000
952.582214 2417.000000
954.507202 2427.000000
956.430847 2365.000000
958.353210 2463.000000
960.274536 2396.000000
962.194580 2406.000000
964.113403 2432.000000
966.031189 2391.000000
967.947632 2410.000000
969.862793 2397.000000
971.776978 2341.000000
973.689880 2402.000000
975.601563 2411.000000
977.512146 2460.000000
979.421387 2435.000000
981.329468 2406.000000
983.236511 2414.000000
985.142212 2482.000000
987.046753 2498.000000
988.950256 2515.000000
990.852356 2500.000000
992.753296 2541.000000
994.653259 2481.000000
996.551819 2397.000000
998.449280 2387.000000
1000.345642 2406.000000
1002.240723 2358.000000
1004.134644 2444.000000
1006.027527 2435.000000
1007.918945 2384.000000
1009.809326 2408.000000
1011.698547 2445.000000
1013.586609 2433.000000
1015.473511 2340.000000
1017.359253 2414.000000
1019.243713 2418.000000
1021.127136 2436.000000
1023.009338 2423.000000
1024.890259 2500.000000
1026.770142 2453.000000
1028.648926 2433.000000
1030.526367 2460.000000
1032.402832 2351.000000
1034.277954 2457.000000
1036.151855 2455.000000
1038.024902 2339.000000
1039.896484 2490.000000
1041.767090 2416.000000
1043.636475 2408.000000
1045.504639 2447.000000
1047.371582 2484.000000
1049.237549 2416.000000
1051.102295 2417.000000
1052.965820 2405.000000
1054.828247 2398.000000
1056.689697 2369.000000
1058.549683 2386.000000
1060.408813 2355.000000
1062.266357 2447.000000
1064.123169 2442.000000
1065.978638 2375.000000
1067.833008 2421.000000
1069.686401 2411.000000
1071.538452 2435.000000
1073.389282 2428.000000
1075.239136 2446.000000
1077.087769 2387.000000
1078.935181 2439.000000
1080.781494 2407.000000
1082.626831 2350.000000
1084.470825 2474.000000
1086.313843 2415.000000
1088.155518 2452.000000
1089.996216 2432.000000
1091.835693 2416.000000
1093.674072 2418.000000
1095.511353 2346.000000
1097.347412 2337.000000
1099.182373 2473.000000
1101.016113 2358.000000
1102.848999 2366.000000
1104.680420 2413.000000
1106.510864 2439.000000
1108.340332 2403.000000
1110.168335 2481.000000
1111.995361 2302.000000
1113.821411 2412.000000
1115.645996 2370.000000
1117.469849 2411.000000
1119.292480 2474.000000
1121.113770 2358.000000
1122.933960 2404.000000
1124.753418 2449.000000
1126.571289 2443.000000
1128.388184 2400.000000
1130.203979 2445.000000
1132.018799 2482.000000
1133.832397 2386.000000
1135.644775 2331.000000
1137.456055 2424.000000
1139.266357 2402.000000
1141.075439 2405.000000
1142.883423 2397.000000
1144.690308 2375.000000
1146.495972 2457.000000
1148.300659 2397.000000
1150.104248 2546.000000
1151.906616 2386.000000
1153.708008 2466.000000
1155.508179 2443.000000
1157.307373 2378.000000
1159.105347 2416.000000
1160.902222 2389.000000
1162.697876 2477.000000
1164.492676 2396.000000
1166.286255 2429.000000
1168.078613 2501.000000
1169.869995 2379.000000
1171.660400 2394.000000
1173.449463 2421.000000
1175.237549 2456.000000
1177.024536 2410.000000
1178.810303 2403.000000
1180.595093 2425.000000
1182.378784 2336.000000
1184.161377 2473.000000
1185.942993 2408.000000
1187.723389 2491.000000
1189.502563 2424.000000
1191.280884 2453.000000
1193.058105 2336.000000
1194.833862 2428.000000
1196.609009 2387.000000
1198.382690 2392.000000
1200.155518 2491.000000
1201.927246 2393.000000
1203.697754 2454.000000
1205.467285 2408.000000
1207.235718 2546.000000
1209.002930 2344.000000
1210.769165 2423.000000
1212.534424 2493.000000
1214.298462 2445.000000
1216.061401 2401.000000
1217.823242 2380.000000
1219.583984 2419.000000
1221.343872 2411.000000
1223.102539 2395.000000
1224.860107 2420.000000
1226.616699 2461.000000
1228.372070 2392.000000
1230.126465 2358.000000
1231.879761 2448.000000
1233.632080 2394.000000
1235.383057 2423.000000
1237.133179 2426.000000
1238.882202 2524.000000
1240.630249 2434.000000
1242.376953 2424.000000
1244.122803 2355.000000
1245.867554 2365.000000
1247.611206 2440.000000
1249.353760 2433.000000
1251.095215 2417.000000
1252.835815 2426.000000
1254.575195 2366.000000
1256.313477 2336.000000
1258.050903 2443.000000
1259.786865 2383.000000
1261.521973 2410.000000
1263.256104 2428.000000
1264.989136 2386.000000
1266.721191 2427.000000
1268.452148 2386.000000
1270.182007 2417.000000
1271.910645 2445.000000
1273.638550 2370.000000
1275.365112 2419.000000
1277.090576 2421.000000
1278.815308 2331.000000
1280.538818 2451.000000
1282.261353 2473.000000
1283.982666 2383.000000
1285.703003 2443.000000
1287.422363 2394.000000
1289.140747 2398.000000
1290.857910 2411.000000
1292.573975 2371.000000
1294.289185 2399.000000
1296.003418 2401.000000
1297.716431 2357.000000
1299.428223 2427.000000
1301.139038 2454.000000
1302.849121 2426.000000
1304.557983 2363.000000
1306.265625 2500.000000
1307.972534 2466.000000
1309.678101 2478.000000
1311.382935 2328.000000
1313.086548 2443.000000
1314.789307 2353.000000
1316.490723 2408.000000
1318.191406 2364.000000
1319.890869 2294.000000
1321.589233 2407.000000
1323.286743 2463.000000
1324.983032 2397.000000
1326.678467 2404.000000
1328.372803 2438.000000
1330.066162 2375.000000
1331.758423 2456.000000
1333.449707 2395.000000
1335.139771 2360.000000
1336.828857 2457.000000
1338.517212 2398.000000
1340.204346 2369.000000
1341.890259 2362.000000
1343.575439 2522.000000
1345.259521 2675.000000
1346.942505 2885.000000
1348.624512 2988.000000
1350.305420 3029.000000
1351.985352 2793.000000
1353.664429 2542.000000
1355.342285 2422.000000
1357.019165 2396.000000
1358.695068 2476.000000
1360.369873 2436.000000
1362.043823 2396.000000
1363.716675 2473.000000
1365.388306 2457.000000
1367.059326 2417.000000
1368.728882 2357.000000
1370.397705 2461.000000
1372.065430 2404.000000
1373.732178 2439.000000
1375.397949 2446.000000
1377.062622 2442.000000
1378.726196 2352.000000
1380.389038 2410.000000
1382.050659 2455.000000
1383.711304 2464.000000
1385.370850 2446.000000
1387.029663 2390.000000
1388.687256 2433.000000
1390.343872 2376.000000
1391.999634 2421.000000
1393.654175 2456.000000
1395.307739 2432.000000
1396.960449 2367.000000
1398.611938 2374.000000
1400.262573 2326.000000
1401.912231 2437.000000
1403.560791 2392.000000
1405.208496 2435.000000
1406.855225 2542.000000
1408.500732 2501.000000
1410.145386 2464.000000
1411.789063 2461.000000
1413.431641 2399.000000
1415.073242 2353.000000
1416.713867 2563.000000
1418.353638 2401.000000
1419.992310 2423.000000
1421.629761 2395.000000
1423.266602 2440.000000
1424.902100 2399.000000
1426.536743 2395.000000
1428.170532 2396.000000
1429.803223 2384.000000
1431.435059 2361.000000
1433.065552 2403.000000
1434.695557 2382.000000
1436.324219 2481.000000
1437.951904 2476.000000
1439.578735 2478.000000
1441.204468 2403.000000
1442.829224 2393.000000
1444.453125 2368.000000
1446.076050 2454.000000
1447.697754 2353.000000
1449.318726 2439.000000
1450.938721 2516.000000
1452.557495 2332.000000
1454.175537 2414.000000
1455.792480 2439.000000
1457.408447 2455.000000
1459.023560 2389.000000
1460.637329 2430.000000
1462.250488 2408.000000
1463.862671 2403.000000
1465.473755 2403.000000
1467.083984 2443.000000
1468.692993 2365.000000
1470.301147 2389.000000
1471.908447 2390.000000
1473.514648 2330.000000
1475.119873 2351.000000
1476.724121 2367.000000
1478.327515 2888.000000
1479.929810 2425.000000
1481.531250 2410.000000
1483.131836 2447.000000
1484.731201 2375.000000
1486.329712 2398.000000
1487.927124 2372.000000
1489.523682 2448.000000
1491.119385 2416.000000
1492.713989 2406.000000
1494.307495 2428.000000
1495.900269 2397.000000
1497.492188 2441.000000
1499.082642 2425.000000
1500.672852 2373.000000
1502.261475 2421.000000
1503.849487 2390.000000
1505.436523 2414.000000
1507.022339 2424.000000
1508.607544 2419.000000
1510.191650 2391.000000
1511.774780 2444.000000
1513.356689 2449.000000
1514.937988 2398.000000
1516.518433 2435.000000
1518.097778 2439.000000
1519.676025 2397.000000
1521.253418 2367.000000
1522.829590 2436.000000
1524.405273 2416.000000
1525.979980 2411.000000
1527.553467 2394.000000
1529.126221 2362.000000
1530.697754 2461.000000
1532.268311 2486.000000
1533.838501 2412.000000
1535.407349 2428.000000
1536.974976 2417.000000
1538.541992 2551.000000
1540.108154 2801.000000
1541.673096 2752.000000
1543.237427 2969.000000
1544.800537 2823.000000
1546.362793 2586.000000
1547.924072 2398.000000
1549.484375 2450.000000
1551.043823 2412.000000
1552.602417 2311.000000
1554.159912 2430.000000
1555.716553 2425.000000
1557.272095 2396.000000
1558.826782 2365.000000
1560.380737 2312.000000
1561.933716 2382.000000
1563.485596 2455.000000
1565.036499 2417.000000
1566.586426 2490.000000
1568.135620 2357.000000
1569.683960 2422.000000
1571.231445 2458.000000
1572.777710 2367.000000
1574.322998 2436.000000
1575.867676 2383.000000
1577.410889 2410.000000
1578.953491 2453.000000
1580.495483 2403.000000
1582.035889 2365.000000
1583.575928 2380.000000
1585.114624 2401.000000
1586.652588 2391.000000
1588.189941 2376.000000
1589.726074 2423.000000
1591.261230 2422.000000
1592.795410 2316.000000
1594.328613 2344.000000
1595.861206 2424.000000
1597.392700 2403.000000
1598.923462 2362.000000
1600.452881 2328.000000
1601.981689 2310.000000
1603.509521 2433.000000
1605.036377 2376.000000
1606.562500 2425.000000
1608.087524 2437.000000
1609.611694 2416.000000
1611.134888 2388.000000
1612.657227 2421.000000
1614.178589 2419.000000
1615.699219 2432.000000
1617.218872 2414.000000
1618.737305 2422.000000
1620.255127 2399.000000
1621.771851 2304.000000
1623.287720 2377.000000
1624.802979 2336.000000
1626.317139 2354.000000
1627.830078 2416.000000
1629.342651 2436.000000
1630.853760 2436.000000
1632.364380 2390.000000
1633.874023 2354.000000
1635.382690 2381.000000
1636.890259 2366.000000
1638.397217 2472.000000
1639.902954 2381.000000
1641.408325 2425.000000
1642.912354 2386.000000
1644.415527 2324.000000
1645.917969 2422.000000
1647.419312 2400.000000
1648.919678 2414.000000
1650.419556 2429.000000
1651.918091 2393.000000
1653.415894 2424.000000
1654.912842 2321.000000
1656.408691 2353.000000
1657.903809 2427.000000
1659.398193 2483.000000
1660.891479 2416.000000
1662.384033 2495.000000
1663.875488 2459.000000
1665.365967 2342.000000
1666.855835 2407.000000
1668.344849 2409.000000
1669.832642 2442.000000
1671.319702 2443.000000
1672.805908 2312.000000
1674.291016 2454.000000
1675.775513 2315.000000
1677.259155 2337.000000
1678.741699 2507.000000
1680.223389 2373.000000
1681.704224 2425.000000
1683.183960 2459.000000
1684.663330 2435.000000
1686.141479 2387.000000
1687.618774 2380.000000
1689.094971 2336.000000
1690.570557 2427.000000
1692.045044 2431.000000
1693.518921 2411.000000
1694.991699 2440.000000
1696.463745 2426.000000
1697.934692 2363.000000
1699.404907 2475.000000
1700.874146 2383.000000
1702.342773 2305.000000
1703.810181 2334.000000
1705.276855 2412.000000
1706.742676 2431.000000
1708.207520 2451.000000
1709.671509 2362.000000
1711.135010 2345.000000
1712.597168 2436.000000
1714.058350 2703.000000
1715.519043 2384.000000
1716.978638 2393.000000
1718.437256 2348.000000
1719.895386 2313.000000
1721.352417 2366.000000
1722.808472 2405.000000
1724.263794 2399.000000
1725.718018 2332.000000
1727.171875 2382.000000
1728.624512 2382.000000
1730.076172 2443.000000
1731.526855 2388.000000
1732.977051 2434.000000
1734.426147 2438.000000
1735.874756 2321.000000
1737.322144 2495.000000
1738.768677 2345.000000
1740.214233 2373.000000
1741.659180 2397.000000
1743.103027 2394.000000
1744.546387 2380.000000
1745.988525 2459.000000
1747.429810 2347.000000
1748.870361 2390.000000
1750.309937 2402.000000
1751.748779 2397.000000
1753.186890 2347.000000
1754.623779 2428.000000
1756.060059 2456.000000
1757.495483 2333.000000
1758.929810 2303.000000
1760.363281 2431.000000
1761.796265 2321.000000
1763.228149 2361.000000
1764.659180 2327.000000
1766.089233 2522.000000
1767.518555 2347.000000
1768.947021 2471.000000
1770.374756 2302.000000
1771.801636 2410.000000
1773.227417 2420.000000
1774.652344 2387.000000
1776.076416 2351.000000
1777.500122 2441.000000
1778.922607 2397.000000
1780.344116 2469.000000
1781.764893 2456.000000
1783.184692 2422.000000
1784.603760 2371.000000
1786.022217 2352.000000
1787.439697 2419.000000
1788.855957 2434.000000
1790.271729 2378.000000
1791.686646 2395.000000
1793.100342 2297.000000
1794.513794 2383.000000
1795.926147 2378.000000
1797.337646 2336.000000
1798.747925 2386.000000
1800.157715 2491.000000
1801.566528 2412.000000
1802.974854 2437.000000
1804.381958 2426.000000
1805.788574 2336.000000
1807.193970 2383.000000
1808.598633 2328.000000
1810.002319 2439.000000
1811.405640 2430.000000
1812.807617 2429.000000
1814.208984 2324.000000
1815.609375 2373.000000
1817.009033 2415.000000
1818.407715 2336.000000
1819.806030 2414.000000
1821.203125 2449.000000
1822.599365 2319.000000
1823.994873 2370.000000
1825.389282 2429.000000
1826.783325 2330.000000
1828.176392 2427.000000
1829.568359 2408.000000
1830.959595 2422.000000
1832.350098 2407.000000
1833.739624 2448.000000
1835.128662 2411.000000
1836.516479 2453.000000
1837.903687 2397.000000
1839.289795 2411.000000
1840.675415 2345.000000
1842.059814 2392.000000
1843.443726 2483.000000
1844.826660 2408.000000
1846.208862 2328.000000
1847.590210 2368.000000
1848.970581 2378.000000
1850.350220 2391.000000
1851.729248 2421.000000
1853.107300 2376.000000
1854.484375 2413.000000
1855.860718 2326.000000
1857.236206 2347.000000
1858.610718 2415.000000
1859.984985 2349.000000
1861.358154 2407.000000
1862.730225 2444.000000
1864.101563 2439.000000
1865.472046 2367.000000
1866.842041 2427.000000
1868.210938 2339.000000
1869.579224 2380.000000
1870.946411 2322.000000
1872.312744 2488.000000
1873.678467 2399.000000
1875.043457 2471.000000
1876.407471 2418.000000
1877.770752 2422.000000
1879.133057 2477.000000
1880.494507 2380.000000
1881.855347 2428.000000
1883.215454 2357.000000
1884.574585 2453.000000
1885.932739 2415.000000
1887.290405 2345.000000
1888.646973 2304.000000
1890.002930 2403.000000
1891.358032 2492.000000
1892.712402 2407.000000
1894.065674 2352.000000
1895.418213 2313.000000
1896.770020 2291.000000
1898.120972 2405.000000
1899.471436 2368.000000
1900.820923 2416.000000
1902.169189 2474.000000
1903.517212 2402.000000
1904.864136 2440.000000
1906.210327 2440.000000
1907.555786 2405.000000
1908.900391 2433.000000
1910.243896 2384.000000
1911.586914 2377.000000
1912.928955 2394.000000
1914.270508 2350.000000
1915.611084 2387.000000
1916.950684 2389.000000
1918.289429 2363.000000
1919.627686 2440.000000
1920.964966 2480.000000
1922.301636 2395.000000
1923.637207 2331.000000
1924.972168 2490.000000
1926.306152 2344.000000
1927.639404 2409.000000
1928.971802 2411.000000
1930.303833 2319.000000
1931.634766 2436.000000
1932.964844 2397.000000
1934.294067 2379.000000
1935.622559 2404.000000
1936.950195 2439.000000
1938.277466 2349.000000
1939.603394 2442.000000
1940.928711 2414.000000
1942.253296 2458.000000
1943.577026 2440.000000
1944.899902 2479.000000
1946.222290 2502.000000
1947.543579 2388.000000
1948.864136 2436.000000
1950.183838 2481.000000
1951.502686 2335.000000
1952.821167 2414.000000
1954.138550 2357.000000
1955.455078 2434.000000
1956.770996 2403.000000
1958.085815 2431.000000
1959.400146 2448.000000
1960.713623 2372.000000
1962.026367 2434.000000
1963.338135 2307.000000
1964.649292 2386.000000
1965.959473 2401.000000
1967.269043 2406.000000
1968.578003 2376.000000
1969.885864 2382.000000
1971.192993 2409.000000
1972.499268 2324.000000
1973.804810 2342.000000
1975.109741 2369.000000
1976.413696 2294.000000
1977.717163 2351.000000
1979.019531 2361.000000
1980.321289 2428.000000
1981.622070 2355.000000
1982.922119 2378.000000
1984.221558 2331.000000
1985.520142 2359.000000
1986.817871 2313.000000
1988.114746 2391.000000
1989.411011 2426.000000
1990.706421 2402.000000
1992.001099 2351.000000
1993.295288 2432.000000
1994.588135 2482.000000
1995.880615 2414.000000
1997.171997 2428.000000
1998.463135 2455.000000
1999.753052 2382.000000
2001.042114 2426.000000
2002.330444 2501.000000
2003.618286 2409.000000
2004.905029 2364.000000
2006.191406 2349.000000
2007.476685 2330.000000
2008.761230 2396.000000
2010.045044 2394.000000
2011.328125 2457.000000
2012.610352 2330.000000
2013.891968 2393.000000
2015.172852 2413.000000
2016.452759 2357.000000
2017.731812 2362.000000
2019.010376 2376.000000
2020.287720 2314.000000
2021.565063 2398.000000
2022.840820 2320.000000
2024.116455 2313.000000
2025.390747 2448.000000
2026.664673 2392.000000
2027.937866 2357.000000
2029.210327 2366.000000
2030.481689 2351.000000
2031.752441 2437.000000
2033.022217 2378.000000
2034.291504 2420.000000
2035.560303 2376.000000
2036.827881 2396.000000
2038.094971 2403.000000
2039.360962 2360.000000
2040.626343 2450.000000
2041.890991 2381.000000
2043.155151 2457.000000
2044.418335 2310.000000
2045.680664 2426.000000
2046.942139 2352.000000
2048.202881 2391.000000
2049.462891 2406.000000
2050.722656 2374.000000
2051.981445 2505.000000
2053.239014 2362.000000
2054.496094 2412.000000
2055.752441 2464.000000
2057.007813 2456.000000
2058.262695 2266.000000
2059.516846 2401.000000
2060.770020 2412.000000
2062.022461 2369.000000
2063.274170 2424.000000
2064.525391 2396.000000
2065.775879 2431.000000
2067.025391 2350.000000
2068.274170 2398.000000
2069.521973 2340.000000
2070.769531 2344.000000
2072.015869 2402.000000
2073.261719 2365.000000
2074.506592 2297.000000
2075.750977 2398.000000
2076.994385 2449.000000
2078.237305 2345.000000
2079.479492 2323.000000
2080.720703 2323.000000
2081.961182 2401.000000
2083.200928 2354.000000
2084.439941 2375.000000
2085.678223 2435.000000
2086.916016 2428.000000
2088.152832 2367.000000
2089.388672 2385.000000
2090.624023 2407.000000
2091.858643 2395.000000
2093.092285 2452.000000
2094.325684 2419.000000
2095.557861 2411.000000
2096.789307 2427.000000
2098.020020 2355.000000
2099.250488 2397.000000
2100.479492 2487.000000
2101.708252 2399.000000
2102.936279 2391.000000
2104.163330 2394.000000
2105.389893 2376.000000
2106.615479 2407.000000
2107.840576 2419.000000
2109.064697 2335.000000
2110.288086 2376.000000
2111.510742 2426.000000
2112.732666 2532.000000
2113.953857 2412.000000
2115.174805 2427.000000
2116.394531 2361.000000
2117.613037 2362.000000
2118.831299 2412.000000
2120.049072 2384.000000
2121.265625 2399.000000
2122.482178 2379.000000
2123.697510 2450.000000
2124.911865 2408.000000
2126.125732 2390.000000
2127.339355 2439.000000
2128.551270 2339.000000
2129.763184 2489.000000
2130.974121 2396.000000
2132.184326 2410.000000
2133.393799 2342.000000
2134.602539 2384.000000
2135.810547 2384.000000
2137.018311 2409.000000
2138.224609 2385.000000
2139.430664 2409.000000
2140.635498 2397.000000
2141.839844 2421.000000
2143.043457 2303.000000
2144.246338 2303.000000
2145.448730 2460.000000
2146.650146 2404.000000
2147.850830 2471.000000
2149.051025 2498.000000
2150.250000 2414.000000
2151.448975 2294.000000
2152.646973 2461.000000
2153.843750 2458.000000
2155.040283 2420.000000
2156.236084 2449.000000
2157.431152 2405.000000
2158.625244 2359.000000
2159.818604 2406.000000
2161.011475 2365.000000
2162.203613 2383.000000
2163.394775 2450.000000
2164.585693 2371.000000
2165.775635 2389.000000
2166.964600 2371.000000
2168.153076 2398.000000
2169.340576 2366.000000
2170.527832 2432.000000
2171.714355 2423.000000
2172.900146 2371.000000
2174.084717 2413.000000
2175.269043 2377.000000
2176.452148 2349.000000
2177.634766 2388.000000
2178.817139 2371.000000
2179.998535 2339.000000
2181.179199 2400.000000
2182.358887 2328.000000
2183.537842 2389.000000
2184.716309 2366.000000
2185.894287 2331.000000
2187.071533 2402.000000
2188.247314 2361.000000
2189.423096 2351.000000
2190.597900 2373.000000
2191.772217 2394.000000
2192.945557 2353.000000
2194.118164 2328.000000
2195.290283 2411.000000
2196.461426 2376.000000
2197.632324 2400.000000
2198.802490 2455.000000
2199.971436 2414.000000
2201.139893 2463.000000
2202.307617 2496.000000
2203.474609 2457.000000
2204.641113 2438.000000
2205.806885 2441.000000
2206.971680 2415.000000
2208.135986 2393.000000
2209.299316 2512.000000
2210.462402 2393.000000
2211.624268 2411.000000
2212.785889 2431.000000
2213.946289 2415.000000
2215.106689 2420.000000
2216.265869 2435.000000
2217.424316 2422.000000
2218.582275 2419.000000
2219.739746 2390.000000
2220.895996 2362.000000
2222.051758 2440.000000
2223.206787 2372.000000
2224.361328 2443.000000
2225.514893 2374.000000
2226.667725 2470.000000
2227.820313 2490.000000
2228.971924 2342.000000
2230.122559 2415.000000
2231.272705 2436.000000
2232.422363 2357.000000
2233.571289 2345.000000
2234.719482 2449.000000
2235.866699 2408.000000
2237.013428 2414.000000
2238.159424 2415.000000
2239.304688 2415.000000
2240.449219 2487.000000
2241.593018 2446.000000
2242.736328 2472.000000
2243.878662 2439.000000
2245.020508 2343.000000
2246.161865 2400.000000
2247.302246 2428.000000
2248.442139 2405.000000
2249.581055 2436.000000
2250.719482 2422.000000
2251.856934 2449.000000
2252.994141 2473.000000
2254.130127 2378.000000
2255.266113 2381.000000
2256.400635 2401.000000
2257.534912 2350.000000
2258.668457 2428.000000
2259.801270 2381.000000
2260.933350 2467.000000
2262.064941 2379.000000
2263.195557 2434.000000
2264.325684 2377.000000
2265.455322 2391.000000
2266.583984 2363.000000
2267.711914 2366.000000
2268.839111 2386.000000
2269.965576 2523.000000
2271.091553 2452.000000
2272.217285 2403.000000
2273.341797 2442.000000
2274.465576 2410.000000
2275.588623 2479.000000
2276.711182 2493.000000
2277.833008 2392.000000
2278.954346 2397.000000
2280.074463 2400.000000
2281.194336 2435.000000
2282.313477 2435.000000
2283.431885 2441.000000
2284.549561 2356.000000
2285.666748 2421.000000
2286.783203 2355.000000
2287.898926 2403.000000
2289.013672 2368.000000
2290.128174 2430.000000
2291.241699 2463.000000
2292.354736 2479.000000
2293.467041 2435.000000
2294.578369 2418.000000
2295.689453 2397.000000
2296.799805 2459.000000
2297.909180 2435.000000
2299.018311 2455.000000
2300.126465 2412.000000
2301.234131 2379.000000
2302.340820 2431.000000
2303.447021 2427.000000
2304.552734 2366.000000
2305.657471 2345.000000
2306.761719 2320.000000
2307.864990 2364.000000
2308.968018 2448.000000
2310.070068 2353.000000
2311.171875 2407.000000
2312.272705 2354.000000
2313.372559 2444.000000
2314.472168 2366.000000
2315.571045 2415.000000
2316.668701 2386.000000
2317.766602 2426.000000
2318.863281 2318.000000
2319.959229 2433.000000
2321.054688 2471.000000
2322.149414 2322.000000
2323.243408 2334.000000
2324.337402 2414.000000
2325.429932 2455.000000
2326.521729 2275.000000
2327.613281 2384.000000
2328.703857 2346.000000
2329.793945 2450.000000
2330.883545 2419.000000
2331.972168 2410.000000
2333.060303 2357.000000
2334.147461 2409.000000
2335.234619 2376.000000
2336.320801 2395.000000
2337.406006 2422.000000
2338.490723 2423.000000
2339.574951 2347.000000
2340.658203 2456.000000
2341.740967 2399.000000
2342.822754 2388.000000
2343.904541 2376.000000
2344.985352 2399.000000
2346.065430 2428.000000
2347.144531 2411.000000
2348.223389 2460.000000
2349.301758 2356.000000
2350.379150 2367.000000
2351.455811 2380.000000
2352.531982 2319.000000
2353.607422 2390.000000
2354.682129 2438.000000
2355.756592 2363.000000
2356.830078 2434.000000
2357.902832 2439.000000
2358.974854 2429.000000
2360.046631 2401.000000
2361.117432 2448.000000
2362.187744 2365.000000
2363.257324 2460.000000
2364.325928 2404.000000
2365.394287 2402.000000
2366.461914 2349.000000
2367.528809 2386.000000
2368.594971 2393.000000
2369.660645 2473.000000
2370.725586 2380.000000
2371.790039 2414.000000
2372.853516 2405.000000
2373.916748 2443.000000
2374.979248 2472.000000
2376.040771 2385.000000
2377.101807 2372.000000
2378.162109 2410.000000
2379.221924 2346.000000
2380.281250 2336.000000
2381.339600 2406.000000
2382.397461 2345.000000
2383.454346 2472.000000
2384.510986 2357.000000
2385.566650 2418.000000
2386.622070 2449.000000
2387.676758 2435.000000
2388.730225 2481.000000
2389.783447 2407.000000
2390.836182 2345.000000
2391.887939 2419.000000
2392.939453 2366.000000
2393.989990 2443.000000
2395.040039 2458.000000
2396.089355 2391.000000
2397.138184 2351.000000
2398.186279 2358.000000
2399.233643 2388.000000
2400.280518 2414.000000
2401.326172 2368.000000
2402.372070 2419.000000
2403.416748 2420.000000
2404.461182 2424.000000
2405.504883 2365.000000
2406.547607 2426.000000
2407.589844 2408.000000
2408.631592 2560.000000
2409.672363 2392.000000
2410.712891 2391.000000
2411.752686 2380.000000
2412.791748 2437.000000
2413.830078 2510.000000
2414.867920 2437.000000
2415.905029 2474.000000
2416.941406 2349.000000
2417.977295 2440.000000
2419.012695 2478.000000
2420.047119 2474.000000
2421.081055 2540.000000
2422.114258 2399.000000
2423.147217 2369.000000
2424.179199 2420.000000
2425.210449 2397.000000
2426.241455 2433.000000
2427.271484 2418.000000
2428.300781 2394.000000
2429.329834 2461.000000
2430.358154 2356.000000
2431.385742 2439.000000
2432.412354 2345.000000
2433.438965 2354.000000
2434.464355 2367.000000
2435.489746 2429.000000
2436.513916 2459.000000
2437.537842 2383.000000
2438.560547 2438.000000
2439.583252 2347.000000
2440.605469 2404.000000
2441.626465 2406.000000
2442.647217 2432.000000
2443.666992 2398.000000
2444.686523 2386.000000
2445.705078 2412.000000
2446.723633 2428.000000
2447.740967 2493.000000
2448.758057 2413.000000
2449.773926 2350.000000
2450.789551 2452.000000
2451.804443 2448.000000
2452.819092 2314.000000
2453.832520 2380.000000
2454.845459 2409.000000
2455.857910 2400.000000
2456.869873 2453.000000
2457.881104 2356.000000
2458.891846 2460.000000
2459.901611 2422.000000
2460.911133 2429.000000
2461.919678 2471.000000
2462.927490 2441.000000
2463.935059 2441.000000
2464.942139 2416.000000
2465.948242 2423.000000
2466.953613 2439.000000
2467.958740 2386.000000
2468.963135 2411.000000
2469.966797 2497.000000
2470.969971 2416.000000
2471.972412 2411.000000
2472.974121 2386.000000
2473.975342 2427.000000
2474.976074 2443.000000
2475.976074 2424.000000
2476.975342 2375.000000
2477.973877 2477.000000
2478.972168 2414.000000
2479.969482 2440.000000
2480.966553 2409.000000
2481.962891 2391.000000
2482.958252 2442.000000
2483.953369 2353.000000
2484.947998 2445.000000
2485.941650 2487.000000
2486.934814 2472.000000
2487.927246 2424.000000
2488.919434 2370.000000
2489.910889 2410.000000
2490.901611 2467.000000
2491.891602 2453.000000
2492.880859 2470.000000
2493.870117 2448.000000
2494.857910 2442.000000
2495.845703 2448.000000
2496.832764 2407.000000
2497.819336 2370.000000
2498.805176 2461.000000
2499.790039 2416.000000
2500.775146 2376.000000
2501.758789 2410.000000
2502.742188 2357.000000
2503.724609 2468.000000
2504.707031 2408.000000
2505.688232 2426.000000
2506.669189 2345.000000
2507.649902 2384.000000
2508.629395 2401.000000
2509.608887 2484.000000
2510.587158 2449.000000
2511.565186 2395.000000
2512.542236 2482.000000
2513.518799 2439.000000
2514.494873 2421.000000
2515.469971 2379.000000
2516.444824 2388.000000
2517.419189 2445.000000
2518.392578 2407.000000
2519.366455 2452.000000
2520.338623 2427.000000
2521.310303 2422.000000
2522.281494 2392.000000
2523.251953 2452.000000
2524.221924 2432.000000
2525.191406 2446.000000
2526.160156 2432.000000
2527.128418 2437.000000
2528.095947 2432.000000
2529.062500 2450.000000
2530.029541 2489.000000
2530.995361 2409.000000
2531.960205 2404.000000
2532.924805 2438.000000
2533.888916 2365.000000
2534.852539 2419.000000
2535.814941 2407.000000
2536.776855 2497.000000
2537.738525 2416.000000
2538.698975 2366.000000
2539.659668 2398.000000
2540.619385 2446.000000
2541.578613 2435.000000
2542.537598 2429.000000
2543.495117 2536.000000
2544.452637 2360.000000
2545.409424 2401.000000
2546.365234 2390.000000
2547.321045 2370.000000
2548.275879 2317.000000
2549.230469 2478.000000
2550.184326 2388.000000
2551.137207 2438.000000
2552.089844 2412.000000
2553.042236 2476.000000
2553.993408 2429.000000
2554.944580 2473.000000
2555.894775 2426.000000
2556.844238 2577.000000
2557.793213 2450.000000
2558.741699 2491.000000
2559.689453 2508.000000
2560.636719 2453.000000
2561.583252 2355.000000
2562.529785 2400.000000
2563.475586 2523.000000
2564.420410 2393.000000
2565.364258 2487.000000
2566.308350 2412.000000
2567.251465 2465.000000
2568.193848 2459.000000
2569.135498 2435.000000
2570.077148 2467.000000
2571.018066 2429.000000
2571.958008 2358.000000
2572.897461 2423.000000
2573.836426 2575.000000
2574.775146 2406.000000
2575.713135 2331.000000
2576.650391 2477.000000
2577.586914 2471.000000
2578.522949 2414.000000
2579.458740 2437.000000
2580.393311 2426.000000
2581.327881 2414.000000
2582.261230 2410.000000
2583.194580 2420.000000
2584.127197 2343.000000
2585.059082 2437.000000
2585.991211 2442.000000
2586.921875 2494.000000
2587.852295 2446.000000
2588.781494 2423.000000
2589.710938 2476.000000
2590.639404 2397.000000
2591.566895 2484.000000
2592.494385 2473.000000
2593.421143 2498.000000
2594.347412 2433.000000
2595.272705 2447.000000
2596.197998 2465.000000
2597.122803 2434.000000
2598.046387 2417.000000
2598.969971 2440.000000
2599.892578 2391.000000
2600.814697 2404.000000
2601.736084 2356.000000
2602.657227 2462.000000
2603.577393 2444.000000
2604.497070 2364.000000
2605.416260 2454.000000
2606.334961 2482.000000
2607.253418 2477.000000
2608.171143 2393.000000
2609.087891 2450.000000
2610.004395 2389.000000
2610.920166 2485.000000
2611.835205 2399.000000
2612.749756 2499.000000
2613.663818 2400.000000
2614.577393 2495.000000
2615.490234 2448.000000
2616.402588 2436.000000
2617.314209 2436.000000
2618.225830 2449.000000
2619.136719 2459.000000
2620.046631 2408.000000
2620.956299 2440.000000
2621.865234 2441.000000
2622.773193 2383.000000
2623.681152 2450.000000
2624.588623 2457.000000
2625.494873 2429.000000
2626.401123 2396.000000
2627.306885 2359.000000
2628.211670 2529.000000
2629.116211 2432.000000
2630.020264 2454.000000
2630.923096 2430.000000
2631.826172 2420.000000
2632.728027 2439.000000
2633.629395 2433.000000
2634.530518 2401.000000
2635.430664 2404.000000
2636.330811 2425.000000
2637.229736 2434.000000
2638.128662 2386.000000
2639.027344 2459.000000
2639.925049 2416.000000
2640.822021 2375.000000
2641.718262 2414.000000
2642.613770 2390.000000
2643.509033 2431.000000
2644.404297 2465.000000
2645.298584 2475.000000
2646.192139 2493.000000
2647.084961 2416.000000
2647.977783 2498.000000
2648.869629 2451.000000
2649.761475 2383.000000
2650.652344 2431.000000
2651.542725 2413.000000
2652.432617 2457.000000
2653.321289 2383.000000
2654.210205 2351.000000
2655.098145 2436.000000
2655.985596 2402.000000
2656.872803 2440.000000
2657.758789 2438.000000
2658.644775 2467.000000
2659.530518 2416.000000
2660.415039 2478.000000
2661.299072 2424.000000
2662.183105 2426.000000
2663.065918 2459.000000
2663.948242 2432.000000
2664.830566 2410.000000
2665.711426 2440.000000
2666.592529 2453.000000
2667.472656 2467.000000
2668.352539 2513.000000
2669.231934 2469.000000
2670.110596 2425.000000
2670.988770 2458.000000
2671.866455 2448.000000
2672.743408 2566.000000
2673.619629 2439.000000
2674.495605 2387.000000
2675.370850 2457.000000
2676.245605 2440.000000
2677.119629 2373.000000
2677.993408 2371.000000
2678.866455 2506.000000
2679.739258 2399.000000
2680.611328 2508.000000
2681.482910 2472.000000
2682.353760 2495.000000
2683.224609 2430.000000
2684.094238 2412.000000
2684.963379 2462.000000
2685.832275 2472.000000
2686.700439 2464.000000
2687.568115 2512.000000
2688.435059 2505.000000
2689.301758 2617.000000
2690.168457 2421.000000
2691.033691 2426.000000
2691.898193 2432.000000
2692.762939 2423.000000
2693.626465 2408.000000
2694.489990 2452.000000
2695.352539 2470.000000
2696.214600 2417.000000
2697.076416 2431.000000
2697.937744 2416.000000
2698.798340 2414.000000
2699.658203 2472.000000
2700.518311 2508.000000
2701.377197 2427.000000
2702.235352 2486.000000
2703.093262 2486.000000
2703.950684 2458.000000
2704.807617 2466.000000
2705.663818 2416.000000
2706.519287 2486.000000
2707.374756 2448.000000
2708.229248 2398.000000
2709.083740 2472.000000
2709.937500 2489.000000
2710.790283 2445.000000
2711.643066 2493.000000
2712.495117 2489.000000
2713.346436 2341.000000
2714.197266 2456.000000
2715.047607 2471.000000
2715.897461 2455.000000
2716.746338 2396.000000
2717.595459 2476.000000
2718.443848 2510.000000
2719.291504 2422.000000
2720.139404 2476.000000
2720.985840 2440.000000
2721.831787 2488.000000
2722.677246 2653.000000
2723.522705 2456.000000
2724.366699 2480.000000
2725.211182 2437.000000
2726.054443 2488.000000
2726.897217 2438.000000
2727.739502 2529.000000
2728.581543 2522.000000
2729.422607 2426.000000
2730.264160 2405.000000
2731.104248 2477.000000
2731.943848 2463.000000
2732.783447 2430.000000
2733.622070 2458.000000
2734.460449 2516.000000
2735.298096 2412.000000
2736.134521 2483.000000
2736.971436 2553.000000
2737.807617 2430.000000
2738.643066 2473.000000
2739.478760 2561.000000
2740.312988 2494.000000
2741.147217 2519.000000
2741.980225 2445.000000
2742.813232 2444.000000
2743.645752 2458.000000
2744.477539 2401.000000
2745.309082 2422.000000
2746.139648 2479.000000
2746.969971 2493.000000
2747.799561 2426.000000
2748.629150 2466.000000
2749.458252 2425.000000
2750.286621 2434.000000
2751.114258 2447.000000
2751.941162 2392.000000
2752.768066 2393.000000
2753.593994 2507.000000
2754.419678 2376.000000
2755.244873 2447.000000
2756.069336 2373.000000
2756.893555 2487.000000
2757.717041 2438.000000
2758.540527 2489.000000
2759.363281 2430.000000
2760.185059 2431.000000
2761.006592 2467.000000
2761.827637 2485.000000
2762.647949 2492.000000
2763.467773 2453.000000
2764.287354 2475.000000
2765.106445 2467.000000
2765.924561 2531.000000
2766.742432 2362.000000
2767.559814 2470.000000
2768.377197 2451.000000
2769.193848 2418.000000
2770.009521 2467.000000
2770.824951 2493.000000
2771.639648 2429.000000
2772.453857 2455.000000
2773.267822 2412.000000
2774.081055 2430.000000
2774.893799 2431.000000
2775.706299 2527.000000
2776.517822 2479.000000
2777.328857 2376.000000
2778.140381 2505.000000
2778.950439 2478.000000
2779.760254 2492.000000
2780.569580 2464.000000
2781.378174 2493.000000
2782.186523 2479.000000
2782.994385 2470.000000
2783.801270 2440.000000
2784.607910 2500.000000
2785.414307 2531.000000
2786.219727 2431.000000
2787.025391 2468.000000
2787.830322 2477.000000
2788.634277 2444.000000
2789.437988 2480.000000
2790.240967 2386.000000
2791.043701 2437.000000
2791.845703 2475.000000
2792.647461 2501.000000
2793.448242 2405.000000
2794.249268 2529.000000
2795.049561 2472.000000
2795.849365 2460.000000
2796.648438 2454.000000
2797.447266 2558.000000
2798.245605 2411.000000
2799.043457 2434.000000
2799.840576 2496.000000
2800.637207 2393.000000
2801.433350 2469.000000
2802.229004 2515.000000
2803.023926 2437.000000
2803.818848 2425.000000
2804.613037 2483.000000
2805.406738 2426.000000
2806.200439 2480.000000
2806.992676 2411.000000
2807.785156 2479.000000
2808.576660 2454.000000
2809.367920 2469.000000
2810.158691 2461.000000
2810.948730 2515.000000
2811.738525 2512.000000
2812.527588 2492.000000
2813.316406 2404.000000
2814.104492 2411.000000
2814.893066 2474.000000
2815.680176 2438.000000
2816.467285 2521.000000
2817.253418 2458.000000
2818.039307 2419.000000
2818.824463 2537.000000
2819.609375 2480.000000
2820.393311 2536.000000
2821.177490 2496.000000
2821.960693 2443.000000
2822.743652 2527.000000
2823.526123 2517.000000
2824.308350 2378.000000
2825.089600 2509.000000
2825.870605 2463.000000
2826.651123 2503.000000
2827.430908 2512.000000
2828.210693 2477.000000
2828.989502 2632.000000
2829.767822 2479.000000
2830.546143 2576.000000
2831.323486 2482.000000
2832.100586 2451.000000
2832.876953 2450.000000
2833.653564 2459.000000
2834.428955 2361.000000
2835.204346 2502.000000
2835.978516 2502.000000
2836.752930 2449.000000
2837.526855 2467.000000
2838.299561 2455.000000
2839.072510 2509.000000
2839.844727 2477.000000
2840.616455 2523.000000
2841.387939 2522.000000
2842.159180 2428.000000
2842.929443 2498.000000
2843.699219 2442.000000
2844.468262 2547.000000
2845.237305 2541.000000
2846.005859 2509.000000
2846.773438 2461.000000
2847.541016 2470.000000
2848.308350 2479.000000
2849.074707 2510.000000
2849.840576 2408.000000
2850.605957 2463.000000
2851.371826 2577.000000
2852.136230 2464.000000
2852.900635 2514.000000
2853.664063 2462.000000
2854.427246 2448.000000
2855.190186 2518.000000
2855.952148 2465.000000
2856.713867 2457.000000
2857.475586 2421.000000
2858.236084 2496.000000
2858.996826 2478.000000
2859.756592 2564.000000
2860.516113 2532.000000
2861.275391 2448.000000
2862.033447 2468.000000
2862.791504 2488.000000
2863.549316 2477.000000
2864.306152 2493.000000
2865.062988 2445.000000
2865.818848 2494.000000
2866.574463 2425.000000
2867.329834 2510.000000
2868.084473 2506.000000
2868.839600 2459.000000
2869.593018 2549.000000
2870.346680 2539.000000
2871.099365 2525.000000
2871.852051 2501.000000
2872.603760 2447.000000
2873.355469 2503.000000
2874.106201 2551.000000
2874.856934 2602.000000
2875.606934 2556.000000
2876.356689 2582.000000
2877.105713 2672.000000
2877.855225 2628.000000
2878.603271 2724.000000
2879.351318 2702.000000
2880.098145 2674.000000
2880.845459 2630.000000
2881.591797 2676.000000
2882.337646 2621.000000
2883.083008 2517.000000
2883.828369 2525.000000
2884.572754 2541.000000
2885.316895 2554.000000
2886.061279 2627.000000
2886.804443 2583.000000
2887.547363 2539.000000
2888.289551 2476.000000
2889.031250 2500.000000
2889.772705 2560.000000
2890.513672 2483.000000
2891.254150 2547.000000
2891.994141 2437.000000
2892.733643 2536.000000
2893.473145 2609.000000
2894.211670 2475.000000
2894.950439 2552.000000
2895.688232 2475.000000
2896.425537 2489.000000
2897.162354 2450.000000
2897.898926 2519.000000
2898.634766 2465.000000
2899.370605 2462.000000
2900.105469 2459.000000
2900.840088 2424.000000
2901.574219 2571.000000
2902.308350 2512.000000
2903.041504 2529.000000
2903.774658 2507.000000
2904.507324 2505.000000
2905.239258 2516.000000
2905.970703 2552.000000
2906.701660 2552.000000
