scanname Scan043
timestamp 2024-03-06 21:13:30
ccdbias 993.686035
ccdgain 4.313516
sigmaread 9.885917
laserwavenum 0.066046
wavenumcorrection -0.787078
scancount 12
totalexposurems 900
singleexposurems 75
measurementstate Unknown
scanmode Auto
snr 391.479584 18.278688 5.210506
replacelist 0
peaks 16
318.556915 0.477114 0.000000 0.539627 0.000084
358.287750 0.473148 0.000000 0.379833 0.000075
384.437378 0.465050 0.000000 0.297094 0.000070
866.789673 0.388313 0.000000 0.158727 0.000014
1009.907715 0.495171 0.000000 0.391743 0.000024
1013.666504 0.486772 0.000000 0.491604 0.000147
1024.974854 0.490723 0.000000 0.564101 0.000038
1108.438721 0.747556 0.000000 0.146175 0.000028
1261.620361 1.407140 0.000000 0.849790 0.000598
1326.776855 2.342902 0.000000 0.526361 0.000394
1343.673828 3.040939 0.000000 0.087247 0.000055
1381.674316 2.929298 0.000000 4.673679 0.002939
1517.954346 2.358835 0.000000 0.073609 0.000091
1532.304688 2.369073 0.000000 0.243869 0.000409
1662.482422 2.107389 0.000000 0.057063 0.000057
1693.617310 2.039736 0.000000 0.056223 0.000079
finalresult GLS_Single 1
A3930	Zirconium(IV) silicate	5.084143e-002
spectrum 2048
-92.888550 0.114649
-90.284401 0.115225
-87.682022 0.271602
-85.081390 0.195596
-82.482513 0.209548
-79.885384 0.243849
-77.290016 0.227557
-74.696396 0.372693
-72.104515 0.323775
-69.514389 0.238321
-66.926003 0.278765
-64.339371 0.305871
-61.754471 0.240050
-59.171314 0.326510
-56.589901 0.188937
-54.010220 0.276190
-51.432278 0.323537
-48.856071 0.326143
-46.281597 0.257628
-43.708851 0.315654
-41.137844 0.262111
-38.568558 0.266337
-36.001003 0.290006
-33.435169 0.006208
-30.871067 0.004367
-28.308681 0.004546
-25.748026 0.005633
-23.189091 0.007049
-20.631865 0.008450
-18.076357 0.011701
-15.522574 0.018157
-12.970504 0.035817
-10.420139 0.074012
-7.871487 0.164138
-5.324551 0.466818
-2.779324 0.904246
-0.235796 1.018256
2.306025 1.052067
4.846135 0.822043
7.384542 0.383629
9.921255 0.186808
12.456269 0.193971
14.989576 0.273597
17.521189 0.287147
20.051109 0.274617
22.579338 0.286847
25.105867 0.283536
27.630701 0.286177
30.153858 0.278301
32.675323 0.317996
35.195107 0.331739
37.713184 0.266602
40.229591 0.266788
42.744316 0.241947
45.257347 0.273068
47.768711 0.296833
50.278400 0.326099
52.786407 0.313868
55.292744 0.244520
57.797386 0.339965
60.300377 0.304615
62.801693 0.296629
65.301323 0.428091
67.799301 0.400753
70.295609 0.293876
72.790260 0.328101
75.283234 0.389455
77.774536 0.315598
80.264191 -0.012307
82.752197 0.285030
85.238510 0.236261
87.723190 0.449072
90.206215 0.181956
92.687584 0.228063
95.167290 0.328190
97.645348 0.366533
100.121758 0.219844
102.596535 0.259949
105.069626 0.452020
107.541092 0.356211
110.010918 0.382788
112.479095 0.253575
114.945648 0.185568
117.410530 0.490263
119.873787 0.318660
122.335411 0.287019
124.795395 0.325538
127.253738 0.287091
129.710449 0.464423
132.165543 0.454879
134.618988 0.362592
137.070801 0.402288
139.520996 0.382228
141.969559 0.367327
144.416504 0.309597
146.861816 0.375383
149.305527 0.379016
151.747589 0.373755
154.188034 0.380312
156.626862 0.396148
159.064102 0.370679
161.499680 0.363054
163.933655 0.381358
166.366043 0.362989
168.796799 0.360515
171.225937 0.370191
173.653488 0.363655
176.079422 0.366313
178.503723 0.366045
180.926453 0.364793
183.347580 0.365703
185.767090 0.365259
188.185013 0.374804
190.601318 0.374338
193.016037 0.374493
195.429153 0.374228
197.840683 0.381499
200.250610 0.378053
202.658936 0.383826
205.065689 0.384001
207.470825 0.385873
209.874374 0.381510
212.276367 0.382575
214.676743 0.382438
217.075531 0.384719
219.472794 0.383422
221.868393 0.384797
224.262482 0.385415
226.654938 0.386168
229.045822 0.387467
231.435165 0.386055
233.822906 0.387629
236.209076 0.389336
238.593658 0.393404
240.976685 0.391381
243.358170 0.396029
245.738037 0.397499
248.116333 0.395131
250.493103 0.396398
252.868271 0.399498
255.241882 0.400612
257.613953 0.399433
259.984467 0.405112
262.353394 0.408844
264.720764 0.408538
267.086578 0.412440
269.450867 0.415901
271.813568 0.418327
274.174713 0.419845
276.534332 0.424821
278.892365 0.425828
281.248871 0.432103
283.603790 0.432134
285.957184 0.438356
288.309113 0.440022
290.659393 0.441109
293.008118 0.444716
295.355408 0.446462
297.701080 0.451692
300.045258 0.453755
302.387817 0.458191
304.728912 0.461301
307.068451 0.467278
309.406464 0.468886
311.742950 0.472903
314.077881 0.474252
316.411285 0.477659
318.743164 0.478913
321.073517 0.474238
323.402313 0.477510
325.729614 0.471591
328.055389 0.474355
330.379639 0.471951
332.702393 0.469667
335.023621 0.468306
337.343292 0.467096
339.661438 0.464717
341.978088 0.468695
344.293213 0.465089
346.606842 0.467767
348.919006 0.465423
351.229584 0.470133
353.538666 0.471866
355.846252 0.472743
358.152313 0.476150
360.456879 0.471929
362.759979 0.467899
365.061462 0.469663
367.361542 0.468707
369.660095 0.467080
371.957123 0.467226
374.252747 0.465223
376.546753 0.464698
378.839325 0.466715
381.130402 0.465195
383.419952 0.463427
385.708038 0.465807
387.994568 0.463715
390.279724 0.461987
392.563324 0.460863
394.845428 0.458582
397.126007 0.453412
399.405182 0.448984
401.682861 0.446017
403.959045 0.440726
406.233734 0.435197
408.506958 0.431466
410.778656 0.429673
413.048889 0.429019
415.317719 0.428091
417.584961 0.421863
419.850800 0.423076
422.115204 0.420670
424.378021 0.416788
426.639465 0.416490
428.899384 0.415361
431.157837 0.416024
433.414886 0.415327
435.670410 0.415572
437.924530 0.416455
440.177094 0.413645
442.428253 0.415450
444.677979 0.414618
446.926147 0.411535
449.172913 0.409323
451.418243 0.409207
453.662048 0.409838
455.904480 0.408062
458.145416 0.409342
460.384857 0.407429
462.622894 0.406209
464.859528 0.405400
467.094696 0.402334
469.328308 0.399113
471.560608 0.396549
473.791382 0.401040
476.020660 0.397857
478.248657 0.396033
480.475098 0.394840
482.700073 0.394475
484.923767 0.394457
487.145844 0.392099
489.366486 0.391079
491.585846 0.392442
493.803650 0.392884
496.020020 0.392191
498.235077 0.391653
500.448578 0.392039
502.660614 0.392552
504.871368 0.394415
507.080566 0.393563
509.288483 0.396161
511.494812 0.394710
513.699707 0.394207
515.903381 0.396218
518.105469 0.393049
520.306091 0.393279
522.505493 0.395033
524.703308 0.393434
526.899658 0.392708
529.094788 0.394416
531.288391 0.394766
533.480469 0.395112
535.671326 0.393116
537.860718 0.392852
540.048584 0.391706
542.235291 0.394181
544.420349 0.393389
546.604004 0.394305
548.786499 0.392350
550.967407 0.392556
553.146851 0.394382
555.325012 0.394856
557.501709 0.391949
559.676941 0.394070
561.850952 0.395733
564.023499 0.393101
566.194519 0.390183
568.364380 0.391037
570.532654 0.390150
572.699524 0.388516
574.865112 0.392164
577.029236 0.391686
579.192139 0.389829
581.353455 0.390598
583.513428 0.387903
585.672058 0.388732
587.829224 0.392863
589.984985 0.389114
592.139526 0.391005
594.292480 0.390398
596.444153 0.391221
598.594543 0.392629
600.743408 0.390947
602.890930 0.392734
605.037109 0.389546
607.181885 0.390544
609.325256 0.391780
611.467468 0.392041
613.607971 0.392829
615.747192 0.393367
617.885254 0.394123
620.021790 0.394921
622.156921 0.393885
624.290771 0.394807
626.423218 0.394434
628.554321 0.396915
630.684082 0.395119
632.812378 0.393697
634.939331 0.396467
637.065063 0.395637
639.189270 0.396789
641.312195 0.395212
643.433838 0.396620
645.553955 0.395064
647.672913 0.393627
649.790344 0.394587
651.906555 0.396588
654.021362 0.396563
656.134766 0.395231
658.246765 0.393557
660.357666 0.395701
662.466980 0.393749
664.575073 0.392550
666.681763 0.390231
668.787109 0.389609
670.891052 0.391293
672.993835 0.391358
675.095093 0.390604
677.195129 0.388838
679.293823 0.387630
681.391052 0.388417
683.487000 0.385242
685.581787 0.391098
687.675049 0.386771
689.766968 0.384828
691.857666 0.381591
693.946960 0.385051
696.034851 0.384643
698.121582 0.384641
700.206970 0.385371
702.290833 0.382300
704.373596 0.385550
706.455017 0.384331
708.534912 0.386161
710.613708 0.383671
712.690979 0.385621
714.767212 0.385307
716.841919 0.385122
718.915283 0.386880
720.987427 0.386015
723.058228 0.384171
725.127625 0.384583
727.195862 0.383252
729.262634 0.382211
731.328186 0.381936
733.392395 0.384582
735.455322 0.382413
737.516846 0.382206
739.577271 0.381601
741.636169 0.382924
743.693787 0.383236
745.750244 0.382777
747.805298 0.382230
749.859009 0.382966
751.911560 0.382018
753.962708 0.382873
756.012451 0.381516
758.061157 0.380929
760.108337 0.379467
762.154236 0.384391
764.199036 0.380914
766.242371 0.380783
768.284424 0.381676
770.325256 0.382438
772.364685 0.379005
774.402893 0.378912
776.439880 0.379538
778.475525 0.377950
780.509888 0.378243
782.542908 0.379573
784.574707 0.380322
786.605225 0.381397
788.634338 0.379855
790.662231 0.378435
792.688965 0.380312
794.714233 0.379097
796.738342 0.381997
798.761169 0.384753
800.782593 0.380829
802.802856 0.380104
804.821899 0.378275
806.839600 0.381278
808.855896 0.375232
810.870972 0.379814
812.884949 0.378287
814.897583 0.378176
816.908813 0.378442
818.919006 0.378363
820.927795 0.377425
822.935364 0.380778
824.941589 0.380711
826.946533 0.377520
828.950378 0.379223
830.952820 0.378848
832.953979 0.377732
834.953979 0.382209
836.952637 0.380323
838.950073 0.379820
840.946350 0.379940
842.941162 0.381693
844.934753 0.383056
846.927307 0.384844
848.918396 0.380733
850.908264 0.383361
852.896973 0.385570
854.884338 0.385860
856.870361 0.384537
858.855408 0.389223
860.838989 0.388642
862.821411 0.389691
864.802612 0.390030
866.782532 0.388445
868.761047 0.387421
870.738647 0.386005
872.714783 0.387350
874.689636 0.387662
876.663513 0.388902
878.635925 0.386085
880.607056 0.384843
882.577148 0.389966
884.545837 0.389504
886.513306 0.388828
888.479675 0.390869
890.444641 0.389771
892.408569 0.390955
894.371155 0.391557
896.332458 0.391575
898.292664 0.389940
900.251526 0.392850
902.209167 0.392978
904.165649 0.395145
906.120789 0.397062
908.074707 0.397656
910.027588 0.397907
911.979126 0.397694
913.929382 0.398977
915.878479 0.399248
917.826416 0.403002
919.773010 0.401864
921.718567 0.405420
923.662720 0.403582
925.605652 0.406003
927.547546 0.405072
929.488098 0.405669
931.427429 0.408646
933.365601 0.405211
935.302551 0.410381
937.238281 0.411125
939.172791 0.415115
941.106079 0.410628
943.038147 0.415313
944.969055 0.415332
946.898743 0.418216
948.827393 0.417039
950.754578 0.415268
952.680603 0.421300
954.605591 0.420783
956.529236 0.423497
958.451599 0.429269
960.372925 0.425913
962.292969 0.426446
964.211792 0.429420
966.129578 0.433294
968.046021 0.435181
969.961182 0.433355
971.875366 0.437936
973.788269 0.438258
975.699951 0.440304
977.610535 0.445547
979.519775 0.444596
981.427856 0.442140
983.334900 0.446804
985.240601 0.448674
987.145142 0.449182
989.048645 0.451933
990.950745 0.456632
992.851685 0.457309
994.751648 0.455206
996.650208 0.462299
998.547668 0.463829
1000.444031 0.466225
1002.339111 0.470082
1004.233032 0.471243
1006.125916 0.476942
1008.017334 0.480235
1009.907715 0.490456
1011.796936 0.485475
1013.684998 0.487636
1015.571899 0.482284
1017.457642 0.486465
1019.342102 0.486696
1021.225525 0.488346
1023.107727 0.493498
1024.988647 0.492129
1026.868530 0.497827
1028.747314 0.500616
1030.624756 0.503546
1032.501221 0.505213
1034.376343 0.513022
1036.250244 0.514216
1038.123291 0.516566
1039.994873 0.522793
1041.865479 0.522764
1043.734863 0.528417
1045.603027 0.529970
1047.469971 0.530261
1049.335938 0.531918
1051.200684 0.539975
1053.064209 0.539203
1054.926636 0.544858
1056.788086 0.550581
1058.648071 0.552871
1060.507202 0.559018
1062.364746 0.564423
1064.221558 0.564930
1066.077026 0.571114
1067.931396 0.574120
1069.784790 0.581786
1071.636841 0.584500
1073.487671 0.588003
1075.337524 0.593904
1077.186157 0.596907
1079.033569 0.608245
1080.879883 0.608919
1082.725220 0.615746
1084.569214 0.620517
1086.412231 0.623404
1088.253906 0.634127
1090.094604 0.633578
1091.934082 0.641848
1093.772461 0.643537
1095.609741 0.649353
1097.445801 0.656890
1099.280762 0.662403
1101.114502 0.664839
1102.947388 0.672931
1104.778809 0.678440
1106.609253 0.684823
1108.438721 0.689403
1110.266724 0.693665
1112.093750 0.696575
1113.919800 0.699277
1115.744385 0.707224
1117.568237 0.707445
1119.390869 0.710166
1121.212158 0.716913
1123.032349 0.722288
1124.851807 0.724005
1126.669678 0.732052
1128.486572 0.735831
1130.302368 0.741850
1132.117188 0.741449
1133.930786 0.745171
1135.743164 0.753422
1137.554443 0.759600
1139.364746 0.760226
1141.173828 0.766630
1142.981812 0.771143
1144.788696 0.781364
1146.594360 0.783066
1148.399048 0.789172
1150.202637 0.791923
1152.005005 0.799524
1153.806396 0.806831
1155.606567 0.810046
1157.405762 0.812402
1159.203735 0.816129
1161.000610 0.823162
1162.796265 0.828283
1164.591064 0.831705
1166.384644 0.840955
1168.177002 0.844930
1169.968384 0.855360
1171.758789 0.858792
1173.547852 0.861856
1175.335938 0.866831
1177.122925 0.873643
1178.908691 0.880520
1180.693481 0.883870
1182.477173 0.884095
1184.259766 0.896049
1186.041382 0.897481
1187.821777 0.906065
1189.600952 0.913297
1191.379272 0.916228
1193.156494 0.921477
1194.932251 0.930148
1196.707397 0.931545
1198.481079 0.942906
1200.253906 0.945775
1202.025635 0.951807
1203.796143 0.957917
1205.565674 0.966302
1207.334106 0.974753
1209.101318 0.977763
1210.867554 0.988042
1212.632813 1.001422
1214.396851 1.009980
1216.159790 1.014394
1217.921631 1.020249
1219.682373 1.026055
1221.442261 1.036522
1223.200928 1.042633
1224.958496 1.051685
1226.715088 1.059198
1228.470459 1.066232
1230.224854 1.078612
1231.978149 1.088122
1233.730469 1.108639
1235.481445 1.118736
1237.231567 1.127383
1238.980591 1.137118
1240.728638 1.155366
1242.475342 1.173590
1244.221191 1.188490
1245.965942 1.213411
1247.709595 1.231748
1249.452148 1.244589
1251.193604 1.267302
1252.934204 1.289166
1254.673584 1.321328
1256.411865 1.334295
1258.149292 1.358989
1259.885254 1.374526
1261.620361 1.388718
1263.354492 1.393731
1265.087524 1.405666
1266.819580 1.407332
1268.550537 1.415781
1270.280396 1.430848
1272.009033 1.444165
1273.736938 1.458765
1275.463501 1.480139
1277.188965 1.505249
1278.913696 1.519137
1280.637207 1.540624
1282.359741 1.556642
1284.081055 1.569659
1285.801392 1.586716
1287.520752 1.604743
1289.239136 1.615743
1290.956299 1.640072
1292.672363 1.663745
1294.387573 1.682110
1296.101807 1.705176
1297.814819 1.737310
1299.526611 1.753203
1301.237427 1.784723
1302.947510 1.805388
1304.656372 1.835151
1306.364014 1.861336
1308.070923 1.890476
1309.776489 1.912866
1311.481323 1.933384
1313.184937 1.968628
1314.887695 1.994847
1316.589111 2.017444
1318.289795 2.048169
1319.989258 2.070189
1321.687622 2.109631
1323.385132 2.137234
1325.081421 2.160577
1326.776855 2.190685
1328.471191 2.221733
1330.164551 2.245626
1331.856812 2.261002
1333.548096 2.277252
1335.238159 2.306215
1336.927246 2.326021
1338.615601 2.352465
1340.302734 2.370204
1341.988647 2.390932
1343.673828 2.408281
1345.357910 2.419328
1347.040894 2.451847
1348.722900 2.465889
1350.403809 2.490204
1352.083740 2.511301
1353.762817 2.529339
1355.440674 2.535654
1357.117554 2.554478
1358.793457 2.583832
1360.468262 2.600733
1362.142212 2.607902
1363.815063 2.627194
1365.486694 2.648833
1367.157715 2.668766
1368.827271 2.691952
1370.496094 2.721998
1372.163818 2.757814
1373.830566 2.790682
1375.496338 2.837628
1377.161011 2.873543
1378.824585 2.901149
1380.487427 2.918517
1382.149048 2.933448
1383.809692 2.922436
1385.469238 2.882767
1387.128052 2.841550
1388.785645 2.797164
1390.442261 2.744385
1392.098022 2.695462
1393.752563 2.660599
1395.406128 2.627862
1397.058838 2.589472
1398.710327 2.564759
1400.360962 2.546615
1402.010620 2.523738
1403.659180 2.499806
1405.306885 2.492007
1406.953613 2.471212
1408.599121 2.467736
1410.243774 2.442544
1411.887451 2.434053
1413.530029 2.428123
1415.171631 2.417637
1416.812256 2.395897
1418.452026 2.391773
1420.090698 2.387777
1421.728149 2.382390
1423.364990 2.363684
1425.000488 2.358266
1426.635132 2.354984
1428.268921 2.345020
1429.901611 2.342985
1431.533447 2.328002
1433.163940 2.314739
1434.793945 2.314665
1436.422607 2.311371
1438.050293 2.300883
1439.677124 2.306711
1441.302856 2.291500
1442.927612 2.286291
1444.551514 2.282952
1446.174438 2.290313
1447.796143 2.282518
1449.417114 2.276858
1451.037109 2.290101
1452.655884 2.272179
1454.273926 2.281684
1455.890869 2.275263
1457.506836 2.278426
1459.121948 2.284494
1460.735718 2.283935
1462.348877 2.280626
1463.961060 2.286932
1465.572144 2.284865
1467.182373 2.286468
1468.791382 2.282744
1470.399536 2.282021
1472.006836 2.290444
1473.613037 2.290596
1475.218262 2.287189
1476.822510 2.290827
1478.425903 2.288042
1480.028198 2.290269
1481.629639 2.294371
1483.230225 2.297549
1484.829590 2.300135
1486.428101 2.304873
1488.025513 2.309042
1489.622070 2.314128
1491.217773 2.318969
1492.812378 2.320168
1494.405884 2.310452
1495.998657 2.321232
1497.590576 2.323276
1499.181030 2.323163
1500.771240 2.334218
1502.359863 2.337451
1503.947876 2.339378
1505.534912 2.344931
1507.120728 2.344828
1508.705933 2.353812
1510.290039 2.351225
1511.873169 2.358585
1513.455078 2.355854
1515.036377 2.355446
1516.616821 2.367230
1518.196167 2.354532
1519.774414 2.357563
1521.351807 2.362317
1522.927979 2.356534
1524.503662 2.357008
1526.078369 2.361765
1527.651855 2.359002
1529.224609 2.361130
1530.796143 2.372244
1532.366699 2.373641
1533.936890 2.369643
1535.505737 2.355083
1537.073364 2.361352
1538.640381 2.349121
1540.206543 2.353064
1541.771484 2.328323
1543.335815 2.340904
1544.898926 2.329178
1546.461182 2.317866
1548.022461 2.307891
1549.582764 2.301563
1551.142212 2.294046
1552.700806 2.280761
1554.258301 2.272886
1555.814941 2.265013
1557.370483 2.261456
1558.925171 2.251758
1560.479126 2.255373
1562.032104 2.251775
1563.583984 2.243484
1565.134888 2.234850
1566.684814 2.232429
1568.234009 2.226732
1569.782349 2.225188
1571.329834 2.225456
1572.876099 2.217401
1574.421387 2.212467
1575.966064 2.210154
1577.509277 2.206429
1579.051880 2.201304
1580.593872 2.201288
1582.134277 2.191868
1583.674316 2.185514
1585.213013 2.194177
1586.750977 2.191822
1588.288330 2.191172
1589.824463 2.176843
1591.359619 2.175961
1592.893799 2.162773
1594.427002 2.180338
1595.959595 2.163241
1597.491089 2.173081
1599.021851 2.156355
1600.551270 2.161213
1602.080078 2.147695
1603.607910 2.156389
1605.134766 2.157967
1606.660889 2.164115
1608.185913 2.154039
1609.710083 2.154094
1611.233276 2.153712
1612.755615 2.151091
1614.276978 2.152460
1615.797607 2.153812
1617.317261 2.152555
1618.835693 2.146115
1620.353516 2.150263
1621.870239 2.146905
1623.386108 2.149539
1624.901367 2.144325
1626.415527 2.143942
1627.928467 2.131727
1629.441040 2.134263
1630.952148 2.134861
1632.462769 2.136084
1633.972412 2.130927
1635.481079 2.127193
1636.988647 2.119310
1638.495605 2.123120
1640.001343 2.121442
1641.506714 2.119053
1643.010742 2.117402
1644.513916 2.106511
1646.016357 2.112397
1647.517700 2.110393
1649.018066 2.106889
1650.517944 2.113202
1652.016479 2.100387
1653.514282 2.099399
1655.011230 2.099381
1656.507080 2.093800
1658.002197 2.091031
1659.496582 2.099169
1660.989868 2.092942
1662.482422 2.088491
1663.973877 2.086136
1665.464355 2.078658
1666.954224 2.078787
1668.443237 2.072521
1669.931030 2.074397
1671.418091 2.066494
1672.904297 2.062520
1674.389404 2.058208
1675.873901 2.041952
1677.357544 2.047329
1678.840088 2.050701
1680.321777 2.044234
1681.802612 2.038572
1683.282349 2.034552
1684.761719 2.030521
1686.239868 2.021763
1687.717163 2.015996
1689.193359 2.024667
1690.668945 2.012969
1692.143433 2.028088
1693.617310 2.006639
1695.090088 2.007004
1696.562134 2.002666
1698.033081 1.995483
1699.503296 1.984998
1700.972534 1.978842
1702.441162 1.976271
1703.908569 1.966163
1705.375244 1.965860
1706.841064 1.963278
1708.305908 1.958424
1709.769897 1.943912
1711.233398 1.937004
1712.695557 1.941872
1714.156738 1.927827
1715.617432 1.926649
1717.077026 1.925883
1718.535645 1.915878
1719.993774 1.915630
1721.450806 1.908897
1722.906860 1.891565
1724.362183 1.887071
1725.816406 1.890707
1727.270264 1.885773
1728.722900 1.879527
1730.174561 1.874069
1731.625244 1.861265
1733.075439 1.862983
1734.524536 1.859309
1735.973145 1.841314
1737.420532 1.833641
1738.867065 1.835425
1740.312622 1.830580
1741.757568 1.830059
1743.201416 1.823098
1744.644775 1.823917
1746.086914 1.804771
1747.528198 1.807866
1748.968750 1.790861
1750.408325 1.794572
1751.847168 1.787898
1753.285278 1.787350
1754.722168 1.775063
1756.158447 1.782415
1757.593872 1.762619
1759.028198 1.754733
1760.461670 1.762394
1761.894653 1.752565
1763.326538 1.744064
1764.757568 1.746210
1766.187622 1.736551
1767.616943 1.731948
1769.045410 1.738975
1770.473145 1.722082
1771.900024 1.717570
1773.325806 1.710000
1774.750732 1.698005
1776.174805 1.706150
1777.598511 1.708321
1779.020996 1.703742
1780.442505 1.694970
1781.863281 1.693233
1783.283081 1.687954
1784.702148 1.673003
1786.120605 1.675786
1787.538086 1.671719
1788.954346 1.675028
1790.370117 1.671629
1791.785034 1.655976
1793.198730 1.644696
1794.612183 1.648851
1796.024536 1.641328
1797.436035 1.644992
1798.846313 1.641995
1800.256104 1.640540
1801.664917 1.633564
1803.073242 1.631658
1804.480347 1.625824
1805.886963 1.617462
1807.292358 1.623412
1808.697021 1.614698
1810.100708 1.616324
1811.504028 1.607734
1812.906006 1.609724
1814.307373 1.598654
1815.707764 1.603609
1817.107422 1.600824
1818.506104 1.593156
1819.904419 1.594659
1821.301514 1.590824
1822.697754 1.586451
1824.093262 1.589973
1825.487671 1.580268
1826.881714 1.583590
1828.274780 1.580734
1829.666748 1.580791
1831.057983 1.583181
1832.448486 1.577545
1833.838013 1.585924
1835.227051 1.582105
1836.614868 1.578670
1838.002075 1.580022
1839.388184 1.576607
1840.773804 1.570830
1842.158203 1.576035
1843.542114 1.571093
1844.925049 1.564395
1846.307251 1.562836
1847.688599 1.563680
1849.068970 1.558138
1850.448608 1.563108
1851.827637 1.567252
1853.205688 1.558676
1854.582764 1.556147
1855.959106 1.553438
1857.334595 1.557708
1858.709106 1.556552
1860.083374 1.540897
1861.456543 1.539534
1862.828613 1.542637
1864.199951 1.541610
1865.570435 1.529485
1866.940430 1.525661
1868.309326 1.525041
1869.677612 1.522831
1871.044800 1.525543
1872.411133 1.517214
1873.776855 1.515794
1875.141846 1.502774
1876.505859 1.511358
1877.869141 1.485075
1879.231445 1.490811
1880.592896 1.482120
1881.953735 1.482574
1883.313843 1.481310
1884.672974 1.470314
1886.031128 1.465328
1887.388794 1.462008
1888.745361 1.455106
1890.101318 1.448034
1891.456421 1.458377
1892.810791 1.450088
1894.164063 1.447448
1895.516602 1.431557
1896.868408 1.434268
1898.219360 1.428365
1899.569824 1.428908
1900.919312 1.438130
1902.267578 1.429544
1903.615601 1.421090
1904.962524 1.413225
1906.308716 1.419931
1907.654175 1.409047
1908.998779 1.405625
1910.342285 1.393354
1911.685303 1.395740
1913.027344 1.402569
1914.368896 1.378533
1915.709473 1.388001
1917.049072 1.381373
1918.387817 1.370677
1919.726074 1.373578
1921.063354 1.365630
1922.400024 1.358839
1923.735596 1.350331
1925.070557 1.354082
1926.404541 1.344139
1927.737793 1.344675
1929.070190 1.337503
1930.402222 1.335004
1931.733154 1.335840
1933.063232 1.327167
1934.392456 1.327726
1935.720947 1.330234
1937.048584 1.311625
1938.375854 1.317543
1939.701782 1.313694
1941.027100 1.310872
1942.351685 1.304097
1943.675415 1.288732
1944.998291 1.287307
1946.320679 1.289110
1947.641968 1.281035
1948.962524 1.273344
1950.282227 1.274384
1951.601074 1.266583
1952.919556 1.256910
1954.236938 1.246882
1955.553467 1.249425
1956.869385 1.250163
1958.184204 1.234427
1959.498535 1.224862
1960.812012 1.225339
1962.124756 1.225950
1963.436523 1.198542
1964.747681 1.204813
1966.057861 1.192663
1967.367432 1.191384
1968.676392 1.188444
1969.984253 1.188212
1971.291382 1.176881
1972.597656 1.168458
1973.903198 1.171230
1975.208130 1.158372
1976.512085 1.152228
1977.815552 1.144962
1979.117920 1.150616
1980.419678 1.136154
1981.720459 1.124153
1983.020508 1.119186
1984.319946 1.112129
1985.618530 1.110287
1986.916260 1.107307
1988.213135 1.101255
1989.509399 1.100625
1990.804810 1.087361
1992.099487 1.077920
1993.393677 1.066121
1994.686523 1.066272
1995.979004 1.052964
1997.270386 1.055387
1998.561523 1.046857
1999.851440 1.029397
2001.140503 1.022713
2002.428833 1.016945
2003.716675 1.013167
2005.003418 1.002731
2006.289795 0.993582
2007.575073 0.986715
2008.859619 0.981849
2010.143433 0.977807
2011.426514 0.967679
2012.708740 0.958203
2013.990356 0.957389
2015.271240 0.951989
2016.551147 0.944365
2017.830200 0.934301
2019.108765 0.926730
2020.386108 0.921791
2021.663452 0.914107
2022.939209 0.911766
2024.214844 0.902597
2025.489136 0.903447
2026.763062 0.898489
2028.036255 0.879353
2029.308716 0.885133
2030.580078 0.880372
2031.850830 0.882300
2033.120605 0.874202
2034.389893 0.869063
2035.658691 0.863850
2036.926270 0.847486
2038.193359 0.852302
2039.459351 0.842141
2040.724731 0.840972
2041.989380 0.832014
2043.253540 0.835306
2044.516724 0.816705
2045.779053 0.807564
2047.040527 0.805495
2048.301270 0.810179
2049.561279 0.792752
2050.821045 0.797610
2052.079834 0.789508
2053.337402 0.783243
2054.594482 0.783259
2055.850830 0.786934
2057.106201 0.768479
2058.361084 0.766321
2059.615234 0.763151
2060.868408 0.766456
2062.120850 0.748164
2063.372559 0.747690
2064.623779 0.744944
2065.874268 0.742410
2067.123779 0.737845
2068.372559 0.734233
2069.620361 0.729008
2070.867920 0.727072
2072.114258 0.714796
2073.360107 0.727737
2074.604980 0.715736
2075.849365 0.716281
2077.092773 0.704179
2078.335693 0.701353
2079.577881 0.694358
2080.819092 0.699742
2082.059570 0.695131
2083.299316 0.687063
2084.538330 0.677297
2085.776611 0.685228
2087.014404 0.674477
2088.251221 0.671906
2089.487061 0.673844
2090.722412 0.673094
2091.957031 0.667273
2093.190674 0.668009
2094.424072 0.665274
2095.656250 0.659666
2096.887695 0.660895
2098.118408 0.653912
2099.348877 0.643164
2100.577881 0.646125
2101.806641 0.652184
2103.034668 0.648199
2104.261719 0.641701
2105.488281 0.635158
2106.713867 0.629385
2107.938965 0.628853
2109.163086 0.629980
2110.386475 0.621925
2111.609131 0.625060
2112.831055 0.630247
2114.052246 0.619856
2115.273193 0.610085
2116.492920 0.609112
2117.711426 0.608659
2118.929688 0.609074
2120.147461 0.609823
2121.364014 0.612426
2122.580566 0.608619
2123.795898 0.606851
2125.010254 0.601291
2126.224121 0.592686
2127.437744 0.600816
2128.649658 0.588434
2129.861572 0.594079
2131.072510 0.591435
2132.282715 0.594903
2133.492188 0.593102
2134.700928 0.587843
2135.908936 0.584997
2137.116699 0.581042
2138.322998 0.572731
2139.529053 0.579926
2140.733887 0.567770
2141.938232 0.578517
2143.141846 0.568238
2144.344727 0.566802
2145.547119 0.575664
2146.748535 0.569648
2147.949219 0.564487
2149.149414 0.569188
2150.348389 0.562672
2151.547363 0.552761
2152.745361 0.556856
2153.942139 0.551065
2155.138672 0.557487
2156.334473 0.554410
2157.529541 0.556340
2158.723633 0.548053
2159.916992 0.551460
2161.109863 0.545089
2162.302002 0.546565
2163.493164 0.549994
2164.684082 0.551405
2165.874023 0.541066
2167.062988 0.523468
2168.251465 0.544034
2169.438965 0.537728
2170.626221 0.539900
2171.812744 0.538971
2172.998535 0.530100
2174.183105 0.530959
2175.367432 0.527460
2176.550537 0.527816
2177.733154 0.531433
2178.915527 0.532476
2180.096924 0.531078
2181.277588 0.521466
2182.457275 0.527282
2183.636230 0.533043
2184.814697 0.523732
2185.992676 0.522607
2187.169922 0.521054
2188.345703 0.521610
2189.521484 0.526228
2190.696289 0.518394
2191.870605 0.527850
2193.043945 0.516632
2194.216553 0.519138
2195.388672 0.519255
2196.559814 0.511626
2197.730713 0.520058
2198.900879 0.527629
2200.069824 0.521118
2201.238281 0.520777
2202.406006 0.515298
2203.572998 0.511356
2204.739502 0.519153
2205.905273 0.507879
2207.070068 0.510468
2208.234375 0.511427
2209.397705 0.503584
2210.560791 0.499869
2211.722656 0.509893
2212.884277 0.506404
2214.044678 0.502331
2215.205078 0.499268
2216.364258 0.502759
2217.522705 0.507410
2218.680664 0.505677
2219.838135 0.507586
2220.994385 0.501519
2222.150146 0.504348
2223.305176 0.497399
2224.459717 0.499069
2225.613281 0.503212
2226.766113 0.506299
2227.918701 0.494864
2229.070313 0.502430
2230.220947 0.496541
2231.371094 0.495920
2232.520752 0.506892
2233.669678 0.493363
2234.817871 0.491728
2235.965088 0.494553
2237.111816 0.496445
2238.257813 0.496867
2239.403076 0.496193
2240.547607 0.504451
2241.691406 0.497435
2242.834717 0.492991
2243.977051 0.499867
2245.118896 0.485460
2246.260254 0.481760
2247.400635 0.494354
2248.540527 0.493117
2249.679443 0.504169
2250.817871 0.493094
2251.955322 0.477636
2253.092529 0.494372
2254.228516 0.488416
2255.364502 0.489057
2256.499023 0.492040
2257.633301 0.492300
2258.766846 0.494342
2259.899658 0.482846
2261.031738 0.487527
2262.163330 0.487810
2263.293945 0.484354
2264.424072 0.494489
2265.553711 0.492988
2266.682373 0.485039
2267.810303 0.484333
2268.937500 0.477191
2270.063965 0.497513
2271.189941 0.493596
2272.315674 0.485402
2273.440186 0.482141
2274.563965 0.478235
2275.687012 0.487093
2276.809570 0.485195
2277.931396 0.476581
2279.052734 0.473025
2280.172852 0.478344
2281.292725 0.487964
2282.411865 0.486085
2283.530273 0.478715
2284.647949 0.479839
2285.765137 0.476227
2286.881592 0.469716
2287.997314 0.481326
2289.112061 0.487139
2290.226563 0.485574
2291.340088 0.476650
2292.453125 0.471947
2293.565430 0.477471
2294.676758 0.478139
2295.787842 0.478643
2296.898193 0.481276
2298.007568 0.478185
2299.116699 0.468375
2300.224854 0.470386
2301.332520 0.468340
2302.439209 0.473757
2303.545410 0.479368
2304.651123 0.476201
2305.755859 0.477115
2306.860107 0.475402
2307.963379 0.472773
2309.066406 0.470505
2310.168457 0.459893
2311.270264 0.467330
2312.371094 0.471422
2313.470947 0.470596
2314.570557 0.470877
2315.669434 0.470660
2316.767090 0.454747
2317.864990 0.476169
2318.961670 0.456267
2320.057617 0.469494
2321.153076 0.467028
2322.247803 0.460743
2323.341797 0.460334
2324.435791 0.464143
2325.528320 0.461905
2326.620117 0.463739
2327.711670 0.464844
2328.802246 0.472988
2329.892334 0.472535
2330.981934 0.461258
2332.070557 0.473805
2333.158691 0.466774
2334.245850 0.468459
2335.333008 0.461084
2336.419189 0.468709
2337.504395 0.461092
2338.589111 0.467972
2339.673340 0.457636
2340.756592 0.468594
2341.839355 0.466710
2342.921143 0.454455
2344.002930 0.461764
2345.083740 0.475719
2346.163818 0.467618
2347.242920 0.460502
2348.321777 0.456544
2349.400146 0.460502
2350.477539 0.459768
2351.554199 0.472684
2352.630371 0.468423
2353.705811 0.454366
2354.780518 0.464935
2355.854980 0.466267
2356.928467 0.464123
2358.001221 0.461246
2359.073242 0.468197
2360.145020 0.461681
2361.215820 0.459186
2362.286133 0.458772
2363.355713 0.466947
2364.424316 0.459955
2365.492676 0.462607
2366.560303 0.465112
2367.627197 0.443903
2368.693359 0.456496
2369.759033 0.469441
2370.823975 0.459657
2371.888428 0.462246
2372.951904 0.454829
2374.015137 0.470538
2375.077637 0.463607
2376.139160 0.455397
2377.200195 0.462988
2378.260498 0.458246
2379.320313 0.445376
2380.379639 0.450528
2381.437988 0.459795
2382.495850 0.448581
2383.552734 0.457619
2384.609375 0.446274
2385.665039 0.444564
2386.720459 0.457023
2387.775146 0.453009
2388.828613 0.450259
2389.881836 0.451498
2390.934570 0.450991
2391.986328 0.447835
2393.037842 0.446740
2394.088379 0.453101
2395.138428 0.444319
2396.187744 0.445583
2397.236572 0.449716
2398.284668 0.447266
2399.332031 0.445160
2400.378906 0.449262
2401.424561 0.452532
2402.470459 0.454030
2403.515137 0.457136
2404.559570 0.446768
2405.603271 0.451401
2406.645996 0.449856
2407.688232 0.447172
2408.729980 0.461226
2409.770752 0.453668
2410.811279 0.450702
2411.851074 0.447667
2412.890137 0.459815
2413.928467 0.439710
2414.966309 0.454799
2416.003418 0.444594
2417.039795 0.445532
2418.075684 0.446684
2419.111084 0.456439
2420.145508 0.452578
2421.179443 0.448851
2422.212646 0.455467
2423.245605 0.459928
2424.277588 0.436971
2425.308838 0.451035
2426.339844 0.461493
2427.369873 0.443663
2428.399170 0.460798
2429.428223 0.448544
2430.456543 0.442839
2431.484131 0.448741
2432.510742 0.448194
2433.537354 0.445176
2434.562744 0.437363
2435.588135 0.441901
2436.612305 0.461269
2437.636230 0.449623
2438.658936 0.450303
2439.681641 0.451680
2440.703857 0.461745
2441.724854 0.455809
2442.745605 0.466049
2443.765381 0.437489
2444.784912 0.440176
2445.803467 0.442766
2446.822021 0.442824
2447.839355 0.436600
2448.856445 0.450187
2449.872314 0.450788
2450.887939 0.448809
2451.902832 0.449038
2452.917480 0.434910
2453.930908 0.453395
2454.943848 0.462724
2455.956299 0.445245
2456.968262 0.455862
2457.979492 0.437700
2458.990234 0.450520
2460.000000 0.466712
2461.009521 0.465483
2462.018066 0.467448
2463.025879 0.451369
2464.033447 0.481558
2465.040527 0.461967
2466.046631 0.470470
2467.052002 0.478585
2468.057129 0.465199
2469.061523 0.470604
2470.065186 0.474652
2471.068359 0.465023
2472.070801 0.467884
2473.072510 0.476427
2474.073730 0.478436
2475.074463 0.480552
2476.074463 0.463820
2477.073730 0.477375
2478.072266 0.471334
2479.070557 0.467513
2480.067871 0.478606
2481.064941 0.472560
2482.061279 0.478584
2483.056641 0.474378
2484.051758 0.469708
2485.046387 0.474143
2486.040039 0.478567
2487.033203 0.463536
2488.025635 0.461589
2489.017822 0.471700
2490.009277 0.471970
2491.000000 0.476773
2491.989990 0.478436
2492.979248 0.473793
2493.968506 0.469924
2494.956299 0.472859
2495.944092 0.470700
2496.931152 0.475736
2497.917725 0.472488
2498.903564 0.468636
2499.888428 0.466679
2500.873535 0.477945
2501.857178 0.466101
2502.840576 0.466983
2503.822998 0.478035
2504.805420 0.473265
2505.786621 0.484278
2506.767578 0.454483
2507.748291 0.465565
2508.727783 0.464201
2509.707275 0.460169
2510.685547 0.486136
2511.663574 0.464690
2512.640625 0.473317
2513.617188 0.460286
2514.593262 0.473609
2515.568359 0.471429
2516.543213 0.467746
2517.517578 0.465518
2518.490967 0.463367
2519.464844 0.478465
2520.437012 0.451869
2521.408691 0.459413
2522.379883 0.452846
2523.350342 0.457659
2524.320313 0.460208
2525.289795 0.446407
2526.258545 0.467598
2527.226807 0.469348
2528.194336 0.453426
2529.160889 0.453057
2530.127930 0.456534
2531.093750 0.463596
2532.058594 0.449841
2533.023193 0.463759
2533.987305 0.446471
2534.950928 0.462197
2535.913330 0.459647
2536.875244 0.456037
2537.836914 0.463080
2538.797363 0.459482
2539.758057 0.451258
2540.717773 0.448050
2541.677002 0.432737
2542.635986 0.447102
2543.593506 0.451018
2544.551025 0.442945
2545.507813 0.450051
2546.463623 0.480459
2547.419434 0.449581
2548.374268 0.448228
2549.328857 0.443572
2550.282715 0.460414
2551.235596 0.446208
2552.188232 0.442719
2553.140625 0.438674
2554.091797 0.448713
2555.042969 0.437962
2555.993164 0.446389
2556.942627 0.446057
2557.891602 0.451609
2558.840088 0.450959
2559.787842 0.440887
2560.735107 0.448221
2561.681641 0.436000
2562.628174 0.447801
2563.573975 0.446399
2564.518799 0.433466
2565.462646 0.445127
2566.406738 0.438814
2567.349854 0.444676
2568.292236 0.449785
2569.233887 0.438776
2570.175537 0.439048
2571.116455 0.444564
2572.056396 0.447032
2572.995850 0.420115
2573.934814 0.452756
2574.873535 0.427030
2575.811523 0.423908
2576.748779 0.436884
2577.685303 0.438071
2578.621338 0.434599
2579.557129 0.439216
2580.491699 0.456808
2581.426270 0.445380
2582.359619 0.440733
2583.292969 0.426251
2584.225586 0.428741
2585.157471 0.439067
2586.089600 0.437111
2587.020264 0.436597
2587.950684 0.433176
2588.879883 0.438658
2589.809326 0.434545
2590.737793 0.426578
2591.665283 0.430119
2592.592773 0.436584
2593.519531 0.427027
2594.445801 0.423546
2595.371094 0.427762
2596.296387 0.443593
2597.221191 0.414351
2598.144775 0.434375
2599.068359 0.424408
2599.990967 0.451843
2600.913086 0.420906
2601.834473 0.431048
2602.755615 0.423678
2603.675781 0.426874
2604.595459 0.415766
2605.514648 0.426036
2606.433350 0.413953
2607.351807 0.431093
2608.269531 0.431671
2609.186279 0.428059
2610.102783 0.395126
2611.018555 0.418710
2611.933594 0.415490
2612.848145 0.423500
2613.762207 0.425813
2614.675781 0.431232
2615.588623 0.420774
2616.500977 0.412842
2617.412598 0.413329
2618.324219 0.410077
2619.235107 0.415051
2620.145020 0.409702
2621.054688 0.424182
2621.963623 0.414873
2622.871582 0.397846
2623.779541 0.420004
2624.687012 0.428344
2625.593262 0.411959
2626.499512 0.401738
2627.405273 0.416148
2628.310059 0.415804
2629.214600 0.419715
2630.118652 0.425005
2631.021484 0.420267
2631.924561 0.423634
2632.826416 0.406839
2633.727783 0.427756
2634.628906 0.406637
2635.529053 0.416973
2636.429199 0.404707
2637.328125 0.414421
2638.227051 0.420342
2639.125732 0.434539
2640.023438 0.405020
2640.920410 0.407901
2641.816650 0.414404
2642.712158 0.402464
2643.607422 0.433320
2644.502686 0.407334
2645.396973 0.407710
2646.290527 0.400444
2647.183350 0.420037
2648.076172 0.416371
2648.968018 0.403294
2649.859863 0.390002
2650.750732 0.424061
2651.641113 0.412296
2652.531006 0.422729
2653.419678 0.414792
2654.308594 0.397042
2655.196533 0.403455
2656.083984 0.427169
2656.971191 0.409325
2657.857178 0.395093
2658.743164 0.417949
2659.628906 0.407483
2660.513428 0.425813
2661.397461 0.418191
2662.281494 0.402895
2663.164307 0.404553
2664.046631 0.408546
2664.928955 0.400774
2665.809814 0.400651
2666.690918 0.424635
2667.571045 0.401431
2668.450928 0.409353
2669.330322 0.392750
2670.208984 0.410271
2671.087158 0.405687
2671.964844 0.390188
2672.841797 0.415288
2673.718018 0.407422
2674.593994 0.414973
2675.469238 0.396810
2676.343994 0.422295
2677.218018 0.409569
2678.091797 0.384235
2678.964844 0.417243
2679.837646 0.424525
2680.709717 0.402233
2681.581299 0.404205
2682.452148 0.411056
2683.322998 0.408156
2684.192627 0.405968
2685.061768 0.402301
2685.930664 0.409316
2686.798828 0.389426
2687.666504 0.400744
2688.533447 0.414897
2689.400146 0.407551
2690.266846 0.410217
2691.132080 0.400399
2691.996582 0.404589
2692.861328 0.417730
2693.724854 0.403778
2694.588379 0.414916
2695.450928 0.419765
2696.312988 0.398419
2697.174805 0.405593
2698.036133 0.372648
2698.896729 0.412275
2699.756592 0.404774
2700.616699 0.412210
2701.475586 0.409797
2702.333740 0.405749
2703.191650 0.394790
2704.049072 0.404579
2704.906006 0.412754
2705.762207 0.425144
2706.617676 0.401431
2707.473145 0.407504
2708.327637 0.406649
2709.182129 0.416182
2710.035889 0.402845
2710.888672 0.406791
2711.741455 0.414953
2712.593506 0.387040
2713.444824 0.392703
2714.295654 0.413293
2715.145996 0.410529
2715.995850 0.399166
2716.844727 0.408951
2717.693848 0.386032
2718.542236 0.404318
2719.389893 0.400467
2720.237793 0.414557
2721.084229 0.382990
2721.930176 0.389811
2722.775635 0.419857
2723.621094 0.413486
2724.465088 0.405000
2725.309570 0.385558
2726.152832 0.392235
2726.995605 0.415010
2727.837891 0.390535
2728.679932 0.385481
2729.520996 0.405828
2730.362549 0.404620
2731.202637 0.396687
2732.042236 0.402177
2732.881836 0.419557
2733.720459 0.399395
2734.558838 0.399494
2735.396484 0.393489
2736.232910 0.426646
2737.069824 0.413813
2737.906006 0.375495
2738.741455 0.408607
2739.577148 0.411299
2740.411377 0.426497
2741.245605 0.382920
2742.078613 0.375112
2742.911621 0.408860
2743.744141 0.391456
2744.575928 0.404330
2745.407471 0.411818
2746.238037 0.381132
2747.068359 0.394445
2747.897949 0.402410
2748.727539 0.400102
2749.556641 0.394353
2750.385010 0.410880
2751.212646 0.395655
2752.039551 0.411017
2752.866455 0.405902
2753.692383 0.402695
2754.518066 0.413621
2755.343262 0.385743
2756.167725 0.388231
2756.991943 0.431471
2757.815430 0.389159
2758.638916 0.383085
2759.461670 0.399908
2760.283447 0.405012
2761.104980 0.395794
2761.926025 0.400563
2762.746338 0.384377
2763.566162 0.404427
2764.385742 0.387768
2765.204834 0.402321
2766.022949 0.400723
2766.840820 0.388532
2767.658203 0.380718
2768.475586 0.398887
2769.292236 0.417172
2770.107910 0.386718
2770.923340 0.370077
2771.738037 0.393270
2772.552246 0.381207
2773.366211 0.402456
2774.179443 0.401118
2774.992188 0.378690
2775.804688 0.402409
2776.616211 0.404012
2777.427246 0.399287
2778.238770 0.406292
2779.048828 0.370130
2779.858643 0.372672
2780.667969 0.404219
2781.476563 0.389852
2782.284912 0.402578
2783.092773 0.402918
2783.899658 0.398421
2784.706299 0.418620
2785.512695 0.388180
2786.318115 0.403514
2787.123779 0.384510
2787.928711 0.408199
2788.732666 0.385426
2789.536377 0.411648
2790.339355 0.399991
2791.142090 0.401374
2791.944092 0.398308
2792.745850 0.413330
2793.546631 0.396272
2794.347656 0.388865
2795.147949 0.359837
2795.947754 0.400384
2796.746826 0.395892
2797.545654 0.375904
2798.343994 0.390883
2799.141846 0.390669
2799.938965 0.393152
2800.735596 0.423218
2801.531738 0.395304
2802.327393 0.420946
2803.122314 0.387820
2803.917236 0.389692
2804.711426 0.404601
2805.505127 0.406846
2806.298828 0.419873
2807.091064 0.368157
2807.883545 0.392678
2808.675049 0.417703
2809.466309 0.386699
2810.257080 0.371408
2811.047119 0.382685
2811.836914 0.369930
2812.625977 0.389810
2813.414795 0.387064
2814.202881 0.376415
2814.991455 0.375194
2815.778564 0.391199
2816.565674 0.388982
2817.351807 0.365293
2818.137695 0.389680
2818.922852 0.405576
2819.707764 0.406591
2820.491699 0.409925
2821.275879 0.369448
2822.059082 0.402638
2822.842041 0.382830
2823.624512 0.392362
2824.406738 0.399768
2825.187988 0.376821
2825.968994 0.357123
2826.749512 0.413071
2827.529297 0.401895
2828.309082 0.394944
2829.087891 0.388239
2829.866211 0.405542
2830.644531 0.364302
2831.421875 0.373988
2832.198975 0.384054
2832.975342 0.370475
2833.751953 0.396852
2834.527344 0.402490
2835.302734 0.419777
2836.076904 0.395248
2836.851318 0.411044
2837.625244 0.405701
2838.397949 0.384726
2839.170898 0.381170
2839.943115 0.402433
2840.714844 0.418640
2841.486328 0.385519
2842.257568 0.386687
2843.027832 0.416306
2843.797607 0.348718
2844.566650 0.389541
2845.335693 0.368119
2846.104248 0.403001
2846.871826 0.371531
2847.639404 0.379337
2848.406738 0.360615
2849.173096 0.440475
2849.938965 0.408792
2850.704346 0.371015
2851.470215 0.384219
2852.234619 0.411597
2852.999023 0.403945
2853.762451 0.396396
2854.525635 0.383581
2855.288574 0.351111
2856.050537 0.383469
2856.812256 0.399901
2857.573975 0.420039
2858.334473 0.407782
2859.095215 0.417794
2859.854980 0.352618
2860.614502 0.388043
2861.373779 0.394985
2862.131836 0.352962
2862.889893 0.378362
2863.647705 0.389215
2864.404541 0.381558
2865.161377 0.367620
2865.917236 0.388678
2866.672852 0.415350
2867.428223 0.433990
2868.182861 0.358998
2868.937988 0.418738
2869.691406 0.409148
2870.445068 0.410746
2871.197754 0.375833
2871.950439 0.375102
2872.702148 0.420705
2873.453857 0.387637
2874.204590 0.382208
2874.955322 0.410565
2875.705322 0.401469
2876.455078 0.377385
2877.204102 0.412248
2877.953613 0.376324
2878.701660 0.414459
2879.449707 0.368610
2880.196533 0.408019
2880.943848 0.388088
2881.690186 0.384155
2882.436035 0.387868
2883.181396 0.393649
2883.926758 0.395374
2884.671143 0.389016
2885.415283 0.420420
2886.159668 0.370759
2886.902832 0.386342
2887.645752 0.390069
2888.387939 0.397580
2889.129639 0.393805
2889.871094 0.425175
2890.612061 0.412822
2891.352539 0.410701
2892.092529 0.409601
2892.832031 0.399355
2893.571533 0.410299
2894.310059 0.420324
2895.048828 0.420036
2895.786621 0.382931
2896.523926 0.385940
2897.260742 0.410811
2897.997314 0.403435
2898.733154 0.390898
2899.468994 0.417197
2900.203857 0.417151
2900.938477 0.386151
2901.672607 0.439979
2902.406738 0.383760
2903.139893 0.412944
2903.873047 0.409669
2904.605713 0.411447
2905.337646 0.417416
2906.069092 0.381808
2906.800049 0.381746
spectrumdark 2048
-92.888550 12620.000000
-90.284401 12620.000000
-87.682022 12568.000000
-85.081390 12527.000000
-82.482513 12605.000000
-79.885384 12597.000000
-77.290016 12517.000000
-74.696396 12423.000000
-72.104515 12427.000000
-69.514389 12514.000000
-66.926003 12630.000000
-64.339371 12524.000000
-61.754471 12570.000000
-59.171314 12350.000000
-56.589901 12563.000000
-54.010220 12631.000000
-51.432278 12488.000000
-48.856071 12423.000000
-46.281597 12463.000000
-43.708851 12545.000000
-41.137844 12611.000000
-38.568558 12590.000000
-36.001003 12541.000000
-33.435169 12426.000000
-30.871067 12460.000000
-28.308681 12576.000000
-25.748026 12536.000000
-23.189091 12534.000000
-20.631865 12621.000000
-18.076357 12549.000000
-15.522574 12747.000000
-12.970504 12476.000000
-10.420139 12640.000000
-7.871487 12616.000000
-5.324551 12554.000000
-2.779324 12466.000000
-0.235796 12554.000000
2.306025 12544.000000
4.846135 12606.000000
7.384542 12499.000000
9.921255 12597.000000
12.456269 12466.000000
14.989576 12544.000000
17.521189 12488.000000
20.051109 12475.000000
22.579338 12581.000000
25.105867 12558.000000
27.630701 12588.000000
30.153858 12601.000000
32.675323 12486.000000
35.195107 12558.000000
37.713184 12567.000000
40.229591 12674.000000
42.744316 12673.000000
45.257347 12574.000000
47.768711 12553.000000
50.278400 12475.000000
52.786407 12570.000000
55.292744 12553.000000
57.797386 12505.000000
60.300377 12680.000000
62.801693 12507.000000
65.301323 12525.000000
67.799301 12484.000000
70.295609 12504.000000
72.790260 12672.000000
75.283234 12554.000000
77.774536 12614.000000
80.264191 12580.000000
82.752197 12563.000000
85.238510 12515.000000
87.723190 12524.000000
90.206215 12477.000000
92.687584 12514.000000
95.167290 12572.000000
97.645348 12463.000000
100.121758 12601.000000
102.596535 12576.000000
105.069626 12454.000000
107.541092 12413.000000
110.010918 12559.000000
112.479095 12537.000000
114.945648 12563.000000
117.410530 12526.000000
119.873787 12574.000000
122.335411 12477.000000
124.795395 12477.000000
127.253738 12431.000000
129.710449 12429.000000
132.165543 12583.000000
134.618988 12457.000000
137.070801 12541.000000
139.520996 12407.000000
141.969559 12559.000000
144.416504 12638.000000
146.861816 12598.000000
149.305527 12599.000000
151.747589 12465.000000
154.188034 12598.000000
156.626862 12527.000000
159.064102 12644.000000
161.499680 12493.000000
163.933655 12545.000000
166.366043 12504.000000
168.796799 12650.000000
171.225937 12468.000000
173.653488 12559.000000
176.079422 12431.000000
178.503723 12558.000000
180.926453 12485.000000
183.347580 12618.000000
185.767090 12559.000000
188.185013 12524.000000
190.601318 12655.000000
193.016037 12660.000000
195.429153 12483.000000
197.840683 12480.000000
200.250610 12599.000000
202.658936 12612.000000
205.065689 12674.000000
207.470825 12539.000000
209.874374 12685.000000
212.276367 12637.000000
214.676743 12527.000000
217.075531 12554.000000
219.472794 12601.000000
221.868393 12496.000000
224.262482 12535.000000
226.654938 12463.000000
229.045822 12544.000000
231.435165 12545.000000
233.822906 12578.000000
236.209076 12565.000000
238.593658 12391.000000
240.976685 12569.000000
243.358170 12677.000000
245.738037 12510.000000
248.116333 12521.000000
250.493103 12512.000000
252.868271 12540.000000
255.241882 12550.000000
257.613953 12600.000000
259.984467 12473.000000
262.353394 12684.000000
264.720764 12516.000000
267.086578 12474.000000
269.450867 12491.000000
271.813568 12567.000000
274.174713 12525.000000
276.534332 12529.000000
278.892365 12524.000000
281.248871 12585.000000
283.603790 12606.000000
285.957184 12453.000000
288.309113 12607.000000
290.659393 12439.000000
293.008118 12581.000000
295.355408 12494.000000
297.701080 12614.000000
300.045258 12580.000000
302.387817 12527.000000
304.728912 12462.000000
307.068451 12567.000000
309.406464 12751.000000
311.742950 13210.000000
314.077881 12779.000000
316.411285 12601.000000
318.743164 12611.000000
321.073517 12621.000000
323.402313 12695.000000
325.729614 12567.000000
328.055389 12520.000000
330.379639 12772.000000
332.702393 12788.000000
335.023621 12749.000000
337.343292 12840.000000
339.661438 12679.000000
341.978088 12551.000000
344.293213 12635.000000
346.606842 12746.000000
348.919006 12490.000000
351.229584 12536.000000
353.538666 12648.000000
355.846252 12548.000000
358.152313 12422.000000
360.456879 12543.000000
362.759979 12630.000000
365.061462 12593.000000
367.361542 12594.000000
369.660095 12494.000000
371.957123 12588.000000
374.252747 12573.000000
376.546753 12495.000000
378.839325 12653.000000
381.130402 12514.000000
383.419952 12542.000000
385.708038 12615.000000
387.994568 12606.000000
390.279724 12512.000000
392.563324 12678.000000
394.845428 12628.000000
397.126007 12767.000000
399.405182 13285.000000
401.682861 13807.000000
403.959045 13839.000000
406.233734 13925.000000
408.506958 13523.000000
410.778656 13909.000000
413.048889 16233.000000
415.317719 17561.000000
417.584961 17772.000000
419.850800 16361.000000
422.115204 13930.000000
424.378021 12744.000000
426.639465 12659.000000
428.899384 12560.000000
431.157837 12483.000000
433.414886 12512.000000
435.670410 12499.000000
437.924530 12705.000000
440.177094 12662.000000
442.428253 12638.000000
444.677979 12411.000000
446.926147 12624.000000
449.172913 12562.000000
451.418243 12515.000000
453.662048 12421.000000
455.904480 12449.000000
458.145416 12606.000000
460.384857 12618.000000
462.622894 12594.000000
464.859528 12641.000000
467.094696 12577.000000
469.328308 12605.000000
471.560608 12592.000000
473.791382 12511.000000
476.020660 12548.000000
478.248657 12540.000000
480.475098 12495.000000
482.700073 12489.000000
484.923767 12476.000000
487.145844 12552.000000
489.366486 12619.000000
491.585846 12519.000000
493.803650 12577.000000
496.020020 12589.000000
498.235077 12563.000000
500.448578 12566.000000
502.660614 12349.000000
504.871368 12591.000000
507.080566 12477.000000
509.288483 12558.000000
511.494812 12478.000000
513.699707 12481.000000
515.903381 12308.000000
518.105469 12466.000000
520.306091 12600.000000
522.505493 12585.000000
524.703308 12463.000000
526.899658 12744.000000
529.094788 12960.000000
531.288391 13353.000000
533.480469 13352.000000
535.671326 13245.000000
537.860718 12836.000000
540.048584 12592.000000
542.235291 12643.000000
544.420349 12585.000000
546.604004 12473.000000
548.786499 12556.000000
550.967407 12664.000000
553.146851 12588.000000
555.325012 12506.000000
557.501709 12643.000000
559.676941 12629.000000
561.850952 12535.000000
564.023499 12577.000000
566.194519 12683.000000
568.364380 12586.000000
570.532654 12679.000000
572.699524 12675.000000
574.865112 12488.000000
577.029236 12590.000000
579.192139 12482.000000
581.353455 12530.000000
583.513428 12678.000000
585.672058 12493.000000
587.829224 12516.000000
589.984985 12481.000000
592.139526 12671.000000
594.292480 12550.000000
596.444153 12412.000000
598.594543 12550.000000
600.743408 12453.000000
602.890930 12516.000000
605.037109 12510.000000
607.181885 12587.000000
609.325256 12480.000000
611.467468 12545.000000
613.607971 12510.000000
615.747192 12511.000000
617.885254 12516.000000
620.021790 12429.000000
622.156921 12411.000000
624.290771 12459.000000
626.423218 12588.000000
628.554321 12655.000000
630.684082 12601.000000
632.812378 12558.000000
634.939331 12685.000000
637.065063 13083.000000
639.189270 13289.000000
641.312195 13249.000000
643.433838 13348.000000
645.553955 12970.000000
647.672913 12577.000000
649.790344 12536.000000
651.906555 12444.000000
654.021362 12458.000000
656.134766 12534.000000
658.246765 12632.000000
660.357666 12411.000000
662.466980 12540.000000
664.575073 12719.000000
666.681763 12743.000000
668.787109 12873.000000
670.891052 12543.000000
672.993835 12550.000000
675.095093 12510.000000
677.195129 12512.000000
679.293823 12542.000000
681.391052 12451.000000
683.487000 12575.000000
685.581787 12724.000000
687.675049 13366.000000
689.766968 13850.000000
691.857666 14201.000000
693.946960 13979.000000
696.034851 13140.000000
698.121582 12783.000000
700.206970 12552.000000
702.290833 12712.000000
704.373596 12529.000000
706.455017 12440.000000
708.534912 12476.000000
710.613708 12547.000000
712.690979 12639.000000
714.767212 12564.000000
716.841919 12440.000000
718.915283 12444.000000
720.987427 12543.000000
723.058228 12527.000000
725.127625 12582.000000
727.195862 12567.000000
729.262634 12457.000000
731.328186 12540.000000
733.392395 12324.000000
735.455322 12606.000000
737.516846 12426.000000
739.577271 12576.000000
741.636169 12406.000000
743.693787 12703.000000
745.750244 12385.000000
747.805298 12628.000000
749.859009 12610.000000
751.911560 13359.000000
753.962708 12442.000000
756.012451 12587.000000
758.061157 12473.000000
760.108337 12514.000000
762.154236 12262.000000
764.199036 12610.000000
766.242371 12358.000000
768.284424 12398.000000
770.325256 12526.000000
772.364685 12531.000000
774.402893 12569.000000
776.439880 12608.000000
778.475525 12368.000000
780.509888 12492.000000
782.542908 12442.000000
784.574707 12620.000000
786.605225 12614.000000
788.634338 12444.000000
790.662231 12432.000000
792.688965 12388.000000
794.714233 12463.000000
796.738342 12493.000000
798.761169 12470.000000
800.782593 12561.000000
802.802856 12538.000000
804.821899 12542.000000
806.839600 12462.000000
808.855896 12501.000000
810.870972 12394.000000
812.884949 12556.000000
814.897583 12569.000000
816.908813 12594.000000
818.919006 12702.000000
820.927795 12477.000000
822.935364 12509.000000
824.941589 12501.000000
826.946533 12469.000000
828.950378 12511.000000
830.952820 12559.000000
832.953979 12531.000000
834.953979 12465.000000
836.952637 12565.000000
838.950073 12581.000000
840.946350 12589.000000
842.941162 12525.000000
844.934753 12626.000000
846.927307 12486.000000
848.918396 12813.000000
850.908264 12431.000000
852.896973 12540.000000
854.884338 12567.000000
856.870361 12647.000000
858.855408 12477.000000
860.838989 12473.000000
862.821411 12471.000000
864.802612 12608.000000
866.782532 12467.000000
868.761047 12547.000000
870.738647 12591.000000
872.714783 12518.000000
874.689636 12550.000000
876.663513 12594.000000
878.635925 12647.000000
880.607056 12397.000000
882.577148 12567.000000
884.545837 12564.000000
886.513306 12470.000000
888.479675 12426.000000
890.444641 12627.000000
892.408569 12565.000000
894.371155 12576.000000
896.332458 12469.000000
898.292664 12642.000000
900.251526 12487.000000
902.209167 12461.000000
904.165649 12471.000000
906.120789 12568.000000
908.074707 12586.000000
910.027588 12480.000000
911.979126 12515.000000
913.929382 12494.000000
915.878479 12457.000000
917.826416 12432.000000
919.773010 12449.000000
921.718567 12531.000000
923.662720 12642.000000
925.605652 12411.000000
927.547546 12436.000000
929.488098 12771.000000
931.427429 12530.000000
933.365601 12540.000000
935.302551 12419.000000
937.238281 12512.000000
939.172791 12561.000000
941.106079 12490.000000
943.038147 12540.000000
944.969055 12612.000000
946.898743 12504.000000
948.827393 12483.000000
950.754578 12485.000000
952.680603 12427.000000
954.605591 12525.000000
956.529236 12455.000000
958.451599 12483.000000
960.372925 12592.000000
962.292969 12553.000000
964.211792 12524.000000
966.129578 12432.000000
968.046021 12418.000000
969.961182 12539.000000
971.875366 12402.000000
973.788269 12457.000000
975.699951 12545.000000
977.610535 12551.000000
979.519775 12491.000000
981.427856 12485.000000
983.334900 12592.000000
985.240601 12597.000000
987.145142 12768.000000
989.048645 12806.000000
990.950745 12685.000000
992.851685 12674.000000
994.751648 12664.000000
996.650208 12404.000000
998.547668 12393.000000
1000.444031 12521.000000
1002.339111 12383.000000
1004.233032 12560.000000
1006.125916 12532.000000
1008.017334 12373.000000
1009.907715 12459.000000
1011.796936 12544.000000
1013.684998 12561.000000
1015.571899 12425.000000
1017.457642 12445.000000
1019.342102 12429.000000
1021.225525 12490.000000
1023.107727 12596.000000
1024.988647 12566.000000
1026.868530 12491.000000
1028.747314 12547.000000
1030.624756 12556.000000
1032.501221 12428.000000
1034.376343 12503.000000
1036.250244 12486.000000
1038.123291 12367.000000
1039.994873 12545.000000
1041.865479 12560.000000
1043.734863 12487.000000
1045.603027 12542.000000
1047.469971 12599.000000
1049.335938 12460.000000
1051.200684 12428.000000
1053.064209 12519.000000
1054.926636 12511.000000
1056.788086 12441.000000
1058.648071 12615.000000
1060.507202 12434.000000
1062.364746 12504.000000
1064.221558 12504.000000
1066.077026 12433.000000
1067.931396 12464.000000
1069.784790 12530.000000
1071.636841 12415.000000
1073.487671 12665.000000
1075.337524 12555.000000
1077.186157 12531.000000
1079.033569 12457.000000
1080.879883 12372.000000
1082.725220 12309.000000
1084.569214 12564.000000
1086.412231 12495.000000
1088.253906 12559.000000
1090.094604 12487.000000
1091.934082 12401.000000
1093.772461 12452.000000
1095.609741 12363.000000
1097.445801 12435.000000
1099.280762 12567.000000
1101.114502 12344.000000
1102.947388 12456.000000
1104.778809 12490.000000
1106.609253 12460.000000
1108.438721 12492.000000
1110.266724 12552.000000
1112.093750 12379.000000
1113.919800 12458.000000
1115.744385 12326.000000
1117.568237 12542.000000
1119.390869 12605.000000
1121.212158 12369.000000
1123.032349 12495.000000
1124.851807 12574.000000
1126.669678 12587.000000
1128.486572 12422.000000
1130.302368 12556.000000
1132.117188 12604.000000
1133.930786 12399.000000
1135.743164 12353.000000
1137.554443 12537.000000
1139.364746 12467.000000
1141.173828 12412.000000
1142.981812 12452.000000
1144.788696 12422.000000
1146.594360 12656.000000
1148.399048 12442.000000
1150.202637 12616.000000
1152.005005 12414.000000
1153.806396 12570.000000
1155.606567 12646.000000
1157.405762 12445.000000
1159.203735 12448.000000
1161.000610 12462.000000
1162.796265 12533.000000
1164.591064 12503.000000
1166.384644 12523.000000
1168.177002 12608.000000
1169.968384 12465.000000
1171.758789 12406.000000
1173.547852 12484.000000
1175.335938 12601.000000
1177.122925 12486.000000
1178.908691 12473.000000
1180.693481 12478.000000
1182.477173 12381.000000
1184.259766 12528.000000
1186.041382 12492.000000
1187.821777 12665.000000
1189.600952 12574.000000
1191.379272 12552.000000
1193.156494 12407.000000
1194.932251 12436.000000
1196.707397 12460.000000
1198.481079 12475.000000
1200.253906 12590.000000
1202.025635 12451.000000
1203.796143 12545.000000
1205.565674 12532.000000
1207.334106 12750.000000
1209.101318 12450.000000
1210.867554 12483.000000
1212.632813 12602.000000
1214.396851 12513.000000
1216.159790 12441.000000
1217.921631 12364.000000
1219.682373 12450.000000
1221.442261 12529.000000
1223.200928 12539.000000
1224.958496 12524.000000
1226.715088 12536.000000
1228.470459 12395.000000
1230.224854 12368.000000
1231.978149 12505.000000
1233.730469 12401.000000
1235.481445 12500.000000
1237.231567 12456.000000
1238.980591 12659.000000
1240.728638 12450.000000
1242.475342 12557.000000
1244.221191 12357.000000
1245.965942 12515.000000
1247.709595 12554.000000
1249.452148 12487.000000
1251.193604 12555.000000
1252.934204 12370.000000
1254.673584 12280.000000
1256.411865 12447.000000
1258.149292 12491.000000
1259.885254 12449.000000
1261.620361 12431.000000
1263.354492 12461.000000
1265.087524 12386.000000
1266.819580 12378.000000
1268.550537 12519.000000
1270.280396 12546.000000
1272.009033 12443.000000
1273.736938 12443.000000
1275.463501 12469.000000
1277.188965 12578.000000
1278.913696 12285.000000
1280.637207 12583.000000
1282.359741 12547.000000
1284.081055 12471.000000
1285.801392 12554.000000
1287.520752 12372.000000
1289.239136 12386.000000
1290.956299 12450.000000
1292.672363 12385.000000
1294.387573 12475.000000
1296.101807 12414.000000
1297.814819 12447.000000
1299.526611 12426.000000
1301.237427 12563.000000
1302.947510 12528.000000
1304.656372 12421.000000
1306.364014 12630.000000
1308.070923 12518.000000
1309.776489 12577.000000
1311.481323 12357.000000
1313.184937 12492.000000
1314.887695 12342.000000
1316.589111 12452.000000
1318.289795 12421.000000
1319.989258 12276.000000
1321.687622 12439.000000
1323.385132 12622.000000
1325.081421 12481.000000
1326.776855 12482.000000
1328.471191 12498.000000
1330.164551 12445.000000
1331.856812 12478.000000
1333.548096 12448.000000
1335.238159 12388.000000
1336.927246 12565.000000
1338.615601 12378.000000
1340.302734 12419.000000
1341.988647 12389.000000
1343.673828 12821.000000
1345.357910 13271.000000
1347.040894 13742.000000
1348.722900 14163.000000
1350.403809 14099.000000
1352.083740 13369.000000
1353.762817 12850.000000
1355.440674 12543.000000
1357.117554 12491.000000
1358.793457 12474.000000
1360.468262 12584.000000
1362.142212 12529.000000
1363.815063 12549.000000
1365.486694 12536.000000
1367.157715 12434.000000
1368.827271 12339.000000
1370.496094 12540.000000
1372.163818 12447.000000
1373.830566 12473.000000
1375.496338 12600.000000
1377.161011 12563.000000
1378.824585 12426.000000
1380.487427 12464.000000
1382.149048 12610.000000
1383.809692 12589.000000
1385.469238 12511.000000
1387.128052 12467.000000
1388.785645 12481.000000
1390.442261 12360.000000
1392.098022 12416.000000
1393.752563 12524.000000
1395.406128 12396.000000
1397.058838 12347.000000
1398.710327 12385.000000
1400.360962 12356.000000
1402.010620 12485.000000
1403.659180 12486.000000
1405.306885 12427.000000
1406.953613 12651.000000
1408.599121 12440.000000
1410.243774 12482.000000
1411.887451 12481.000000
1413.530029 12503.000000
1415.171631 12443.000000
1416.812256 12679.000000
1418.452026 12474.000000
1420.090698 12515.000000
1421.728149 12397.000000
1423.364990 12512.000000
1425.000488 12464.000000
1426.635132 12382.000000
1428.268921 12541.000000
1429.901611 12371.000000
1431.533447 12428.000000
1433.163940 12463.000000
1434.793945 12467.000000
1436.422607 12574.000000
1438.050293 12584.000000
1439.677124 12534.000000
1441.302856 12494.000000
1442.927612 12565.000000
1444.551514 12468.000000
1446.174438 12493.000000
1447.796143 12344.000000
1449.417114 12492.000000
1451.037109 12581.000000
1452.655884 12463.000000
1454.273926 12455.000000
1455.890869 12560.000000
1457.506836 12570.000000
1459.121948 12417.000000
1460.735718 12467.000000
1462.348877 12535.000000
1463.961060 12505.000000
1465.572144 12469.000000
1467.182373 12413.000000
1468.791382 12398.000000
1470.399536 12418.000000
1472.006836 12365.000000
1473.613037 12341.000000
1475.218262 12393.000000
1476.822510 12439.000000
1478.425903 12673.000000
1480.028198 12471.000000
1481.629639 12461.000000
1483.230225 12536.000000
1484.829590 12403.000000
1486.428101 12448.000000
1488.025513 12452.000000
1489.622070 12531.000000
1491.217773 12491.000000
1492.812378 12517.000000
1494.405884 12482.000000
1495.998657 12391.000000
1497.590576 12463.000000
1499.181030 12387.000000
1500.771240 12352.000000
1502.359863 12454.000000
1503.947876 12474.000000
1505.534912 12569.000000
1507.120728 12463.000000
1508.705933 12474.000000
1510.290039 12423.000000
1511.873169 12472.000000
1513.455078 12527.000000
1515.036377 12426.000000
1516.616821 12545.000000
1518.196167 12634.000000
1519.774414 12421.000000
1521.351807 12436.000000
1522.927979 12508.000000
1524.503662 12498.000000
1526.078369 12386.000000
1527.651855 12502.000000
1529.224609 12431.000000
1530.796143 12629.000000
1532.366699 12489.000000
1533.936890 12441.000000
1535.505737 12538.000000
1537.073364 12582.000000
1538.640381 13020.000000
1540.206543 13444.000000
1541.771484 13476.000000
1543.335815 13810.000000
1544.898926 13555.000000
1546.461182 12871.000000
1548.022461 12624.000000
1549.582764 12558.000000
1551.142212 12485.000000
1552.700806 12323.000000
1554.258301 12568.000000
1555.814941 12460.000000
1557.370483 12505.000000
1558.925171 12441.000000
1560.479126 12374.000000
1562.032104 12507.000000
1563.583984 12543.000000
1565.134888 12426.000000
1566.684814 12479.000000
1568.234009 12340.000000
1569.782349 12451.000000
1571.329834 12516.000000
1572.876099 12407.000000
1574.421387 12449.000000
1575.966064 12434.000000
1577.509277 12475.000000
1579.051880 12565.000000
1580.593872 12326.000000
1582.134277 12343.000000
1583.674316 12454.000000
1585.213013 12403.000000
1586.750977 12497.000000
1588.288330 12380.000000
1589.824463 12504.000000
1591.359619 12458.000000
1592.893799 12368.000000
1594.427002 12372.000000
1595.959595 12461.000000
1597.491089 12463.000000
1599.021851 12336.000000
1600.551270 12352.000000
1602.080078 12298.000000
1603.607910 12510.000000
1605.134766 12343.000000
1606.660889 12486.000000
1608.185913 12451.000000
1609.710083 12383.000000
1611.233276 12477.000000
1612.755615 12344.000000
1614.276978 12431.000000
1615.797607 12432.000000
1617.317261 12437.000000
1618.835693 12385.000000
1620.353516 12437.000000
1621.870239 12407.000000
1623.386108 12422.000000
1624.901367 12352.000000
1626.415527 12355.000000
1627.928467 12456.000000
1629.441040 12480.000000
1630.952148 12509.000000
1632.462769 12384.000000
1633.972412 12389.000000
1635.481079 12290.000000
1636.988647 12364.000000
1638.495605 12561.000000
1640.001343 12360.000000
1641.506714 12556.000000
1643.010742 12514.000000
1644.513916 12262.000000
1646.016357 12483.000000
1647.517700 12425.000000
1649.018066 12449.000000
1650.517944 12501.000000
1652.016479 12492.000000
1653.514282 12499.000000
1655.011230 12308.000000
1656.507080 12323.000000
1658.002197 12510.000000
1659.496582 12519.000000
1660.989868 12385.000000
1662.482422 12592.000000
1663.973877 12580.000000
1665.464355 12367.000000
1666.954224 12428.000000
1668.443237 12491.000000
1669.931030 12505.000000
1671.418091 12495.000000
1672.904297 12301.000000
1674.389404 12499.000000
1675.873901 12336.000000
1677.357544 12319.000000
1678.840088 12695.000000
1680.321777 12364.000000
1681.802612 12547.000000
1683.282349 12554.000000
1684.761719 12565.000000
1686.239868 12422.000000
1687.717163 12327.000000
1689.193359 12455.000000
1690.668945 12411.000000
1692.143433 12477.000000
1693.617310 12406.000000
1695.090088 12427.000000
1696.562134 12352.000000
1698.033081 12317.000000
1699.503296 12479.000000
1700.972534 12366.000000
1702.441162 12306.000000
1703.908569 12349.000000
1705.375244 12505.000000
1706.841064 12479.000000
1708.305908 12510.000000
1709.769897 12376.000000
1711.233398 12392.000000
1712.695557 12434.000000
1714.156738 12919.000000
1715.617432 12411.000000
1717.077026 12412.000000
1718.535645 12310.000000
1719.993774 12375.000000
1721.450806 12405.000000
1722.906860 12498.000000
1724.362183 12386.000000
1725.816406 12332.000000
1727.270264 12415.000000
1728.722900 12461.000000
1730.174561 12474.000000
1731.625244 12502.000000
1733.075439 12479.000000
1734.524536 12509.000000
1735.973145 12351.000000
1737.420532 12569.000000
1738.867065 12329.000000
1740.312622 12384.000000
1741.757568 12560.000000
1743.201416 12448.000000
1744.644775 12398.000000
1746.086914 12506.000000
1747.528198 12314.000000
1748.968750 12412.000000
1750.408325 12493.000000
1751.847168 12397.000000
1753.285278 12356.000000
1754.722168 12521.000000
1756.158447 12508.000000
1757.593872 12345.000000
1759.028198 12335.000000
1760.461670 12498.000000
1761.894653 12357.000000
1763.326538 12418.000000
1764.757568 12261.000000
1766.187622 12623.000000
1767.616943 12422.000000
1769.045410 12464.000000
1770.473145 12332.000000
1771.900024 12511.000000
1773.325806 12493.000000
1774.750732 12405.000000
1776.174805 12419.000000
1777.598511 12499.000000
1779.020996 12415.000000
1780.442505 12521.000000
1781.863281 12447.000000
1783.283081 12491.000000
1784.702148 12377.000000
1786.120605 12356.000000
1787.538086 12464.000000
1788.954346 12433.000000
1790.370117 12401.000000
1791.785034 12522.000000
1793.198730 12336.000000
1794.612183 12412.000000
1796.024536 12366.000000
1797.436035 12431.000000
1798.846313 12370.000000
1800.256104 12539.000000
1801.664917 12450.000000
1803.073242 12424.000000
1804.480347 12555.000000
1805.886963 12448.000000
1807.292358 12467.000000
1808.697021 12336.000000
1810.100708 12539.000000
1811.504028 12412.000000
1812.906006 12459.000000
1814.307373 12402.000000
1815.707764 12363.000000
1817.107422 12540.000000
1818.506104 12391.000000
1819.904419 12488.000000
1821.301514 12454.000000
1822.697754 12273.000000
1824.093262 12387.000000
1825.487671 12463.000000
1826.881714 12365.000000
1828.274780 12497.000000
1829.666748 12515.000000
1831.057983 12543.000000
1832.448486 12506.000000
1833.838013 12545.000000
1835.227051 12464.000000
1836.614868 12524.000000
1838.002075 12435.000000
1839.388184 12361.000000
1840.773804 12338.000000
1842.158203 12372.000000
1843.542114 12641.000000
1844.925049 12477.000000
1846.307251 12324.000000
1847.688599 12424.000000
1849.068970 12519.000000
1850.448608 12517.000000
1851.827637 12522.000000
1853.205688 12364.000000
1854.582764 12443.000000
1855.959106 12396.000000
1857.334595 12317.000000
1858.709106 12500.000000
1860.083374 12303.000000
1861.456543 12488.000000
1862.828613 12495.000000
1864.199951 12600.000000
1865.570435 12397.000000
1866.940430 12567.000000
1868.309326 12401.000000
1869.677612 12361.000000
1871.044800 12275.000000
1872.411133 12618.000000
1873.776855 12476.000000
1875.141846 12495.000000
1876.505859 12504.000000
1877.869141 12429.000000
1879.231445 12614.000000
1880.592896 12458.000000
1881.953735 12461.000000
1883.313843 12299.000000
1884.672974 12501.000000
1886.031128 12461.000000
1887.388794 12291.000000
1888.745361 12314.000000
1890.101318 12495.000000
1891.456421 12508.000000
1892.810791 12438.000000
1894.164063 12384.000000
1895.516602 12338.000000
1896.868408 12331.000000
1898.219360 12506.000000
1899.569824 12289.000000
1900.919312 12454.000000
1902.267578 12533.000000
1903.615601 12542.000000
1904.962524 12415.000000
1906.308716 12547.000000
1907.654175 12490.000000
1908.998779 12376.000000
1910.342285 12337.000000
1911.685303 12377.000000
1913.027344 12394.000000
1914.368896 12331.000000
1915.709473 12404.000000
1917.049072 12451.000000
1918.387817 12362.000000
1919.726074 12545.000000
1921.063354 12586.000000
1922.400024 12434.000000
1923.735596 12324.000000
1925.070557 12588.000000
1926.404541 12384.000000
1927.737793 12378.000000
1929.070190 12388.000000
1930.402222 12323.000000
1931.733154 12500.000000
1933.063232 12441.000000
1934.392456 12443.000000
1935.720947 12471.000000
1937.048584 12533.000000
1938.375854 12320.000000
1939.701782 12516.000000
1941.027100 12447.000000
1942.351685 12524.000000
1943.675415 12465.000000
1944.998291 12560.000000
1946.320679 12494.000000
1947.641968 12484.000000
1948.962524 12482.000000
1950.282227 12411.000000
1951.601074 12338.000000
1952.919556 12543.000000
1954.236938 12337.000000
1955.553467 12498.000000
1956.869385 12485.000000
1958.184204 12481.000000
1959.498535 12452.000000
1960.812012 12437.000000
1962.124756 12383.000000
1963.436523 12317.000000
1964.747681 12351.000000
1966.057861 12512.000000
1967.367432 12574.000000
1968.676392 12396.000000
1969.984253 12353.000000
1971.291382 12504.000000
1972.597656 12274.000000
1973.903198 12282.000000
1975.208130 12472.000000
1976.512085 12343.000000
1977.815552 12348.000000
1979.117920 12360.000000
1980.419678 12449.000000
1981.720459 12376.000000
1983.020508 12403.000000
1984.319946 12323.000000
1985.618530 12453.000000
1986.916260 12296.000000
1988.213135 12335.000000
1989.509399 12550.000000
1990.804810 12501.000000
1992.099487 12361.000000
1993.393677 12535.000000
1994.686523 12554.000000
1995.979004 12390.000000
1997.270386 12368.000000
1998.561523 12468.000000
1999.851440 12420.000000
2001.140503 12420.000000
2002.428833 12573.000000
2003.716675 12390.000000
2005.003418 12298.000000
2006.289795 12335.000000
2007.575073 12346.000000
2008.859619 12449.000000
2010.143433 12399.000000
2011.426514 12626.000000
2012.708740 12264.000000
2013.990356 12467.000000
2015.271240 12437.000000
2016.551147 12411.000000
2017.830200 12322.000000
2019.108765 12387.000000
2020.386108 12292.000000
2021.663452 12348.000000
2022.939209 12356.000000
2024.214844 12311.000000
2025.489136 12505.000000
2026.763062 12504.000000
2028.036255 12395.000000
2029.308716 12299.000000
2030.580078 12364.000000
2031.850830 12479.000000
2033.120605 12415.000000
2034.389893 12413.000000
2035.658691 12333.000000
2036.926270 12493.000000
2038.193359 12392.000000
2039.459351 12327.000000
2040.724731 12552.000000
2041.989380 12441.000000
2043.253540 12535.000000
2044.516724 12370.000000
2045.779053 12566.000000
2047.040527 12288.000000
2048.301270 12343.000000
2049.561279 12338.000000
2050.821045 12367.000000
2052.079834 12589.000000
2053.337402 12324.000000
2054.594482 12417.000000
2055.850830 12606.000000
2057.106201 12587.000000
2058.361084 12203.000000
2059.615234 12523.000000
2060.868408 12438.000000
2062.120850 12499.000000
2063.372559 12518.000000
2064.623779 12493.000000
2065.874268 12490.000000
2067.123779 12481.000000
2068.372559 12506.000000
2069.620361 12354.000000
2070.867920 12326.000000
2072.114258 12438.000000
2073.360107 12403.000000
2074.604980 12291.000000
2075.849365 12432.000000
2077.092773 12431.000000
2078.335693 12329.000000
2079.577881 12305.000000
2080.819092 12281.000000
2082.059570 12388.000000
2083.299316 12326.000000
2084.538330 12449.000000
2085.776611 12481.000000
2087.014404 12440.000000
2088.251221 12372.000000
2089.487061 12358.000000
2090.722412 12435.000000
2091.957031 12396.000000
2093.190674 12511.000000
2094.424072 12459.000000
2095.656250 12489.000000
2096.887695 12431.000000
2098.118408 12428.000000
2099.348877 12495.000000
2100.577881 12507.000000
2101.806641 12416.000000
2103.034668 12421.000000
2104.261719 12382.000000
2105.488281 12395.000000
2106.713867 12579.000000
2107.938965 12469.000000
2109.163086 12274.000000
2110.386475 12386.000000
2111.609131 12534.000000
2112.831055 12536.000000
2114.052246 12388.000000
2115.273193 12495.000000
2116.492920 12449.000000
2117.711426 12316.000000
2118.929688 12443.000000
2120.147461 12363.000000
2121.364014 12465.000000
2122.580566 12417.000000
2123.795898 12530.000000
2125.010254 12482.000000
2126.224121 12360.000000
2127.437744 12405.000000
2128.649658 12276.000000
2129.861572 12495.000000
2131.072510 12448.000000
2132.282715 12436.000000
2133.492188 12338.000000
2134.700928 12358.000000
2135.908936 12359.000000
2137.116699 12417.000000
2138.322998 12405.000000
2139.529053 12461.000000
2140.733887 12499.000000
2141.938232 12399.000000
2143.141846 12323.000000
2144.344727 12319.000000
2145.547119 12576.000000
2146.748535 12488.000000
2147.949219 12583.000000
2149.149414 12639.000000
2150.348389 12497.000000
2151.547363 12330.000000
2152.745361 12560.000000
2153.942139 12465.000000
2155.138672 12464.000000
2156.334473 12414.000000
2157.529541 12400.000000
2158.723633 12408.000000
2159.916992 12511.000000
2161.109863 12358.000000
2162.302002 12332.000000
2163.493164 12523.000000
2164.684082 12332.000000
2165.874023 12429.000000
2167.062988 12458.000000
2168.251465 12449.000000
2169.438965 12368.000000
2170.626221 12463.000000
2171.812744 12462.000000
2172.998535 12333.000000
2174.183105 12476.000000
2175.367432 12380.000000
2176.550537 12335.000000
2177.733154 12455.000000
2178.915527 12345.000000
2180.096924 12326.000000
2181.277588 12495.000000
2182.457275 12269.000000
2183.636230 12387.000000
2184.814697 12361.000000
2185.992676 12329.000000
2187.169922 12419.000000
2188.345703 12429.000000
2189.521484 12314.000000
2190.696289 12325.000000
2191.870605 12341.000000
2193.043945 12489.000000
2194.216553 12271.000000
2195.388672 12454.000000
2196.559814 12389.000000
2197.730713 12478.000000
2198.900879 12520.000000
2200.069824 12484.000000
2201.238281 12464.000000
2202.406006 12521.000000
2203.572998 12510.000000
2204.739502 12398.000000
2205.905273 12378.000000
2207.070068 12451.000000
2208.234375 12433.000000
2209.397705 12558.000000
2210.560791 12346.000000
2211.722656 12392.000000
2212.884277 12503.000000
2214.044678 12411.000000
2215.205078 12479.000000
2216.364258 12488.000000
2217.522705 12398.000000
2218.680664 12413.000000
2219.838135 12453.000000
2220.994385 12439.000000
2222.150146 12366.000000
2223.305176 12502.000000
2224.459717 12487.000000
2225.613281 12401.000000
2226.766113 12472.000000
2227.918701 12629.000000
2229.070313 12289.000000
2230.220947 12486.000000
2231.371094 12426.000000
2232.520752 12295.000000
2233.669678 12350.000000
2234.817871 12566.000000
2235.965088 12472.000000
2237.111816 12363.000000
2238.257813 12358.000000
2239.403076 12354.000000
2240.547607 12603.000000
2241.691406 12473.000000
2242.834717 12519.000000
2243.977051 12404.000000
2245.118896 12431.000000
2246.260254 12363.000000
2247.400635 12445.000000
2248.540527 12406.000000
2249.679443 12430.000000
2250.817871 12443.000000
2251.955322 12564.000000
2253.092529 12509.000000
2254.228516 12410.000000
2255.364502 12382.000000
2256.499023 12444.000000
2257.633301 12325.000000
2258.766846 12494.000000
2259.899658 12368.000000
2261.031738 12542.000000
2262.163330 12418.000000
2263.293945 12524.000000
2264.424072 12416.000000
2265.553711 12317.000000
2266.682373 12380.000000
2267.810303 12376.000000
2268.937500 12260.000000
2270.063965 12547.000000
2271.189941 12455.000000
2272.315674 12494.000000
2273.440186 12404.000000
2274.563965 12468.000000
2275.687012 12597.000000
2276.809570 12526.000000
2277.931396 12298.000000
2279.052734 12362.000000
2280.172852 12446.000000
2281.292725 12433.000000
2282.411865 12406.000000
2283.530273 12440.000000
2284.647949 12415.000000
2285.765137 12433.000000
2286.881592 12342.000000
2287.997314 12443.000000
2289.112061 12267.000000
2290.226563 12450.000000
2291.340088 12513.000000
2292.453125 12585.000000
2293.565430 12409.000000
2294.676758 12337.000000
2295.787842 12449.000000
2296.898193 12441.000000
2298.007568 12524.000000
2299.116699 12518.000000
2300.224854 12407.000000
2301.332520 12446.000000
2302.439209 12420.000000
2303.545410 12476.000000
2304.651123 12340.000000
2305.755859 12328.000000
2306.860107 12344.000000
2307.963379 12444.000000
2309.066406 12505.000000
2310.168457 12284.000000
2311.270264 12326.000000
2312.371094 12316.000000
2313.470947 12447.000000
2314.570557 12444.000000
2315.669434 12445.000000
2316.767090 12398.000000
2317.864990 12482.000000
2318.961670 12326.000000
2320.057617 12497.000000
2321.153076 12499.000000
2322.247803 12271.000000
2323.341797 12348.000000
2324.435791 12426.000000
2325.528320 12489.000000
2326.620117 12222.000000
2327.711670 12551.000000
2328.802246 12255.000000
2329.892334 12490.000000
2330.981934 12581.000000
2332.070557 12443.000000
2333.158691 12366.000000
2334.245850 12371.000000
2335.333008 12431.000000
2336.419189 12495.000000
2337.504395 12423.000000
2338.589111 12513.000000
2339.673340 12345.000000
2340.756592 12474.000000
2341.839355 12473.000000
2342.921143 12450.000000
2344.002930 12322.000000
2345.083740 12443.000000
2346.163818 12446.000000
2347.242920 12407.000000
2348.321777 12364.000000
2349.400146 12349.000000
2350.477539 12351.000000
2351.554199 12438.000000
2352.630371 12296.000000
2353.705811 12451.000000
2354.780518 12525.000000
2355.854980 12403.000000
2356.928467 12571.000000
2358.001221 12526.000000
2359.073242 12486.000000
2360.145020 12373.000000
2361.215820 12537.000000
2362.286133 12299.000000
2363.355713 12558.000000
2364.424316 12410.000000
2365.492676 12350.000000
2366.560303 12343.000000
2367.627197 12406.000000
2368.693359 12469.000000
2369.759033 12431.000000
2370.823975 12388.000000
2371.888428 12406.000000
2372.951904 12487.000000
2374.015137 12497.000000
2375.077637 12534.000000
2376.139160 12366.000000
2377.200195 12342.000000
2378.260498 12402.000000
2379.320313 12300.000000
2380.379639 12343.000000
2381.437988 12337.000000
2382.495850 12409.000000
2383.552734 12486.000000
2384.609375 12355.000000
2385.665039 12459.000000
2386.720459 12449.000000
2387.775146 12456.000000
2388.828613 12606.000000
2389.881836 12399.000000
2390.934570 12340.000000
2391.986328 12534.000000
2393.037842 12344.000000
2394.088379 12480.000000
2395.138428 12391.000000
2396.187744 12369.000000
2397.236572 12304.000000
2398.284668 12421.000000
2399.332031 12418.000000
2400.378906 12395.000000
2401.424561 12365.000000
2402.470459 12452.000000
2403.515137 12409.000000
2404.559570 12435.000000
2405.603271 12296.000000
2406.645996 12430.000000
2407.688232 12584.000000
2408.729980 12605.000000
2409.770752 12414.000000
2410.811279 12439.000000
2411.851074 12452.000000
2412.890137 12475.000000
2413.928467 12617.000000
2414.966309 12542.000000
2416.003418 12540.000000
2417.039795 12367.000000
2418.075684 12522.000000
2419.111084 12562.000000
2420.145508 12575.000000
2421.179443 12623.000000
2422.212646 12411.000000
2423.245605 12267.000000
2424.277588 12422.000000
2425.308838 12413.000000
2426.339844 12460.000000
2427.369873 12503.000000
2428.399170 12461.000000
2429.428223 12581.000000
2430.456543 12368.000000
2431.484131 12467.000000
2432.510742 12387.000000
2433.537354 12450.000000
2434.562744 12314.000000
2435.588135 12405.000000
2436.612305 12433.000000
2437.636230 12458.000000
2438.658936 12452.000000
2439.681641 12396.000000
2440.703857 12286.000000
2441.724854 12456.000000
2442.745605 12427.000000
2443.765381 12430.000000
2444.784912 12418.000000
2445.803467 12454.000000
2446.822021 12419.000000
2447.839355 12607.000000
2448.856445 12345.000000
2449.872314 12327.000000
2450.887939 12520.000000
2451.902832 12493.000000
2452.917480 12352.000000
2453.930908 12447.000000
2454.943848 12416.000000
2455.956299 12428.000000
2456.968262 12560.000000
2457.979492 12333.000000
2458.990234 12420.000000
2460.000000 12416.000000
2461.009521 12436.000000
2462.018066 12507.000000
2463.025879 12522.000000
2464.033447 12422.000000
2465.040527 12425.000000
2466.046631 12478.000000
2467.052002 12446.000000
2468.057129 12400.000000
2469.061523 12522.000000
2470.065186 12568.000000
2471.068359 12518.000000
2472.070801 12447.000000
2473.072510 12313.000000
2474.073730 12447.000000
2475.074463 12440.000000
2476.074463 12475.000000
2477.073730 12442.000000
2478.072266 12566.000000
2479.070557 12458.000000
2480.067871 12528.000000
2481.064941 12436.000000
2482.061279 12372.000000
2483.056641 12505.000000
2484.051758 12360.000000
2485.046387 12526.000000
2486.040039 12511.000000
2487.033203 12567.000000
2488.025635 12474.000000
2489.017822 12397.000000
2490.009277 12350.000000
2491.000000 12566.000000
2491.989990 12567.000000
2492.979248 12520.000000
2493.968506 12512.000000
2494.956299 12443.000000
2495.944092 12440.000000
2496.931152 12453.000000
2497.917725 12334.000000
2498.903564 12547.000000
2499.888428 12415.000000
2500.873535 12487.000000
2501.857178 12459.000000
2502.840576 12353.000000
2503.822998 12461.000000
2504.805420 12425.000000
2505.786621 12425.000000
2506.767578 12379.000000
2507.748291 12470.000000
2508.727783 12427.000000
2509.707275 12587.000000
2510.685547 12457.000000
2511.663574 12504.000000
2512.640625 12527.000000
2513.617188 12384.000000
2514.593262 12498.000000
2515.568359 12395.000000
2516.543213 12311.000000
2517.517578 12516.000000
2518.490967 12401.000000
2519.464844 12406.000000
2520.437012 12566.000000
2521.408691 12476.000000
2522.379883 12414.000000
2523.350342 12519.000000
2524.320313 12459.000000
2525.289795 12491.000000
2526.258545 12458.000000
2527.226807 12434.000000
2528.194336 12470.000000
2529.160889 12453.000000
2530.127930 12551.000000
2531.093750 12403.000000
2532.058594 12433.000000
2533.023193 12494.000000
2533.987305 12398.000000
2534.950928 12464.000000
2535.913330 12410.000000
2536.875244 12513.000000
2537.836914 12422.000000
2538.797363 12252.000000
2539.758057 12356.000000
2540.717773 12589.000000
2541.677002 12560.000000
2542.635986 12453.000000
2543.593506 12545.000000
2544.551025 12344.000000
2545.507813 12403.000000
2546.463623 12369.000000
2547.419434 12313.000000
2548.374268 12312.000000
2549.328857 12512.000000
2550.282715 12363.000000
2551.235596 12508.000000
2552.188232 12434.000000
2553.140625 12472.000000
2554.091797 12591.000000
2555.042969 12561.000000
2555.993164 12361.000000
2556.942627 12671.000000
2557.891602 12519.000000
2558.840088 12533.000000
2559.787842 12583.000000
2560.735107 12420.000000
2561.681641 12333.000000
2562.628174 12495.000000
2563.573975 12582.000000
2564.518799 12392.000000
2565.462646 12593.000000
2566.406738 12445.000000
2567.349854 12585.000000
2568.292236 12433.000000
2569.233887 12426.000000
2570.175537 12484.000000
2571.116455 12460.000000
2572.056396 12380.000000
2572.995850 12398.000000
2573.934814 12709.000000
2574.873535 12422.000000
2575.811523 12366.000000
2576.748779 12545.000000
2577.685303 12481.000000
2578.621338 12361.000000
2579.557129 12502.000000
2580.491699 12442.000000
2581.426270 12384.000000
2582.359619 12423.000000
2583.292969 12423.000000
2584.225586 12392.000000
2585.157471 12432.000000
2586.089600 12508.000000
2587.020264 12552.000000
2587.950684 12552.000000
2588.879883 12443.000000
2589.809326 12495.000000
2590.737793 12375.000000
2591.665283 12494.000000
2592.592773 12537.000000
2593.519531 12497.000000
2594.445801 12504.000000
2595.371094 12491.000000
2596.296387 12517.000000
2597.221191 12533.000000
2598.144775 12415.000000
2599.068359 12563.000000
2599.990967 12356.000000
2600.913086 12436.000000
2601.834473 12394.000000
2602.755615 12576.000000
2603.675781 12518.000000
2604.595459 12404.000000
2605.514648 12425.000000
2606.433350 12599.000000
2607.351807 12496.000000
2608.269531 12409.000000
2609.186279 12479.000000
2610.102783 12448.000000
2611.018555 12507.000000
2611.933594 12440.000000
2612.848145 12517.000000
2613.762207 12434.000000
2614.675781 12490.000000
2615.588623 12404.000000
2616.500977 12467.000000
2617.412598 12502.000000
2618.324219 12489.000000
2619.235107 12560.000000
2620.145020 12437.000000
2621.054688 12448.000000
2621.963623 12539.000000
2622.871582 12397.000000
2623.779541 12496.000000
2624.687012 12389.000000
2625.593262 12415.000000
2626.499512 12462.000000
2627.405273 12337.000000
2628.310059 12640.000000
2629.214600 12429.000000
2630.118652 12457.000000
2631.021484 12397.000000
2631.924561 12500.000000
2632.826416 12513.000000
2633.727783 12424.000000
2634.628906 12386.000000
2635.529053 12386.000000
2636.429199 12486.000000
2637.328125 12430.000000
2638.227051 12324.000000
2639.125732 12391.000000
2640.023438 12490.000000
2640.920410 12445.000000
2641.816650 12403.000000
2642.712158 12353.000000
2643.607422 12437.000000
2644.502686 12412.000000
2645.396973 12502.000000
2646.290527 12557.000000
2647.183350 12323.000000
2648.076172 12495.000000
2648.968018 12541.000000
2649.859863 12348.000000
2650.750732 12433.000000
2651.641113 12406.000000
2652.531006 12397.000000
2653.419678 12332.000000
2654.308594 12362.000000
2655.196533 12398.000000
2656.083984 12424.000000
2656.971191 12454.000000
2657.857178 12528.000000
2658.743164 12466.000000
2659.628906 12492.000000
2660.513428 12514.000000
2661.397461 12479.000000
2662.281494 12376.000000
2663.164307 12565.000000
2664.046631 12470.000000
2664.928955 12375.000000
2665.809814 12548.000000
2666.690918 12576.000000
2667.571045 12493.000000
2668.450928 12585.000000
2669.330322 12523.000000
2670.208984 12544.000000
2671.087158 12566.000000
2671.964844 12507.000000
2672.841797 12601.000000
2673.718018 12496.000000
2674.593994 12426.000000
2675.469238 12539.000000
2676.343994 12466.000000
2677.218018 12402.000000
2678.091797 12375.000000
2678.964844 12512.000000
2679.837646 12446.000000
2680.709717 12567.000000
2681.581299 12522.000000
2682.452148 12664.000000
2683.322998 12496.000000
2684.192627 12438.000000
2685.061768 12499.000000
2685.930664 12578.000000
2686.798828 12533.000000
2687.666504 12629.000000
2688.533447 12568.000000
2689.400146 12746.000000
2690.266846 12426.000000
2691.132080 12475.000000
2691.996582 12488.000000
2692.861328 12490.000000
2693.724854 12374.000000
2694.588379 12445.000000
2695.450928 12482.000000
2696.312988 12280.000000
2697.174805 12476.000000
2698.036133 12516.000000
2698.896729 12430.000000
2699.756592 12433.000000
2700.616699 12552.000000
2701.475586 12388.000000
2702.333740 12418.000000
2703.191650 12552.000000
2704.049072 12462.000000
2704.906006 12466.000000
2705.762207 12396.000000
2706.617676 12513.000000
2707.473145 12342.000000
2708.327637 12503.000000
2709.182129 12452.000000
2710.035889 12580.000000
2710.888672 12451.000000
2711.741455 12504.000000
2712.593506 12507.000000
2713.444824 12349.000000
2714.295654 12486.000000
2715.145996 12469.000000
2715.995850 12434.000000
2716.844727 12382.000000
2717.693848 12515.000000
2718.542236 12638.000000
2719.389893 12408.000000
2720.237793 12583.000000
2721.084229 12457.000000
2721.930176 12606.000000
2722.775635 12773.000000
2723.621094 12527.000000
2724.465088 12558.000000
2725.309570 12529.000000
2726.152832 12569.000000
2726.995605 12526.000000
2727.837891 12596.000000
2728.679932 12641.000000
2729.520996 12359.000000
2730.362549 12468.000000
2731.202637 12543.000000
2732.042236 12496.000000
2732.881836 12322.000000
2733.720459 12536.000000
2734.558838 12541.000000
2735.396484 12522.000000
2736.232910 12511.000000
2737.069824 12595.000000
2737.906006 12474.000000
2738.741455 12530.000000
2739.577148 12549.000000
2740.411377 12510.000000
2741.245605 12541.000000
2742.078613 12494.000000
2742.911621 12466.000000
2743.744141 12498.000000
2744.575928 12337.000000
2745.407471 12390.000000
2746.238037 12555.000000
2747.068359 12526.000000
2747.897949 12474.000000
2748.727539 12503.000000
2749.556641 12419.000000
2750.385010 12511.000000
2751.212646 12475.000000
2752.039551 12328.000000
2752.866455 12451.000000
2753.692383 12421.000000
2754.518066 12356.000000
2755.343262 12580.000000
2756.167725 12381.000000
2756.991943 12461.000000
2757.815430 12531.000000
2758.638916 12587.000000
2759.461670 12445.000000
2760.283447 12442.000000
2761.104980 12517.000000
2761.926025 12550.000000
2762.746338 12592.000000
2763.566162 12473.000000
2764.385742 12516.000000
2765.204834 12477.000000
2766.022949 12579.000000
2766.840820 12375.000000
2767.658203 12475.000000
2768.475586 12505.000000
2769.292236 12420.000000
2770.107910 12510.000000
2770.923340 12604.000000
2771.738037 12399.000000
2772.552246 12468.000000
2773.366211 12457.000000
2774.179443 12450.000000
2774.992188 12560.000000
2775.804688 12555.000000
2776.616211 12453.000000
2777.427246 12393.000000
2778.238770 12746.000000
2779.048828 12652.000000
2779.858643 12588.000000
2780.667969 12512.000000
2781.476563 12571.000000
2782.284912 12488.000000
2783.092773 12502.000000
2783.899658 12480.000000
2784.706299 12532.000000
2785.512695 12597.000000
2786.318115 12419.000000
2787.123779 12575.000000
2787.928711 12520.000000
2788.732666 12450.000000
2789.536377 12571.000000
2790.339355 12428.000000
2791.142090 12468.000000
2791.944092 12532.000000
2792.745850 12524.000000
2793.546631 12453.000000
2794.347656 12564.000000
2795.147949 12568.000000
2795.947754 12530.000000
2796.746826 12475.000000
2797.545654 12679.000000
2798.343994 12486.000000
2799.141846 12491.000000
2799.938965 12581.000000
2800.735596 12384.000000
2801.531738 12548.000000
2802.327393 12579.000000
2803.122314 12530.000000
2803.917236 12536.000000
2804.711426 12567.000000
2805.505127 12463.000000
2806.298828 12535.000000
2807.091064 12536.000000
2807.883545 12513.000000
2808.675049 12423.000000
2809.466309 12561.000000
2810.257080 12497.000000
2811.047119 12549.000000
2811.836914 12695.000000
2812.625977 12563.000000
2813.414795 12442.000000
2814.202881 12435.000000
2814.991455 12493.000000
2815.778564 12482.000000
2816.565674 12634.000000
2817.351807 12520.000000
2818.137695 12466.000000
2818.922852 12601.000000
2819.707764 12461.000000
2820.491699 12600.000000
2821.275879 12625.000000
2822.059082 12510.000000
2822.842041 12578.000000
2823.624512 12589.000000
2824.406738 12321.000000
2825.187988 12647.000000
2825.968994 12574.000000
2826.749512 12529.000000
2827.529297 12464.000000
2828.309082 12525.000000
2829.087891 12776.000000
2829.866211 12491.000000
2830.644531 12728.000000
2831.421875 12471.000000
2832.198975 12524.000000
2832.975342 12530.000000
2833.751953 12534.000000
2834.527344 12313.000000
2835.302734 12474.000000
2836.076904 12566.000000
2836.851318 12531.000000
2837.625244 12516.000000
2838.397949 12561.000000
2839.170898 12602.000000
2839.943115 12486.000000
2840.714844 12444.000000
2841.486328 12592.000000
2842.257568 12512.000000
2843.027832 12485.000000
2843.797607 12527.000000
2844.566650 12657.000000
2845.335693 12611.000000
2846.104248 12552.000000
2846.871826 12599.000000
2847.639404 12482.000000
2848.406738 12602.000000
2849.173096 12456.000000
2849.938965 12428.000000
2850.704346 12475.000000
2851.470215 12712.000000
2852.234619 12478.000000
2852.999023 12549.000000
2853.762451 12569.000000
2854.525635 12574.000000
2855.288574 12635.000000
2856.050537 12528.000000
2856.812256 12502.000000
2857.573975 12430.000000
2858.334473 12546.000000
2859.095215 12410.000000
2859.854980 12688.000000
2860.614502 12594.000000
2861.373779 12502.000000
2862.131836 12551.000000
2862.889893 12571.000000
2863.647705 12611.000000
2864.404541 12670.000000
2865.161377 12537.000000
2865.917236 12552.000000
2866.672852 12384.000000
2867.428223 12507.000000
2868.182861 12574.000000
2868.937988 12492.000000
2869.691406 12518.000000
2870.445068 12610.000000
2871.197754 12590.000000
2871.950439 12557.000000
2872.702148 12481.000000
2873.453857 12610.000000
2874.204590 12646.000000
2874.955322 12745.000000
2875.705322 12778.000000
2876.455078 12878.000000
2877.204102 12763.000000
2877.953613 12908.000000
2878.701660 13112.000000
2879.449707 13147.000000
2880.196533 12998.000000
2880.943848 12943.000000
2881.690186 13032.000000
2882.436035 12801.000000
2883.181396 12683.000000
2883.926758 12679.000000
2884.671143 12685.000000
2885.415283 12629.000000
2886.159668 12780.000000
2886.902832 12715.000000
2887.645752 12691.000000
2888.387939 12580.000000
2889.129639 12607.000000
2889.871094 12611.000000
2890.612061 12521.000000
2891.352539 12620.000000
2892.092529 12465.000000
2892.832031 12611.000000
2893.571533 12669.000000
2894.310059 12499.000000
2895.048828 12601.000000
2895.786621 12544.000000
2896.523926 12529.000000
2897.260742 12563.000000
2897.997314 12547.000000
2898.733154 12553.000000
2899.468994 12490.000000
2900.203857 12491.000000
2900.938477 12424.000000
2901.672607 12605.000000
2902.406738 12552.000000
2903.139893 12567.000000
2903.873047 12578.000000
2904.605713 12652.000000
2905.337646 12548.000000
2906.069092 12697.000000
2906.800049 12697.000000
