scanname Scan105
timestamp 2024-03-07 17:48:28
ccdbias 990.801270
ccdgain 4.313516
sigmaread 9.885917
laserwavenum 0.072984
wavenumcorrection -0.780140
scancount 2
totalexposurems 1420
singleexposurems 1345
measurementstate Unknown
scanmode Auto
snr 66.159592 23.551821 6.972126
replacelist 0
peaks 10
238.280899 0.408205 0.000000 12.446631 0.000335
250.486160 0.416725 0.000000 9.266205 0.000350
463.719788 0.060601 0.000000 0.239782 0.000009
618.248047 0.057694 0.000000 0.128758 0.000012
839.290955 0.064786 0.000000 0.268247 0.000019
1001.802063 0.083238 0.000000 4.051455 0.000380
1029.701782 0.070635 0.000000 0.933505 0.000146
1185.151001 0.063751 0.000000 0.103299 0.000022
1206.772949 0.064428 0.000000 0.302317 0.000022
1599.967651 0.067070 0.000000 0.281649 0.000037
finalresult GLS_Multiple 2
U4Z0X7	benfentmags-4	1.983181e-001
UPG9D7	benfentmags-3	1.780383e-001
spectrum 2048
-92.895493 53.687088
-90.291344 53.956905
-87.688965 57.636215
-85.088333 59.789410
-82.489456 63.655449
-79.892326 60.025120
-77.296959 58.021282
-74.703339 58.176037
-72.111458 56.321308
-69.521332 52.824734
-66.932945 50.721439
-64.346313 48.146400
-61.761410 44.773624
-59.178253 41.725235
-56.596840 38.623825
-54.017159 35.419029
-51.439217 31.840958
-48.863010 29.336622
-46.288536 26.277582
-43.715790 23.218819
-41.144783 20.418762
-38.575497 18.445625
-36.007942 15.462317
-33.442108 0.285415
-30.878006 0.185546
-28.315620 0.165605
-25.754965 0.155491
-23.196030 0.146338
-20.638803 0.139093
-18.083296 0.137227
-15.529512 0.135324
-12.977442 0.136104
-10.427077 0.139776
-7.878425 0.171020
-5.331489 0.214518
-2.786262 0.229753
-0.242735 0.235584
2.299087 0.238029
4.839197 0.232488
7.377604 0.184960
9.914317 0.295583
12.449331 0.410031
14.982638 0.568771
17.514250 0.574006
20.044170 0.582946
22.572399 0.583233
25.098928 0.582191
27.623762 0.555844
30.146919 0.601174
32.668385 0.565007
35.188168 0.571276
37.706245 0.612915
40.222652 0.597213
42.737377 0.547817
45.250408 0.535803
47.761772 0.545790
50.271461 0.480567
52.779469 0.489561
55.285805 0.530262
57.790447 0.498550
60.293438 0.505531
62.794754 0.473898
65.294380 0.475937
67.792358 0.448431
70.288666 0.463942
72.783318 0.355558
75.276291 0.480026
77.767593 0.395986
80.257248 0.472267
82.745255 0.431526
85.231567 0.353577
87.716248 0.309251
90.199272 0.293424
92.680641 0.299441
95.160347 0.447694
97.638405 0.379172
100.114815 0.360400
102.589592 0.330352
105.062683 0.288938
107.534149 0.345525
110.003975 0.289825
112.472153 0.417760
114.938705 0.383997
117.403587 0.227817
119.866844 0.291785
122.328468 0.279612
124.788452 0.399046
127.246796 0.300601
129.703506 0.251698
132.158600 0.257968
134.612045 0.273681
137.063858 0.286099
139.514053 0.229113
141.962616 0.280505
144.409561 0.284139
146.854874 0.248405
149.298584 0.248590
151.740646 0.233147
154.181091 0.237783
156.619919 0.211659
159.057159 0.207902
161.492737 0.220692
163.926712 0.209230
166.359100 0.199383
168.789856 0.198508
171.218994 0.190553
173.646545 0.185441
176.072479 0.179490
178.496780 0.179713
180.919510 0.175068
183.340637 0.177543
185.760147 0.176178
188.178070 0.181861
190.594376 0.185701
193.009094 0.190290
195.422211 0.194534
197.833740 0.204778
200.243668 0.213122
202.651993 0.219246
205.058746 0.226164
207.463882 0.236036
209.867432 0.245449
212.269424 0.258086
214.669800 0.266763
217.068588 0.273780
219.465851 0.287214
221.861450 0.299440
224.255539 0.309880
226.647995 0.327113
229.038879 0.340840
231.428223 0.357614
233.815964 0.375981
236.202133 0.390261
238.586716 0.406643
240.969742 0.413724
243.351227 0.411721
245.731094 0.403107
248.109390 0.384066
250.486160 0.361183
252.861328 0.328883
255.234940 0.299646
257.607025 0.269441
259.977539 0.238609
262.346466 0.214955
264.713837 0.193885
267.079651 0.176563
269.443939 0.159849
271.806641 0.148678
274.167786 0.139067
276.527405 0.129924
278.885437 0.122657
281.241943 0.115120
283.596863 0.110571
285.950256 0.104250
288.302185 0.100127
290.652466 0.095915
293.001190 0.091689
295.348480 0.089479
297.694153 0.087724
300.038330 0.085388
302.380890 0.083807
304.721985 0.081332
307.061523 0.079108
309.399536 0.077497
311.736023 0.075668
314.070953 0.075606
316.404358 0.073835
318.736237 0.072488
321.066589 0.072324
323.395386 0.072023
325.722687 0.071325
328.048462 0.070551
330.372711 0.069504
332.695465 0.069165
335.016693 0.068459
337.336365 0.068379
339.654510 0.067971
341.971161 0.067291
344.286285 0.066415
346.599915 0.065840
348.912079 0.065262
351.222656 0.066807
353.531738 0.065244
355.839325 0.065283
358.145386 0.065888
360.449951 0.065010
362.753052 0.064415
365.054535 0.063793
367.354614 0.063797
369.653168 0.062020
371.950195 0.062374
374.245819 0.062753
376.539825 0.064055
378.832397 0.064575
381.123474 0.062904
383.413025 0.062644
385.701111 0.062063
387.987640 0.061272
390.272797 0.061052
392.556396 0.060655
394.838501 0.060459
397.119080 0.060864
399.398254 0.060293
401.675934 0.060657
403.952118 0.060114
406.226807 0.060870
408.500031 0.060577
410.771729 0.061399
413.041962 0.060138
415.310791 0.059212
417.578033 0.059618
419.843872 0.060170
422.108276 0.058746
424.371094 0.059088
426.632538 0.059720
428.892456 0.060540
431.150909 0.060791
433.407959 0.060400
435.663483 0.059666
437.917603 0.060359
440.170166 0.059291
442.421326 0.058947
444.671051 0.059478
446.919220 0.059411
449.165985 0.059253
451.411316 0.059186
453.655121 0.059581
455.897552 0.060476
458.138489 0.060919
460.377930 0.059500
462.615967 0.060648
464.852600 0.060242
467.087769 0.060241
469.321381 0.060493
471.553680 0.060379
473.784454 0.059850
476.013733 0.059397
478.241730 0.058247
480.468170 0.058961
482.693146 0.056621
484.916840 0.057234
487.138916 0.057125
489.359558 0.056906
491.578918 0.057284
493.796722 0.056697
496.013092 0.056832
498.228149 0.056555
500.441650 0.056341
502.653687 0.056484
504.864441 0.055651
507.073639 0.056571
509.281555 0.056857
511.487885 0.056448
513.692810 0.056338
515.896484 0.056937
518.098572 0.056265
520.299194 0.057788
522.498596 0.057130
524.696411 0.057064
526.892761 0.057935
529.087891 0.057059
531.281494 0.057083
533.473572 0.056520
535.664429 0.056054
537.853821 0.055189
540.041687 0.055404
542.228394 0.056027
544.413452 0.056308
546.597107 0.055789
548.779602 0.056006
550.960510 0.054255
553.139954 0.055883
555.318115 0.055978
557.494812 0.053393
559.670044 0.056070
561.844055 0.054741
564.016602 0.055791
566.187622 0.056102
568.357483 0.056102
570.525757 0.056878
572.692627 0.055894
574.858215 0.055610
577.022339 0.056915
579.185242 0.056479
581.346558 0.056835
583.506531 0.055887
585.665161 0.056366
587.822327 0.056529
589.978088 0.057617
592.132629 0.058093
594.285583 0.057177
596.437256 0.057837
598.587646 0.059286
600.736511 0.056492
602.884033 0.057504
605.030212 0.057089
607.174988 0.056913
609.318359 0.056888
611.460571 0.055663
613.601074 0.057341
615.740295 0.057890
617.878357 0.057665
620.014893 0.057166
622.150024 0.058385
624.283875 0.057520
626.416321 0.056950
628.547424 0.056085
630.677185 0.056099
632.805481 0.054680
634.932434 0.055511
637.058167 0.055411
639.182373 0.056201
641.305298 0.054657
643.426941 0.054175
645.547058 0.054808
647.666016 0.055648
649.783447 0.054931
651.899658 0.054877
654.014465 0.055324
656.127869 0.054792
658.239868 0.055586
660.350769 0.054552
662.460083 0.054741
664.568176 0.055247
666.674866 0.054367
668.780212 0.055895
670.884155 0.055229
672.986938 0.054761
675.088196 0.056414
677.188232 0.054109
679.286926 0.054350
681.384155 0.054489
683.480103 0.055443
685.574890 0.054143
687.668152 0.055698
689.760071 0.054468
691.850769 0.055488
693.940063 0.054921
696.027954 0.054956
698.114685 0.055469
700.200073 0.056496
702.283936 0.055742
704.366699 0.055351
706.448120 0.056442
708.528015 0.055086
710.606812 0.055713
712.684082 0.055296
714.760315 0.056665
716.835022 0.056447
718.908386 0.056797
720.980530 0.055339
723.051331 0.056426
725.120728 0.054979
727.188965 0.055850
729.255737 0.055500
731.321289 0.055527
733.385498 0.054911
735.448425 0.056311
737.509949 0.056080
739.570374 0.055763
741.629272 0.056805
743.686890 0.056727
745.743347 0.056410
747.798401 0.057588
749.852112 0.057813
751.904663 0.058523
753.955811 0.059031
756.005554 0.058068
758.054260 0.057923
760.101440 0.058835
762.147339 0.058711
764.192139 0.058922
766.235474 0.058748
768.277527 0.057965
770.318359 0.059130
772.357788 0.058792
774.395996 0.060338
776.432983 0.059158
778.468628 0.059655
780.502991 0.058609
782.536011 0.057204
784.567810 0.057304
786.598328 0.058460
788.627441 0.057337
790.655334 0.057857
792.682068 0.057876
794.707336 0.058014
796.731445 0.057486
798.754272 0.058223
800.775696 0.059447
802.795959 0.058429
804.815002 0.057017
806.832703 0.059455
808.848999 0.059030
810.864075 0.058322
812.878052 0.059187
814.890686 0.058036
816.901917 0.059447
818.912109 0.059839
820.920898 0.058673
822.928467 0.061123
824.934692 0.061790
826.939636 0.063046
828.943481 0.061869
830.945923 0.063150
832.947083 0.063998
834.947083 0.063626
836.945740 0.064895
838.943176 0.064204
840.939453 0.065127
842.934265 0.065061
844.927856 0.065277
846.920410 0.064165
848.911499 0.061652
850.901367 0.062236
852.890076 0.063448
854.877441 0.062145
856.863464 0.061597
858.848511 0.060885
860.832092 0.061236
862.814514 0.060254
864.795715 0.061908
866.775635 0.060735
868.754150 0.059545
870.731750 0.060260
872.707886 0.059523
874.682739 0.059136
876.656616 0.059826
878.629028 0.061540
880.600159 0.059068
882.570251 0.059919
884.538940 0.059903
886.506409 0.059451
888.472778 0.059434
890.437744 0.058965
892.401672 0.058854
894.364258 0.059481
896.325562 0.058770
898.285767 0.060493
900.244629 0.058863
902.202271 0.058123
904.158752 0.059699
906.113892 0.058779
908.067810 0.057848
910.020691 0.058171
911.972229 0.058351
913.922485 0.058743
915.871582 0.059044
917.819519 0.058721
919.766113 0.058897
921.711670 0.059402
923.655823 0.059444
925.598755 0.058906
927.540649 0.058847
929.481201 0.060081
931.420532 0.059965
933.358704 0.057863
935.295654 0.058788
937.231384 0.059317
939.165894 0.059238
941.099182 0.058894
943.031250 0.059328
944.962158 0.058563
946.891846 0.058634
948.820496 0.059102
950.747681 0.057239
952.673706 0.059235
954.598694 0.058919
956.522339 0.058780
958.444702 0.060363
960.366028 0.058548
962.286072 0.059209
964.204895 0.059777
966.122681 0.059401
968.039124 0.060715
969.954285 0.059128
971.868469 0.059986
973.781372 0.060514
975.693054 0.060847
977.603638 0.061966
979.512878 0.062461
981.420959 0.060642
983.328003 0.062607
985.233704 0.062567
987.138245 0.065603
989.041748 0.065666
990.943848 0.068904
992.844788 0.072198
994.744751 0.074017
996.643311 0.073287
998.540771 0.079458
1000.437134 0.081490
1002.332214 0.083346
1004.226135 0.081685
1006.119019 0.076096
1008.010437 0.068398
1009.900818 0.063004
1011.790039 0.062110
1013.678101 0.061363
1015.565002 0.061715
1017.450745 0.061397
1019.335205 0.063116
1021.218628 0.064561
1023.100830 0.066143
1024.981689 0.067249
1026.861572 0.069302
1028.740356 0.070825
1030.617798 0.071377
1032.494263 0.068414
1034.369385 0.067252
1036.243286 0.064748
1038.116333 0.062835
1039.987915 0.060881
1041.858521 0.060041
1043.727905 0.059904
1045.596069 0.060031
1047.463013 0.060551
1049.328979 0.059832
1051.193726 0.061405
1053.057251 0.060192
1054.919678 0.059611
1056.781128 0.059812
1058.641113 0.060047
1060.500244 0.060412
1062.357788 0.060684
1064.214600 0.061857
1066.070068 0.059992
1067.924438 0.060453
1069.777832 0.060931
1071.629883 0.060726
1073.480713 0.059300
1075.330566 0.060723
1077.179199 0.059712
1079.026611 0.059245
1080.872925 0.060959
1082.718262 0.059275
1084.562256 0.060116
1086.405273 0.061059
1088.246948 0.061034
1090.087646 0.061697
1091.927124 0.061091
1093.765503 0.061929
1095.602783 0.060811
1097.438843 0.062062
1099.273804 0.061693
1101.107544 0.060417
1102.940430 0.061565
1104.771851 0.061871
1106.602295 0.060903
1108.431763 0.061321
1110.259766 0.061270
1112.086792 0.061773
1113.912842 0.062688
1115.737427 0.062574
1117.561279 0.061446
1119.383911 0.062900
1121.205200 0.062239
1123.025391 0.062325
1124.844849 0.062937
1126.662720 0.062021
1128.479614 0.062445
1130.295410 0.062163
1132.110229 0.061890
1133.923828 0.061532
1135.736206 0.061068
1137.547485 0.062058
1139.357788 0.061409
1141.166870 0.062203
1142.974854 0.060066
1144.781738 0.062092
1146.587402 0.061161
1148.392090 0.061359
1150.195679 0.060897
1151.998047 0.062686
1153.799438 0.062352
1155.599609 0.062330
1157.398804 0.063725
1159.196777 0.062342
1160.993652 0.061396
1162.789307 0.061349
1164.584106 0.060115
1166.377686 0.060822
1168.170044 0.059356
1169.961426 0.061121
1171.751831 0.059653
1173.540894 0.060857
1175.328979 0.061890
1177.115967 0.061302
1178.901733 0.063421
1180.686523 0.063722
1182.470215 0.063802
1184.252808 0.063661
1186.034424 0.064517
1187.814819 0.062643
1189.593994 0.063230
1191.372314 0.061683
1193.149536 0.063494
1194.925293 0.061449
1196.700439 0.061511
1198.474121 0.063825
1200.246948 0.063047
1202.018677 0.064726
1203.789185 0.063334
1205.558716 0.065351
1207.327148 0.062738
1209.094360 0.065195
1210.860596 0.064383
1212.625854 0.065150
1214.389893 0.063070
1216.152832 0.060269
1217.914673 0.061035
1219.675415 0.062282
1221.435303 0.061317
1223.193970 0.061561
1224.951538 0.059777
1226.708130 0.062795
1228.463501 0.063522
1230.217896 0.060185
1231.971191 0.061701
1233.723511 0.061834
1235.474487 0.061767
1237.224609 0.062773
1238.973633 0.061933
1240.721680 0.063275
1242.468384 0.063247
1244.214233 0.063039
1245.958984 0.062704
1247.702637 0.062860
1249.445190 0.062204
1251.186646 0.064235
1252.927246 0.062201
1254.666626 0.064722
1256.404907 0.062413
1258.142334 0.062378
1259.878296 0.062557
1261.613403 0.061704
1263.347534 0.064653
1265.080566 0.063263
1266.812622 0.064120
1268.543579 0.062382
1270.273438 0.062051
1272.002075 0.064959
1273.729980 0.063133
1275.456543 0.062722
1277.182007 0.064357
1278.906738 0.063232
1280.630249 0.063402
1282.352783 0.063884
1284.074097 0.062832
1285.794434 0.064279
1287.513794 0.062266
1289.232178 0.062031
1290.949341 0.064011
1292.665405 0.064599
1294.380615 0.066670
1296.094849 0.063953
1297.807861 0.065646
1299.519653 0.065740
1301.230469 0.066684
1302.940552 0.064771
1304.649414 0.065943
1306.357056 0.065278
1308.063965 0.064653
1309.769531 0.065220
1311.474365 0.064436
1313.177979 0.063325
1314.880737 0.067211
1316.582153 0.064036
1318.282837 0.064237
1319.982300 0.062414
1321.680664 0.063067
1323.378174 0.065058
1325.074463 0.064681
1326.769897 0.064214
1328.464233 0.066255
1330.157593 0.063949
1331.849854 0.064939
1333.541138 0.065140
1335.231201 0.065760
1336.920288 0.064943
1338.608643 0.064976
1340.295776 0.065186
1341.981689 0.065606
1343.666870 0.064963
1345.350952 0.064266
1347.033936 0.064855
1348.715942 0.063891
1350.396851 0.065303
1352.076782 0.065237
1353.755859 0.064284
1355.433716 0.064089
1357.110596 0.065527
1358.786499 0.067660
1360.461304 0.064806
1362.135254 0.065751
1363.808105 0.063466
1365.479736 0.063111
1367.150757 0.064692
1368.820313 0.064347
1370.489136 0.065925
1372.156860 0.066386
1373.823608 0.066126
1375.489380 0.064042
1377.154053 0.063872
1378.817627 0.067359
1380.480469 0.063070
1382.142090 0.065711
1383.802734 0.066827
1385.462280 0.065450
1387.121094 0.066138
1388.778687 0.065401
1390.435303 0.066882
1392.091064 0.066473
1393.745605 0.064948
1395.399170 0.066121
1397.051880 0.066870
1398.703369 0.066948
1400.354004 0.065829
1402.003662 0.066295
1403.652222 0.066476
1405.299927 0.064187
1406.946655 0.065410
1408.592163 0.066662
1410.236816 0.065243
1411.880493 0.065900
1413.523071 0.064922
1415.164673 0.064323
1416.805298 0.064875
1418.445068 0.064451
1420.083740 0.063940
1421.721191 0.064924
1423.358032 0.063968
1424.993530 0.063703
1426.628174 0.064737
1428.261963 0.065782
1429.894653 0.065207
1431.526489 0.066627
1433.156982 0.065755
1434.786987 0.067711
1436.415649 0.064809
1438.043335 0.066113
1439.670166 0.068520
1441.295898 0.068290
1442.920654 0.068407
1444.544556 0.065346
1446.167480 0.066982
1447.789185 0.067578
1449.410156 0.066697
1451.030151 0.066679
1452.648926 0.065946
1454.266968 0.065542
1455.883911 0.067156
1457.499878 0.065466
1459.114990 0.065373
1460.728760 0.066589
1462.341919 0.067649
1463.954102 0.066625
1465.565186 0.065483
1467.175415 0.066480
1468.784424 0.067610
1470.392578 0.067187
1471.999878 0.068728
1473.606079 0.066765
1475.211304 0.066493
1476.815552 0.066787
1478.418945 0.065582
1480.021240 0.063656
1481.622681 0.064804
1483.223267 0.065729
1484.822632 0.063908
1486.421143 0.064853
1488.018555 0.065158
1489.615112 0.063263
1491.210815 0.062745
1492.805420 0.062577
1494.398926 0.063339
1495.991699 0.062586
1497.583618 0.062995
1499.174072 0.063323
1500.764282 0.062991
1502.352905 0.062007
1503.940918 0.062717
1505.527954 0.060533
1507.113770 0.063550
1508.698975 0.060468
1510.283081 0.063193
1511.866211 0.064438
1513.448120 0.061858
1515.029419 0.061057
1516.609863 0.061835
1518.189209 0.061234
1519.767456 0.062693
1521.344849 0.059962
1522.921021 0.061821
1524.496704 0.062223
1526.071411 0.062945
1527.644897 0.061891
1529.217651 0.059133
1530.789185 0.061296
1532.359741 0.062532
1533.929932 0.061389
1535.498779 0.060077
1537.066406 0.060888
1538.633423 0.060199
1540.199585 0.061029
1541.764526 0.063247
1543.328857 0.059445
1544.891968 0.061427
1546.454224 0.062948
1548.015503 0.061412
1549.575806 0.062934
1551.135254 0.061854
1552.693848 0.061697
1554.251343 0.062333
1555.807983 0.063267
1557.363525 0.062126
1558.918213 0.063133
1560.472168 0.060681
1562.025146 0.062568
1563.577026 0.062780
1565.127930 0.061360
1566.677856 0.061571
1568.227051 0.061064
1569.775391 0.062003
1571.322876 0.062647
1572.869141 0.061932
1574.414429 0.063108
1575.959106 0.063942
1577.502319 0.063361
1579.044922 0.064411
1580.586914 0.065796
1582.127319 0.063330
1583.667358 0.064480
1585.206055 0.066260
1586.744019 0.066633
1588.281372 0.064589
1589.817505 0.066148
1591.352661 0.065400
1592.886841 0.064447
1594.420044 0.065247
1595.952637 0.066597
1597.484131 0.066712
1599.014893 0.067314
1600.544312 0.066814
1602.073120 0.067115
1603.600952 0.067324
1605.127808 0.065206
1606.653931 0.065070
1608.178955 0.065379
1609.703125 0.063854
1611.226318 0.062720
1612.748657 0.060420
1614.270020 0.061992
1615.790649 0.061379
1617.310303 0.062107
1618.828735 0.061928
1620.346558 0.061610
1621.863281 0.062240
1623.379150 0.062259
1624.894409 0.060734
1626.408569 0.061027
1627.921509 0.061509
1629.434082 0.062302
1630.945190 0.062223
1632.455811 0.062723
1633.965454 0.060620
1635.474121 0.064121
1636.981689 0.061160
1638.488647 0.061328
1639.994385 0.057619
1641.499756 0.062327
1643.003784 0.060482
1644.506958 0.059434
1646.009399 0.060880
1647.510742 0.061556
1649.011108 0.061755
1650.510986 0.059206
1652.009521 0.059472
1653.507324 0.062035
1655.004272 0.060748
1656.500122 0.061442
1657.995239 0.060128
1659.489624 0.059509
1660.982910 0.062303
1662.475464 0.059496
1663.966919 0.060057
1665.457397 0.059028
1666.947266 0.058979
1668.436279 0.061441
1669.924072 0.058749
1671.411133 0.060176
1672.897339 0.058350
1674.382446 0.059758
1675.866943 0.058232
1677.350586 0.056759
1678.833130 0.060566
1680.314819 0.058950
1681.795654 0.061260
1683.275391 0.061593
1684.754761 0.058215
1686.232910 0.056701
1687.710205 0.059819
1689.186401 0.059703
1690.661987 0.054753
1692.136475 0.059135
1693.610352 0.061201
1695.083130 0.060330
1696.555176 0.058899
1698.026123 0.060660
1699.496338 0.059039
1700.965576 0.059762
1702.434204 0.058945
1703.901611 0.056865
1705.368286 0.057818
1706.834106 0.059387
1708.298950 0.057853
1709.762939 0.059566
1711.226440 0.057769
1712.688599 0.057526
1714.149780 0.058434
1715.610474 0.060166
1717.070068 0.059600
1718.528687 0.058705
1719.986816 0.059715
1721.443848 0.058782
1722.899902 0.058953
1724.355225 0.058055
1725.809448 0.056443
1727.263306 0.060638
1728.715942 0.062841
1730.167603 0.058539
1731.618286 0.058622
1733.068481 0.056289
1734.517578 0.058740
1735.966187 0.057581
1737.413574 0.055919
1738.860107 0.060250
1740.305664 0.059132
1741.750610 0.056486
1743.194458 0.059816
1744.637817 0.059063
1746.079956 0.057465
1747.521240 0.057586
1748.961792 0.058024
1750.401367 0.058232
1751.840210 0.056808
1753.278320 0.057614
1754.715210 0.058189
1756.151489 0.057243
1757.586914 0.061100
1759.021240 0.059547
1760.454712 0.060500
1761.887695 0.060256
1763.319580 0.057652
1764.750610 0.059651
1766.180664 0.060068
1767.609985 0.056148
1769.038452 0.060647
1770.466187 0.059275
1771.893066 0.058371
1773.318848 0.057904
1774.743774 0.056969
1776.167847 0.059922
1777.591553 0.057975
1779.014038 0.059124
1780.435547 0.058796
1781.856323 0.058358
1783.276123 0.057882
1784.695190 0.058387
1786.113647 0.057048
1787.531128 0.057850
1788.947388 0.058793
1790.363159 0.059050
1791.778076 0.058423
1793.191772 0.058282
1794.605225 0.056976
1796.017578 0.060235
1797.429077 0.054018
1798.839355 0.058079
1800.249146 0.059508
1801.657959 0.059570
1803.066284 0.059250
1804.473389 0.056448
1805.880005 0.059090
1807.285400 0.056844
1808.690063 0.058333
1810.093750 0.057764
1811.497070 0.058719
1812.899048 0.057881
1814.300415 0.058966
1815.700806 0.057071
1817.100464 0.055465
1818.499146 0.058886
1819.897461 0.054929
1821.294556 0.055887
1822.690796 0.056656
1824.086304 0.057092
1825.480713 0.055106
1826.874756 0.055503
1828.267822 0.056251
1829.659790 0.056788
1831.051025 0.056029
1832.441528 0.056183
1833.831055 0.057269
1835.220093 0.057960
1836.607910 0.057423
1837.995117 0.058345
1839.381226 0.055301
1840.766846 0.057079
1842.151245 0.055954
1843.535156 0.056949
1844.918091 0.057380
1846.300293 0.053636
1847.681641 0.057801
1849.062012 0.055554
1850.441650 0.056609
1851.820679 0.059108
1853.198730 0.058528
1854.575806 0.057777
1855.952148 0.057083
1857.327637 0.056246
1858.702148 0.057453
1860.076416 0.057622
1861.449585 0.056259
1862.821655 0.057064
1864.192993 0.058937
1865.563477 0.058351
1866.933472 0.056894
1868.302368 0.053814
1869.670654 0.056021
1871.037842 0.057537
1872.404175 0.058034
1873.769897 0.058296
1875.134888 0.056057
1876.498901 0.057508
1877.862183 0.056114
1879.224487 0.056568
1880.585938 0.056270
1881.946777 0.054098
1883.306885 0.058423
1884.666016 0.054238
1886.024170 0.054655
1887.381836 0.056881
1888.738403 0.054452
1890.094360 0.055722
1891.449463 0.055366
1892.803833 0.056291
1894.157104 0.057044
1895.509644 0.056075
1896.861450 0.054733
1898.212402 0.056140
1899.562866 0.060163
1900.912354 0.057495
1902.260620 0.057869
1903.608643 0.056921
1904.955566 0.053892
1906.301758 0.054183
1907.647217 0.058189
1908.991821 0.057229
1910.335327 0.055069
1911.678345 0.055207
1913.020386 0.058621
1914.361938 0.058610
1915.702515 0.055682
1917.042114 0.059633
1918.380859 0.056952
1919.719116 0.057756
1921.056396 0.054195
1922.393066 0.056422
1923.728638 0.056326
1925.063599 0.057134
1926.397583 0.057181
1927.730835 0.055712
1929.063232 0.054854
1930.395264 0.056402
1931.726196 0.057929
1933.056274 0.057426
1934.385498 0.055886
1935.713989 0.055917
1937.041626 0.056210
1938.368896 0.056583
1939.694824 0.053911
1941.020142 0.057072
1942.344727 0.057629
1943.668457 0.057150
1944.991333 0.054134
1946.313721 0.055074
1947.635010 0.058263
1948.955566 0.058827
1950.275269 0.055554
1951.594116 0.054151
1952.912598 0.058717
1954.229980 0.053760
1955.546509 0.056052
1956.862427 0.052769
1958.177246 0.055887
1959.491577 0.056325
1960.805054 0.055016
1962.117798 0.055038
1963.429565 0.055478
1964.740723 0.056552
1966.050903 0.057439
1967.360474 0.057950
1968.669434 0.055162
1969.977295 0.052347
1971.284424 0.054271
1972.590698 0.057076
1973.896240 0.053382
1975.201172 0.056781
1976.505127 0.055608
1977.808594 0.055446
1979.110962 0.054290
1980.412720 0.055609
1981.713501 0.050988
1983.013550 0.057240
1984.312988 0.056202
1985.611572 0.056590
1986.909302 0.053992
1988.206177 0.054442
1989.502441 0.058584
1990.797852 0.053421
1992.092529 0.052561
1993.386719 0.056320
1994.679565 0.053397
1995.972046 0.054729
1997.263428 0.054299
1998.554565 0.053186
1999.844482 0.055211
2001.133545 0.055628
2002.421875 0.056595
2003.709717 0.054658
2004.996460 0.052193
2006.282837 0.053981
2007.568115 0.055590
2008.852661 0.056626
2010.136475 0.056745
2011.419556 0.055197
2012.701782 0.055778
2013.983398 0.055861
2015.264282 0.056240
2016.544189 0.057717
2017.823242 0.053848
2019.101807 0.053420
2020.379150 0.053450
2021.656494 0.054652
2022.932251 0.055953
2024.207886 0.052624
2025.482178 0.055893
2026.756104 0.054491
2028.029297 0.053865
2029.301758 0.051865
2030.573120 0.055383
2031.843872 0.054915
2033.113647 0.052114
2034.382935 0.056822
2035.651733 0.053942
2036.919312 0.055239
2038.186401 0.056295
2039.452393 0.052689
2040.717773 0.050349
2041.982422 0.052155
2043.246582 0.054394
2044.509766 0.051133
2045.772095 0.054245
2047.033569 0.053523
2048.294434 0.055768
2049.554199 0.054314
2050.813965 0.054478
2052.072754 0.054883
2053.330322 0.052024
2054.587402 0.053216
2055.843750 0.052152
2057.099121 0.055387
2058.354004 0.051902
2059.608154 0.055657
2060.861328 0.054243
2062.113770 0.053079
2063.365479 0.052677
2064.616699 0.052022
2065.867188 0.054160
2067.116699 0.054129
2068.365479 0.057498
2069.613281 0.052504
2070.860840 0.055818
2072.107178 0.052657
2073.353027 0.052955
2074.597900 0.050873
2075.842285 0.056455
2077.085693 0.052122
2078.328613 0.053839
2079.570801 0.054368
2080.812012 0.052241
2082.052490 0.051737
2083.292236 0.049889
2084.531250 0.055094
2085.769531 0.053465
2087.007324 0.052687
2088.244141 0.053454
2089.479980 0.056014
2090.715332 0.052804
2091.949951 0.052639
2093.183594 0.052989
2094.416992 0.057539
2095.649170 0.053846
2096.880615 0.054219
2098.111328 0.054871
2099.341797 0.054413
2100.570801 0.052865
2101.799561 0.050759
2103.027588 0.054530
2104.254639 0.050836
2105.481201 0.054085
2106.706787 0.055678
2107.931885 0.053680
2109.156006 0.053025
2110.379395 0.054453
2111.602051 0.051882
2112.823975 0.054108
2114.045166 0.055689
2115.266113 0.054830
2116.485840 0.053629
2117.704346 0.053684
2118.922607 0.055123
2120.140381 0.053744
2121.356934 0.053799
2122.573486 0.051378
2123.788818 0.052384
2125.003174 0.054121
2126.217041 0.056424
2127.430664 0.053869
2128.642578 0.049090
2129.854492 0.054894
2131.065430 0.052773
2132.275635 0.056655
2133.485107 0.052031
2134.693848 0.053870
2135.901855 0.054414
2137.109619 0.054969
2138.315918 0.051738
2139.521973 0.051653
2140.726807 0.051961
2141.931152 0.053668
2143.134766 0.051453
2144.337646 0.052984
2145.540039 0.053588
2146.741455 0.054377
2147.942139 0.056205
2149.142334 0.048845
2150.341309 0.049617
2151.540283 0.056646
2152.738281 0.052546
2153.935059 0.051092
2155.131592 0.054440
2156.327393 0.056594
2157.522461 0.054442
2158.716553 0.050705
2159.909912 0.055023
2161.102783 0.049203
2162.294922 0.049777
2163.486084 0.053358
2164.677002 0.052550
2165.866943 0.051174
2167.055908 0.050906
2168.244385 0.052810
2169.431885 0.050997
2170.619141 0.050500
2171.805664 0.054592
2172.991455 0.052526
2174.176025 0.049659
2175.360352 0.055132
2176.543457 0.051862
2177.726074 0.051405
2178.908447 0.052668
2180.089844 0.051611
2181.270508 0.051586
2182.450195 0.050447
2183.629150 0.053191
2184.807617 0.052998
2185.985596 0.053897
2187.162842 0.052868
2188.338623 0.054328
2189.514404 0.051717
2190.689209 0.052501
2191.863525 0.049976
2193.036865 0.051282
2194.209473 0.050949
2195.381592 0.050999
2196.552734 0.054317
2197.723633 0.053843
2198.893799 0.048292
2200.062744 0.047923
2201.231201 0.055197
2202.398926 0.052961
2203.565918 0.051601
2204.732422 0.054589
2205.898193 0.052393
2207.062988 0.053790
2208.227295 0.051335
2209.390625 0.051362
2210.553711 0.056146
2211.715576 0.052819
2212.877197 0.054834
2214.037598 0.053985
2215.197998 0.051080
2216.357178 0.052911
2217.515625 0.048002
2218.673584 0.050191
2219.831055 0.051233
2220.987305 0.052205
2222.143066 0.052924
2223.298096 0.053395
2224.452637 0.048889
2225.606201 0.052156
2226.759033 0.053107
2227.911621 0.051569
2229.063232 0.049568
2230.213867 0.051764
2231.364014 0.051509
2232.513672 0.047274
2233.662598 0.050245
2234.810791 0.055033
2235.958008 0.050487
2237.104736 0.050176
2238.250732 0.054610
2239.395996 0.054145
2240.540527 0.049596
2241.684326 0.047039
2242.827637 0.052513
2243.969971 0.049308
2245.111816 0.047445
2246.253174 0.053283
2247.393555 0.050034
2248.533447 0.052576
2249.672363 0.050985
2250.810791 0.051612
2251.948242 0.052773
2253.085449 0.048878
2254.221436 0.050836
2255.357422 0.051688
2256.491943 0.049894
2257.626221 0.050549
2258.759766 0.047330
2259.892578 0.051631
2261.024658 0.051319
2262.156250 0.051235
2263.286865 0.051218
2264.416992 0.048449
2265.546631 0.048868
2266.675293 0.050494
2267.803223 0.049481
2268.930420 0.058236
2270.056885 0.050561
2271.182861 0.047858
2272.308594 0.051650
2273.433105 0.051820
2274.556885 0.051757
2275.679932 0.047293
2276.802490 0.052568
2277.924316 0.055941
2279.045654 0.050617
2280.165771 0.051818
2281.285645 0.053213
2282.404785 0.049841
2283.523193 0.051700
2284.640869 0.051393
2285.758057 0.053354
2286.874512 0.052390
2287.990234 0.050654
2289.104980 0.048525
2290.219482 0.047551
2291.333008 0.050243
2292.446045 0.046839
2293.558350 0.053626
2294.669678 0.051655
2295.780762 0.053183
2296.891113 0.048728
2298.000488 0.048350
2299.109619 0.047433
2300.217773 0.055814
2301.325439 0.051566
2302.432129 0.047889
2303.538330 0.053290
2304.644043 0.048041
2305.748779 0.057572
2306.853027 0.053505
2307.956299 0.047876
2309.059326 0.050582
2310.161377 0.051387
2311.263184 0.046571
2312.364014 0.047941
2313.463867 0.050796
2314.563477 0.052536
2315.662354 0.052828
2316.760010 0.053571
2317.857910 0.048436
2318.954590 0.051077
2320.050537 0.048842
2321.145996 0.048258
2322.240723 0.054248
2323.334717 0.047531
2324.428711 0.054615
2325.521240 0.050875
2326.613037 0.047683
2327.704590 0.052449
2328.795166 0.048565
2329.885254 0.053910
2330.974854 0.050838
2332.063477 0.051178
2333.151611 0.056276
2334.238770 0.055065
2335.325928 0.049759
2336.412109 0.049256
2337.497314 0.056306
2338.582031 0.052241
2339.666260 0.054171
2340.749512 0.051621
2341.832275 0.049201
2342.914063 0.048653
2343.995850 0.051728
2345.076660 0.053470
2346.156738 0.049084
2347.235840 0.044907
2348.314697 0.050588
2349.393066 0.050353
2350.470459 0.050179
2351.547119 0.048175
2352.623291 0.051953
2353.698730 0.052132
2354.773438 0.048263
2355.847900 0.048774
2356.921387 0.048420
2357.994141 0.049478
2359.066162 0.047476
2360.137939 0.048648
2361.208740 0.053562
2362.279053 0.048585
2363.348633 0.049392
2364.417236 0.051214
2365.485596 0.052070
2366.553223 0.049170
2367.620117 0.050986
2368.686279 0.052776
2369.751953 0.046099
2370.816895 0.047265
2371.881348 0.052386
2372.944824 0.047089
2374.008057 0.048489
2375.070557 0.046589
2376.132080 0.047357
2377.193115 0.051280
2378.253418 0.051560
2379.313232 0.050958
2380.372559 0.048113
2381.430908 0.044833
2382.488770 0.048465
2383.545654 0.044601
2384.602295 0.047756
2385.657959 0.046311
2386.713379 0.052287
2387.768066 0.051506
2388.821533 0.050234
2389.874756 0.049172
2390.927490 0.044775
2391.979248 0.047414
2393.030762 0.048100
2394.081299 0.050623
2395.131348 0.045564
2396.180664 0.052504
2397.229492 0.048300
2398.277588 0.046503
2399.324951 0.049379
2400.371826 0.049619
2401.417480 0.053491
2402.463379 0.052893
2403.508057 0.053906
2404.552490 0.049446
2405.596191 0.051599
2406.638916 0.050385
2407.681152 0.051243
2408.722900 0.051631
2409.763672 0.047465
2410.804199 0.050642
2411.843994 0.052081
2412.883057 0.048898
2413.921387 0.048017
2414.959229 0.049501
2415.996338 0.048451
2417.032715 0.055871
2418.068604 0.048072
2419.104004 0.051689
2420.138428 0.049084
2421.172363 0.046336
2422.205566 0.052048
2423.238525 0.049960
2424.270508 0.047158
2425.301758 0.046574
2426.332764 0.048339
2427.362793 0.050235
2428.392090 0.048018
2429.421143 0.050090
2430.449463 0.051002
2431.477051 0.049046
2432.503662 0.045923
2433.530273 0.049175
2434.555664 0.047760
2435.581055 0.049845
2436.605225 0.045362
2437.629150 0.050026
2438.651855 0.052315
2439.674561 0.049589
2440.696777 0.049117
2441.717773 0.054726
2442.738525 0.045145
2443.758301 0.044999
2444.777832 0.044637
2445.796387 0.044613
2446.814941 0.046167
2447.832275 0.048848
2448.849365 0.052158
2449.865234 0.043648
2450.880859 0.045100
2451.895752 0.043127
2452.910400 0.045260
2453.923828 0.049467
2454.936768 0.045184
2455.949219 0.049495
2456.961182 0.050674
2457.972412 0.049321
2458.983154 0.051150
2459.992920 0.048360
2461.002441 0.050076
2462.010986 0.046871
2463.018799 0.040919
2464.026367 0.049229
2465.033447 0.050697
2466.039551 0.045557
2467.044922 0.045630
2468.050049 0.047967
2469.054443 0.046415
2470.058105 0.043506
2471.061279 0.047149
2472.063721 0.055510
2473.065430 0.050150
2474.066650 0.050530
2475.067383 0.051450
2476.067383 0.049553
2477.066650 0.049760
2478.065186 0.047112
2479.063477 0.049054
2480.060791 0.047035
2481.057861 0.049354
2482.054199 0.045011
2483.049561 0.046878
2484.044678 0.050776
2485.039307 0.049299
2486.032959 0.048248
2487.026123 0.048551
2488.018555 0.048190
2489.010742 0.049629
2490.002197 0.051797
2490.992920 0.049325
2491.982910 0.046219
2492.972168 0.048736
2493.961426 0.043298
2494.949219 0.044006
2495.937012 0.039776
2496.924072 0.051728
2497.910645 0.054894
2498.896484 0.049766
2499.881348 0.046914
2500.866455 0.044870
2501.850098 0.047105
2502.833496 0.054287
2503.815918 0.045942
2504.798340 0.047680
2505.779541 0.044472
2506.760498 0.048779
2507.741211 0.049556
2508.720703 0.042125
2509.700195 0.046975
2510.678467 0.045145
2511.656494 0.050499
2512.633545 0.049922
2513.610107 0.045922
2514.586182 0.051118
2515.561279 0.052695
2516.536133 0.043198
2517.510498 0.055030
2518.483887 0.050479
2519.457764 0.051117
2520.429932 0.043748
2521.401611 0.057559
2522.372803 0.046981
2523.343262 0.048162
2524.313232 0.041376
2525.282715 0.048737
2526.251465 0.051470
2527.219727 0.050782
2528.187256 0.046311
2529.153809 0.047985
2530.120850 0.043168
2531.086670 0.049637
2532.051514 0.040404
2533.016113 0.045910
2533.980225 0.050530
2534.943848 0.042663
2535.906250 0.050038
2536.868164 0.042776
2537.829834 0.050053
2538.790283 0.041550
2539.750977 0.051008
2540.710693 0.047621
2541.669922 0.042326
2542.628906 0.044908
2543.586426 0.046678
2544.543945 0.052591
2545.500732 0.048117
2546.456543 0.057144
2547.412354 0.053377
2548.367188 0.048139
2549.321777 0.045790
2550.275635 0.047133
2551.228516 0.048103
2552.181152 0.039778
2553.133545 0.043271
2554.084717 0.045067
2555.035889 0.047203
2555.986084 0.047091
2556.935547 0.049242
2557.884521 0.040960
2558.833008 0.053147
2559.780762 0.057364
2560.728027 0.046577
2561.674561 0.044436
2562.621094 0.042547
2563.566895 0.044972
2564.511719 0.045250
2565.455566 0.044459
2566.399658 0.042366
2567.342773 0.042223
2568.285156 0.049231
2569.226807 0.047271
2570.168457 0.047676
2571.109375 0.053559
2572.049316 0.039998
2572.988770 0.040024
2573.927734 0.051166
2574.866455 0.045709
2575.804443 0.044679
2576.741699 0.044043
2577.678223 0.046858
2578.614258 0.049766
2579.550049 0.049197
2580.484619 0.055421
2581.419189 0.049716
2582.352539 0.048481
2583.285889 0.045813
2584.218506 0.046332
2585.150391 0.048846
2586.082520 0.045361
2587.013184 0.041777
2587.943604 0.054078
2588.872803 0.048099
2589.802246 0.046881
2590.730713 0.048237
2591.658203 0.044174
2592.585693 0.052592
2593.512451 0.053036
2594.438721 0.047046
2595.364014 0.049972
2596.289307 0.054594
2597.214111 0.046282
2598.137695 0.053644
2599.061279 0.051747
2599.983887 0.048874
2600.906006 0.048246
2601.827393 0.049223
2602.748535 0.045702
2603.668701 0.037558
2604.588379 0.051813
2605.507568 0.041732
2606.426270 0.052574
2607.344727 0.047113
2608.262451 0.053624
2609.179199 0.043589
2610.095703 0.048744
2611.011475 0.039501
2611.926514 0.047526
2612.841064 0.051057
2613.755127 0.043806
2614.668701 0.043007
2615.581543 0.049451
2616.493896 0.049635
2617.405518 0.036740
2618.317139 0.051130
2619.228027 0.050932
2620.137939 0.046421
2621.047607 0.046110
2621.956543 0.051050
2622.864502 0.050986
2623.772461 0.049287
2624.679932 0.035429
2625.586182 0.047169
2626.492432 0.050237
2627.398193 0.040596
2628.302979 0.049199
2629.207520 0.052271
2630.111572 0.050311
2631.014404 0.044967
2631.917480 0.046984
2632.819336 0.054505
2633.720703 0.052647
2634.621826 0.051457
2635.521973 0.042532
2636.422119 0.053520
2637.321045 0.044875
2638.219971 0.050473
2639.118652 0.045699
2640.016357 0.045302
2640.913330 0.049597
2641.809570 0.048537
2642.705078 0.045201
2643.600342 0.057861
2644.495605 0.048790
2645.389893 0.043408
2646.283447 0.042339
2647.176270 0.050663
2648.069092 0.042771
2648.960938 0.049701
2649.852783 0.039049
2650.743652 0.053939
2651.634033 0.054365
2652.523926 0.045595
2653.412598 0.052807
2654.301514 0.049914
2655.189453 0.050941
2656.076904 0.046286
2656.964111 0.052352
2657.850098 0.047588
2658.736084 0.037816
2659.621826 0.045074
2660.506348 0.049037
2661.390381 0.047619
2662.274414 0.051560
2663.157227 0.054171
2664.039551 0.039019
2664.921875 0.036966
2665.802734 0.047977
2666.683838 0.042848
2667.563965 0.048231
2668.443848 0.050879
2669.323242 0.046470
2670.201904 0.055599
2671.080078 0.041349
2671.957764 0.049630
2672.834717 0.046143
2673.710938 0.047745
2674.586914 0.051725
2675.462158 0.039798
2676.336914 0.038620
2677.210938 0.041903
2678.084717 0.049295
2678.957764 0.056744
2679.830566 0.046925
2680.702637 0.049094
2681.574219 0.042119
2682.445068 0.040987
2683.315918 0.049190
2684.185547 0.056924
2685.054688 0.038014
2685.923584 0.045746
2686.791748 0.042868
2687.659424 0.046253
2688.526367 0.044318
2689.393066 0.056778
2690.259766 0.043927
2691.125000 0.057753
2691.989502 0.050441
2692.854248 0.048851
2693.717773 0.049786
2694.581299 0.047557
2695.443848 0.041850
2696.305908 0.033746
2697.167725 0.034974
2698.029053 0.057955
2698.889648 0.044490
2699.749512 0.050480
2700.609619 0.035609
2701.468506 0.039966
2702.326660 0.050742
2703.184570 0.051166
2704.041992 0.037331
2704.898926 0.051618
2705.755127 0.046688
2706.610596 0.044029
2707.466064 0.050794
2708.320557 0.048360
2709.175049 0.037011
2710.028809 0.040863
2710.881592 0.047333
2711.734375 0.051360
2712.586426 0.041968
2713.437744 0.050527
2714.288574 0.037341
2715.138916 0.040602
2715.988770 0.056209
2716.837646 0.049665
2717.686768 0.053457
2718.535156 0.043982
2719.382813 0.049416
2720.230713 0.050207
2721.077148 0.037404
2721.923096 0.059894
2722.768555 0.033843
2723.614014 0.040667
2724.458008 0.042737
2725.302490 0.055968
2726.145752 0.048753
2726.988525 0.041963
2727.830811 0.045839
2728.672852 0.048810
2729.513916 0.049673
2730.355469 0.048514
2731.195557 0.041460
2732.035156 0.050952
2732.874756 0.035216
2733.713379 0.044713
2734.551758 0.036573
2735.389404 0.054713
2736.225830 0.037337
2737.062744 0.031353
2737.898926 0.045630
2738.734375 0.048190
2739.570068 0.046057
2740.404297 0.034804
2741.238525 0.040106
2742.071533 0.052233
2742.904541 0.040585
2743.737061 0.045875
2744.568848 0.040514
2745.400391 0.044160
2746.230957 0.051741
2747.061279 0.048003
2747.890869 0.047064
2748.720459 0.049139
2749.549561 0.041913
2750.377930 0.041503
2751.205566 0.049509
2752.032471 0.061746
2752.859375 0.041775
2753.685303 0.048482
2754.510986 0.045377
2755.336182 0.041651
2756.160645 0.055432
2756.984863 0.041132
2757.808350 0.037817
2758.631836 0.049784
2759.454590 0.048805
2760.276367 0.040649
2761.097900 0.040007
2761.918945 0.046358
2762.739258 0.048663
2763.559082 0.051551
2764.378662 0.044391
2765.197754 0.045961
2766.015869 0.043091
2766.833740 0.047002
2767.651123 0.039843
2768.468506 0.033759
2769.285156 0.046501
2770.100830 0.047834
2770.916260 0.043485
2771.730957 0.046280
2772.545166 0.047737
2773.359131 0.040085
2774.172363 0.055685
2774.985107 0.053700
2775.797607 0.041790
2776.609131 0.051796
2777.420166 0.038151
2778.231689 0.052861
2779.041748 0.031521
2779.851563 0.049162
2780.660889 0.043576
2781.469482 0.038792
2782.277832 0.029605
2783.085693 0.047228
2783.892578 0.050445
2784.699219 0.049737
2785.505615 0.037770
2786.311035 0.056733
2787.116699 0.037020
2787.921631 0.050562
2788.725586 0.052748
2789.529297 0.044309
2790.332275 0.038189
2791.135010 0.048085
2791.937012 0.061815
2792.738770 0.050176
2793.539551 0.050344
2794.340576 0.045939
2795.140869 0.060674
2795.940674 0.055430
2796.739746 0.041764
2797.538574 0.043298
2798.336914 0.043130
2799.134766 0.044148
2799.931885 0.029314
2800.728516 0.046669
2801.524658 0.035892
2802.320313 0.045792
2803.115234 0.040566
2803.910156 0.059764
2804.704346 0.040411
2805.498047 0.038922
2806.291748 0.050218
2807.083984 0.041479
2807.876465 0.038850
2808.667969 0.039028
2809.459229 0.064077
2810.250000 0.039990
2811.040039 0.048024
2811.829834 0.060936
2812.618896 0.044958
2813.407715 0.041434
2814.195801 0.046308
2814.984375 0.028821
2815.771484 0.047854
2816.558594 0.048458
2817.344727 0.042364
2818.130615 0.038487
2818.915771 0.040638
2819.700684 0.039163
2820.484619 0.040690
2821.268799 0.051442
2822.052002 0.065720
2822.834961 0.044941
2823.617432 0.054587
2824.399658 0.054337
2825.180908 0.040551
2825.961914 0.045884
2826.742432 0.045499
2827.522217 0.061596
2828.302002 0.055431
2829.080811 0.033988
2829.859131 0.049619
2830.637451 0.047782
2831.414795 0.053781
2832.191895 0.049493
2832.968262 0.055723
2833.744873 0.043082
2834.520264 0.039093
2835.295654 0.033902
2836.069824 0.039084
2836.844238 0.051965
2837.618164 0.047939
2838.390869 0.046343
2839.163818 0.042627
2839.936035 0.049272
2840.707764 0.042527
2841.479248 0.064994
2842.250488 0.037828
2843.020752 0.043212
2843.790527 0.051515
2844.559570 0.058517
2845.328613 0.036289
2846.097168 0.057028
2846.864746 0.040954
2847.632324 0.054276
2848.399658 0.049161
2849.166016 0.031291
2849.931885 0.055908
2850.697266 0.052311
2851.463135 0.034322
2852.227539 0.046240
2852.991943 0.047147
2853.755371 0.071491
2854.518555 0.044003
2855.281494 0.056504
2856.043457 0.055297
2856.805176 0.054682
2857.566895 0.047303
2858.327393 0.049401
2859.088135 0.065589
2859.847900 0.058323
2860.607422 0.052076
2861.366699 0.055197
2862.124756 0.056106
2862.882813 0.037065
2863.640625 0.062632
2864.397461 0.028043
2865.154297 0.055773
2865.910156 0.063673
2866.665771 0.045846
2867.421143 0.077966
2868.175781 0.054737
2868.930908 0.043286
2869.684326 0.053542
2870.437988 0.052009
2871.190674 0.046387
2871.943359 0.050141
2872.695068 0.075126
2873.446777 0.051856
2874.197510 0.051973
2874.948242 0.054377
2875.698242 0.055884
2876.447998 0.043927
2877.197021 0.053605
2877.946533 0.053035
2878.694580 0.040876
2879.442627 0.063738
2880.189453 0.057348
2880.936768 0.050197
2881.683105 0.020680
2882.428955 0.067414
2883.174316 0.062354
2883.919678 0.060582
2884.664063 0.034924
2885.408203 0.061613
2886.152588 0.041306
2886.895752 0.053185
2887.638672 0.056493
2888.380859 0.046873
2889.122559 0.054563
2889.864014 0.038528
2890.604980 0.062281
2891.345459 0.054805
2892.085449 0.057982
2892.824951 0.043210
2893.564453 0.046671
2894.302979 0.067480
2895.041748 0.051167
2895.779541 0.045938
2896.516846 0.055086
2897.253662 0.060811
2897.990234 0.045736
2898.726074 0.061648
2899.461914 0.059350
2900.196777 0.045879
2900.931396 0.073823
2901.665527 0.056380
2902.399658 0.048240
2903.132813 0.046325
2903.865967 0.055715
2904.598633 0.048191
2905.330566 0.054749
2906.062012 0.058429
2906.792969 0.058419
spectrumdark 2048
-92.895493 3075.000000
-90.291344 3075.000000
-87.688965 3020.000000
-85.088333 2985.000000
-82.489456 3030.000000
-79.892326 3053.000000
-77.296959 2940.000000
-74.703339 2993.000000
-72.111458 2810.000000
-69.521332 2953.000000
-66.932945 3175.000000
-64.346313 2904.000000
-61.761410 3002.000000
-59.178253 2918.000000
-56.596840 3023.000000
-54.017159 3118.000000
-51.439217 3026.000000
-48.863010 2916.000000
-46.288536 2941.000000
-43.715790 3042.000000
-41.144783 3026.000000
-38.575497 3012.000000
-36.007942 2988.000000
-33.442108 3044.000000
-30.878006 2888.000000
-28.315620 3004.000000
-25.754965 3081.000000
-23.196030 2946.000000
-20.638803 3185.000000
-18.083296 3009.000000
-15.529512 3209.000000
-12.977442 3019.000000
-10.427077 3062.000000
-7.878425 3071.000000
-5.331489 3118.000000
-2.786262 2939.000000
-0.242735 2963.000000
2.299087 3006.000000
4.839197 3039.000000
7.377604 2976.000000
9.914317 3106.000000
12.449331 2943.000000
14.982638 2962.000000
17.514250 3003.000000
20.044170 2949.000000
22.572399 3206.000000
25.098928 2963.000000
27.623762 3029.000000
30.146919 2972.000000
32.668385 3071.000000
35.188168 3061.000000
37.706245 2955.000000
40.222652 3079.000000
42.737377 3058.000000
45.250408 3076.000000
47.761772 2976.000000
50.271461 2975.000000
52.779469 3196.000000
55.285805 2973.000000
57.790447 3009.000000
60.293438 3209.000000
62.794754 2986.000000
65.294380 3041.000000
67.792358 2840.000000
70.288666 2968.000000
72.783318 3143.000000
75.276291 3129.000000
77.767593 3040.000000
80.257248 2990.000000
82.745255 2980.000000
85.231567 2936.000000
87.716248 3095.000000
90.199272 2921.000000
92.680641 3006.000000
95.160347 3032.000000
97.638405 3002.000000
100.114815 3079.000000
102.589592 3027.000000
105.062683 2982.000000
107.534149 2977.000000
110.003975 3097.000000
112.472153 3015.000000
114.938705 2951.000000
117.403587 3094.000000
119.866844 3006.000000
122.328468 2978.000000
124.788452 2882.000000
127.246796 2899.000000
129.703506 2960.000000
132.158600 3160.000000
134.612045 2934.000000
137.063858 3045.000000
139.514053 2922.000000
141.962616 3078.000000
144.409561 3093.000000
146.854874 3056.000000
149.298584 3175.000000
151.740646 2928.000000
154.181091 3120.000000
156.619919 3167.000000
159.057159 3112.000000
161.492737 2879.000000
163.926712 3124.000000
166.359100 2968.000000
168.789856 3058.000000
171.218994 3017.000000
173.646545 2975.000000
176.072479 2985.000000
178.496780 2989.000000
180.919510 2933.000000
183.340637 3043.000000
185.760147 3023.000000
188.178070 2964.000000
190.594376 3095.000000
193.009094 3163.000000
195.422211 2948.000000
197.833740 2974.000000
200.243668 3013.000000
202.651993 3052.000000
205.058746 3195.000000
207.463882 3041.000000
209.867432 3149.000000
212.269424 3055.000000
214.669800 2929.000000
217.068588 3034.000000
219.465851 3035.000000
221.861450 2976.000000
224.255539 3092.000000
226.647995 2847.000000
229.038879 3076.000000
231.428223 2979.000000
233.815964 2986.000000
236.202133 3025.000000
238.586716 2888.000000
240.969742 2909.000000
243.351227 3164.000000
245.731094 2981.000000
248.109390 2947.000000
250.486160 2873.000000
252.861328 3018.000000
255.234940 3081.000000
257.607025 2943.000000
259.977539 2955.000000
262.346466 3123.000000
264.713837 2970.000000
267.079651 2952.000000
269.443939 2958.000000
271.806641 3063.000000
274.167786 2959.000000
276.527405 3058.000000
278.885437 2960.000000
281.241943 3065.000000
283.596863 2972.000000
285.950256 3035.000000
288.302185 3133.000000
290.652466 2925.000000
293.001190 3079.000000
295.348480 2894.000000
297.694153 3019.000000
300.038330 3084.000000
302.380890 2964.000000
304.721985 2830.000000
307.061523 2917.000000
309.399536 3071.000000
311.736023 3934.000000
314.070953 3142.000000
316.404358 2992.000000
318.736237 3099.000000
321.066589 3051.000000
323.395386 3112.000000
325.722687 3001.000000
328.048462 3081.000000
330.372711 3091.000000
332.695465 3158.000000
335.016693 3121.000000
337.336365 3179.000000
339.654510 3223.000000
341.971161 2963.000000
344.286285 3092.000000
346.599915 3108.000000
348.912079 2994.000000
351.222656 2975.000000
353.531738 3196.000000
355.839325 3029.000000
358.145386 3101.000000
360.449951 2950.000000
362.753052 3075.000000
365.054535 3136.000000
367.354614 3047.000000
369.653168 3067.000000
371.950195 3088.000000
374.245819 3011.000000
376.539825 2910.000000
378.832397 3183.000000
381.123474 2955.000000
383.413025 2885.000000
385.701111 3136.000000
387.987640 3140.000000
390.272797 2923.000000
392.556396 3131.000000
394.838501 3051.000000
397.119080 3088.000000
399.398254 3238.000000
401.675934 3607.000000
403.952118 3578.000000
406.226807 3778.000000
408.500031 3374.000000
410.771729 3572.000000
413.041962 4715.000000
415.310791 5341.000000
417.578033 5332.000000
419.843872 4718.000000
422.108276 3749.000000
424.371094 3107.000000
426.632538 2987.000000
428.892456 2989.000000
431.150909 2882.000000
433.407959 2983.000000
435.663483 3048.000000
437.917603 3151.000000
440.170166 3188.000000
442.421326 3154.000000
444.671051 2911.000000
446.919220 3109.000000
449.165985 2959.000000
451.411316 3006.000000
453.655121 2981.000000
455.897552 2951.000000
458.138489 2967.000000
460.377930 3163.000000
462.615967 3117.000000
464.852600 3191.000000
467.087769 2975.000000
469.321381 3140.000000
471.553680 3100.000000
473.784454 3039.000000
476.013733 2932.000000
478.241730 2983.000000
480.468170 2964.000000
482.693146 2893.000000
484.916840 2986.000000
487.138916 3084.000000
489.359558 3020.000000
491.578918 3080.000000
493.796722 3015.000000
496.013092 2966.000000
498.228149 3052.000000
500.441650 3150.000000
502.653687 2937.000000
504.864441 3063.000000
507.073639 2906.000000
509.281555 3072.000000
511.487885 2952.000000
513.692810 2995.000000
515.896484 2835.000000
518.098572 2961.000000
520.299194 2982.000000
522.498596 3146.000000
524.696411 3007.000000
526.892761 3096.000000
529.087891 3231.000000
531.281494 3321.000000
533.473572 3397.000000
535.664429 3363.000000
537.853821 3152.000000
540.041687 3087.000000
542.228394 3015.000000
544.413452 3050.000000
546.597107 3023.000000
548.779602 2916.000000
550.960510 3178.000000
553.139954 3087.000000
555.318115 2980.000000
557.494812 3143.000000
559.670044 3088.000000
561.844055 3004.000000
564.016602 3163.000000
566.187622 3098.000000
568.357483 3059.000000
570.525757 3116.000000
572.692627 3113.000000
574.858215 3047.000000
577.022339 3116.000000
579.185242 2896.000000
581.346558 2973.000000
583.506531 3235.000000
585.665161 2979.000000
587.822327 3022.000000
589.978088 2922.000000
592.132629 3187.000000
594.285583 3059.000000
596.437256 3035.000000
598.587646 3101.000000
600.736511 3004.000000
602.884033 3059.000000
605.030212 3131.000000
607.174988 3015.000000
609.318359 3015.000000
611.460571 3058.000000
613.601074 3043.000000
615.740295 3059.000000
617.878357 3019.000000
620.014893 2991.000000
622.150024 2874.000000
624.283875 3027.000000
626.416321 3036.000000
628.547424 3151.000000
630.677185 2971.000000
632.805481 3114.000000
634.932434 3084.000000
637.058167 3276.000000
639.182373 3295.000000
641.305298 3204.000000
643.426941 3540.000000
645.547058 3244.000000
647.666016 2981.000000
649.783447 3019.000000
651.899658 2905.000000
654.014465 2981.000000
656.127869 2990.000000
658.239868 3112.000000
660.350769 2932.000000
662.460083 3119.000000
664.568176 3104.000000
666.674866 3085.000000
668.780212 3292.000000
670.884155 3013.000000
672.986938 3028.000000
675.088196 3024.000000
677.188232 2962.000000
679.286926 3082.000000
681.384155 2939.000000
683.480103 2993.000000
685.574890 3094.000000
687.668152 3317.000000
689.760071 3625.000000
691.850769 3639.000000
693.940063 3627.000000
696.027954 3245.000000
698.114685 3199.000000
700.200073 3020.000000
702.283936 3116.000000
704.366699 2992.000000
706.448120 2927.000000
708.528015 3040.000000
710.606812 3002.000000
712.684082 3185.000000
714.760315 3137.000000
716.835022 2872.000000
718.908386 3056.000000
720.980530 3061.000000
723.051331 2955.000000
725.120728 3090.000000
727.188965 3017.000000
729.255737 3037.000000
731.321289 2986.000000
733.385498 2936.000000
735.448425 3066.000000
737.509949 2950.000000
739.570374 3095.000000
741.629272 2929.000000
743.686890 3377.000000
745.743347 2858.000000
747.798401 3204.000000
749.852112 3108.000000
751.904663 4136.000000
753.955811 2898.000000
756.005554 3070.000000
758.054260 2985.000000
760.101440 3020.000000
762.147339 2834.000000
764.192139 2994.000000
766.235474 2921.000000
768.277527 2992.000000
770.318359 3016.000000
772.357788 3038.000000
774.395996 3037.000000
776.432983 3176.000000
778.468628 2881.000000
780.502991 3100.000000
782.536011 3052.000000
784.567810 3155.000000
786.598328 3204.000000
788.627441 3028.000000
790.655334 3098.000000
792.682068 3017.000000
794.707336 2955.000000
796.731445 3134.000000
798.754272 3173.000000
800.775696 2969.000000
802.795959 2992.000000
804.815002 3063.000000
806.832703 2981.000000
808.848999 3139.000000
810.864075 2995.000000
812.878052 3061.000000
814.890686 2951.000000
816.901917 3070.000000
818.912109 3163.000000
820.920898 3023.000000
822.928467 2946.000000
824.934692 3042.000000
826.939636 3085.000000
828.943481 3047.000000
830.945923 3020.000000
832.947083 2913.000000
834.947083 3104.000000
836.945740 3126.000000
838.943176 3095.000000
840.939453 3084.000000
842.934265 3019.000000
844.927856 3226.000000
846.920410 3056.000000
848.911499 3324.000000
850.901367 3089.000000
852.890076 3034.000000
854.877441 3121.000000
856.863464 3086.000000
858.848511 3053.000000
860.832092 2930.000000
862.814514 3009.000000
864.795715 3190.000000
866.775635 2986.000000
868.754150 3192.000000
870.731750 3105.000000
872.707886 3014.000000
874.682739 3092.000000
876.656616 3060.000000
878.629028 3097.000000
880.600159 2922.000000
882.570251 3033.000000
884.538940 3053.000000
886.506409 2890.000000
888.472778 2950.000000
890.437744 3153.000000
892.401672 3047.000000
894.364258 3142.000000
896.325562 2929.000000
898.285767 3053.000000
900.244629 3047.000000
902.202271 2939.000000
904.158752 2996.000000
906.113892 3075.000000
908.067810 3124.000000
910.020691 3052.000000
911.972229 3106.000000
913.922485 2892.000000
915.871582 2960.000000
917.819519 2976.000000
919.766113 2985.000000
921.711670 3112.000000
923.655823 3066.000000
925.598755 3001.000000
927.540649 3001.000000
929.481201 3258.000000
931.420532 3000.000000
933.358704 3118.000000
935.295654 2910.000000
937.231384 2968.000000
939.165894 3013.000000
941.099182 3049.000000
943.031250 3036.000000
944.962158 3096.000000
946.891846 3012.000000
948.820496 2939.000000
950.747681 3159.000000
952.673706 3074.000000
954.598694 3036.000000
956.522339 2945.000000
958.444702 3060.000000
960.366028 3072.000000
962.286072 2957.000000
964.204895 3046.000000
966.122681 3018.000000
968.039124 3066.000000
969.954285 3000.000000
971.868469 2866.000000
973.781372 2949.000000
975.693054 3001.000000
977.603638 3074.000000
979.512878 3021.000000
981.420959 2989.000000
983.328003 3006.000000
985.233704 3095.000000
987.138245 3150.000000
989.041748 3135.000000
990.943848 3107.000000
992.844788 3136.000000
994.744751 2983.000000
996.643311 3006.000000
998.540771 2919.000000
1000.437134 2975.000000
1002.332214 2860.000000
1004.226135 3042.000000
1006.119019 3049.000000
1008.010437 3038.000000
1009.900818 3047.000000
1011.790039 3077.000000
1013.678101 2990.000000
1015.565002 2931.000000
1017.450745 3013.000000
1019.335205 3018.000000
1021.218628 2952.000000
1023.100830 3022.000000
1024.981689 3094.000000
1026.861572 3103.000000
1028.740356 2981.000000
1030.617798 2958.000000
1032.494263 2914.000000
1034.369385 3169.000000
1036.243286 3051.000000
1038.116333 2843.000000
1039.987915 3185.000000
1041.858521 3000.000000
1043.727905 3015.000000
1045.596069 3034.000000
1047.463013 3183.000000
1049.328979 2963.000000
1051.193726 2910.000000
1053.057251 2958.000000
1054.919678 2981.000000
1056.781128 2907.000000
1058.641113 2971.000000
1060.500244 2893.000000
1062.357788 3050.000000
1064.214600 3028.000000
1066.070068 2951.000000
1067.924438 3076.000000
1069.777832 3028.000000
1071.629883 3049.000000
1073.480713 3057.000000
1075.330566 3035.000000
1077.179199 2929.000000
1079.026611 2965.000000
1080.872925 2960.000000
1082.718262 2902.000000
1084.562256 3122.000000
1086.405273 3043.000000
1088.246948 3084.000000
1090.087646 2965.000000
1091.927124 2945.000000
1093.765503 2965.000000
1095.602783 2880.000000
1097.438843 2921.000000
1099.273804 3127.000000
1101.107544 2967.000000
1102.940430 2946.000000
1104.771851 2976.000000
1106.602295 3116.000000
1108.431763 3002.000000
1110.259766 3098.000000
1112.086792 2813.000000
1113.912842 2964.000000
1115.737427 2908.000000
1117.561279 2996.000000
1119.383911 3077.000000
1121.205200 2943.000000
1123.025391 2997.000000
1124.844849 3056.000000
1126.662720 3013.000000
1128.479614 2983.000000
1130.295410 3044.000000
1132.110229 3104.000000
1133.923828 2929.000000
1135.736206 2911.000000
1137.547485 2991.000000
1139.357788 2996.000000
1141.166870 3013.000000
1142.974854 2976.000000
1144.781738 2883.000000
1146.587402 3110.000000
1148.392090 2932.000000
1150.195679 3211.000000
1151.998047 2972.000000
1153.799438 3000.000000
1155.599609 3077.000000
1157.398804 2881.000000
1159.196777 3010.000000
1160.993652 2997.000000
1162.789307 3133.000000
1164.584106 2983.000000
1166.377686 3096.000000
1168.170044 3190.000000
1169.961426 2943.000000
1171.751831 3035.000000
1173.540894 3043.000000
1175.328979 3089.000000
1177.115967 2997.000000
1178.901733 3120.000000
1180.686523 2982.000000
1182.470215 2890.000000
1184.252808 3146.000000
1186.034424 3003.000000
1187.814819 3152.000000
1189.593994 3061.000000
1191.372314 3097.000000
1193.149536 2866.000000
1194.925293 3056.000000
1196.700439 2925.000000
1198.474121 3040.000000
1200.246948 3091.000000
1202.018677 3002.000000
1203.789185 3152.000000
1205.558716 2966.000000
1207.327148 3313.000000
1209.094360 2847.000000
1210.860596 2996.000000
1212.625854 3081.000000
1214.389893 3050.000000
1216.152832 3059.000000
1217.914673 3006.000000
1219.675415 3053.000000
1221.435303 2998.000000
1223.193970 2928.000000
1224.951538 3019.000000
1226.708130 3078.000000
1228.463501 2924.000000
1230.217896 2916.000000
1231.971191 3064.000000
1233.723511 3027.000000
1235.474487 2969.000000
1237.224609 3044.000000
1238.973633 3281.000000
1240.721680 3026.000000
1242.468384 3046.000000
1244.214233 2862.000000
1245.958984 2906.000000
1247.702637 3112.000000
1249.445190 3050.000000
1251.186646 2985.000000
1252.927246 3057.000000
1254.666626 2936.000000
1256.404907 2914.000000
1258.142334 3085.000000
1259.878296 2995.000000
1261.613403 2954.000000
1263.347534 2990.000000
1265.080566 2897.000000
1266.812622 3044.000000
1268.543579 2999.000000
1270.273438 3021.000000
1272.002075 2926.000000
1273.729980 2947.000000
1275.456543 3061.000000
1277.182007 3007.000000
1278.906738 2964.000000
1280.630249 3101.000000
1282.352783 3132.000000
1284.074097 2956.000000
1285.794434 2967.000000
1287.513794 2956.000000
1289.232178 2984.000000
1290.949341 3025.000000
1292.665405 2936.000000
1294.380615 2995.000000
1296.094849 2998.000000
1297.807861 2974.000000
1299.519653 2999.000000
1301.230469 3057.000000
1302.940552 2999.000000
1304.649414 2869.000000
1306.357056 3181.000000
1308.063965 3102.000000
1309.769531 3135.000000
1311.474365 2926.000000
1313.177979 3055.000000
1314.880737 2923.000000
1316.582153 2985.000000
1318.282837 2972.000000
1319.982300 2838.000000
1321.680664 3003.000000
1323.378174 3071.000000
1325.074463 3064.000000
1326.769897 2981.000000
1328.464233 3036.000000
1330.157593 2986.000000
1331.849854 3035.000000
1333.541138 2965.000000
1335.231201 2888.000000
1336.920288 3082.000000
1338.608643 2969.000000
1340.295776 2956.000000
1341.981689 2899.000000
1343.666870 3188.000000
1345.350952 3285.000000
1347.033936 3518.000000
1348.715942 3741.000000
1350.396851 3751.000000
1352.076782 3437.000000
1353.755859 3223.000000
1355.433716 2968.000000
1357.110596 3014.000000
1358.786499 3010.000000
1360.461304 3010.000000
1362.135254 2970.000000
1363.808105 3097.000000
1365.479736 3045.000000
1367.150757 3028.000000
1368.820313 2924.000000
1370.489136 3177.000000
1372.156860 3068.000000
1373.823608 3043.000000
1375.489380 3006.000000
1377.154053 3066.000000
1378.817627 2851.000000
1380.480469 3061.000000
1382.142090 3072.000000
1383.802734 3096.000000
1385.462280 2965.000000
1387.121094 2959.000000
1388.778687 2960.000000
1390.435303 2988.000000
1392.091064 2964.000000
1393.745605 3091.000000
1395.399170 3099.000000
1397.051880 2990.000000
1398.703369 2893.000000
1400.354004 2853.000000
1402.003662 3022.000000
1403.652222 2915.000000
1405.299927 2994.000000
1406.946655 3283.000000
1408.592163 3135.000000
1410.236816 3132.000000
1411.880493 3112.000000
1413.523071 2981.000000
1415.164673 2891.000000
1416.805298 3248.000000
1418.445068 2965.000000
1420.083740 3124.000000
1421.721191 2891.000000
1423.358032 3019.000000
1424.993530 3022.000000
1426.628174 2934.000000
1428.261963 2894.000000
1429.894653 2904.000000
1431.526489 2916.000000
1433.156982 2996.000000
1434.786987 2977.000000
1436.415649 3141.000000
1438.043335 3144.000000
1439.670166 3076.000000
1441.295898 2948.000000
1442.920654 3012.000000
1444.544556 2951.000000
1446.167480 3004.000000
1447.789185 2865.000000
1449.410156 3086.000000
1451.030151 3182.000000
1452.648926 2951.000000
1454.266968 3049.000000
1455.883911 3043.000000
1457.499878 3009.000000
1459.114990 2926.000000
1460.728760 3047.000000
1462.341919 2960.000000
1463.954102 2979.000000
1465.565186 2987.000000
1467.175415 3084.000000
1468.784424 2891.000000
1470.392578 2969.000000
1471.999878 2930.000000
1473.606079 2843.000000
1475.211304 2944.000000
1476.815552 2851.000000
1478.418945 4143.000000
1480.021240 2994.000000
1481.622681 3031.000000
1483.223267 3121.000000
1484.822632 2887.000000
1486.421143 2927.000000
1488.018555 2952.000000
1489.615112 3151.000000
1491.210815 3023.000000
1492.805420 3043.000000
1494.398926 3024.000000
1495.991699 3072.000000
1497.583618 3002.000000
1499.174072 2984.000000
1500.764282 2963.000000
1502.352905 3132.000000
1503.940918 2909.000000
1505.527954 3004.000000
1507.113770 2982.000000
1508.698975 3108.000000
1510.283081 2989.000000
1511.866211 3046.000000
1513.448120 3061.000000
1515.029419 2945.000000
1516.609863 3037.000000
1518.189209 3094.000000
1519.767456 3013.000000
1521.344849 2948.000000
1522.921021 2995.000000
1524.496704 3024.000000
1526.071411 2957.000000
1527.644897 2903.000000
1529.217651 2957.000000
1530.789185 3052.000000
1532.359741 3090.000000
1533.929932 2983.000000
1535.498779 3134.000000
1537.066406 3006.000000
1538.633423 3181.000000
1540.199585 3517.000000
1541.764526 3396.000000
1543.328857 3774.000000
1544.891968 3505.000000
1546.454224 3180.000000
1548.015503 3040.000000
1549.575806 3074.000000
1551.135254 2964.000000
1552.693848 2839.000000
1554.251343 3125.000000
1555.807983 2917.000000
1557.363525 2965.000000
1558.918213 2922.000000
1560.472168 2843.000000
1562.025146 2974.000000
1563.577026 3068.000000
1565.127930 2996.000000
1566.677856 3041.000000
1568.227051 2939.000000
1569.775391 3014.000000
1571.322876 3097.000000
1572.869141 2978.000000
1574.414429 3014.000000
1575.959106 2943.000000
1577.502319 2977.000000
1579.044922 3103.000000
1580.586914 2969.000000
1582.127319 2973.000000
1583.667358 2952.000000
1585.206055 2999.000000
1586.744019 2963.000000
1588.281372 2940.000000
1589.817505 2963.000000
1591.352661 3020.000000
1592.886841 2971.000000
1594.420044 2878.000000
1595.952637 2961.000000
1597.484131 2975.000000
1599.014893 2909.000000
1600.544312 2911.000000
1602.073120 2825.000000
1603.600952 3043.000000
1605.127808 3006.000000
1606.653931 3044.000000
1608.178955 2971.000000
1609.703125 3003.000000
1611.226318 2948.000000
1612.748657 3017.000000
1614.270020 2922.000000
1615.790649 3155.000000
1617.310303 2966.000000
1618.828735 3053.000000
1620.346558 3008.000000
1621.863281 2944.000000
1623.379150 2900.000000
1624.894409 2921.000000
1626.408569 2922.000000
1627.921509 2949.000000
1629.434082 2977.000000
1630.945190 2985.000000
1632.455811 2935.000000
1633.965454 2946.000000
1635.474121 2946.000000
1636.981689 2838.000000
1638.488647 3119.000000
1639.994385 2979.000000
1641.499756 2969.000000
1643.003784 2997.000000
1644.506958 2865.000000
1646.009399 3070.000000
1647.510742 2950.000000
1649.011108 2971.000000
1650.510986 3067.000000
1652.009521 2962.000000
1653.507324 3020.000000
1655.004272 2885.000000
1656.500122 2927.000000
1657.995239 3046.000000
1659.489624 3177.000000
1660.982910 2957.000000
1662.475464 3103.000000
1663.966919 3099.000000
1665.457397 2954.000000
1666.947266 2992.000000
1668.436279 2962.000000
1669.924072 3091.000000
1671.411133 3024.000000
1672.897339 2874.000000
1674.382446 3053.000000
1675.866943 2833.000000
1677.350586 2883.000000
1678.833130 3248.000000
1680.314819 2940.000000
1681.795654 3024.000000
1683.275391 3064.000000
1684.754761 3084.000000
1686.232910 2949.000000
1687.710205 2953.000000
1689.186401 2896.000000
1690.661987 2981.000000
1692.136475 3080.000000
1693.610352 3007.000000
1695.083130 3007.000000
1696.555176 2957.000000
1698.026123 2926.000000
1699.496338 3034.000000
1700.965576 2912.000000
1702.434204 2886.000000
1703.901611 2920.000000
1705.368286 2984.000000
1706.834106 2993.000000
1708.298950 3086.000000
1709.762939 2924.000000
1711.226440 2866.000000
1712.688599 3033.000000
1714.149780 3699.000000
1715.610474 2892.000000
1717.070068 2969.000000
1718.528687 2877.000000
1719.986816 2842.000000
1721.443848 2955.000000
1722.899902 2952.000000
1724.355225 2979.000000
1725.809448 2851.000000
1727.263306 2925.000000
1728.715942 2891.000000
1730.167603 3042.000000
1731.618286 3004.000000
1733.068481 3054.000000
1734.517578 3070.000000
1735.966187 2932.000000
1737.413574 3128.000000
1738.860107 2910.000000
1740.305664 2930.000000
1741.750610 3006.000000
1743.194458 2937.000000
1744.637817 2954.000000
1746.079956 3020.000000
1747.521240 3009.000000
1748.961792 2965.000000
1750.401367 2995.000000
1751.840210 2985.000000
1753.278320 2860.000000
1754.715210 3066.000000
1756.151489 3083.000000
1757.586914 2835.000000
1759.021240 2832.000000
1760.454712 3048.000000
1761.887695 2870.000000
1763.319580 2915.000000
1764.750610 2803.000000
1766.180664 3218.000000
1767.609985 2941.000000
1769.038452 3097.000000
1770.466187 2846.000000
1771.893066 2951.000000
1773.318848 2973.000000
1774.743774 3054.000000
1776.167847 2899.000000
1777.591553 3045.000000
1779.014038 2979.000000
1780.435547 3063.000000
1781.856323 3045.000000
1783.276123 2974.000000
1784.695190 2926.000000
1786.113647 2920.000000
1787.531128 3063.000000
1788.947388 3004.000000
1790.363159 3040.000000
1791.778076 2986.000000
1793.191772 2805.000000
1794.605225 2930.000000
1796.017578 2980.000000
1797.429077 2929.000000
1798.839355 2893.000000
1800.249146 3095.000000
1801.657959 2949.000000
1803.066284 3084.000000
1804.473389 3072.000000
1805.880005 2843.000000
1807.285400 2999.000000
1808.690063 2899.000000
1810.093750 3117.000000
1811.497070 3040.000000
1812.899048 3044.000000
1814.300415 2860.000000
1815.700806 2987.000000
1817.100464 3023.000000
1818.499146 2908.000000
1819.897461 3005.000000
1821.294556 3009.000000
1822.690796 2847.000000
1824.086304 2939.000000
1825.480713 3129.000000
1826.874756 2999.000000
1828.267822 3102.000000
1829.659790 3039.000000
1831.051025 3027.000000
1832.441528 3019.000000
1833.831055 3054.000000
1835.220093 2890.000000
1836.607910 3118.000000
1837.995117 2936.000000
1839.381226 3048.000000
1840.766846 2845.000000
1842.151245 3033.000000
1843.535156 3197.000000
1844.918091 2990.000000
1846.300293 2937.000000
1847.681641 2931.000000
1849.062012 2972.000000
1850.441650 3042.000000
1851.820679 2996.000000
1853.198730 2862.000000
1854.575806 2963.000000
1855.952148 2917.000000
1857.327637 2973.000000
1858.702148 3028.000000
1860.076416 2906.000000
1861.449585 2978.000000
1862.821655 2996.000000
1864.192993 2991.000000
1865.563477 2897.000000
1866.933472 3133.000000
1868.302368 2921.000000
1869.670654 2973.000000
1871.037842 2911.000000
1872.404175 3227.000000
1873.769897 2971.000000
1875.134888 3160.000000
1876.498901 3016.000000
1877.862183 3104.000000
1879.224487 3160.000000
1880.585938 3007.000000
1881.946777 3009.000000
1883.306885 2902.000000
1884.666016 3097.000000
1886.024170 3073.000000
1887.381836 2938.000000
1888.738403 2888.000000
1890.094360 3024.000000
1891.449463 3155.000000
1892.803833 3030.000000
1894.157104 2996.000000
1895.509644 2909.000000
1896.861450 2824.000000
1898.212402 3079.000000
1899.562866 2952.000000
1900.912354 3069.000000
1902.260620 3084.000000
1903.608643 3057.000000
1904.955566 3088.000000
1906.301758 3165.000000
1907.647217 3026.000000
1908.991821 2966.000000
1910.335327 2943.000000
1911.678345 2992.000000
1913.020386 2940.000000
1914.361938 2976.000000
1915.702515 2985.000000
1917.042114 2972.000000
1918.380859 2901.000000
1919.719116 3042.000000
1921.056396 3228.000000
1922.393066 2939.000000
1923.728638 2816.000000
1925.063599 3095.000000
1926.397583 2969.000000
1927.730835 2946.000000
1929.063232 3032.000000
1930.395264 2789.000000
1931.726196 3095.000000
1933.056274 2974.000000
1934.385498 2952.000000
1935.713989 2941.000000
1937.041626 3099.000000
1938.368896 2926.000000
1939.694824 3090.000000
1941.020142 3049.000000
1942.344727 3050.000000
1943.668457 3043.000000
1944.991333 3165.000000
1946.313721 3152.000000
1947.635010 2931.000000
1948.955566 2992.000000
1950.275269 3110.000000
1951.594116 2960.000000
1952.912598 2952.000000
1954.229980 2912.000000
1955.546509 3073.000000
1956.862427 3090.000000
1958.177246 3061.000000
1959.491577 3144.000000
1960.805054 3030.000000
1962.117798 3071.000000
1963.429565 2773.000000
1964.740723 2939.000000
1966.050903 2977.000000
1967.360474 3017.000000
1968.669434 2960.000000
1969.977295 3020.000000
1971.284424 2987.000000
1972.590698 2804.000000
1973.896240 2891.000000
1975.201172 2945.000000
1976.505127 2785.000000
1977.808594 2882.000000
1979.110962 2933.000000
1980.412720 3114.000000
1981.713501 2980.000000
1983.013550 2963.000000
1984.312988 2888.000000
1985.611572 2954.000000
1986.909302 2849.000000
1988.206177 2933.000000
1989.502441 3074.000000
1990.797852 3074.000000
1992.092529 2989.000000
1993.386719 3050.000000
1994.679565 3123.000000
1995.972046 3076.000000
1997.263428 3057.000000
1998.554565 3098.000000
1999.844482 2933.000000
2001.133545 3015.000000
2002.421875 3124.000000
2003.709717 3148.000000
2004.996460 2937.000000
2006.282837 2903.000000
2007.568115 2859.000000
2008.852661 3016.000000
2010.136475 3025.000000
2011.419556 3114.000000
2012.701782 2864.000000
2013.983398 3087.000000
2015.264282 2993.000000
2016.544189 2914.000000
2017.823242 2949.000000
2019.101807 2912.000000
2020.379150 2895.000000
2021.656494 2987.000000
2022.932251 2872.000000
2024.207886 2848.000000
2025.482178 3105.000000
2026.756104 3011.000000
2028.029297 2930.000000
2029.301758 2908.000000
2030.573120 2953.000000
2031.843872 3075.000000
2033.113647 3055.000000
2034.382935 3001.000000
2035.651733 2929.000000
2036.919312 2994.000000
2038.186401 2996.000000
2039.452393 2944.000000
2040.717773 3156.000000
2041.982422 2999.000000
2043.246582 3104.000000
2044.509766 2870.000000
2045.772095 3034.000000
2047.033569 2909.000000
2048.294434 2986.000000
2049.554199 2969.000000
2050.813965 2893.000000
2052.072754 3161.000000
2053.330322 2962.000000
2054.587402 3001.000000
2055.843750 3115.000000
2057.099121 3123.000000
2058.354004 2858.000000
2059.608154 3037.000000
2060.861328 2947.000000
2062.113770 2979.000000
2063.365479 3064.000000
2064.616699 2978.000000
2065.867188 3036.000000
2067.116699 2967.000000
2068.365479 2954.000000
2069.613281 2930.000000
2070.860840 2917.000000
2072.107178 2976.000000
2073.353027 2939.000000
2074.597900 2773.000000
2075.842285 2968.000000
2077.085693 3043.000000
2078.328613 2980.000000
2079.570801 2836.000000
2080.812012 2926.000000
2082.052490 3057.000000
2083.292236 2931.000000
2084.531250 3010.000000
2085.769531 2990.000000
2087.007324 3118.000000
2088.244141 2915.000000
2089.479980 2902.000000
2090.715332 2965.000000
2091.949951 2980.000000
2093.183594 3049.000000
2094.416992 2907.000000
2095.649170 2988.000000
2096.880615 3095.000000
2098.111328 2870.000000
2099.341797 2996.000000
2100.570801 3179.000000
2101.799561 2965.000000
2103.027588 2978.000000
2104.254639 2990.000000
2105.481201 2892.000000
2106.706787 3016.000000
2107.931885 3023.000000
2109.156006 2854.000000
2110.379395 2922.000000
2111.602051 3069.000000
2112.823975 3229.000000
2114.045166 2975.000000
2115.266113 3025.000000
2116.485840 2873.000000
2117.704346 2995.000000
2118.922607 3018.000000
2120.140381 2995.000000
2121.356934 2954.000000
2122.573486 2988.000000
2123.788818 3074.000000
2125.003174 3001.000000
2126.217041 2934.000000
2127.430664 3017.000000
2128.642578 2853.000000
2129.854492 3164.000000
2131.065430 3082.000000
2132.275635 3020.000000
2133.485107 2976.000000
2134.693848 3002.000000
2135.901855 2994.000000
2137.109619 3034.000000
2138.315918 2973.000000
2139.521973 3078.000000
2140.726807 2930.000000
2141.931152 3002.000000
2143.134766 2813.000000
2144.337646 2811.000000
2145.540039 3125.000000
2146.741455 3030.000000
2147.942139 3090.000000
2149.142334 3271.000000
2150.341309 2995.000000
2151.540283 2826.000000
2152.738281 3157.000000
2153.935059 3097.000000
2155.131592 3023.000000
2156.327393 2995.000000
2157.522461 2984.000000
2158.716553 2966.000000
2159.909912 2967.000000
2161.102783 2992.000000
2162.294922 3016.000000
2163.486084 3125.000000
2164.677002 2920.000000
2165.866943 3004.000000
2167.055908 2989.000000
2168.244385 3005.000000
2169.431885 2984.000000
2170.619141 3021.000000
2171.805664 3029.000000
2172.991455 2983.000000
2174.176025 3010.000000
2175.360352 2944.000000
2176.543457 2971.000000
2177.726074 2954.000000
2178.908447 2943.000000
2180.089844 2912.000000
2181.270508 3038.000000
2182.450195 2926.000000
2183.629150 3005.000000
2184.807617 2871.000000
2185.985596 2873.000000
2187.162842 2901.000000
2188.338623 2913.000000
2189.514404 2892.000000
2190.689209 2979.000000
2191.863525 3027.000000
2193.036865 2951.000000
2194.209473 2927.000000
2195.381592 3025.000000
2196.552734 2868.000000
2197.723633 2962.000000
2198.893799 3135.000000
2200.062744 2995.000000
2201.231201 3103.000000
2202.398926 3128.000000
2203.565918 3041.000000
2204.732422 3075.000000
2205.898193 3075.000000
2207.062988 3051.000000
2208.227295 3092.000000
2209.390625 3207.000000
2210.553711 2907.000000
2211.715576 3056.000000
2212.877197 3014.000000
2214.037598 2986.000000
2215.197998 3031.000000
2216.357178 3043.000000
2217.515625 3013.000000
2218.673584 3049.000000
2219.831055 3008.000000
2220.987305 2956.000000
2222.143066 3072.000000
2223.298096 2915.000000
2224.452637 3063.000000
2225.606201 2926.000000
2226.759033 3117.000000
2227.911621 3198.000000
2229.063232 2947.000000
2230.213867 3000.000000
2231.364014 3068.000000
2232.513672 2978.000000
2233.662598 2957.000000
2234.810791 3071.000000
2235.958008 3005.000000
2237.104736 3017.000000
2238.250732 3002.000000
2239.395996 3026.000000
2240.540527 3123.000000
2241.684326 3098.000000
2242.827637 3110.000000
2243.969971 3064.000000
2245.111816 2993.000000
2246.253174 2991.000000
2247.393555 3025.000000
2248.533447 3041.000000
2249.672363 3041.000000
2250.810791 3091.000000
2251.948242 3146.000000
2253.085449 3174.000000
2254.221436 3031.000000
2255.357422 2983.000000
2256.491943 3002.000000
2257.626221 2944.000000
2258.759766 3161.000000
2259.892578 3060.000000
2261.024658 3132.000000
2262.156250 2938.000000
2263.286865 3061.000000
2264.416992 2963.000000
2265.546631 2945.000000
2266.675293 2885.000000
2267.803223 2925.000000
2268.930420 2892.000000
2270.056885 3231.000000
2271.182861 3083.000000
2272.308594 3066.000000
2273.433105 3086.000000
2274.556885 3020.000000
2275.679932 3251.000000
2276.802490 3191.000000
2277.924316 2941.000000
2279.045654 2968.000000
2280.165771 3021.000000
2281.285645 3075.000000
2282.404785 2975.000000
2283.523193 3162.000000
2284.640869 2977.000000
2285.758057 2999.000000
2286.874512 2927.000000
2287.990234 3095.000000
2289.104980 2889.000000
2290.219482 3051.000000
2291.333008 3118.000000
2292.446045 3176.000000
2293.558350 3004.000000
2294.669678 3007.000000
2295.780762 2979.000000
2296.891113 3094.000000
2298.000488 3098.000000
2299.109619 3096.000000
2300.217773 3042.000000
2301.325439 3030.000000
2302.432129 3098.000000
2303.538330 3029.000000
2304.644043 2925.000000
2305.748779 2913.000000
2306.853027 2877.000000
2307.956299 2958.000000
2309.059326 3014.000000
2310.161377 2900.000000
2311.263184 3098.000000
2312.364014 2943.000000
2313.463867 3065.000000
2314.563477 2981.000000
2315.662354 3080.000000
2316.760010 3078.000000
2317.857910 2986.000000
2318.954590 2920.000000
2320.050537 3012.000000
2321.145996 3160.000000
2322.240723 2897.000000
2323.334717 2913.000000
2324.428711 3008.000000
2325.521240 3117.000000
2326.613037 2805.000000
2327.704590 3000.000000
2328.795166 2911.000000
2329.885254 3097.000000
2330.974854 3139.000000
2332.063477 2970.000000
2333.151611 2850.000000
2334.238770 2978.000000
2335.325928 3018.000000
2336.412109 3050.000000
2337.497314 2992.000000
2338.582031 2990.000000
2339.666260 2921.000000
2340.749512 3109.000000
2341.832275 3069.000000
2342.914063 2973.000000
2343.995850 2989.000000
2345.076660 2971.000000
2346.156738 3111.000000
2347.235840 3019.000000
2348.314697 3123.000000
2349.393066 2970.000000
2350.470459 2964.000000
2351.547119 2999.000000
2352.623291 2895.000000
2353.698730 3059.000000
2354.773438 3157.000000
2355.847900 2938.000000
2356.921387 3080.000000
2357.994141 3096.000000
2359.066162 3050.000000
2360.137939 3032.000000
2361.208740 3084.000000
2362.279053 2958.000000
2363.348633 3168.000000
2364.417236 2966.000000
2365.485596 3034.000000
2366.553223 2989.000000
2367.620117 2909.000000
2368.686279 2957.000000
2369.751953 3118.000000
2370.816895 3014.000000
2371.881348 3010.000000
2372.944824 3043.000000
2374.008057 3167.000000
2375.070557 3117.000000
2376.132080 3057.000000
2377.193115 2945.000000
2378.253418 3080.000000
2379.313232 2918.000000
2380.372559 2930.000000
2381.430908 3023.000000
2382.488770 2882.000000
2383.545654 3136.000000
2384.602295 2925.000000
2385.657959 3130.000000
2386.713379 3062.000000
2387.768066 3025.000000
2388.821533 3150.000000
2389.874756 3116.000000
2390.927490 2957.000000
2391.979248 3070.000000
2393.030762 2963.000000
2394.081299 3058.000000
2395.131348 3025.000000
2396.180664 3023.000000
2397.229492 2938.000000
2398.277588 2999.000000
2399.324951 2990.000000
2400.371826 3023.000000
2401.417480 3016.000000
2402.463379 2997.000000
2403.508057 3072.000000
2404.552490 2974.000000
2405.596191 2955.000000
2406.638916 3048.000000
2407.681152 3051.000000
2408.722900 3277.000000
2409.763672 2998.000000
2410.804199 2988.000000
2411.843994 2977.000000
2412.883057 3166.000000
2413.921387 3167.000000
2414.959229 3045.000000
2415.996338 3152.000000
2417.032715 2960.000000
2418.068604 3041.000000
2419.104004 3163.000000
2420.138428 3176.000000
2421.172363 3272.000000
2422.205566 3004.000000
2423.238525 2884.000000
2424.270508 3091.000000
2425.301758 3008.000000
2426.332764 3069.000000
2427.362793 3073.000000
2428.392090 3057.000000
2429.421143 3091.000000
2430.449463 2913.000000
2431.477051 3076.000000
2432.503662 2947.000000
2433.530273 2998.000000
2434.555664 2919.000000
2435.581055 3019.000000
2436.605225 3120.000000
2437.629150 2948.000000
2438.651855 3049.000000
2439.674561 2951.000000
2440.696777 3035.000000
2441.717773 3061.000000
2442.738525 3077.000000
2443.758301 3060.000000
2444.777832 3080.000000
2445.796387 3063.000000
2446.814941 3046.000000
2447.832275 3202.000000
2448.849365 3025.000000
2449.865234 2981.000000
2450.880859 3116.000000
2451.895752 3112.000000
2452.910400 2924.000000
2453.923828 2975.000000
2454.936768 3051.000000
2455.949219 3061.000000
2456.961182 3157.000000
2457.972412 2930.000000
2458.983154 3131.000000
2459.992920 3050.000000
2461.002441 3043.000000
2462.010986 3111.000000
2463.018799 3112.000000
2464.026367 3038.000000
2465.033447 3026.000000
2466.039551 2987.000000
2467.044922 3095.000000
2468.050049 2989.000000
2469.054443 3061.000000
2470.058105 3173.000000
2471.061279 2996.000000
2472.063721 2955.000000
2473.065430 2951.000000
2474.066650 3043.000000
2475.067383 3132.000000
2476.067383 3101.000000
2477.066650 2967.000000
2478.065186 3122.000000
2479.063477 3102.000000
2480.060791 3176.000000
2481.057861 2951.000000
2482.054199 2947.000000
2483.049561 3104.000000
2484.044678 2906.000000
2485.039307 3117.000000
2486.032959 3135.000000
2487.026123 3163.000000
2488.018555 3009.000000
2489.010742 2985.000000
2490.002197 2963.000000
2490.992920 3106.000000
2491.982910 3126.000000
2492.972168 3124.000000
2493.961426 3071.000000
2494.949219 3079.000000
2495.937012 3142.000000
2496.924072 2982.000000
2497.910645 2890.000000
2498.896484 3111.000000
2499.881348 3068.000000
2500.866455 3065.000000
2501.850098 3052.000000
2502.833496 2944.000000
2503.815918 3103.000000
2504.798340 3074.000000
2505.779541 3095.000000
2506.760498 2912.000000
2507.741211 2948.000000
2508.720703 3091.000000
2509.700195 3181.000000
2510.678467 3079.000000
2511.656494 3078.000000
2512.633545 3166.000000
2513.610107 3080.000000
2514.586182 3115.000000
2515.561279 2990.000000
2516.536133 3000.000000
2517.510498 3085.000000
2518.483887 3001.000000
2519.457764 3019.000000
2520.429932 3145.000000
2521.401611 2985.000000
2522.372803 3175.000000
2523.343262 3108.000000
2524.313232 3039.000000
2525.282715 3018.000000
2526.251465 3018.000000
2527.219727 3107.000000
2528.187256 3085.000000
2529.153809 3146.000000
2530.120850 3098.000000
2531.086670 2973.000000
2532.051514 3072.000000
2533.016113 3095.000000
2533.980225 2968.000000
2534.943848 3045.000000
2535.906250 3031.000000
2536.868164 3300.000000
2537.829834 3087.000000
2538.790283 2954.000000
2539.750977 2948.000000
2540.710693 3115.000000
2541.669922 3093.000000
2542.628906 3091.000000
2543.586426 3254.000000
2544.543945 2998.000000
2545.500732 3016.000000
2546.456543 2971.000000
2547.412354 2900.000000
2548.367188 2913.000000
2549.321777 3145.000000
2550.275635 2984.000000
2551.228516 3066.000000
2552.181152 3006.000000
2553.133545 3160.000000
2554.084717 3134.000000
2555.035889 3149.000000
2555.986084 3090.000000
2556.935547 3297.000000
2557.884521 3133.000000
2558.833008 3157.000000
2559.780762 3118.000000
2560.728027 3109.000000
2561.674561 2908.000000
2562.621094 3070.000000
2563.566895 3279.000000
2564.511719 3021.000000
2565.455566 3231.000000
2566.399658 3154.000000
2567.342773 3161.000000
2568.285156 3191.000000
2569.226807 3124.000000
2570.168457 3120.000000
2571.109375 2985.000000
2572.049316 3055.000000
2572.988770 3143.000000
2573.927734 3321.000000
2574.866455 3013.000000
2575.804443 2931.000000
2576.741699 3211.000000
2577.678223 3131.000000
2578.614258 3062.000000
2579.550049 3119.000000
2580.484619 3040.000000
2581.419189 3051.000000
2582.352539 3032.000000
2583.285889 3024.000000
2584.218506 2936.000000
2585.150391 3074.000000
2586.082520 3052.000000
2587.013184 3249.000000
2587.943604 3121.000000
2588.872803 3081.000000
2589.802246 3209.000000
2590.730713 2982.000000
2591.658203 3184.000000
2592.585693 3107.000000
2593.512451 3280.000000
2594.438721 3019.000000
2595.364014 3122.000000
2596.289307 3045.000000
2597.214111 3118.000000
2598.137695 3021.000000
2599.061279 3064.000000
2599.983887 3073.000000
2600.906006 3006.000000
2601.827393 2984.000000
2602.748535 3150.000000
2603.668701 3132.000000
2604.588379 2959.000000
2605.507568 3072.000000
2606.426270 3146.000000
2607.344727 3153.000000
2608.262451 3024.000000
2609.179199 3120.000000
2610.095703 3036.000000
2611.011475 3165.000000
2611.926514 3039.000000
2612.841064 3165.000000
2613.755127 3033.000000
2614.668701 3193.000000
2615.581543 3086.000000
2616.493896 3023.000000
2617.405518 3112.000000
2618.317139 3038.000000
2619.228027 3144.000000
2620.137939 3000.000000
2621.047607 3127.000000
2621.956543 3046.000000
2622.864502 2965.000000
2623.772461 3149.000000
2624.679932 3092.000000
2625.586182 2991.000000
2626.492432 3057.000000
2627.398193 2999.000000
2628.302979 3275.000000
2629.207520 3045.000000
2630.111572 3138.000000
2631.014404 3059.000000
2631.917480 3091.000000
2632.819336 3044.000000
2633.720703 3098.000000
2634.621826 2950.000000
2635.521973 3047.000000
2636.422119 3031.000000
2637.321045 3069.000000
2638.219971 3005.000000
2639.118652 3136.000000
2640.016357 3011.000000
2640.913330 3003.000000
2641.809570 3030.000000
2642.705078 2951.000000
2643.600342 3028.000000
2644.495605 3170.000000
2645.389893 3112.000000
2646.283447 3201.000000
2647.176270 3072.000000
2648.069092 3213.000000
2648.960938 3106.000000
2649.852783 3029.000000
2650.743652 3034.000000
2651.634033 2949.000000
2652.523926 3099.000000
2653.412598 3049.000000
2654.301514 2932.000000
2655.189453 3025.000000
2656.076904 2999.000000
2656.964111 3032.000000
2657.850098 3092.000000
2658.736084 3138.000000
2659.621826 3167.000000
2660.506348 3195.000000
2661.390381 3028.000000
2662.274414 3066.000000
2663.157227 3144.000000
2664.039551 3084.000000
2664.921875 3063.000000
2665.802734 3094.000000
2666.683838 3188.000000
2667.563965 3081.000000
2668.443848 3241.000000
2669.323242 3126.000000
2670.201904 3112.000000
2671.080078 3169.000000
2671.957764 3027.000000
2672.834717 3316.000000
2673.710938 3114.000000
2674.586914 3042.000000
2675.462158 3155.000000
2676.336914 3148.000000
2677.210938 2981.000000
2678.084717 3000.000000
2678.957764 3206.000000
2679.830566 3059.000000
2680.702637 3212.000000
2681.574219 3195.000000
2682.445068 3280.000000
2683.315918 3014.000000
2684.185547 3003.000000
2685.054688 3130.000000
2685.923584 3192.000000
2686.791748 3156.000000
2687.659424 3222.000000
2688.526367 3258.000000
2689.393066 3413.000000
2690.259766 3105.000000
2691.125000 3014.000000
2691.989502 3093.000000
2692.854248 3086.000000
2693.717773 3059.000000
2694.581299 3087.000000
2695.443848 3126.000000
2696.305908 2991.000000
2697.167725 3082.000000
2698.029053 2992.000000
2698.889648 2980.000000
2699.749512 3140.000000
2700.609619 3248.000000
2701.468506 3077.000000
2702.326660 3126.000000
2703.184570 3205.000000
2704.041992 3193.000000
2704.898926 3126.000000
2705.755127 3020.000000
2706.610596 3217.000000
2707.466064 3116.000000
2708.320557 3006.000000
2709.175049 3141.000000
2710.028809 3212.000000
2710.881592 3123.000000
2711.734375 3250.000000
2712.586426 3284.000000
2713.437744 2940.000000
2714.288574 3138.000000
2715.138916 3159.000000
2715.988770 3097.000000
2716.837646 3018.000000
2717.686768 3140.000000
2718.535156 3241.000000
2719.382813 3040.000000
2720.230713 3162.000000
2721.077148 3129.000000
2721.923096 3218.000000
2722.768555 3591.000000
2723.614014 3169.000000
2724.458008 3161.000000
2725.302490 3040.000000
2726.145752 3153.000000
2726.988525 3159.000000
2727.830811 3219.000000
2728.672852 3243.000000
2729.513916 3029.000000
2730.355469 3048.000000
2731.195557 3195.000000
2732.035156 3068.000000
2732.874756 3088.000000
2733.713379 3111.000000
2734.551758 3206.000000
2735.389404 3060.000000
2736.225830 3186.000000
2737.062744 3361.000000
2737.898926 3032.000000
2738.734375 3124.000000
2739.570068 3386.000000
2740.404297 3242.000000
2741.238525 3240.000000
2742.071533 3081.000000
2742.904541 3158.000000
2743.737061 3097.000000
2744.568848 2974.000000
2745.400391 2965.000000
2746.230957 3107.000000
2747.061279 3161.000000
2747.890869 3104.000000
2748.720459 3114.000000
2749.549561 3088.000000
2750.377930 3051.000000
2751.205566 3120.000000
2752.032471 2981.000000
2752.859375 3061.000000
2753.685303 3122.000000
2754.510986 3034.000000
2755.336182 3105.000000
2756.160645 2932.000000
2756.984863 3170.000000
2757.808350 3094.000000
2758.631836 3146.000000
2759.454590 3060.000000
2760.276367 3058.000000
2761.097900 3166.000000
2761.918945 3154.000000
2762.739258 3213.000000
2763.559082 3094.000000
2764.378662 3121.000000
2765.197754 3085.000000
2766.015869 3261.000000
2766.833740 2924.000000
2767.651123 3130.000000
2768.468506 3095.000000
2769.285156 3064.000000
2770.100830 3108.000000
2770.916260 3172.000000
2771.730957 3066.000000
2772.545166 3115.000000
2773.359131 3053.000000
2774.172363 3082.000000
2774.985107 3121.000000
2775.797607 3236.000000
2776.609131 3184.000000
2777.420166 3003.000000
2778.231689 3536.000000
2779.041748 3224.000000
2779.851563 3177.000000
2780.660889 3200.000000
2781.469482 3200.000000
2782.277832 3161.000000
2783.085693 3093.000000
2783.892578 3092.000000
2784.699219 3268.000000
2785.505615 3244.000000
2786.311035 3075.000000
2787.116699 3182.000000
2787.921631 3184.000000
2788.725586 3046.000000
2789.529297 3188.000000
2790.332275 2994.000000
2791.135010 3064.000000
2791.937012 3096.000000
2792.738770 3221.000000
2793.539551 3133.000000
2794.340576 3204.000000
2795.140869 3134.000000
2795.940674 3145.000000
2796.739746 3122.000000
2797.538574 3343.000000
2798.336914 3125.000000
2799.134766 3068.000000
2799.931885 3280.000000
2800.728516 3013.000000
2801.524658 3210.000000
2802.320313 3251.000000
2803.115234 3132.000000
2803.910156 3076.000000
2804.704346 3219.000000
2805.498047 3106.000000
2806.291748 3111.000000
2807.083984 3101.000000
2807.876465 3236.000000
2808.667969 3083.000000
2809.459229 3141.000000
2810.250000 3116.000000
2811.040039 3239.000000
2811.829834 3253.000000
2812.618896 3155.000000
2813.407715 3042.000000
2814.195801 2993.000000
2814.984375 3131.000000
2815.771484 3095.000000
2816.558594 3331.000000
2817.344727 3132.000000
2818.130615 3096.000000
2818.915771 3303.000000
2819.700684 3150.000000
2820.484619 3343.000000
2821.268799 3213.000000
2822.052002 3101.000000
2822.834961 3263.000000
2823.617432 3197.000000
2824.399658 2932.000000
2825.180908 3275.000000
2825.961914 3194.000000
2826.742432 3151.000000
2827.522217 3095.000000
2828.302002 3145.000000
2829.080811 3598.000000
2829.859131 3161.000000
2830.637451 3364.000000
2831.414795 3247.000000
2832.191895 3092.000000
2832.968262 3072.000000
2833.744873 3100.000000
2834.520264 2957.000000
2835.295654 3195.000000
2836.069824 3285.000000
2836.844238 3085.000000
2837.618164 3149.000000
2838.390869 3206.000000
2839.163818 3259.000000
2839.936035 3140.000000
2840.707764 3211.000000
2841.479248 3236.000000
2842.250488 3161.000000
2843.020752 3204.000000
2843.790527 3090.000000
2844.559570 3288.000000
2845.328613 3332.000000
2846.097168 3207.000000
2846.864746 3149.000000
2847.632324 3177.000000
2848.399658 3201.000000
2849.166016 3258.000000
2849.931885 2987.000000
2850.697266 3112.000000
2851.463135 3488.000000
2852.227539 3167.000000
2852.991943 3230.000000
2853.755371 3155.000000
2854.518555 3142.000000
2855.281494 3181.000000
2856.043457 3202.000000
2856.805176 3253.000000
2857.566895 3079.000000
2858.327393 3169.000000
2859.088135 3111.000000
2859.847900 3250.000000
2860.607422 3215.000000
2861.366699 3122.000000
2862.124756 3160.000000
2862.882813 3151.000000
2863.640625 3188.000000
2864.397461 3342.000000
2865.154297 3130.000000
2865.910156 3209.000000
2866.665771 3067.000000
2867.421143 3189.000000
2868.175781 3177.000000
2868.930908 3240.000000
2869.684326 3283.000000
2870.437988 3299.000000
2871.190674 3251.000000
2871.943359 3195.000000
2872.695068 3108.000000
2873.446777 3263.000000
2874.197510 3234.000000
2874.948242 3336.000000
2875.698242 3278.000000
2876.447998 3257.000000
2877.197021 3351.000000
2877.946533 3361.000000
2878.694580 3605.000000
2879.442627 3466.000000
2880.189453 3431.000000
2880.936768 3331.000000
2881.683105 3623.000000
2882.428955 3375.000000
2883.174316 3145.000000
2883.919678 3159.000000
2884.664063 3244.000000
2885.408203 3320.000000
2886.152588 3446.000000
2886.895752 3375.000000
2887.638672 3342.000000
2888.380859 3213.000000
2889.122559 3274.000000
2889.864014 3385.000000
2890.604980 3222.000000
2891.345459 3240.000000
2892.085449 3162.000000
2892.824951 3294.000000
2893.564453 3406.000000
2894.302979 3206.000000
2895.041748 3361.000000
2895.779541 3169.000000
2896.516846 3213.000000
2897.253662 3190.000000
2897.990234 3205.000000
2898.726074 3130.000000
2899.461914 3183.000000
2900.196777 3158.000000
2900.931396 3109.000000
2901.665527 3322.000000
2902.399658 3261.000000
2903.132813 3215.000000
2903.865967 3176.000000
2904.598633 3255.000000
2905.330566 3272.000000
2906.062012 3304.000000
2906.792969 3304.000000
