scanname Scan009
timestamp 2024-03-06 17:47:32
ccdbias 990.967285
ccdgain 4.313516
sigmaread 9.885917
laserwavenum -0.039825
wavenumcorrection -0.892949
scancount 3
totalexposurems 3953
singleexposurems 1939
measurementstate Unknown
scanmode Auto
snr 92.812256 24.598404 7.100382
replacelist 0
peaks 6
238.733017 0.685455 0.000000 11.576475 0.000575
377.620209 0.142874 0.000000 0.417890 0.000033
860.069702 0.135037 0.000000 0.239014 0.000020
972.378967 0.133578 0.000000 0.175503 0.000028
1096.277710 0.144412 0.000000 0.369676 0.000097
1116.996582 0.141587 0.000000 0.163479 0.000018
finalresult GLS_Single 1
UA2ECI	benfentmags-5	4.096206e-001
spectrum 2048
-92.782677 135.063263
-90.178528 135.742050
-87.576149 138.282806
-84.975517 135.497116
-82.376640 136.713669
-79.779510 126.459625
-77.184143 120.725090
-74.590523 119.303528
-71.998642 114.663719
-69.408516 106.772980
-66.820129 101.749321
-64.233498 96.447128
-61.648602 89.395271
-59.065445 83.037529
-56.484032 76.582298
-53.904350 70.165268
-51.326408 63.147774
-48.750202 58.187675
-46.175728 52.093246
-43.602982 45.997597
-41.031975 40.424572
-38.462688 36.491741
-35.895134 30.669653
-33.329300 0.565517
-30.765198 0.367878
-28.202812 0.327690
-25.642157 0.307088
-23.083221 0.289652
-20.525995 0.275086
-17.970488 0.271319
-15.416703 0.267346
-12.864633 0.267371
-10.314268 0.275771
-7.765615 0.335455
-5.218679 0.358592
-2.673453 0.373816
-0.129926 0.380038
2.411896 0.383457
4.952006 0.384825
7.490413 0.344571
10.027126 0.605052
12.562140 1.278640
15.095448 1.774328
17.627058 1.815763
20.156979 1.842140
22.685207 1.851970
25.211737 1.844445
27.736570 1.781881
30.259727 1.872736
32.781197 1.794727
35.300976 1.784718
37.819054 1.834975
40.335461 1.742687
42.850185 1.743116
45.363216 1.693019
47.874580 1.626200
50.384270 1.656240
52.892277 1.666337
55.398613 1.610461
57.903255 1.545207
60.406246 1.542517
62.907562 1.538691
65.407196 1.359820
67.905174 1.405857
70.401482 1.351011
72.896133 1.317897
75.389107 1.426492
77.880409 1.254947
80.370064 1.270660
82.858070 1.270692
85.344383 1.373574
87.829063 1.204105
90.312088 1.127798
92.793457 1.168167
95.273163 1.084453
97.751221 1.043626
100.227631 1.185716
102.702408 1.083122
105.175499 0.921766
107.646965 1.253863
110.116791 1.100971
112.584969 1.109162
115.051521 1.005005
117.516403 0.894867
119.979660 0.881114
122.441284 0.768470
124.901268 0.789342
127.359612 0.781900
129.816315 0.743726
132.271408 0.674686
134.724854 0.696010
137.176666 0.725867
139.626862 0.613576
142.075424 0.581045
144.522369 0.521470
146.967682 0.500973
149.411392 0.452032
151.853455 0.478424
154.293900 0.413827
156.732727 0.426850
159.169968 0.404471
161.605545 0.404550
164.039520 0.376075
166.471909 0.372967
168.902664 0.354970
171.331802 0.336491
173.759354 0.324020
176.185287 0.313617
178.609589 0.306701
181.032318 0.300728
183.453445 0.297914
185.872955 0.300288
188.290878 0.298744
190.707184 0.304411
193.121902 0.315947
195.535019 0.319871
197.946548 0.324591
200.356476 0.332841
202.764801 0.347577
205.171555 0.357716
207.576691 0.370703
209.980240 0.383670
212.382233 0.402008
214.782608 0.416300
217.181396 0.432963
219.578659 0.452337
221.974258 0.472520
224.368347 0.493404
226.760803 0.518944
229.151688 0.548678
231.541031 0.579507
233.928772 0.609139
236.314941 0.644171
238.699524 0.667610
241.082550 0.685585
243.464035 0.683952
245.843903 0.670070
248.222198 0.645567
250.598969 0.606937
252.974136 0.558461
255.347748 0.510560
257.719818 0.462381
260.090332 0.421102
262.459259 0.380372
264.826630 0.349107
267.192444 0.320960
269.556732 0.297227
271.919434 0.276260
274.280579 0.260802
276.640198 0.247174
278.998230 0.234107
281.354736 0.224321
283.709656 0.215698
286.063049 0.206468
288.414978 0.198435
290.765259 0.193802
293.113983 0.188588
295.461273 0.183267
297.806946 0.176771
300.151123 0.174105
302.493683 0.170955
304.834778 0.168588
307.174316 0.165678
309.512329 0.161979
311.848816 0.151742
314.183746 0.159203
316.517151 0.157708
318.849030 0.155226
321.179382 0.155730
323.508179 0.153884
325.835480 0.152078
328.161255 0.152790
330.485504 0.153977
332.808258 0.150881
335.129486 0.149759
337.449158 0.150839
339.767303 0.151076
342.083954 0.146741
344.399078 0.146283
346.712708 0.147781
349.024872 0.145968
351.335449 0.144586
353.644531 0.145357
355.952118 0.143927
358.258179 0.142878
360.562744 0.142925
362.865845 0.141610
365.167328 0.143175
367.467407 0.141586
369.765961 0.141956
372.062988 0.140263
374.358612 0.142521
376.652618 0.142645
378.945190 0.143446
381.236267 0.143537
383.525818 0.139895
385.813904 0.141906
388.100433 0.138983
390.385590 0.137518
392.669189 0.135425
394.951294 0.136145
397.231873 0.136181
399.511047 0.135051
401.788727 0.136765
404.064911 0.133918
406.339600 0.133916
408.612823 0.133736
410.884521 0.135096
413.154755 0.137236
415.423584 0.134510
417.690826 0.134680
419.956665 0.134343
422.221069 0.131842
424.483887 0.132557
426.745331 0.132348
429.005249 0.132841
431.263702 0.134698
433.520752 0.133682
435.776276 0.134835
438.030396 0.136601
440.282959 0.134274
442.534119 0.133386
444.783844 0.132553
447.032013 0.132085
449.278778 0.132860
451.524109 0.132484
453.767914 0.133811
456.010345 0.132854
458.251282 0.133239
460.490723 0.132183
462.728760 0.130306
464.965393 0.130926
467.200562 0.131610
469.434174 0.129112
471.666473 0.127604
473.897247 0.128637
476.126526 0.128395
478.354523 0.128761
480.580963 0.128573
482.805939 0.130389
485.029633 0.128839
487.251709 0.127907
489.472351 0.128601
491.691711 0.125680
493.909515 0.128427
496.125885 0.128032
498.340942 0.127404
500.554443 0.127901
502.766479 0.125447
504.977234 0.127989
507.186432 0.128616
509.394348 0.127422
511.600677 0.128169
513.805603 0.127414
516.009277 0.129892
518.211365 0.127488
520.411987 0.127230
522.611389 0.127236
524.809204 0.127691
527.005554 0.127335
529.200684 0.127305
531.394287 0.124498
533.586365 0.125817
535.777222 0.124658
537.966614 0.125979
540.154480 0.125684
542.341187 0.128063
544.526245 0.125542
546.709900 0.125477
548.892395 0.125405
551.073303 0.125074
553.252747 0.124973
555.430908 0.124285
557.607605 0.127156
559.782837 0.128190
561.956848 0.125107
564.129395 0.128540
566.300415 0.124654
568.470276 0.125524
570.638550 0.126324
572.805420 0.126109
574.971008 0.126376
577.135132 0.125515
579.298035 0.124603
581.459351 0.126208
583.619324 0.124923
585.777954 0.124272
587.935120 0.126561
590.090881 0.125696
592.245422 0.124274
594.398376 0.125055
596.550049 0.125106
598.700439 0.124589
600.849304 0.125756
602.996826 0.123351
605.143005 0.124849
607.287781 0.124875
609.431152 0.125287
611.573364 0.125267
613.713867 0.125534
615.853088 0.126082
617.991150 0.125009
620.127686 0.126039
622.262817 0.123989
624.396667 0.125095
626.529114 0.124627
628.660217 0.122748
630.789978 0.125526
632.918274 0.124812
635.045227 0.124345
637.170959 0.124296
639.295166 0.124533
641.418091 0.123362
643.539734 0.125433
645.659851 0.125819
647.778809 0.127051
649.896240 0.126054
652.012451 0.126241
654.127258 0.125497
656.240662 0.126091
658.352661 0.125744
660.463562 0.126949
662.572876 0.126430
664.680969 0.126724
666.787659 0.127328
668.893005 0.125224
670.996948 0.125375
673.099731 0.126574
675.200989 0.125514
677.301025 0.127408
679.399719 0.125394
681.496948 0.125925
683.592896 0.125627
685.687683 0.127966
687.780945 0.124739
689.872864 0.126504
691.963562 0.125600
694.052856 0.124847
696.140747 0.127051
698.227478 0.126830
700.312866 0.125911
702.396729 0.127450
704.479492 0.125196
706.560913 0.124916
708.640808 0.123978
710.719604 0.126612
712.796875 0.125380
714.873108 0.125995
716.947815 0.125118
719.021179 0.127620
721.093323 0.127225
723.164124 0.127565
725.233521 0.126614
727.301758 0.126071
729.368530 0.127182
731.434082 0.127539
733.498291 0.125759
735.561218 0.125015
737.622742 0.127244
739.683167 0.127738
741.742065 0.129272
743.799683 0.125346
745.856140 0.127247
747.911194 0.128743
749.964905 0.127457
752.017456 0.128921
754.068604 0.126180
756.118347 0.128230
758.167053 0.129425
760.214233 0.125168
762.260132 0.125210
764.304932 0.126498
766.348267 0.128246
768.390320 0.127145
770.431152 0.128853
772.470581 0.127165
774.508789 0.126745
776.545776 0.126231
778.581421 0.128621
780.615784 0.126484
782.648804 0.127946
784.680603 0.129207
786.711121 0.127479
788.740234 0.127526
790.768127 0.129222
792.794861 0.128190
794.820129 0.127784
796.844238 0.129046
798.867065 0.130163
800.888489 0.130372
802.908752 0.129011
804.927795 0.131689
806.945496 0.129585
808.961792 0.131115
810.976868 0.128713
812.990845 0.128819
815.003479 0.131114
817.014709 0.130228
819.024902 0.129539
821.033691 0.130951
823.041260 0.130394
825.047485 0.129516
827.052429 0.130260
829.056274 0.131313
831.058716 0.130693
833.059875 0.130484
835.059875 0.130012
837.058533 0.132477
839.055969 0.132941
841.052246 0.131664
843.047058 0.133093
845.040649 0.133291
847.033203 0.133113
849.024292 0.131184
851.014160 0.132725
853.002869 0.135349
854.990234 0.135914
856.976257 0.135201
858.961304 0.136914
860.944885 0.135252
862.927307 0.132450
864.908508 0.133797
866.888428 0.133542
868.866943 0.134329
870.844543 0.131600
872.820679 0.131577
874.795532 0.131843
876.769409 0.129761
878.741821 0.130966
880.712952 0.130998
882.683044 0.131651
884.651733 0.131006
886.619202 0.130175
888.585571 0.130959
890.550537 0.131178
892.514465 0.131272
894.477051 0.131301
896.438354 0.131364
898.398560 0.131558
900.357422 0.131863
902.315063 0.132652
904.271545 0.131143
906.226685 0.130778
908.180603 0.129766
910.133484 0.131246
912.085022 0.130971
914.035278 0.132346
915.984375 0.130657
917.932312 0.130899
919.878906 0.131670
921.824463 0.131677
923.768616 0.132386
925.711548 0.132557
927.653442 0.131952
929.593994 0.132097
931.533325 0.131173
933.471497 0.129488
935.408447 0.130437
937.344177 0.129281
939.278687 0.132390
941.211975 0.130882
943.144043 0.129389
945.074951 0.129929
947.004639 0.127208
948.933289 0.131102
950.860474 0.129658
952.786499 0.129623
954.711487 0.132744
956.635132 0.130202
958.557495 0.131021
960.478821 0.129712
962.398865 0.130656
964.317688 0.129057
966.235474 0.130550
968.151917 0.141102
970.067078 0.134395
971.981262 0.131566
973.894165 0.129793
975.805847 0.135017
977.716431 0.132628
979.625671 0.130825
981.533752 0.130421
983.440796 0.131844
985.346497 0.130339
987.251038 0.131323
989.154541 0.130175
991.056641 0.132909
992.957581 0.129603
994.857544 0.131105
996.756104 0.130691
998.653564 0.131384
1000.549927 0.135093
1002.445007 0.132310
1004.338928 0.132842
1006.231812 0.132400
1008.123230 0.132529
1010.013611 0.134345
1011.902832 0.132259
1013.790894 0.131472
1015.677795 0.131936
1017.563538 0.131832
1019.447998 0.130205
1021.331421 0.133358
1023.213623 0.133880
1025.094482 0.134859
1026.974365 0.134844
1028.853149 0.136166
1030.730591 0.134949
1032.607056 0.135166
1034.482178 0.135107
1036.356079 0.135475
1038.229126 0.133933
1040.100708 0.137694
1041.971313 0.135578
1043.840698 0.137557
1045.708862 0.137226
1047.575806 0.136427
1049.441772 0.134958
1051.306519 0.136338
1053.170044 0.137859
1055.032471 0.136210
1056.893921 0.136619
1058.753906 0.133919
1060.613037 0.138503
1062.470581 0.135690
1064.327393 0.137783
1066.182861 0.136752
1068.037231 0.135874
1069.890625 0.134273
1071.742676 0.134740
1073.593506 0.134638
1075.443359 0.138370
1077.291992 0.137192
1079.139404 0.138308
1080.985718 0.135898
1082.831055 0.136056
1084.675049 0.136359
1086.518066 0.138445
1088.359741 0.138922
1090.200439 0.141130
1092.039917 0.140826
1093.878296 0.143871
1095.715576 0.143642
1097.551636 0.147907
1099.386597 0.141054
1101.220337 0.142863
1103.053223 0.139545
1104.884644 0.140706
1106.715088 0.138976
1108.544556 0.140546
1110.372559 0.141160
1112.199585 0.141908
1114.025635 0.140794
1115.850220 0.140678
1117.674072 0.139671
1119.496704 0.142490
1121.317993 0.141062
1123.138184 0.141379
1124.957642 0.142348
1126.775513 0.140519
1128.592407 0.138156
1130.408203 0.137518
1132.223022 0.137883
1134.036621 0.135882
1135.848999 0.136486
1137.660278 0.133454
1139.470581 0.133534
1141.279663 0.135434
1143.087646 0.136510
1144.894531 0.138452
1146.700195 0.135932
1148.504883 0.136849
1150.308472 0.135024
1152.110840 0.136514
1153.912231 0.134991
1155.712402 0.135465
1157.511597 0.133713
1159.309570 0.135488
1161.106445 0.132427
1162.902100 0.134610
1164.696899 0.133916
1166.490479 0.134618
1168.282837 0.134854
1170.074219 0.137192
1171.864624 0.135694
1173.653687 0.136757
1175.441772 0.134651
1177.228760 0.134870
1179.014526 0.134896
1180.799316 0.136179
1182.583008 0.135427
1184.365601 0.134926
1186.147217 0.132987
1187.927612 0.133743
1189.706787 0.134196
1191.485107 0.137445
1193.262329 0.132914
1195.038086 0.134655
1196.813232 0.135437
1198.586914 0.135846
1200.359741 0.136818
1202.131470 0.136623
1203.901978 0.135188
1205.671509 0.135108
1207.439941 0.136697
1209.207153 0.134690
1210.973389 0.136646
1212.738647 0.135253
1214.502686 0.136818
1216.265625 0.137492
1218.027466 0.135682
1219.788208 0.136748
1221.548096 0.136792
1223.306763 0.138209
1225.064331 0.136200
1226.820923 0.137912
1228.576294 0.136037
1230.330688 0.136862
1232.083984 0.139882
1233.836304 0.138109
1235.587280 0.138071
1237.337402 0.138480
1239.086426 0.141254
1240.834473 0.137744
1242.581177 0.138965
1244.327026 0.136565
1246.071777 0.139758
1247.815430 0.137973
1249.557983 0.137400
1251.299438 0.136955
1253.040039 0.136259
1254.779419 0.137729
1256.517700 0.139812
1258.255127 0.138555
1259.991089 0.139702
1261.726196 0.136644
1263.460327 0.140761
1265.193359 0.139672
1266.925415 0.138154
1268.656372 0.136512
1270.386230 0.138408
1272.114868 0.136597
1273.842773 0.140190
1275.569336 0.139889
1277.294800 0.138240
1279.019531 0.139990
1280.743042 0.139316
1282.465576 0.139771
1284.186890 0.138882
1285.907227 0.140378
1287.626587 0.140794
1289.344971 0.139868
1291.062134 0.140532
1292.778198 0.141517
1294.493408 0.143380
1296.207642 0.140196
1297.920654 0.142485
1299.632446 0.139950
1301.343262 0.138363
1303.053345 0.139728
1304.762207 0.139882
1306.469849 0.140278
1308.176758 0.140815
1309.882324 0.141860
1311.587158 0.140366
1313.290771 0.140226
1314.993530 0.142689
1316.694946 0.140193
1318.395630 0.142267
1320.095093 0.142524
1321.793457 0.144518
1323.490967 0.141912
1325.187256 0.144115
1326.882690 0.140432
1328.577026 0.139857
1330.270386 0.142607
1331.962646 0.142885
1333.653931 0.143279
1335.343994 0.143060
1337.033081 0.144464
1338.721436 0.146368
1340.408569 0.141445
1342.094482 0.142156
1343.779663 0.142781
1345.463745 0.143162
1347.146729 0.144588
1348.828735 0.144738
1350.509644 0.143820
1352.189575 0.144971
1353.868652 0.141796
1355.546509 0.141452
1357.223389 0.141332
1358.899292 0.144948
1360.574097 0.143567
1362.248047 0.143731
1363.920898 0.142947
1365.592529 0.143390
1367.263550 0.144607
1368.933105 0.145001
1370.601929 0.144575
1372.269653 0.142853
1373.936401 0.145915
1375.602173 0.145651
1377.266846 0.145650
1378.930420 0.146911
1380.593262 0.147966
1382.254883 0.147057
1383.915527 0.144804
1385.575073 0.141975
1387.233887 0.146447
1388.891479 0.148295
1390.548096 0.144101
1392.203857 0.142254
1393.858398 0.146029
1395.511963 0.142712
1397.164673 0.143655
1398.816162 0.144196
1400.466797 0.143967
1402.116455 0.144098
1403.765015 0.145170
1405.412720 0.144699
1407.059448 0.144035
1408.704956 0.141086
1410.349609 0.145490
1411.993286 0.142372
1413.635864 0.142408
1415.277466 0.139192
1416.918091 0.139438
1418.557861 0.140967
1420.196533 0.145155
1421.833984 0.142686
1423.470825 0.141492
1425.106323 0.141374
1426.740967 0.142684
1428.374756 0.138161
1430.007446 0.140988
1431.639282 0.141623
1433.269775 0.142355
1434.899780 0.142786
1436.528442 0.138805
1438.156128 0.141910
1439.782959 0.141112
1441.408691 0.145627
1443.033447 0.140838
1444.657349 0.141442
1446.280273 0.142140
1447.901978 0.141195
1449.522949 0.142592
1451.142944 0.144040
1452.761719 0.142620
1454.379761 0.144720
1455.996704 0.143097
1457.612671 0.146467
1459.227783 0.145714
1460.841553 0.144280
1462.454712 0.148036
1464.066895 0.146269
1465.677979 0.146343
1467.288208 0.144845
1468.897217 0.146402
1470.505371 0.145581
1472.112671 0.148029
1473.718872 0.143742
1475.324097 0.147103
1476.928345 0.142880
1478.531738 0.145417
1480.134033 0.143972
1481.735474 0.141182
1483.336060 0.143442
1484.935425 0.141398
1486.533936 0.141314
1488.131348 0.138350
1489.727905 0.138420
1491.323608 0.140969
1492.918213 0.140091
1494.511719 0.137205
1496.104492 0.139227
1497.696411 0.138750
1499.286865 0.137272
1500.877075 0.138880
1502.465698 0.137626
1504.053711 0.135934
1505.640747 0.139050
1507.226563 0.138194
1508.811768 0.140190
1510.395874 0.138263
1511.979004 0.135313
1513.560913 0.137697
1515.142212 0.137693
1516.722656 0.137024
1518.302002 0.136125
1519.880249 0.137500
1521.457642 0.138019
1523.033813 0.136142
1524.609497 0.138510
1526.184204 0.137932
1527.757690 0.137614
1529.330444 0.139118
1530.901978 0.138007
1532.472534 0.137697
1534.042725 0.138376
1535.611572 0.136550
1537.179199 0.135924
1538.746216 0.137389
1540.312378 0.134899
1541.877319 0.142031
1543.441650 0.134960
1545.004761 0.139867
1546.567017 0.138319
1548.128296 0.135377
1549.688599 0.135718
1551.248047 0.137102
1552.806641 0.135801
1554.364136 0.135779
1555.920776 0.136390
1557.476318 0.134846
1559.031006 0.136562
1560.584961 0.137311
1562.137939 0.134044
1563.689819 0.135146
1565.240723 0.140045
1566.790649 0.134094
1568.339844 0.136886
1569.888184 0.138014
1571.435669 0.138500
1572.981934 0.139323
1574.527222 0.137586
1576.071899 0.138135
1577.615112 0.137268
1579.157715 0.138698
1580.699707 0.140454
1582.240112 0.138375
1583.780151 0.137879
1585.318848 0.138344
1586.856812 0.136204
1588.394165 0.138415
1589.930298 0.138028
1591.465454 0.136911
1592.999634 0.136910
1594.532837 0.137257
1596.065430 0.135255
1597.596924 0.136806
1599.127686 0.138430
1600.657104 0.137872
1602.185913 0.138941
1603.713745 0.138133
1605.240601 0.135367
1606.766724 0.137008
1608.291748 0.136818
1609.815918 0.134671
1611.339111 0.134983
1612.861450 0.134711
1614.382813 0.132378
1615.903442 0.135410
1617.423096 0.132109
1618.941528 0.134200
1620.459351 0.135162
1621.976074 0.132281
1623.491943 0.133971
1625.007202 0.134509
1626.521362 0.132974
1628.034302 0.136952
1629.546875 0.135341
1631.057983 0.134320
1632.568604 0.133507
1634.078247 0.131135
1635.586914 0.133615
1637.094482 0.133144
1638.601440 0.133750
1640.107178 0.132411
1641.612549 0.132610
1643.116577 0.132300
1644.619751 0.134430
1646.122192 0.132089
1647.623535 0.129605
1649.123901 0.132115
1650.623779 0.132982
1652.122314 0.133021
1653.620117 0.129922
1655.117065 0.134162
1656.612915 0.134960
1658.108032 0.132520
1659.602417 0.131186
1661.095703 0.131628
1662.588257 0.128881
1664.079712 0.131137
1665.570190 0.130705
1667.060059 0.131767
1668.549072 0.132516
1670.036865 0.132067
1671.523926 0.131816
1673.010132 0.129802
1674.495239 0.131927
1675.979736 0.132480
1677.463379 0.132448
1678.945923 0.131474
1680.427612 0.130105
1681.908447 0.129981
1683.388184 0.126662
1684.867554 0.130298
1686.345703 0.126343
1687.822998 0.131573
1689.299194 0.130547
1690.774780 0.127054
1692.249268 0.131426
1693.723145 0.130224
1695.195923 0.131023
1696.667969 0.131784
1698.138916 0.128080
1699.609131 0.128291
1701.078369 0.130706
1702.546997 0.130543
1704.014404 0.130765
1705.481079 0.128497
1706.946899 0.128020
1708.411743 0.129622
1709.875732 0.129349
1711.339233 0.125672
1712.801392 0.128463
1714.262573 0.127506
1715.723267 0.126890
1717.182861 0.128816
1718.641479 0.127069
1720.099609 0.127591
1721.556641 0.126797
1723.012695 0.128635
1724.468018 0.130992
1725.922241 0.131689
1727.376099 0.129794
1728.828735 0.128670
1730.280396 0.126876
1731.731079 0.128680
1733.181274 0.129392
1734.630371 0.129243
1736.078979 0.127925
1737.526367 0.125537
1738.972900 0.125822
1740.418457 0.128611
1741.863403 0.125095
1743.307251 0.127255
1744.750610 0.128827
1746.192749 0.128825
1747.634033 0.127669
1749.074585 0.128243
1750.514160 0.128835
1751.953003 0.126379
1753.391113 0.127295
1754.828003 0.126870
1756.264282 0.126704
1757.699707 0.127119
1759.134033 0.127870
1760.567505 0.127356
1762.000488 0.126571
1763.432373 0.127094
1764.863403 0.124762
1766.293457 0.128837
1767.722778 0.128212
1769.151245 0.127054
1770.578979 0.131663
1772.005859 0.126670
1773.431641 0.124876
1774.856567 0.128959
1776.280640 0.125860
1777.704346 0.126617
1779.126831 0.127266
1780.548340 0.123526
1781.969116 0.130140
1783.388916 0.128580
1784.807983 0.124611
1786.226440 0.128416
1787.643921 0.126712
1789.060181 0.124969
1790.475952 0.126041
1791.890869 0.124945
1793.304565 0.128845
1794.718018 0.128069
1796.130371 0.127787
1797.541870 0.128004
1798.952148 0.126957
1800.361938 0.124869
1801.770752 0.129062
1803.179077 0.127604
1804.586182 0.127037
1805.992798 0.125315
1807.398193 0.126534
1808.802856 0.125482
1810.206543 0.129377
1811.609863 0.126861
1813.011841 0.125172
1814.413208 0.129218
1815.813599 0.126261
1817.213257 0.126477
1818.611938 0.123365
1820.010254 0.124857
1821.407349 0.124973
1822.803589 0.125969
1824.199097 0.125861
1825.593506 0.126158
1826.987549 0.125512
1828.380615 0.124201
1829.772583 0.125895
1831.163818 0.129749
1832.554321 0.126382
1833.943848 0.125876
1835.332886 0.127081
1836.720703 0.126189
1838.107910 0.126504
1839.494019 0.124250
1840.879639 0.125834
1842.264038 0.125476
1843.647949 0.123691
1845.030884 0.125035
1846.413086 0.126883
1847.794434 0.126496
1849.174805 0.125906
1850.554443 0.124353
1851.933472 0.126956
1853.311523 0.124267
1854.688599 0.121716
1856.064941 0.123065
1857.440430 0.126340
1858.814941 0.123909
1860.189209 0.128774
1861.562378 0.123071
1862.934448 0.124383
1864.305786 0.124540
1865.676270 0.124309
1867.046265 0.124021
1868.415161 0.122177
1869.783447 0.127127
1871.150635 0.125745
1872.516968 0.124487
1873.882690 0.125499
1875.247681 0.125007
1876.611694 0.126765
1877.974976 0.126653
1879.337280 0.124184
1880.698730 0.121626
1882.059570 0.124339
1883.419678 0.125199
1884.778809 0.125525
1886.136963 0.123361
1887.494629 0.124352
1888.851196 0.128315
1890.207153 0.125058
1891.562256 0.121963
1892.916626 0.124088
1894.269897 0.123987
1895.622437 0.123579
1896.974243 0.127562
1898.325195 0.123266
1899.675659 0.126212
1901.025146 0.120433
1902.373413 0.125652
1903.721436 0.124052
1905.068359 0.119585
1906.414551 0.121118
1907.760010 0.125516
1909.104614 0.123412
1910.448120 0.125223
1911.791138 0.121246
1913.133179 0.121978
1914.474731 0.124015
1915.815308 0.121062
1917.154907 0.129136
1918.493652 0.125477
1919.831909 0.122384
1921.169189 0.122994
1922.505859 0.125025
1923.841431 0.124489
1925.176392 0.125542
1926.510376 0.122987
1927.843628 0.128304
1929.176025 0.126537
1930.508057 0.117575
1931.838989 0.122255
1933.169067 0.121128
1934.498291 0.125845
1935.826782 0.125429
1937.154419 0.122727
1938.481689 0.123105
1939.807617 0.119838
1941.132935 0.122636
1942.457520 0.125858
1943.781250 0.119969
1945.104126 0.119528
1946.426514 0.119179
1947.747803 0.120889
1949.068359 0.122541
1950.388062 0.124577
1951.706909 0.126368
1953.025391 0.120782
1954.342773 0.123000
1955.659302 0.121640
1956.975220 0.123687
1958.290039 0.120284
1959.604370 0.121691
1960.917847 0.122031
1962.230591 0.124297
1963.542358 0.120466
1964.853516 0.122355
1966.163696 0.123207
1967.473267 0.122041
1968.782227 0.118734
1970.090088 0.121098
1971.397217 0.120891
1972.703491 0.125315
1974.009033 0.118583
1975.313965 0.126598
1976.617920 0.126761
1977.921387 0.122627
1979.223755 0.126414
1980.525513 0.121227
1981.826294 0.118138
1983.126343 0.118611
1984.425781 0.124305
1985.724365 0.124952
1987.022095 0.118971
1988.318970 0.121246
1989.615234 0.119642
1990.910645 0.115986
1992.205322 0.118399
1993.499512 0.120325
1994.792358 0.117850
1996.084839 0.121037
1997.376221 0.120818
1998.667358 0.121307
1999.957275 0.121958
2001.246338 0.121366
2002.534668 0.120203
2003.822510 0.117847
2005.109253 0.118688
2006.395630 0.120760
2007.680908 0.119015
2008.965454 0.116896
2010.249268 0.121808
2011.532349 0.117245
2012.814575 0.113186
2014.096191 0.120874
2015.377075 0.117815
2016.656982 0.124230
2017.936035 0.121108
2019.214600 0.118649
2020.491943 0.118980
2021.769287 0.116439
2023.045044 0.123410
2024.320679 0.119943
2025.594971 0.121457
2026.868896 0.120360
2028.142090 0.116100
2029.414551 0.121257
2030.685913 0.123417
2031.956665 0.117602
2033.226440 0.126097
2034.495728 0.117322
2035.764526 0.120695
2037.032104 0.120446
2038.299194 0.122912
2039.565186 0.119387
2040.830566 0.122995
2042.095215 0.120645
2043.359375 0.121385
2044.622559 0.116747
2045.884888 0.118338
2047.146362 0.117836
2048.407227 0.119754
2049.667236 0.116690
2050.927002 0.124954
2052.185791 0.118789
2053.443359 0.119270
2054.700439 0.118304
2055.956787 0.113397
2057.212158 0.114242
2058.467041 0.120784
2059.721191 0.123522
2060.974365 0.115226
2062.226807 0.121317
2063.478516 0.120451
2064.729736 0.118242
2065.980225 0.115308
2067.229736 0.116295
2068.478516 0.114995
2069.726318 0.120404
2070.973877 0.120277
2072.220215 0.119009
2073.466064 0.116682
2074.710938 0.113039
2075.955322 0.117211
2077.198730 0.116240
2078.441650 0.119204
2079.683838 0.121115
2080.925049 0.114331
2082.165527 0.114240
2083.405273 0.119702
2084.644287 0.115827
2085.882568 0.118030
2087.120361 0.115663
2088.357178 0.121299
2089.593018 0.118408
2090.828369 0.116754
2092.062988 0.116295
2093.296631 0.116348
2094.530029 0.119230
2095.762207 0.117856
2096.993652 0.116842
2098.224365 0.115438
2099.454834 0.116560
2100.683838 0.117583
2101.912598 0.115540
2103.140625 0.123560
2104.367676 0.116325
2105.594238 0.118874
2106.819824 0.117675
2108.044922 0.112446
2109.269043 0.119152
2110.492432 0.114656
2111.715088 0.119824
2112.937012 0.118723
2114.158203 0.119382
2115.379150 0.121728
2116.598877 0.113489
2117.817383 0.118634
2119.035645 0.115850
2120.253418 0.116920
2121.469971 0.122462
2122.686523 0.118352
2123.901855 0.117145
2125.116211 0.120039
2126.330078 0.119728
2127.543701 0.122267
2128.755615 0.123250
2129.967529 0.113902
2131.178467 0.118724
2132.388672 0.114082
2133.598145 0.119396
2134.806885 0.117485
2136.014893 0.113928
2137.222656 0.116592
2138.428955 0.116666
2139.635010 0.123354
2140.839844 0.117259
2142.044189 0.115969
2143.247803 0.114841
2144.450684 0.120340
2145.653076 0.119099
2146.854492 0.111433
2148.055176 0.111921
2149.255371 0.115801
2150.454346 0.115018
2151.653320 0.117942
2152.851318 0.119624
2154.048096 0.112574
2155.244629 0.112689
2156.440430 0.113065
2157.635498 0.119146
2158.829590 0.118782
2160.022949 0.117915
2161.215820 0.111763
2162.407959 0.114493
2163.599121 0.116210
2164.790039 0.112405
2165.979980 0.116399
2167.168945 0.118125
2168.357422 0.117098
2169.544922 0.109925
2170.732178 0.117873
2171.918701 0.112900
2173.104492 0.120006
2174.289063 0.116806
2175.473389 0.111427
2176.656494 0.112061
2177.839111 0.116802
2179.021484 0.122851
2180.202881 0.112538
2181.383545 0.114075
2182.563232 0.114242
2183.742188 0.118041
2184.920654 0.110601
2186.098633 0.118890
2187.275879 0.114124
2188.451660 0.113769
2189.627441 0.118903
2190.802246 0.117722
2191.976563 0.116676
2193.149902 0.120841
2194.322510 0.118749
2195.494629 0.108944
2196.665771 0.113414
2197.836670 0.113719
2199.006836 0.116048
2200.175781 0.118713
2201.344238 0.119039
2202.511963 0.121235
2203.678955 0.115571
2204.845459 0.110035
2206.011230 0.114004
2207.176025 0.118031
2208.340332 0.109909
2209.503662 0.113687
2210.666748 0.109504
2211.828613 0.108963
2212.990234 0.114056
2214.150635 0.111636
2215.311035 0.116631
2216.470215 0.122052
2217.628662 0.112886
2218.786621 0.120377
2219.944092 0.112232
2221.100342 0.113812
2222.256104 0.116927
2223.411133 0.119020
2224.565674 0.116262
2225.719238 0.111944
2226.872070 0.107021
2228.024658 0.115879
2229.176270 0.118247
2230.326904 0.118453
2231.477051 0.111751
2232.626709 0.112650
2233.775635 0.114324
2234.923828 0.108624
2236.071045 0.114731
2237.217773 0.117468
2238.363770 0.110461
2239.509033 0.109540
2240.653564 0.115887
2241.797363 0.114486
2242.940674 0.107897
2244.083008 0.113374
2245.224854 0.113387
2246.366211 0.109994
2247.506592 0.110403
2248.646484 0.117296
2249.785400 0.116424
2250.923828 0.109071
2252.061279 0.118939
2253.198486 0.117874
2254.334473 0.105981
2255.470459 0.113991
2256.604980 0.114902
2257.739258 0.110972
2258.872803 0.109944
2260.005615 0.114636
2261.137695 0.115134
2262.269287 0.112406
2263.399902 0.115981
2264.530029 0.111195
2265.659668 0.114966
2266.788330 0.113240
2267.916260 0.116124
2269.043457 0.111563
2270.169922 0.123320
2271.295898 0.111323
2272.421631 0.108123
2273.546143 0.109216
2274.669922 0.116603
2275.792969 0.111784
2276.915527 0.107582
2278.037354 0.110169
2279.158691 0.113157
2280.278809 0.110675
2281.398682 0.118684
2282.517822 0.109515
2283.636230 0.115684
2284.753906 0.108029
2285.871094 0.113124
2286.987549 0.110012
2288.103271 0.113165
2289.218018 0.113477
2290.332520 0.112325
2291.446045 0.115998
2292.559082 0.114580
2293.671387 0.116319
2294.782715 0.112715
2295.893799 0.108492
2297.004150 0.108196
2298.113525 0.111045
2299.222656 0.112267
2300.330811 0.118575
2301.438477 0.115641
2302.545166 0.115431
2303.651367 0.112750
2304.757080 0.124469
2305.861816 0.112062
2306.966064 0.112991
2308.069336 0.113300
2309.172363 0.114576
2310.274414 0.120577
2311.376221 0.110342
2312.477051 0.111048
2313.576904 0.108918
2314.676514 0.113004
2315.775391 0.109875
2316.873047 0.121044
2317.970947 0.104499
2319.067627 0.110558
2320.163574 0.116363
2321.259033 0.116012
2322.353760 0.114253
2323.447754 0.113039
2324.541748 0.115854
2325.634277 0.106265
2326.726074 0.121471
2327.817627 0.109342
2328.908203 0.110361
2329.998291 0.110881
2331.087891 0.108939
2332.176514 0.116366
2333.264648 0.109791
2334.351807 0.113054
2335.438965 0.110738
2336.525146 0.109748
2337.610352 0.109037
2338.695068 0.113107
2339.779297 0.113735
2340.862549 0.108150
2341.945313 0.115158
2343.027100 0.106543
2344.108887 0.112270
2345.189697 0.104143
2346.269775 0.109653
2347.348877 0.113178
2348.427734 0.115390
2349.506104 0.109029
2350.583496 0.116003
2351.660156 0.120979
2352.736328 0.111666
2353.811768 0.108054
2354.886475 0.109989
2355.960938 0.110213
2357.034424 0.112606
2358.107178 0.112316
2359.179199 0.111956
2360.250977 0.113919
2361.321777 0.110166
2362.392090 0.117283
2363.461670 0.115686
2364.530273 0.110597
2365.598633 0.112552
2366.666260 0.110165
2367.733154 0.108480
2368.799316 0.112070
2369.864990 0.103432
2370.929932 0.114012
2371.994385 0.111377
2373.057861 0.109602
2374.121094 0.107873
2375.183594 0.113549
2376.245117 0.113069
2377.306152 0.117054
2378.366455 0.101741
2379.426270 0.108539
2380.485596 0.107931
2381.543945 0.112588
2382.601807 0.100786
2383.658691 0.107664
2384.715332 0.112719
2385.770996 0.099356
2386.826416 0.110567
2387.881104 0.098388
2388.934570 0.114319
2389.987793 0.109784
2391.040527 0.106295
2392.092285 0.113996
2393.143799 0.112822
2394.194336 0.102729
2395.244385 0.106162
2396.293701 0.107237
2397.342529 0.106485
2398.390625 0.108166
2399.437988 0.106771
2400.484863 0.109458
2401.530518 0.117420
2402.576416 0.112444
2403.621094 0.103373
2404.665527 0.113587
2405.709229 0.109324
2406.751953 0.115838
2407.794189 0.111491
2408.835938 0.108853
2409.876709 0.105094
2410.917236 0.110303
2411.957031 0.103879
2412.996094 0.110446
2414.034424 0.107943
2415.072266 0.108958
2416.109375 0.108091
2417.145752 0.110687
2418.181641 0.115565
2419.217041 0.112907
2420.251465 0.105222
2421.285400 0.104861
2422.318604 0.115110
2423.351563 0.107268
2424.383545 0.108532
2425.414795 0.110613
2426.445801 0.106642
2427.475830 0.109613
2428.505127 0.095151
2429.534180 0.114842
2430.562500 0.108282
2431.590088 0.111282
2432.616699 0.104657
2433.643311 0.099650
2434.668701 0.112491
2435.694092 0.116236
2436.718262 0.110195
2437.742188 0.110919
2438.764893 0.110306
2439.787598 0.111497
2440.809814 0.102691
2441.830811 0.104770
2442.851563 0.104887
2443.871338 0.116351
2444.890869 0.112381
2445.909424 0.113053
2446.927979 0.111282
2447.945313 0.103240
2448.962402 0.105361
2449.978271 0.104004
2450.993896 0.110406
2452.008789 0.105063
2453.023438 0.104982
2454.036865 0.104223
2455.049805 0.112753
2456.062256 0.112431
2457.074219 0.109881
2458.085449 0.101371
2459.096191 0.100627
2460.105957 0.108994
2461.115479 0.114324
2462.124023 0.111292
2463.131836 0.109713
2464.139404 0.100772
2465.146484 0.100551
2466.152588 0.112253
2467.157959 0.113546
2468.163086 0.105021
2469.167480 0.105624
2470.171143 0.106807
2471.174316 0.105210
2472.176758 0.105896
2473.178467 0.110288
2474.179688 0.107350
2475.180420 0.111012
2476.180420 0.112865
2477.179688 0.108081
2478.178223 0.110142
2479.176514 0.107426
2480.173828 0.101239
2481.170898 0.106970
2482.167236 0.105026
2483.162598 0.104076
2484.157715 0.104207
2485.152344 0.110645
2486.145996 0.105988
2487.139160 0.109549
2488.131592 0.104168
2489.123779 0.108662
2490.115234 0.103708
2491.105957 0.094900
2492.095947 0.107997
2493.085205 0.103563
2494.074463 0.116153
2495.062256 0.105683
2496.050049 0.113413
2497.037109 0.101373
2498.023682 0.115266
2499.009521 0.112235
2499.994385 0.106228
2500.979492 0.100898
2501.963135 0.105161
2502.946533 0.103027
2503.928955 0.105314
2504.911377 0.107485
2505.892578 0.097488
2506.873535 0.117046
2507.854248 0.098519
2508.833740 0.096946
2509.813232 0.101642
2510.791504 0.112862
2511.769531 0.104318
2512.746582 0.099135
2513.723145 0.107904
2514.699219 0.099292
2515.674316 0.104095
2516.649170 0.094777
2517.623535 0.124640
2518.596924 0.108370
2519.570801 0.097275
2520.542969 0.105656
2521.514648 0.108632
2522.485840 0.099301
2523.456299 0.108955
2524.426270 0.107390
2525.395752 0.113721
2526.364502 0.103412
2527.332764 0.100380
2528.300293 0.106563
2529.266846 0.103233
2530.233887 0.099774
2531.199707 0.108962
2532.164551 0.110542
2533.129150 0.115731
2534.093262 0.112851
2535.056885 0.105755
2536.019287 0.098867
2536.981201 0.103436
2537.942871 0.105317
2538.903320 0.109221
2539.864014 0.111411
2540.823730 0.099893
2541.782959 0.111845
2542.741943 0.109610
2543.699463 0.103040
2544.656982 0.110830
2545.613770 0.117856
2546.569580 0.103886
2547.525391 0.109543
2548.480225 0.113945
2549.434814 0.094010
2550.388672 0.108907
2551.341553 0.107812
2552.294189 0.106547
2553.246582 0.111806
2554.197754 0.090524
2555.148926 0.105329
2556.099121 0.118315
2557.048584 0.121140
2557.997559 0.093960
2558.946045 0.100374
2559.893799 0.105386
2560.841064 0.110043
2561.787598 0.095769
2562.734131 0.094079
2563.679932 0.105995
2564.624756 0.104074
2565.568604 0.109285
2566.512695 0.085403
2567.455811 0.104488
2568.398193 0.105437
2569.339844 0.106125
2570.281494 0.118920
2571.222412 0.104142
2572.162354 0.095725
2573.101807 0.114082
2574.040771 0.098531
2574.979492 0.107472
2575.917480 0.102572
2576.854736 0.102130
2577.791260 0.094943
2578.727295 0.102686
2579.663086 0.107686
2580.597656 0.110292
2581.532227 0.097096
2582.465576 0.111147
2583.398926 0.102526
2584.331543 0.112164
2585.263428 0.106086
2586.195557 0.100480
2587.126221 0.113787
2588.056641 0.098937
2588.985840 0.085478
2589.915283 0.118300
2590.843750 0.115028
2591.771240 0.114334
2592.698730 0.099311
2593.625488 0.096478
2594.551758 0.112091
2595.477051 0.094345
2596.402344 0.092221
2597.327148 0.105436
2598.250732 0.114577
2599.174316 0.097592
2600.096924 0.106146
2601.019043 0.099265
2601.940430 0.107623
2602.861572 0.089042
2603.781738 0.110993
2604.701416 0.111608
2605.620605 0.093863
2606.539307 0.097941
2607.457764 0.099886
2608.375488 0.102873
2609.292236 0.093162
2610.208740 0.111578
2611.124512 0.103708
2612.039551 0.099948
2612.954102 0.105730
2613.868164 0.092944
2614.781738 0.092676
2615.694580 0.101829
2616.606934 0.094115
2617.518555 0.111999
2618.430176 0.104786
2619.341064 0.094567
2620.250977 0.100030
2621.160645 0.110001
2622.069580 0.105412
2622.977539 0.088732
2623.885498 0.112569
2624.792969 0.106136
2625.699219 0.090968
2626.605469 0.106945
2627.511230 0.102030
2628.416016 0.091921
2629.320557 0.104387
2630.224609 0.106057
2631.127441 0.097248
2632.030518 0.091946
2632.932373 0.096985
2633.833740 0.106077
2634.734863 0.103071
2635.635010 0.103967
2636.535156 0.093503
2637.434082 0.088332
2638.333008 0.100630
2639.231689 0.110532
2640.129395 0.097122
2641.026367 0.098399
2641.922607 0.102199
2642.818115 0.115013
2643.713379 0.107251
2644.608643 0.088272
2645.502930 0.105464
2646.396484 0.093243
2647.289307 0.105859
2648.182129 0.097531
2649.073975 0.096966
2649.965820 0.116008
2650.856689 0.112414
2651.747070 0.102545
2652.636963 0.098354
2653.525635 0.111317
2654.414551 0.103231
2655.302490 0.102369
2656.189941 0.106263
2657.077148 0.096851
2657.963135 0.105151
2658.849121 0.105556
2659.734863 0.093946
2660.619385 0.107485
2661.503418 0.103641
2662.387451 0.113696
2663.270264 0.096816
2664.152588 0.107634
2665.034912 0.106550
2665.915771 0.107906
2666.796875 0.094568
2667.677002 0.108231
2668.556885 0.103747
2669.436279 0.096439
2670.314941 0.094435
2671.193115 0.109434
2672.070801 0.102602
2672.947754 0.109841
2673.823975 0.072874
2674.699951 0.107133
2675.575195 0.110699
2676.449951 0.117042
2677.323975 0.095465
2678.197754 0.100279
2679.070801 0.104395
2679.943604 0.098254
2680.815674 0.097850
2681.687256 0.096636
2682.558105 0.099758
2683.428955 0.102635
2684.298584 0.102429
2685.167725 0.101427
2686.036621 0.103143
2686.904785 0.096065
2687.772461 0.112526
2688.639404 0.102603
2689.506104 0.097359
2690.372803 0.094504
2691.238037 0.092969
2692.102539 0.111147
2692.967285 0.104299
2693.830811 0.102760
2694.694336 0.100319
2695.556885 0.106164
2696.418945 0.088901
2697.280762 0.101993
2698.142090 0.105574
2699.002686 0.099176
2699.862549 0.104127
2700.722656 0.090235
2701.581543 0.097383
2702.439697 0.107289
2703.297607 0.100255
2704.155029 0.106498
2705.011963 0.118418
2705.868164 0.090707
2706.723633 0.085953
2707.579102 0.093155
2708.433594 0.099024
2709.288086 0.104287
2710.141846 0.097724
2710.994629 0.095636
2711.847412 0.081595
2712.699463 0.096954
2713.550781 0.115684
2714.401611 0.095796
2715.251953 0.115529
2716.101807 0.097875
2716.950684 0.110762
2717.799805 0.110661
2718.648193 0.092894
2719.495850 0.103971
2720.343750 0.092477
2721.190186 0.095499
2722.036133 0.092727
2722.881592 0.071867
2723.727051 0.104373
2724.571045 0.092863
2725.415527 0.112939
2726.258789 0.088880
2727.101563 0.091756
2727.943848 0.100486
2728.785889 0.102622
2729.626953 0.111211
2730.468506 0.105684
2731.308594 0.101034
2732.148193 0.105529
2732.987793 0.099981
2733.826416 0.090433
2734.664795 0.123586
2735.502441 0.094486
2736.338867 0.111001
2737.175781 0.099886
2738.011963 0.109352
2738.847412 0.103808
2739.683105 0.098149
2740.517334 0.108636
2741.351563 0.101373
2742.184570 0.100030
2743.017578 0.107288
2743.850098 0.086092
2744.681885 0.113237
2745.513428 0.112830
2746.343994 0.087797
2747.174316 0.117659
2748.003906 0.092073
2748.833496 0.086559
2749.662598 0.101789
2750.490967 0.097325
2751.318604 0.093193
2752.145508 0.102079
2752.972412 0.091655
2753.798340 0.092367
2754.624023 0.112502
2755.449219 0.095442
2756.273682 0.105006
2757.097900 0.104930
2757.921387 0.098240
2758.744873 0.103787
2759.567627 0.102028
2760.389404 0.108187
2761.210938 0.096702
2762.031982 0.086308
2762.852295 0.080820
2763.672119 0.084552
2764.491699 0.085735
2765.310791 0.089744
2766.128906 0.120523
2766.946777 0.117504
2767.764160 0.098278
2768.581543 0.073958
2769.398193 0.111246
2770.213867 0.101732
2771.029297 0.098748
2771.843994 0.099400
2772.658203 0.102359
2773.472168 0.108345
2774.285400 0.075325
2775.098145 0.097636
2775.910645 0.105885
2776.722168 0.097001
2777.533203 0.092417
2778.344727 0.083913
2779.154785 0.107457
2779.964600 0.102880
2780.773926 0.110986
2781.582520 0.110354
2782.390869 0.085660
2783.198730 0.090029
2784.005615 0.102360
2784.812256 0.106057
2785.618652 0.103320
2786.424072 0.118132
2787.229736 0.098225
2788.034668 0.093725
2788.838623 0.089303
2789.642334 0.095548
2790.445313 0.105887
2791.248047 0.082717
2792.050049 0.068296
2792.851807 0.080232
2793.652588 0.086980
2794.453613 0.106280
2795.253906 0.094850
2796.053711 0.112345
2796.852783 0.088470
2797.651611 0.095206
2798.449951 0.094640
2799.247803 0.096188
2800.044922 0.082769
2800.841553 0.105375
2801.637695 0.087026
2802.433350 0.073708
2803.228271 0.103859
2804.023193 0.111201
2804.817383 0.079353
2805.611084 0.092776
2806.404785 0.090393
2807.197021 0.086885
2807.989502 0.096633
2808.781006 0.103993
2809.572266 0.087423
2810.363037 0.108473
2811.153076 0.101831
2811.942871 0.098513
2812.731934 0.100901
2813.520752 0.109634
2814.308838 0.106069
2815.097412 0.081530
2815.884521 0.093616
2816.671631 0.084802
2817.457764 0.088725
2818.243652 0.079112
2819.028809 0.114648
2819.813721 0.099268
2820.597656 0.109698
2821.381836 0.092981
2822.165039 0.073207
2822.947998 0.074902
2823.730469 0.105849
2824.512695 0.098140
2825.293945 0.086895
2826.074951 0.080436
2826.855469 0.097615
2827.635254 0.090046
2828.415039 0.093124
2829.193848 0.091740
2829.972168 0.097020
2830.750488 0.087002
2831.527832 0.120250
2832.304932 0.104239
2833.081299 0.113929
2833.857910 0.099972
2834.633301 0.105991
2835.408691 0.101154
2836.182861 0.100739
2836.957275 0.114927
2837.731201 0.107657
2838.503906 0.081168
2839.276855 0.095980
2840.049072 0.084230
2840.820801 0.110459
2841.592285 0.109156
2842.363525 0.079579
2843.133789 0.090943
2843.903564 0.106710
2844.672607 0.083473
2845.441650 0.096675
2846.210205 0.089198
2846.977783 0.093398
2847.745361 0.106475
2848.512695 0.107615
2849.279053 0.094774
2850.044922 0.099192
2850.810303 0.095853
2851.576172 0.101446
2852.340576 0.100694
2853.104980 0.134750
2853.868408 0.091570
2854.631592 0.089826
2855.394531 0.075842
2856.156494 0.094064
2856.918213 0.077817
2857.679932 0.088918
2858.440430 0.107185
2859.201172 0.110513
2859.960938 0.120515
2860.720459 0.090166
2861.479736 0.097633
2862.237793 0.074511
2862.995850 0.123946
2863.753662 0.101405
2864.510498 0.082934
2865.267334 0.102850
2866.023193 0.109542
2866.778809 0.102927
2867.534180 0.123040
2868.288818 0.089902
2869.043945 0.108982
2869.797363 0.116678
2870.551025 0.104645
2871.303711 0.100348
2872.056396 0.111071
2872.808105 0.115406
2873.559814 0.116515
2874.310547 0.084899
2875.061279 0.103606
2875.811279 0.111448
2876.561035 0.132101
2877.310059 0.109124
2878.059570 0.116232
2878.807617 0.089673
2879.555664 0.093879
2880.302490 0.130052
2881.049805 0.107297
2881.796143 0.096195
2882.541992 0.093753
2883.287354 0.117780
2884.032715 0.112873
2884.777100 0.108006
2885.521240 0.130805
2886.265625 0.113260
2887.008789 0.082955
2887.751709 0.084067
2888.493896 0.123759
2889.235596 0.137595
2889.977051 0.105015
2890.718018 0.113330
2891.458496 0.114008
2892.198486 0.124101
2892.937988 0.093172
2893.677490 0.115166
2894.416016 0.115824
2895.154785 0.090963
2895.892578 0.110990
2896.629883 0.101104
2897.366699 0.131419
2898.103271 0.107856
2898.839111 0.124674
2899.574951 0.119050
2900.309814 0.117522
2901.044434 0.115348
2901.778564 0.104553
2902.512695 0.079560
2903.245850 0.116175
2903.979004 0.075743
2904.711670 0.105509
2905.443604 0.075326
2906.175049 0.102158
2906.906006 0.102142
spectrumdark 2048
-92.782677 5906.000000
-90.178528 5906.000000
-87.576149 5826.000000
-84.975517 5819.000000
-82.376640 5779.000000
-79.779510 5987.000000
-77.184143 5691.000000
-74.590523 5750.000000
-71.998642 5250.000000
-69.408516 5654.000000
-66.820129 6386.000000
-64.233498 5635.000000
-61.648602 5805.000000
-59.065445 5570.000000
-56.484032 5876.000000
-53.904350 6090.000000
-51.326408 5856.000000
-48.750202 5611.000000
-46.175728 5645.000000
-43.602982 5930.000000
-41.031975 5982.000000
-38.462688 6038.000000
-35.895134 5739.000000
-33.329300 5960.000000
-30.765198 5490.000000
-28.202812 5888.000000
-25.642157 6195.000000
-23.083221 5789.000000
-20.525995 6322.000000
-17.970488 5813.000000
-15.416703 6263.000000
-12.864633 5828.000000
-10.314268 6068.000000
-7.765615 6016.000000
-5.218679 6043.000000
-2.673453 5607.000000
-0.129926 5678.000000
2.411896 5765.000000
4.952006 6082.000000
7.490413 5699.000000
10.027126 6086.000000
12.562140 5641.000000
15.095448 5831.000000
17.627058 5818.000000
20.156979 5680.000000
22.685207 6362.000000
25.211737 5793.000000
27.736570 5908.000000
30.259727 5691.000000
32.781197 5946.000000
35.300976 6005.000000
37.819054 5745.000000
40.335461 6186.000000
42.850185 5944.000000
45.363216 5973.000000
47.874580 5920.000000
50.384270 5711.000000
52.892277 6310.000000
55.398613 5717.000000
57.903255 5791.000000
60.406246 6402.000000
62.907562 5770.000000
65.407196 6061.000000
67.905174 5455.000000
70.401482 5696.000000
72.896133 6318.000000
75.389107 6261.000000
77.880409 5884.000000
80.370064 5883.000000
82.858070 5794.000000
85.344383 5699.000000
87.829063 6011.000000
90.312088 5565.000000
92.793457 5741.000000
95.273163 5866.000000
97.751221 5743.000000
100.227631 5965.000000
102.702408 5879.000000
105.175499 5786.000000
107.646965 5753.000000
110.116791 6004.000000
112.584969 5892.000000
115.051521 5696.000000
117.516403 5994.000000
119.979660 5848.000000
122.441284 5705.000000
124.901268 5541.000000
127.359612 5608.000000
129.816315 5609.000000
132.271408 6210.000000
134.724854 5607.000000
137.176666 5983.000000
139.626862 5677.000000
142.075424 6035.000000
144.522369 6110.000000
146.967682 5983.000000
149.411392 6271.000000
151.853455 5632.000000
154.293900 6199.000000
156.732727 6258.000000
159.169968 6054.000000
161.605545 5523.000000
164.039520 6136.000000
166.471909 5609.000000
168.902664 6025.000000
171.331802 5957.000000
173.759354 5804.000000
176.185287 5734.000000
178.609589 5864.000000
181.032318 5647.000000
183.453445 6028.000000
185.872955 5818.000000
188.290878 5822.000000
190.707184 6118.000000
193.121902 6229.000000
195.535019 5498.000000
197.946548 5774.000000
200.356476 5829.000000
202.764801 6024.000000
205.171555 6383.000000
207.576691 5879.000000
209.980240 6194.000000
212.382233 6060.000000
214.782608 5605.000000
217.181396 5775.000000
219.578659 5907.000000
221.974258 5707.000000
224.368347 6014.000000
226.760803 5407.000000
229.151688 5967.000000
231.541031 5622.000000
233.928772 5786.000000
236.314941 5902.000000
238.699524 5523.000000
241.082550 5496.000000
243.464035 6355.000000
245.843903 5946.000000
248.222198 5627.000000
250.598969 5488.000000
252.974136 5778.000000
255.347748 5924.000000
257.719818 5633.000000
260.090332 5604.000000
262.459259 6213.000000
264.826630 5643.000000
267.192444 5618.000000
269.556732 5784.000000
271.919434 5850.000000
274.280579 5648.000000
276.640198 5892.000000
278.998230 5672.000000
281.354736 5882.000000
283.709656 5833.000000
286.063049 5902.000000
288.414978 6106.000000
290.765259 5618.000000
293.113983 5957.000000
295.461273 5357.000000
297.806946 5938.000000
300.151123 5810.000000
302.493683 5603.000000
304.834778 5319.000000
307.174316 5528.000000
309.512329 5942.000000
311.848816 11250.000000
314.183746 5983.000000
316.517151 5684.000000
318.849030 6039.000000
321.179382 5837.000000
323.508179 6042.000000
325.835480 5864.000000
328.161255 5894.000000
330.485504 5727.000000
332.808258 5911.000000
335.129486 5761.000000
337.449158 5886.000000
339.767303 6270.000000
342.083954 5709.000000
344.399078 5855.000000
346.712708 6187.000000
349.024872 5594.000000
351.335449 5789.000000
353.644531 6359.000000
355.952118 5903.000000
358.258179 6174.000000
360.562744 5721.000000
362.865845 6097.000000
365.167328 6103.000000
367.467407 5872.000000
369.765961 5894.000000
372.062988 6007.000000
374.358612 5887.000000
376.652618 5528.000000
378.945190 6345.000000
381.236267 5610.000000
383.525818 5561.000000
385.813904 6076.000000
388.100433 6148.000000
390.385590 5587.000000
392.669189 6118.000000
394.951294 5859.000000
397.231873 5726.000000
399.511047 5634.000000
401.788727 5895.000000
404.064911 5792.000000
406.339600 6391.000000
408.612823 5937.000000
410.884521 5606.000000
413.154755 6165.000000
415.423584 6126.000000
417.690826 6094.000000
419.956665 5737.000000
422.221069 6154.000000
424.483887 5727.000000
426.745331 5786.000000
429.005249 5780.000000
431.263702 5507.000000
433.520752 5775.000000
435.776276 5768.000000
438.030396 6214.000000
440.282959 6291.000000
442.534119 6187.000000
444.783844 5623.000000
447.032013 6125.000000
449.278778 5744.000000
451.524109 5771.000000
453.767914 5752.000000
456.010345 5639.000000
458.251282 5815.000000
460.490723 6117.000000
462.728760 6187.000000
464.965393 6205.000000
467.200562 5764.000000
469.434174 6287.000000
471.666473 6132.000000
473.897247 5939.000000
476.126526 5715.000000
478.354523 5797.000000
480.580963 5761.000000
482.805939 5458.000000
485.029633 5736.000000
487.251709 6051.000000
489.472351 6012.000000
491.691711 6037.000000
493.909515 5862.000000
496.125885 5766.000000
498.340942 5943.000000
500.554443 6150.000000
502.766479 5666.000000
504.977234 5910.000000
507.186432 5504.000000
509.394348 6031.000000
511.600677 5600.000000
513.805603 5786.000000
516.009277 5407.000000
518.211365 5634.000000
520.411987 5756.000000
522.611389 6094.000000
524.809204 5784.000000
527.005554 5903.000000
529.200684 5800.000000
531.394287 5774.000000
533.586365 5817.000000
535.777222 5996.000000
537.966614 5723.000000
540.154480 5862.000000
542.341187 5706.000000
544.526245 5936.000000
546.709900 5854.000000
548.892395 5579.000000
551.073303 6153.000000
553.252747 5992.000000
555.430908 5718.000000
557.607605 6090.000000
559.782837 5899.000000
561.956848 5691.000000
564.129395 6108.000000
566.300415 5934.000000
568.470276 5872.000000
570.638550 6066.000000
572.805420 6043.000000
574.971008 5949.000000
577.135132 6125.000000
579.298035 5486.000000
581.459351 5781.000000
583.619324 6312.000000
585.777954 5759.000000
587.935120 5861.000000
590.090881 5605.000000
592.245422 6329.000000
594.398376 5926.000000
596.550049 5860.000000
598.700439 6028.000000
600.849304 5825.000000
602.996826 5966.000000
605.143005 6134.000000
607.287781 5964.000000
609.431152 5777.000000
611.573364 5975.000000
613.713867 5890.000000
615.853088 5959.000000
617.991150 5934.000000
620.127686 5761.000000
622.262817 5518.000000
624.396667 5865.000000
626.529114 5883.000000
628.660217 6274.000000
630.789978 5819.000000
632.918274 6040.000000
635.045227 5816.000000
637.170959 5964.000000
639.295166 5714.000000
641.418091 5356.000000
643.539734 6314.000000
645.659851 6082.000000
647.778809 5743.000000
649.896240 5811.000000
652.012451 5537.000000
654.127258 5719.000000
656.240662 5704.000000
658.352661 6162.000000
660.463562 5614.000000
662.572876 5960.000000
664.680969 5772.000000
666.787659 5773.000000
668.893005 6346.000000
670.996948 5743.000000
673.099731 5757.000000
675.200989 5969.000000
677.301025 5563.000000
679.399719 5977.000000
681.496948 5636.000000
683.592896 5739.000000
685.687683 5768.000000
687.780945 5597.000000
689.872864 5716.000000
691.963562 5401.000000
694.052856 5608.000000
696.140747 5683.000000
698.227478 6052.000000
700.312866 5826.000000
702.396729 6037.000000
704.479492 5746.000000
706.560913 5648.000000
708.640808 5948.000000
710.719604 5773.000000
712.796875 6319.000000
714.873108 6221.000000
716.947815 5546.000000
719.021179 6043.000000
721.093323 5930.000000
723.164124 5652.000000
725.233521 6031.000000
727.301758 5758.000000
729.368530 5880.000000
731.434082 5757.000000
733.498291 5617.000000
735.561218 6188.000000
737.622742 5678.000000
739.683167 6001.000000
741.742065 5559.000000
743.799683 6888.000000
745.856140 5438.000000
747.911194 6389.000000
749.964905 6121.000000
752.017456 8723.000000
754.068604 5685.000000
756.118347 5934.000000
758.167053 5780.000000
760.214233 5924.000000
762.260132 5398.000000
764.304932 5832.000000
766.348267 5548.000000
768.390320 5821.000000
770.431152 5802.000000
772.470581 5819.000000
774.508789 5904.000000
776.545776 6266.000000
778.581421 5580.000000
780.615784 5993.000000
782.648804 5870.000000
784.680603 6186.000000
786.711121 6362.000000
788.740234 5937.000000
790.768127 6092.000000
792.794861 5924.000000
794.820129 5682.000000
796.844238 6163.000000
798.867065 6372.000000
800.888489 5670.000000
802.908752 5821.000000
804.927795 5980.000000
806.945496 5911.000000
808.961792 6126.000000
810.976868 5885.000000
812.990845 6060.000000
815.003479 5613.000000
817.014709 6052.000000
819.024902 6346.000000
821.033691 5764.000000
823.041260 5614.000000
825.047485 5919.000000
827.052429 6161.000000
829.056274 5899.000000
831.058716 5971.000000
833.059875 5610.000000
835.059875 6000.000000
837.058533 6088.000000
839.055969 5928.000000
841.052246 6055.000000
843.047058 5885.000000
845.040649 6451.000000
847.033203 5921.000000
849.024292 7096.000000
851.014160 5952.000000
853.002869 5949.000000
854.990234 5957.000000
856.976257 6116.000000
858.961304 5934.000000
860.944885 5645.000000
862.927307 5939.000000
864.908508 6432.000000
866.888428 5868.000000
868.866943 6202.000000
870.844543 6003.000000
872.820679 5711.000000
874.795532 6030.000000
876.769409 5917.000000
878.741821 6141.000000
880.712952 5620.000000
882.683044 5888.000000
884.651733 6014.000000
886.619202 5553.000000
888.585571 5609.000000
890.550537 6228.000000
892.514465 5909.000000
894.477051 6263.000000
896.438354 5560.000000
898.398560 6084.000000
900.357422 5954.000000
902.315063 5644.000000
904.271545 5888.000000
906.226685 6049.000000
908.180603 6229.000000
910.133484 6000.000000
912.085022 6069.000000
914.035278 5426.000000
915.984375 5737.000000
917.932312 5816.000000
919.878906 5818.000000
921.824463 6039.000000
923.768616 6063.000000
925.711548 5744.000000
927.653442 5815.000000
929.593994 6542.000000
931.533325 5785.000000
933.471497 6104.000000
935.408447 5678.000000
937.344177 5741.000000
939.278687 5853.000000
941.211975 5854.000000
943.144043 5859.000000
945.074951 6076.000000
947.004639 5843.000000
948.933289 5704.000000
950.860474 6137.000000
952.786499 6102.000000
954.711487 5826.000000
956.635132 5699.000000
958.557495 5999.000000
960.478821 5886.000000
962.398865 5676.000000
964.317688 6063.000000
966.235474 5935.000000
968.151917 6079.000000
970.067078 5797.000000
971.981262 5457.000000
973.894165 5676.000000
975.805847 5707.000000
977.716431 5902.000000
979.625671 5900.000000
981.533752 5640.000000
983.440796 5661.000000
985.346497 5836.000000
987.251038 5878.000000
989.154541 5846.000000
991.056641 5830.000000
992.957581 5935.000000
994.857544 5840.000000
996.756104 5797.000000
998.653564 5569.000000
1000.549927 5539.000000
1002.445007 5460.000000
1004.338928 5931.000000
1006.231812 6073.000000
1008.123230 5867.000000
1010.013611 5946.000000
1011.902832 6043.000000
1013.790894 5829.000000
1015.677795 5616.000000
1017.563538 5815.000000
1019.447998 5933.000000
1021.331421 5771.000000
1023.213623 5825.000000
1025.094482 5966.000000
1026.974365 6064.000000
1028.853149 5732.000000
1030.730591 5826.000000
1032.607056 5483.000000
1034.482178 6337.000000
1036.356079 6197.000000
1038.229126 5414.000000
1040.100708 6233.000000
1041.971313 5820.000000
1043.840698 5770.000000
1045.708862 5893.000000
1047.575806 6418.000000
1049.441772 5835.000000
1051.306519 5715.000000
1053.170044 5630.000000
1055.032471 5805.000000
1056.893921 5596.000000
1058.753906 5792.000000
1060.613037 5481.000000
1062.470581 5997.000000
1064.327393 5926.000000
1066.182861 5741.000000
1068.037231 6089.000000
1069.890625 5978.000000
1071.742676 6018.000000
1073.593506 6094.000000
1075.443359 5875.000000
1077.291992 5477.000000
1079.139404 5644.000000
1080.985718 5693.000000
1082.831055 5617.000000
1084.675049 6167.000000
1086.518066 6027.000000
1088.359741 6052.000000
1090.200439 5860.000000
1092.039917 5779.000000
1093.878296 5751.000000
1095.715576 5528.000000
1097.551636 5693.000000
1099.386597 6208.000000
1101.220337 5712.000000
1103.053223 5736.000000
1104.884644 5861.000000
1106.715088 6176.000000
1108.544556 5776.000000
1110.372559 6070.000000
1112.199585 5222.000000
1114.025635 5720.000000
1115.850220 5653.000000
1117.674072 5773.000000
1119.496704 6105.000000
1121.317993 5625.000000
1123.138184 5793.000000
1124.957642 5944.000000
1126.775513 5903.000000
1128.592407 5811.000000
1130.408203 5958.000000
1132.223022 6123.000000
1134.036621 5742.000000
1135.848999 5531.000000
1137.660278 5859.000000
1139.470581 5854.000000
1141.279663 5876.000000
1143.087646 5697.000000
1144.894531 5467.000000
1146.700195 6043.000000
1148.504883 5606.000000
1150.308472 6313.000000
1152.110840 5720.000000
1153.912231 5867.000000
1155.712402 5924.000000
1157.511597 5517.000000
1159.309570 5906.000000
1161.106445 5818.000000
1162.902100 6287.000000
1164.696899 5714.000000
1166.490479 6132.000000
1168.282837 6301.000000
1170.074219 5795.000000
1171.864624 5804.000000
1173.653687 5899.000000
1175.441772 6068.000000
1177.228760 5696.000000
1179.014526 6096.000000
1180.799316 5702.000000
1182.583008 5554.000000
1184.365601 6165.000000
1186.147217 5881.000000
1187.927612 6282.000000
1189.706787 6001.000000
1191.485107 6025.000000
1193.262329 5459.000000
1195.038086 6065.000000
1196.813232 5580.000000
1198.586914 6027.000000
1200.359741 6084.000000
1202.131470 5748.000000
1203.901978 6252.000000
1205.671509 5849.000000
1207.439941 6708.000000
1209.207153 5549.000000
1210.973389 5840.000000
1212.738647 6266.000000
1214.502686 6071.000000
1216.265625 5905.000000
1218.027466 5840.000000
1219.788208 5878.000000
1221.548096 5790.000000
1223.306763 5635.000000
1225.064331 5851.000000
1226.820923 6065.000000
1228.576294 5741.000000
1230.330688 5637.000000
1232.083984 5902.000000
1233.836304 5937.000000
1235.587280 5811.000000
1237.337402 5992.000000
1239.086426 6381.000000
1240.834473 6030.000000
1242.581177 5984.000000
1244.327026 5568.000000
1246.071777 5603.000000
1247.815430 6155.000000
1249.557983 5886.000000
1251.299438 5774.000000
1253.040039 5881.000000
1254.779419 5823.000000
1256.517700 5555.000000
1258.255127 6021.000000
1259.991089 5733.000000
1261.726196 5748.000000
1263.460327 5872.000000
1265.193359 5598.000000
1266.925415 6102.000000
1268.656372 5734.000000
1270.386230 5846.000000
1272.114868 5842.000000
1273.842773 5754.000000
1275.569336 5909.000000
1277.294800 5858.000000
1279.019531 5738.000000
1280.743042 6102.000000
1282.465576 6246.000000
1284.186890 5667.000000
1285.907227 5691.000000
1287.626587 5645.000000
1289.344971 5609.000000
1291.062134 5833.000000
1292.778198 5652.000000
1294.493408 5978.000000
1296.207642 5811.000000
1297.920654 5752.000000
1299.632446 5904.000000
1301.343262 6097.000000
1303.053345 5836.000000
1304.762207 5475.000000
1306.469849 6352.000000
1308.176758 6051.000000
1309.882324 6272.000000
1311.587158 5631.000000
1313.290771 5856.000000
1314.993530 5977.000000
1316.694946 5752.000000
1318.395630 5692.000000
1320.095093 5336.000000
1321.793457 5773.000000
1323.490967 6043.000000
1325.187256 5865.000000
1326.882690 5753.000000
1328.577026 6049.000000
1330.270386 5679.000000
1331.962646 5883.000000
1333.653931 5707.000000
1335.343994 5500.000000
1337.033081 5976.000000
1338.721436 5795.000000
1340.408569 5809.000000
1342.094482 5557.000000
1343.779663 5937.000000
1345.463745 5524.000000
1347.146729 5639.000000
1348.828735 5936.000000
1350.509644 6026.000000
1352.189575 6074.000000
1353.868652 6086.000000
1355.546509 5699.000000
1357.223389 5878.000000
1358.899292 5909.000000
1360.574097 5886.000000
1362.248047 5785.000000
1363.920898 6103.000000
1365.592529 5918.000000
1367.263550 5915.000000
1368.933105 5477.000000
1370.601929 6332.000000
1372.269653 6099.000000
1373.936401 6043.000000
1375.602173 5766.000000
1377.266846 6020.000000
1378.930420 5454.000000
1380.593262 5792.000000
1382.254883 6016.000000
1383.915527 6166.000000
1385.575073 5866.000000
1387.233887 5657.000000
1388.891479 5686.000000
1390.548096 5761.000000
1392.203857 5818.000000
1393.858398 5977.000000
1395.511963 6008.000000
1397.164673 5806.000000
1398.816162 5634.000000
1400.466797 5356.000000
1402.116455 5827.000000
1403.765015 5622.000000
1405.412720 5742.000000
1407.059448 6590.000000
1408.704956 6270.000000
1410.349609 6172.000000
1411.993286 6143.000000
1413.635864 5784.000000
1415.277466 5638.000000
1416.918091 6604.000000
1418.557861 5769.000000
1420.196533 6107.000000
1421.833984 5485.000000
1423.470825 5828.000000
1425.106323 5778.000000
1426.740967 5812.000000
1428.374756 5676.000000
1430.007446 5547.000000
1431.639282 5670.000000
1433.269775 5803.000000
1434.899780 5797.000000
1436.528442 6103.000000
1438.156128 6208.000000
1439.782959 6182.000000
1441.408691 5718.000000
1443.033447 5952.000000
1444.657349 5639.000000
1446.280273 5949.000000
1447.901978 5507.000000
1449.522949 6100.000000
1451.142944 6310.000000
1452.761719 5757.000000
1454.379761 5921.000000
1455.996704 6011.000000
1457.612671 5864.000000
1459.227783 5589.000000
1460.841553 5973.000000
1462.454712 5752.000000
1464.066895 5840.000000
1465.677979 5782.000000
1467.288208 6079.000000
1468.897217 5541.000000
1470.505371 5738.000000
1472.112671 5572.000000
1473.718872 5423.000000
1475.324097 5688.000000
1476.928345 5634.000000
1478.531738 6494.000000
1480.134033 5769.000000
1481.735474 5821.000000
1483.336060 5945.000000
1484.935425 5583.000000
1486.533936 5785.000000
1488.131348 5687.000000
1489.727905 6174.000000
1491.323608 5920.000000
1492.918213 5851.000000
1494.511719 5966.000000
1496.104492 6024.000000
1497.696411 5886.000000
1499.286865 5854.000000
1500.877075 5852.000000
1502.465698 6109.000000
1504.053711 5631.000000
1505.640747 5781.000000
1507.226563 5827.000000
1508.811768 5911.000000
1510.395874 5846.000000
1511.979004 6134.000000
1513.560913 5973.000000
1515.142212 5607.000000
1516.722656 5953.000000
1518.302002 6042.000000
1519.880249 5893.000000
1521.457642 5637.000000
1523.033813 5800.000000
1524.609497 5871.000000
1526.184204 5705.000000
1527.757690 5584.000000
1529.330444 5536.000000
1530.901978 5982.000000
1532.472534 6056.000000
1534.042725 5739.000000
1535.611572 6107.000000
1537.179199 5789.000000
1538.746216 5610.000000
1540.312378 6102.000000
1541.877319 5515.000000
1543.441650 6388.000000
1545.004761 5948.000000
1546.567017 5833.000000
1548.128296 5674.000000
1549.688599 6051.000000
1551.248047 5742.000000
1552.806641 5486.000000
1554.364136 6199.000000
1555.920776 5622.000000
1557.476318 5709.000000
1559.031006 5733.000000
1560.584961 5418.000000
1562.137939 5808.000000
1563.689819 6017.000000
1565.240723 5768.000000
1566.790649 6031.000000
1568.339844 5594.000000
1569.888184 5825.000000
1571.435669 6176.000000
1572.981934 5918.000000
1574.527222 5959.000000
1576.071899 5736.000000
1577.615112 5745.000000
1579.157715 6114.000000
1580.699707 5718.000000
1582.240112 5788.000000
1583.780151 5739.000000
1585.318848 5898.000000
1586.856812 5831.000000
1588.394165 5733.000000
1589.930298 5845.000000
1591.465454 5936.000000
1592.999634 5789.000000
1594.532837 5450.000000
1596.065430 5748.000000
1597.596924 5813.000000
1599.127686 5601.000000
1600.657104 5587.000000
1602.185913 5409.000000
1603.713745 5918.000000
1605.240601 5781.000000
1606.766724 5996.000000
1608.291748 5858.000000
1609.815918 5904.000000
1611.339111 5617.000000
1612.861450 5888.000000
1614.382813 5673.000000
1615.903442 6197.000000
1617.423096 5865.000000
1618.941528 6136.000000
1620.459351 5898.000000
1621.976074 5699.000000
1623.491943 5671.000000
1625.007202 5664.000000
1626.521362 5649.000000
1628.034302 5673.000000
1629.546875 5891.000000
1631.057983 5883.000000
1632.568604 5762.000000
1634.078247 5780.000000
1635.586914 5739.000000
1637.094482 5428.000000
1638.601440 6132.000000
1640.107178 5753.000000
1641.612549 5873.000000
1643.116577 5876.000000
1644.619751 5442.000000
1646.122192 6118.000000
1647.623535 5877.000000
1649.123901 5860.000000
1650.623779 5849.000000
1652.122314 5753.000000
1653.620117 5970.000000
1655.117065 5411.000000
1656.612915 5642.000000
1658.108032 5983.000000
1659.602417 6343.000000
1661.095703 5910.000000
1662.588257 6148.000000
1664.079712 6193.000000
1665.570190 5678.000000
1667.060059 5748.000000
1668.549072 5757.000000
1670.036865 6069.000000
1671.523926 5997.000000
1673.010132 5493.000000
1674.495239 6018.000000
1675.979736 5348.000000
1677.463379 5489.000000
1678.945923 6398.000000
1680.427612 5641.000000
1681.908447 5958.000000
1683.388184 6117.000000
1684.867554 6021.000000
1686.345703 5729.000000
1687.822998 5739.000000
1689.299194 5621.000000
1690.774780 5760.000000
1692.249268 6053.000000
1693.723145 5772.000000
1695.195923 5936.000000
1696.667969 5691.000000
1698.138916 5849.000000
1699.609131 5981.000000
1701.078369 5637.000000
1702.546997 5498.000000
1704.014404 5624.000000
1705.481079 5845.000000
1706.946899 6008.000000
1708.411743 6088.000000
1709.875732 5669.000000
1711.339233 5521.000000
1712.801392 5911.000000
1714.262573 7829.000000
1715.723267 5618.000000
1717.182861 5847.000000
1718.641479 5496.000000
1720.099609 5316.000000
1721.556641 5707.000000
1723.012695 5726.000000
1724.468018 5708.000000
1725.922241 5273.000000
1727.376099 5653.000000
1728.828735 5668.000000
1730.280396 6184.000000
1731.731079 5854.000000
1733.181274 5764.000000
1734.630371 5972.000000
1736.078979 5726.000000
1737.526367 6220.000000
1738.972900 5683.000000
1740.418457 5735.000000
1741.863403 5816.000000
1743.307251 5738.000000
1744.750610 5702.000000
1746.192749 5868.000000
1747.634033 5908.000000
1749.074585 5802.000000
1750.514160 5812.000000
1751.953003 5861.000000
1753.391113 5490.000000
1754.828003 6021.000000
1756.264282 6060.000000
1757.699707 5514.000000
1759.134033 5512.000000
1760.567505 6045.000000
1762.000488 5512.000000
1763.432373 5636.000000
1764.863403 5400.000000
1766.293457 6465.000000
1767.722778 5647.000000
1769.151245 6153.000000
1770.578979 5448.000000
1772.005859 5732.000000
1773.431641 5804.000000
1774.856567 5898.000000
1776.280640 5830.000000
1777.704346 6037.000000
1779.126831 5893.000000
1780.548340 6041.000000
1781.969116 6022.000000
1783.388916 5750.000000
1784.807983 5652.000000
1786.226440 5671.000000
1787.643921 6036.000000
1789.060181 5845.000000
1790.475952 6003.000000
1791.890869 5877.000000
1793.304565 5306.000000
1794.718018 5662.000000
1796.130371 5749.000000
1797.541870 5519.000000
1798.952148 5631.000000
1800.361938 6188.000000
1801.770752 5727.000000
1803.179077 6119.000000
1804.586182 5912.000000
1805.992798 5614.000000
1807.398193 5690.000000
1808.802856 5669.000000
1810.206543 6149.000000
1811.609863 5889.000000
1813.011841 6049.000000
1814.413208 5493.000000
1815.813599 5811.000000
1817.213257 5856.000000
1818.611938 5632.000000
1820.010254 5870.000000
1821.407349 5792.000000
1822.803589 5561.000000
1824.199097 5726.000000
1825.593506 6214.000000
1826.987549 5793.000000
1828.380615 6093.000000
1829.772583 5943.000000
1831.163818 5865.000000
1832.554321 5881.000000
1833.943848 5971.000000
1835.332886 5584.000000
1836.720703 6079.000000
1838.107910 5649.000000
1839.494019 5999.000000
1840.879639 5488.000000
1842.264038 5946.000000
1843.647949 6427.000000
1845.030884 5848.000000
1846.413086 5598.000000
1847.794434 5733.000000
1849.174805 5856.000000
1850.554443 5896.000000
1851.933472 5792.000000
1853.311523 5585.000000
1854.688599 5843.000000
1856.064941 5637.000000
1857.440430 5709.000000
1858.814941 5866.000000
1860.189209 5730.000000
1861.562378 5781.000000
1862.934448 5924.000000
1864.305786 5932.000000
1865.676270 5773.000000
1867.046265 6174.000000
1868.415161 5516.000000
1869.783447 5784.000000
1871.150635 5654.000000
1872.516968 6440.000000
1873.882690 5786.000000
1875.247681 6189.000000
1876.611694 5805.000000
1877.974976 6140.000000
1879.337280 6174.000000
1880.698730 5854.000000
1882.059570 5816.000000
1883.419678 5591.000000
1884.778809 6173.000000
1886.136963 6049.000000
1887.494629 5755.000000
1888.851196 5573.000000
1890.207153 5915.000000
1891.562256 6279.000000
1892.916626 5922.000000
1894.269897 5908.000000
1895.622437 5675.000000
1896.974243 5415.000000
1898.325195 5989.000000
1899.675659 5823.000000
1901.025146 6022.000000
1902.373413 6108.000000
1903.721436 5934.000000
1905.068359 6079.000000
1906.414551 6237.000000
1907.760010 5885.000000
1909.104614 5851.000000
1910.448120 5657.000000
1911.791138 5860.000000
1913.133179 5796.000000
1914.474731 5826.000000
1915.815308 5763.000000
1917.154907 5762.000000
1918.493652 5666.000000
1919.831909 5965.000000
1921.169189 6404.000000
1922.505859 5756.000000
1923.841431 5339.000000
1925.176392 6110.000000
1926.510376 5775.000000
1927.843628 5670.000000
1929.176025 5872.000000
1930.508057 5349.000000
1931.838989 6138.000000
1933.169067 5778.000000
1934.498291 5718.000000
1935.826782 5649.000000
1937.154419 6093.000000
1938.481689 5602.000000
1939.807617 5997.000000
1941.132935 5921.000000
1942.457520 6020.000000
1943.781250 6023.000000
1945.104126 6232.000000
1946.426514 6233.000000
1947.747803 5740.000000
1949.068359 5910.000000
1950.388062 6094.000000
1951.706909 5729.000000
1953.025391 5828.000000
1954.342773 5651.000000
1955.659302 6002.000000
1956.975220 5926.000000
1958.290039 5984.000000
1959.604370 6206.000000
1960.917847 6007.000000
1962.230591 6033.000000
1963.542358 5378.000000
1964.853516 5638.000000
1966.163696 5910.000000
1967.473267 5897.000000
1968.782227 5756.000000
1970.090088 5870.000000
1971.397217 5858.000000
1972.703491 5394.000000
1974.009033 5516.000000
1975.313965 5719.000000
1976.617920 5340.000000
1977.921387 5537.000000
1979.223755 5583.000000
1980.525513 6169.000000
1981.826294 5934.000000
1983.126343 5844.000000
1984.425781 5603.000000
1985.724365 5731.000000
1987.022095 5410.000000
1988.318970 5704.000000
1989.615234 6064.000000
1990.910645 5995.000000
1992.205322 5891.000000
1993.499512 5966.000000
1994.792358 6299.000000
1996.084839 5956.000000
1997.376221 5971.000000
1998.667358 6088.000000
1999.957275 5580.000000
2001.246338 5958.000000
2002.534668 6271.000000
2003.822510 6219.000000
2005.109253 5685.000000
2006.395630 5606.000000
2007.680908 5525.000000
2008.965454 6048.000000
2010.249268 5998.000000
2011.532349 6175.000000
2012.814575 5576.000000
2014.096191 6081.000000
2015.377075 5918.000000
2016.656982 5614.000000
2017.936035 5751.000000
2019.214600 5585.000000
2020.491943 5543.000000
2021.769287 5902.000000
2023.045044 5543.000000
2024.320679 5479.000000
2025.594971 6187.000000
2026.868896 5817.000000
2028.142090 5818.000000
2029.414551 5521.000000
2030.685913 5724.000000
2031.956665 6051.000000
2033.226440 5962.000000
2034.495728 5974.000000
2035.764526 5705.000000
2037.032104 5822.000000
2038.299194 5851.000000
2039.565186 5733.000000
2040.830566 6131.000000
2042.095215 5752.000000
2043.359375 6183.000000
2044.622559 5514.000000
2045.884888 5976.000000
2047.146362 5632.000000
2048.407227 5901.000000
2049.667236 5876.000000
2050.927002 5620.000000
2052.185791 6351.000000
2053.443359 5701.000000
2054.700439 5762.000000
2055.956787 6173.000000
2057.212158 6235.000000
2058.467041 5498.000000
2059.721191 5906.000000
2060.974365 5719.000000
2062.226807 5767.000000
2063.478516 5964.000000
2064.729736 5764.000000
2065.980225 6008.000000
2067.229736 5708.000000
2068.478516 5795.000000
2069.726318 5654.000000
2070.973877 5668.000000
2072.220215 5733.000000
2073.466064 5747.000000
2074.710938 5266.000000
2075.955322 5842.000000
2077.198730 5950.000000
2078.441650 5855.000000
2079.683838 5424.000000
2080.925049 5641.000000
2082.165527 6006.000000
2083.405273 5554.000000
2084.644287 5983.000000
2085.882568 6133.000000
2087.120361 6136.000000
2088.357178 5705.000000
2089.593018 5618.000000
2090.828369 5711.000000
2092.062988 5751.000000
2093.296631 5896.000000
2094.530029 5720.000000
2095.762207 5798.000000
2096.993652 6089.000000
2098.224365 5603.000000
2099.454834 5866.000000
2100.683838 6310.000000
2101.912598 5770.000000
2103.140625 5812.000000
2104.367676 5748.000000
2105.594238 5593.000000
2106.819824 5941.000000
2108.044922 6023.000000
2109.269043 5493.000000
2110.492432 5720.000000
2111.715088 5923.000000
2112.937012 6404.000000
2114.158203 5755.000000
2115.379150 6007.000000
2116.598877 5718.000000
2117.817383 5980.000000
2119.035645 5893.000000
2120.253418 5879.000000
2121.469971 5724.000000
2122.686523 5797.000000
2123.901855 6102.000000
2125.116211 5929.000000
2126.330078 5732.000000
2127.543701 5874.000000
2128.755615 5399.000000
2129.967529 6377.000000
2131.178467 5951.000000
2132.388672 5960.000000
2133.598145 5872.000000
2134.806885 5932.000000
2136.014893 5832.000000
2137.222656 5980.000000
2138.428955 5802.000000
2139.635010 6006.000000
2140.839844 5637.000000
2142.044189 5858.000000
2143.247803 5325.000000
2144.450684 5371.000000
2145.653076 6260.000000
2146.854492 5950.000000
2148.055176 6254.000000
2149.255371 6440.000000
2150.454346 5780.000000
2151.653320 5493.000000
2152.851318 6294.000000
2154.048096 6171.000000
2155.244629 5985.000000
2156.440430 5981.000000
2157.635498 5744.000000
2158.829590 5727.000000
2160.022949 5791.000000
2161.215820 5808.000000
2162.407959 5858.000000
2163.599121 6254.000000
2164.790039 5707.000000
2165.979980 5839.000000
2167.168945 5789.000000
2168.357422 5834.000000
2169.544922 5878.000000
2170.732178 5843.000000
2171.918701 5937.000000
2173.104492 5826.000000
2174.289063 5857.000000
2175.473389 5928.000000
2176.656494 5777.000000
2177.839111 5674.000000
2179.021484 5633.000000
2180.202881 5752.000000
2181.383545 5902.000000
2182.563232 5656.000000
2183.742188 5894.000000
2184.920654 5646.000000
2186.098633 5592.000000
2187.275879 5639.000000
2188.451660 5740.000000
2189.627441 5434.000000
2190.802246 5782.000000
2191.976563 5971.000000
2193.149902 5697.000000
2194.322510 5750.000000
2195.494629 5937.000000
2196.665771 5657.000000
2197.836670 5807.000000
2199.006836 6268.000000
2200.175781 5793.000000
2201.344238 6107.000000
2202.511963 6435.000000
2203.678955 5983.000000
2204.845459 6154.000000
2206.011230 6307.000000
2207.176025 6028.000000
2208.340332 6138.000000
2209.503662 6472.000000
2210.666748 5723.000000
2211.828613 6047.000000
2212.990234 5973.000000
2214.150635 5912.000000
2215.311035 5890.000000
2216.470215 5971.000000
2217.628662 5833.000000
2218.786621 5923.000000
2219.944092 5970.000000
2221.100342 5743.000000
2222.256104 6031.000000
2223.411133 5577.000000
2224.565674 5951.000000
2225.719238 5651.000000
2226.872070 6203.000000
2228.024658 6400.000000
2229.176270 5635.000000
2230.326904 5921.000000
2231.477051 6036.000000
2232.626709 5683.000000
2233.775635 5862.000000
2234.923828 6096.000000
2236.071045 5772.000000
2237.217773 5881.000000
2238.363770 5949.000000
2239.509033 6050.000000
2240.653564 6149.000000
2241.797363 5993.000000
2242.940674 6315.000000
2244.083008 5892.000000
2245.224854 5795.000000
2246.366211 5895.000000
2247.506592 5956.000000
2248.646484 6064.000000
2249.785400 5981.000000
2250.923828 6244.000000
2252.061279 6204.000000
2253.198486 6273.000000
2254.334473 6074.000000
2255.470459 5732.000000
2256.604980 5902.000000
2257.739258 5690.000000
2258.872803 6380.000000
2260.005615 5987.000000
2261.137695 6162.000000
2262.269287 5717.000000
2263.399902 6034.000000
2264.530029 5747.000000
2265.659668 5759.000000
2266.788330 5566.000000
2267.916260 5676.000000
2269.043457 5749.000000
2270.169922 6472.000000
2271.295898 6074.000000
2272.421631 6044.000000
2273.546143 6142.000000
2274.669922 5952.000000
2275.792969 6465.000000
2276.915527 6471.000000
2278.037354 5856.000000
2279.158691 5874.000000
2280.278809 5894.000000
2281.398682 6112.000000
2282.517822 5799.000000
2283.636230 6357.000000
2284.753906 5745.000000
2285.871094 5918.000000
2286.987549 5702.000000
2288.103271 6043.000000
2289.218018 5563.000000
2290.332520 5938.000000
2291.446045 6092.000000
2292.559082 6297.000000
2293.671387 5904.000000
2294.782715 5995.000000
2295.893799 5966.000000
2297.004150 6094.000000
2298.113525 6076.000000
2299.222656 6137.000000
2300.330811 6035.000000
2301.438477 6033.000000
2302.545166 6102.000000
2303.651367 5973.000000
2304.757080 5583.000000
2305.861816 5927.000000
2306.966064 5628.000000
2308.069336 5718.000000
2309.172363 5968.000000
2310.274414 5642.000000
2311.376221 6198.000000
2312.477051 5776.000000
2313.576904 5997.000000
2314.676514 5785.000000
2315.775391 6110.000000
2316.873047 6109.000000
2317.970947 5798.000000
2319.067627 5671.000000
2320.163574 5855.000000
2321.259033 6193.000000
2322.353760 5629.000000
2323.447754 5644.000000
2324.541748 5904.000000
2325.634277 6116.000000
2326.726074 5180.000000
2327.817627 5832.000000
2328.908203 5638.000000
2329.998291 6205.000000
2331.087891 6264.000000
2332.176514 5826.000000
2333.264648 5549.000000
2334.351807 5901.000000
2335.438965 5833.000000
2336.525146 5990.000000
2337.610352 5974.000000
2338.695068 5898.000000
2339.779297 5683.000000
2340.862549 6180.000000
2341.945313 6034.000000
2343.027100 5858.000000
2344.108887 5842.000000
2345.189697 5853.000000
2346.269775 6178.000000
2347.348877 5844.000000
2348.427734 6229.000000
2349.506104 5790.000000
2350.583496 5829.000000
2351.660156 5682.000000
2352.736328 5645.000000
2353.811768 6084.000000
2354.886475 6281.000000
2355.960938 5688.000000
2357.034424 6030.000000
2358.107178 6156.000000
2359.179199 5959.000000
2360.250977 5968.000000
2361.321777 6160.000000
2362.392090 5715.000000
2363.461670 6273.000000
2364.530273 5887.000000
2365.598633 6036.000000
2366.666260 5785.000000
2367.733154 5712.000000
2368.799316 5731.000000
2369.864990 6192.000000
2370.929932 5807.000000
2371.994385 5955.000000
2373.057861 5919.000000
2374.121094 6234.000000
2375.183594 6137.000000
2376.245117 6004.000000
2377.306152 5730.000000
2378.366455 6160.000000
2379.426270 5698.000000
2380.485596 5735.000000
2381.543945 5914.000000
2382.601807 5607.000000
2383.658691 6246.000000
2384.715332 5645.000000
2385.770996 6229.000000
2386.826416 6167.000000
2387.881104 6036.000000
2388.934570 6291.000000
2389.987793 6215.000000
2391.040527 5764.000000
2392.092285 5966.000000
2393.143799 5781.000000
2394.194336 6131.000000
2395.244385 5952.000000
2396.293701 5920.000000
2397.342529 5761.000000
2398.390625 5918.000000
2399.437988 5874.000000
2400.484863 5994.000000
2401.530518 5934.000000
2402.576416 5835.000000
2403.621094 6177.000000
2404.665527 5729.000000
2405.709229 5802.000000
2406.751953 5997.000000
2407.794189 6010.000000
2408.835938 6692.000000
2409.876709 5860.000000
2410.917236 5902.000000
2411.957031 5856.000000
2412.996094 6286.000000
2414.034424 6399.000000
2415.072266 6014.000000
2416.109375 6272.000000
2417.145752 5818.000000
2418.181641 5961.000000
2419.217041 6400.000000
2420.251465 6390.000000
2421.285400 6506.000000
2422.318604 5913.000000
2423.351563 5668.000000
2424.383545 5981.000000
2425.414795 5866.000000
2426.445801 6057.000000
2427.475830 6172.000000
2428.505127 6044.000000
2429.534180 6079.000000
2430.562500 5716.000000
2431.590088 6019.000000
2432.616699 5659.000000
2433.643311 5811.000000
2434.668701 5698.000000
2435.694092 5962.000000
2436.718262 6112.000000
2437.742188 5711.000000
2438.764893 6049.000000
2439.787598 5710.000000
2440.809814 5976.000000
2441.830811 6136.000000
2442.851563 5995.000000
2443.871338 5924.000000
2444.890869 6001.000000
2445.909424 6026.000000
2446.927979 5917.000000
2447.945313 6389.000000
2448.962402 6079.000000
2449.978271 5803.000000
2450.993896 6114.000000
2452.008789 6135.000000
2453.023438 5708.000000
2454.036865 5815.000000
2455.049805 5959.000000
2456.062256 6061.000000
2457.074219 6323.000000
2458.085449 5741.000000
2459.096191 6263.000000
2460.105957 6068.000000
2461.115479 6008.000000
2462.124023 6218.000000
2463.131836 6048.000000
2464.139404 6028.000000
2465.146484 6049.000000
2466.152588 5793.000000
2467.157959 5961.000000
2468.163086 5885.000000
2469.167480 6126.000000
2470.171143 6261.000000
2471.174316 5790.000000
2472.176758 5840.000000
2473.178467 5917.000000
2474.179688 6020.000000
2475.180420 6266.000000
2476.180420 6106.000000
2477.179688 5834.000000
2478.178223 6091.000000
2479.176514 6196.000000
2480.173828 6418.000000
2481.170898 5719.000000
2482.167236 5714.000000
2483.162598 6080.000000
2484.157715 5645.000000
2485.152344 6107.000000
2486.145996 6215.000000
2487.139160 6322.000000
2488.131592 5826.000000
2489.123779 5756.000000
2490.115234 5862.000000
2491.105957 6178.000000
2492.095947 6122.000000
2493.085205 6258.000000
2494.074463 5949.000000
2495.062256 6106.000000
2496.050049 6093.000000
2497.037109 5862.000000
2498.023682 5722.000000
2499.009521 6116.000000
2499.994385 5993.000000
2500.979492 6051.000000
2501.963135 5985.000000
2502.946533 5873.000000
2503.928955 6086.000000
2504.911377 6072.000000
2505.892578 6139.000000
2506.873535 5589.000000
2507.854248 5777.000000
2508.833740 6165.000000
2509.813232 6419.000000
2510.791504 5955.000000
2511.769531 6100.000000
2512.746582 6316.000000
2513.723145 6120.000000
2514.699219 6247.000000
2515.674316 5967.000000
2516.649170 5913.000000
2517.623535 6086.000000
2518.596924 5889.000000
2519.570801 6096.000000
2520.542969 6148.000000
2521.514648 5904.000000
2522.485840 6497.000000
2523.456299 6095.000000
2524.426270 5994.000000
2525.395752 5927.000000
2526.364502 6021.000000
2527.332764 6110.000000
2528.300293 6060.000000
2529.266846 6318.000000
2530.233887 6184.000000
2531.199707 5724.000000
2532.164551 5962.000000
2533.129150 6026.000000
2534.093262 5742.000000
2535.056885 5892.000000
2536.019287 5929.000000
2536.981201 6585.000000
2537.942871 6169.000000
2538.903320 5681.000000
2539.864014 5753.000000
2540.823730 6243.000000
2541.782959 5982.000000
2542.741943 6059.000000
2543.699463 6580.000000
2544.656982 5963.000000
2545.613770 5936.000000
2546.569580 5888.000000
2547.525391 5699.000000
2548.480225 5579.000000
2549.434814 6254.000000
2550.388672 5863.000000
2551.341553 6072.000000
2552.294189 5735.000000
2553.246582 6264.000000
2554.197754 6313.000000
2555.148926 6286.000000
2556.099121 6059.000000
2557.048584 6708.000000
2557.997559 6229.000000
2558.946045 6314.000000
2559.893799 6216.000000
2560.841064 6155.000000
2561.787598 5670.000000
2562.734131 5968.000000
2563.679932 6605.000000
2564.624756 5970.000000
2565.568604 6419.000000
2566.512695 6325.000000
2567.455811 6191.000000
2568.398193 6439.000000
2569.339844 6214.000000
2570.281494 6150.000000
2571.222412 5845.000000
2572.162354 6076.000000
2573.101807 6253.000000
2574.040771 6699.000000
2574.979492 5853.000000
2575.917480 5695.000000
2576.854736 6390.000000
2577.791260 6235.000000
2578.727295 6056.000000
2579.663086 6076.000000
2580.597656 6020.000000
2581.532227 6176.000000
2582.465576 5959.000000
2583.398926 5969.000000
2584.331543 5710.000000
2585.263428 6150.000000
2586.195557 5978.000000
2587.126221 6476.000000
2588.056641 6265.000000
2588.985840 6042.000000
2589.915283 6452.000000
2590.843750 5811.000000
2591.771240 6330.000000
2592.698730 6159.000000
2593.625488 6724.000000
2594.551758 5890.000000
2595.477051 6206.000000
2596.402344 6064.000000
2597.327148 6216.000000
2598.250732 5954.000000
2599.174316 6082.000000
2600.096924 5997.000000
2601.019043 5938.000000
2601.940430 5807.000000
2602.861572 6250.000000
2603.781738 6139.000000
2604.701416 5794.000000
2605.620605 6054.000000
2606.539307 6299.000000
2607.457764 6265.000000
2608.375488 5879.000000
2609.292236 6222.000000
2610.208740 6010.000000
2611.124512 6195.000000
2612.039551 5979.000000
2612.954102 6327.000000
2613.868164 5973.000000
2614.781738 6530.000000
2615.694580 6119.000000
2616.606934 6016.000000
2617.518555 6047.000000
2618.430176 6148.000000
2619.341064 6281.000000
2620.250977 5888.000000
2621.160645 6133.000000
2622.069580 6064.000000
2622.977539 5934.000000
2623.885498 6250.000000
2624.792969 6062.000000
2625.699219 6021.000000
2626.605469 6044.000000
2627.511230 5837.000000
2628.416016 6706.000000
2629.320557 6030.000000
2630.224609 6201.000000
2631.127441 6142.000000
2632.030518 6135.000000
2632.932373 6098.000000
2633.833740 6106.000000
2634.734863 5801.000000
2635.635010 6024.000000
2636.535156 6052.000000
2637.434082 6002.000000
2638.333008 5926.000000
2639.231689 6291.000000
2640.129395 5894.000000
2641.026367 5943.000000
2641.922607 6093.000000
2642.818115 5797.000000
2643.713379 6063.000000
2644.608643 6470.000000
2645.502930 6104.000000
2646.396484 6420.000000
2647.289307 6059.000000
2648.182129 6360.000000
2649.073975 6221.000000
2649.965820 5905.000000
2650.856689 6065.000000
2651.747070 5842.000000
2652.636963 6201.000000
2653.525635 5966.000000
2654.414551 5704.000000
2655.302490 5934.000000
2656.189941 5953.000000
2657.077148 6024.000000
2657.963135 6071.000000
2658.849121 6146.000000
2659.734863 6341.000000
2660.619385 6396.000000
2661.503418 5878.000000
2662.387451 5918.000000
2663.270264 6334.000000
2664.152588 6082.000000
2665.034912 6082.000000
2665.915771 6094.000000
2666.796875 6357.000000
2667.677002 6189.000000
2668.556885 6505.000000
2669.436279 6193.000000
2670.314941 6314.000000
2671.193115 6291.000000
2672.070801 5983.000000
2672.947754 6696.000000
2673.823975 6348.000000
2674.699951 6001.000000
2675.575195 6207.000000
2676.449951 6221.000000
2677.323975 5778.000000
2678.197754 5925.000000
2679.070801 6444.000000
2679.943604 5944.000000
2680.815674 6604.000000
2681.687256 6422.000000
2682.558105 6619.000000
2683.428955 5941.000000
2684.298584 5961.000000
2685.167725 6110.000000
2686.036621 6394.000000
2686.904785 6248.000000
2687.772461 6453.000000
2688.639404 6566.000000
2689.506104 7036.000000
2690.372803 6097.000000
2691.238037 5958.000000
2692.102539 6111.000000
2692.967285 6137.000000
2693.830811 6118.000000
2694.694336 6108.000000
2695.556885 6078.000000
2696.418945 5888.000000
2697.280762 6084.000000
2698.142090 5910.000000
2699.002686 5849.000000
2699.862549 6234.000000
2700.722656 6413.000000
2701.581543 6014.000000
2702.439697 6201.000000
2703.297607 6406.000000
2704.155029 6406.000000
2705.011963 6231.000000
2705.868164 5978.000000
2706.723633 6457.000000
2707.579102 6350.000000
2708.433594 5933.000000
2709.288086 6229.000000
2710.141846 6529.000000
2710.994629 6088.000000
2711.847412 6385.000000
2712.699463 6544.000000
2713.550781 5690.000000
2714.401611 6171.000000
2715.251953 6343.000000
2716.101807 6247.000000
2716.950684 5918.000000
2717.799805 6318.000000
2718.648193 6452.000000
2719.495850 5995.000000
2720.343750 6372.000000
2721.190186 6231.000000
2722.036133 6601.000000
2722.881592 7585.000000
2723.727051 6191.000000
2724.571045 6358.000000
2725.415527 5972.000000
2726.258789 6395.000000
2727.101563 6251.000000
2727.943848 6424.000000
2728.785889 6578.000000
2729.626953 5947.000000
2730.468506 6028.000000
2731.308594 6416.000000
2732.148193 6142.000000
2732.987793 6228.000000
2733.826416 6193.000000
2734.664795 6337.000000
2735.502441 6078.000000
2736.338867 6307.000000
2737.175781 6701.000000
2738.011963 5935.000000
2738.847412 6236.000000
2739.683105 6872.000000
2740.517334 6511.000000
2741.351563 6503.000000
2742.184570 6178.000000
2743.017578 6341.000000
2743.850098 6115.000000
2744.681885 5696.000000
2745.513428 5800.000000
2746.343994 6294.000000
2747.174316 6336.000000
2748.003906 6204.000000
2748.833496 6267.000000
2749.662598 6099.000000
2750.490967 6022.000000
2751.318604 6178.000000
2752.145508 5874.000000
2752.972412 5967.000000
2753.798340 6299.000000
2754.624023 5918.000000
2755.449219 6189.000000
2756.273682 5774.000000
2757.097900 6292.000000
2757.921387 6051.000000
2758.744873 6318.000000
2759.567627 5991.000000
2760.389404 5982.000000
2761.210938 6218.000000
2762.031982 6419.000000
2762.852295 6525.000000
2763.672119 6168.000000
2764.491699 6241.000000
2765.310791 6138.000000
2766.128906 6541.000000
2766.946777 5606.000000
2767.764160 6329.000000
2768.581543 6188.000000
2769.398193 5992.000000
2770.213867 6183.000000
2771.029297 6379.000000
2771.843994 5963.000000
2772.658203 6218.000000
2773.472168 6033.000000
2774.285400 6229.000000
2775.098145 6155.000000
2775.910645 6391.000000
2776.722168 6334.000000
2777.533203 5884.000000
2778.344727 7429.000000
2779.154785 6459.000000
2779.964600 6314.000000
2780.773926 6438.000000
2781.582520 6380.000000
2782.390869 6408.000000
2783.198730 6154.000000
2784.005615 6105.000000
2784.812256 6648.000000
2785.618652 6485.000000
2786.424072 6041.000000
2787.229736 6355.000000
2788.034668 6303.000000
2788.838623 6086.000000
2789.642334 6394.000000
2790.445313 5847.000000
2791.248047 6084.000000
2792.050049 6268.000000
2792.851807 6546.000000
2793.652588 6406.000000
2794.453613 6476.000000
2795.253906 6388.000000
2796.053711 6330.000000
2796.852783 6165.000000
2797.651611 6801.000000
2798.449951 6274.000000
2799.247803 6049.000000
2800.044922 6574.000000
2800.841553 5823.000000
2801.637695 6380.000000
2802.433350 6649.000000
2803.228271 6176.000000
2804.023193 6092.000000
2804.817383 6440.000000
2805.611084 6130.000000
2806.404785 6376.000000
2807.197021 6082.000000
2807.989502 6452.000000
2808.781006 6069.000000
2809.572266 6345.000000
2810.363037 6266.000000
2811.153076 6618.000000
2811.942871 6650.000000
2812.731934 6339.000000
2813.520752 5935.000000
2814.308838 5837.000000
2815.097412 6122.000000
2815.884521 6154.000000
2816.671631 6791.000000
2817.457764 6206.000000
2818.243652 6059.000000
2819.028809 6661.000000
2819.813721 6301.000000
2820.597656 6655.000000
2821.381836 6458.000000
2822.165039 6315.000000
2822.947998 6576.000000
2823.730469 6375.000000
2824.512695 5688.000000
2825.293945 6603.000000
2826.074951 6420.000000
2826.855469 6297.000000
2827.635254 6258.000000
2828.415039 6246.000000
2829.193848 7451.000000
2829.972168 6201.000000
2830.750488 6901.000000
2831.527832 6596.000000
2832.304932 6149.000000
2833.081299 6091.000000
2833.857910 6156.000000
2834.633301 5676.000000
2835.408691 6470.000000
2836.182861 6644.000000
2836.957275 6079.000000
2837.731201 6262.000000
2838.503906 6408.000000
2839.276855 6589.000000
2840.049072 6398.000000
2840.820801 6407.000000
2841.592285 6415.000000
2842.363525 6271.000000
2843.133789 6445.000000
2843.903564 6138.000000
2844.672607 6681.000000
2845.441650 6624.000000
2846.210205 6472.000000
2846.977783 6338.000000
2847.745361 6277.000000
2848.512695 6392.000000
2849.279053 6514.000000
2850.044922 5833.000000
2850.810303 6221.000000
2851.576172 7076.000000
2852.340576 6309.000000
2853.104980 6538.000000
2853.868408 6319.000000
2854.631592 6226.000000
2855.394531 6479.000000
2856.156494 6491.000000
2856.918213 6605.000000
2857.679932 6038.000000
2858.440430 6425.000000
2859.201172 6180.000000
2859.960938 6580.000000
2860.720459 6543.000000
2861.479736 6142.000000
2862.237793 6456.000000
2862.995850 6166.000000
2863.753662 6510.000000
2864.510498 6711.000000
2865.267334 6237.000000
2866.023193 6481.000000
2866.778809 6005.000000
2867.534180 6418.000000
2868.288818 6390.000000
2869.043945 6379.000000
2869.797363 6636.000000
2870.551025 6719.000000
2871.303711 6463.000000
2872.056396 6359.000000
2872.808105 6203.000000
2873.559814 6424.000000
2874.310547 6433.000000
2875.061279 6535.000000
2875.811279 6160.000000
2876.561035 6130.000000
2877.310059 6201.000000
2878.059570 6119.000000
2878.807617 6591.000000
2879.555664 6217.000000
2880.302490 6266.000000
2881.049805 6034.000000
2881.796143 6870.000000
2882.541992 6471.000000
2883.287354 5864.000000
2884.032715 5934.000000
2884.777100 6317.000000
2885.521240 6646.000000
2886.265625 6871.000000
2887.008789 6782.000000
2887.751709 6734.000000
2888.493896 6348.000000
2889.235596 6630.000000
2889.977051 6860.000000
2890.718018 6458.000000
2891.458496 6508.000000
2892.198486 6157.000000
2892.937988 6754.000000
2893.677490 7006.000000
2894.416016 6586.000000
2895.154785 6853.000000
2895.892578 6272.000000
2896.629883 6450.000000
2897.366699 6369.000000
2898.103271 6422.000000
2898.839111 6277.000000
2899.574951 6446.000000
2900.309814 6257.000000
2901.044434 6263.000000
2901.778564 6777.000000
2902.512695 6622.000000
2903.245850 6473.000000
2903.979004 6370.000000
2904.711670 6588.000000
2905.443604 6644.000000
2906.175049 6697.000000
2906.906006 6697.000000
