scanname Scan107
timestamp 2024-03-07 17:56:36
ccdbias 989.783691
ccdgain 4.313516
sigmaread 9.885917
laserwavenum -0.021072
wavenumcorrection -0.874196
scancount 3
totalexposurems 6075
singleexposurems 3000
measurementstate Unknown
scanmode Auto
snr 75.806908 22.749722 6.954193
replacelist 0
peaks 10
240.761993 0.668608 0.000000 13.200778 0.000670
250.580215 0.680767 0.000000 9.538746 0.000692
681.193909 0.107523 0.000000 0.314844 0.000040
712.078674 0.108786 0.000000 0.345521 0.000042
838.888489 0.118953 0.000000 0.166334 0.000018
1001.858887 0.138569 0.000000 1.881822 0.000335
1029.974243 0.128426 0.000000 0.465238 0.000174
1094.676880 0.123303 0.000000 0.150610 0.000018
1204.417847 0.127020 0.000000 0.164653 0.000016
1391.504272 0.145463 0.000000 0.142803 0.000027
finalresult GLS_Single 1
U4Z0X7	benfentmags-4	2.074640e-001
spectrum 2048
-92.801430 138.824829
-90.197281 139.522537
-87.594902 140.597626
-84.994270 136.787247
-82.395393 137.300674
-79.798264 126.217010
-77.202896 120.177307
-74.609276 118.335915
-72.017395 113.815056
-69.427269 105.623672
-66.838882 99.962059
-64.252251 95.126953
-61.667355 87.994698
-59.084198 81.915550
-56.502785 75.445717
-53.923103 69.063232
-51.345161 62.161289
-48.768955 57.359127
-46.194481 51.384266
-43.621735 45.304317
-41.050728 39.775372
-38.481441 35.920818
-35.913887 30.206892
-33.348053 0.556824
-30.783951 0.362781
-28.221565 0.322556
-25.660910 0.302790
-23.101974 0.285698
-20.544748 0.270274
-17.989241 0.267612
-15.435456 0.263089
-12.883386 0.277252
-10.333021 0.333112
-7.784369 0.358000
-5.237432 0.367177
-2.692206 0.378158
-0.148679 0.385176
2.393143 0.388639
4.933253 0.389375
7.471660 0.352808
10.008373 0.599270
12.543387 2.760326
15.076694 3.686659
17.608305 3.801132
20.138226 3.814937
22.666454 3.835052
25.192984 3.814612
27.717817 3.740788
30.240974 3.816860
32.762444 3.788457
35.282223 3.725112
37.800301 3.714115
40.316708 3.701373
42.831432 3.655319
45.344463 3.502645
47.855827 3.454278
50.365517 3.364827
52.873524 3.383919
55.379860 3.323976
57.884502 3.220256
60.387493 3.095835
62.888809 2.854023
65.388443 2.897171
67.886421 2.755016
70.382729 2.827192
72.877380 2.646776
75.370354 2.772980
77.861656 2.530735
80.351311 2.424407
82.839317 2.506353
85.325630 2.315361
87.810310 2.395051
90.293335 2.211336
92.774704 2.416418
95.254410 2.135017
97.732468 2.215448
100.208878 2.162399
102.683655 2.292608
105.156746 2.082836
107.628212 1.912854
110.098038 2.087106
112.566216 1.875359
115.032768 1.903447
117.497650 1.671269
119.960907 1.802540
122.422531 1.670264
124.882515 1.491174
127.340858 1.455719
129.797562 1.341304
132.252655 1.187569
134.706100 1.100280
137.157913 1.018213
139.608109 0.967864
142.056671 0.936924
144.503616 0.808894
146.948929 0.690399
149.392639 0.600852
151.834702 0.547155
154.275146 0.511198
156.713974 0.486082
159.151215 0.463812
161.586792 0.421335
164.020767 0.382180
166.453156 0.364068
168.883911 0.340650
171.313049 0.332722
173.740601 0.312503
176.166534 0.292898
178.590836 0.291140
181.013565 0.281591
183.434692 0.283863
185.854202 0.281733
188.272125 0.282343
190.688431 0.288786
193.103149 0.297654
195.516266 0.299768
197.927795 0.311410
200.337723 0.320897
202.746048 0.329985
205.152802 0.342544
207.557938 0.355915
209.961487 0.368863
212.363480 0.386870
214.763855 0.404189
217.162643 0.417494
219.559906 0.435255
221.955505 0.452163
224.349594 0.473400
226.742050 0.501442
229.132935 0.525095
231.522278 0.558224
233.910019 0.589464
236.296188 0.619908
238.680771 0.647406
241.063797 0.672264
243.445282 0.674107
245.825150 0.667710
248.203445 0.642350
250.580215 0.605812
252.955383 0.558956
255.328995 0.510815
257.701080 0.460895
260.071594 0.414382
262.440521 0.373923
264.807892 0.338648
267.173706 0.308794
269.537994 0.285579
271.900696 0.261235
274.261841 0.248245
276.621460 0.228298
278.979492 0.218968
281.335999 0.206264
283.690918 0.198375
286.044312 0.189086
288.396240 0.178881
290.746521 0.172544
293.095245 0.166938
295.442535 0.161168
297.788208 0.158583
300.132385 0.150514
302.474945 0.146907
304.816040 0.145372
307.155579 0.141026
309.493591 0.138740
311.830078 0.138499
314.165009 0.134538
316.498413 0.131935
318.830292 0.131486
321.160645 0.130614
323.489441 0.130691
325.816742 0.128409
328.142517 0.126910
330.466766 0.126800
332.789520 0.127212
335.110748 0.123849
337.430420 0.123856
339.748566 0.123273
342.065216 0.122317
344.380341 0.121968
346.693970 0.122162
349.006134 0.121407
351.316711 0.122019
353.625793 0.121494
355.933380 0.120710
358.239441 0.120173
360.544006 0.118357
362.847107 0.116412
365.148590 0.116513
367.448669 0.116064
369.747223 0.115964
372.044250 0.117496
374.339874 0.116645
376.633881 0.116378
378.926453 0.116033
381.217529 0.116499
383.507080 0.116533
385.795166 0.114014
388.081696 0.114453
390.366852 0.115009
392.650452 0.112646
394.932556 0.113756
397.213135 0.111796
399.492310 0.111932
401.769989 0.114163
404.046173 0.111790
406.320862 0.112675
408.594086 0.112831
410.865784 0.112106
413.136017 0.114070
415.404846 0.112544
417.672089 0.113138
419.937927 0.111244
422.202332 0.112330
424.465149 0.112466
426.726593 0.108296
428.986511 0.110124
431.244965 0.110138
433.502014 0.111787
435.757538 0.110246
438.011658 0.112494
440.264221 0.112002
442.515381 0.112002
444.765106 0.110843
447.013275 0.108176
449.260040 0.110457
451.505371 0.110475
453.749176 0.111553
455.991608 0.111650
458.232544 0.111477
460.471985 0.108579
462.710022 0.109083
464.946655 0.109412
467.181824 0.108987
469.415436 0.109595
471.647736 0.108052
473.878510 0.108198
476.107788 0.108961
478.335785 0.108367
480.562225 0.107658
482.787201 0.107119
485.010895 0.107114
487.232971 0.105934
489.453613 0.106922
491.672974 0.103861
493.890778 0.105030
496.107147 0.106222
498.322205 0.106414
500.535706 0.106128
502.747742 0.105804
504.958496 0.106102
507.167694 0.104863
509.375610 0.105154
511.581940 0.108849
513.786865 0.104936
515.990540 0.105547
518.192627 0.106890
520.393250 0.107301
522.592651 0.107430
524.790466 0.106839
526.986816 0.105932
529.181946 0.105481
531.375549 0.106920
533.567627 0.107372
535.758484 0.104586
537.947876 0.107450
540.135742 0.106912
542.322449 0.105206
544.507507 0.105786
546.691162 0.104107
548.873657 0.106736
551.054565 0.105232
553.234009 0.104833
555.412170 0.105422
557.588867 0.105676
559.764099 0.106688
561.938110 0.105016
564.110657 0.106666
566.281677 0.106582
568.451538 0.105947
570.619812 0.106034
572.786682 0.107284
574.952271 0.107111
577.116394 0.105460
579.279297 0.107160
581.440613 0.107538
583.600586 0.107338
585.759216 0.105403
587.916382 0.108315
590.072144 0.107576
592.226685 0.108566
594.379639 0.108607
596.531311 0.108620
598.681702 0.109707
600.830566 0.107761
602.978088 0.109658
605.124268 0.106815
607.269043 0.106934
609.412415 0.104843
611.554626 0.108392
613.695129 0.106528
615.834351 0.107862
617.972412 0.108250
620.108948 0.109497
622.244080 0.109666
624.377930 0.107108
626.510376 0.105169
628.641479 0.105586
630.771240 0.106296
632.899536 0.108063
635.026489 0.106017
637.152222 0.104909
639.276428 0.103981
641.399353 0.106346
643.520996 0.107128
645.641113 0.105384
647.760071 0.105116
649.877502 0.105482
651.993713 0.106431
654.108521 0.106856
656.221924 0.106466
658.333923 0.106631
660.444824 0.106398
662.554138 0.108111
664.662231 0.106307
666.768921 0.104794
668.874268 0.105399
670.978210 0.109471
673.080994 0.106185
675.182251 0.106419
677.282288 0.106624
679.380981 0.108280
681.478210 0.106355
683.574158 0.106427
685.668945 0.106908
687.762207 0.106044
689.854126 0.105167
691.944824 0.104605
694.034119 0.098827
696.122009 0.098891
698.208740 0.099214
700.294128 0.103498
702.377991 0.106762
704.460754 0.106943
706.542175 0.106523
708.622070 0.107384
710.700867 0.109111
712.778137 0.108649
714.854370 0.107394
716.929077 0.108492
719.002441 0.107031
721.074585 0.107405
723.145386 0.110018
725.214783 0.108157
727.283020 0.106200
729.349792 0.109807
731.415344 0.108792
733.479553 0.110384
735.542480 0.109855
737.604004 0.108748
739.664429 0.110525
741.723328 0.110128
743.780945 0.110084
745.837402 0.111579
747.892456 0.110938
749.946167 0.109854
751.998718 0.109265
754.049866 0.111427
756.099609 0.110779
758.148315 0.111933
760.195496 0.111932
762.241394 0.113546
764.286194 0.110215
766.329529 0.111693
768.371582 0.111934
770.412415 0.111203
772.451843 0.110819
774.490051 0.112250
776.527039 0.111920
778.562683 0.111776
780.597046 0.111974
782.630066 0.112682
784.661865 0.110907
786.692383 0.111425
788.721497 0.111813
790.749390 0.112776
792.776123 0.113345
794.801392 0.111057
796.825500 0.113503
798.848328 0.112358
800.869751 0.112829
802.890015 0.110174
804.909058 0.112131
806.926758 0.111451
808.943054 0.108420
810.958130 0.112321
812.972107 0.113951
814.984741 0.112818
816.995972 0.113680
819.006165 0.113427
821.014954 0.113485
823.022522 0.113130
825.028748 0.117481
827.033691 0.114719
829.037537 0.117766
831.039978 0.116508
833.041138 0.118856
835.041138 0.118776
837.039795 0.119245
839.037231 0.118543
841.033508 0.119756
843.028320 0.119527
845.021912 0.116401
847.014465 0.118090
849.005554 0.117202
850.995422 0.117511
852.984131 0.117193
854.971497 0.116492
856.957520 0.116845
858.942566 0.116504
860.926147 0.113371
862.908569 0.116334
864.889771 0.115775
866.869690 0.117936
868.848206 0.117420
870.825806 0.116404
872.801941 0.115672
874.776794 0.115147
876.750671 0.114787
878.723083 0.114069
880.694214 0.115153
882.664307 0.114178
884.632996 0.115871
886.600464 0.114943
888.566833 0.115014
890.531799 0.115391
892.495728 0.115582
894.458313 0.116321
896.419617 0.114415
898.379822 0.115774
900.338684 0.114215
902.296326 0.115711
904.252808 0.112234
906.207947 0.113997
908.161865 0.114672
910.114746 0.112753
912.066284 0.113589
914.016541 0.113725
915.965637 0.116482
917.913574 0.115203
919.860168 0.113244
921.805725 0.113665
923.749878 0.114222
925.692810 0.115150
927.634705 0.112808
929.575256 0.115664
931.514587 0.112934
933.452759 0.114435
935.389709 0.116362
937.325439 0.115756
939.259949 0.114369
941.193237 0.113772
943.125305 0.113133
945.056213 0.115064
946.985901 0.117092
948.914551 0.115791
950.841736 0.113057
952.767761 0.114518
954.692749 0.114258
956.616394 0.116467
958.538757 0.114273
960.460083 0.115969
962.380127 0.114792
964.298950 0.115395
966.216736 0.115496
968.133179 0.116692
970.048340 0.116481
971.962524 0.116614
973.875427 0.116616
975.787109 0.117206
977.697693 0.119047
979.606934 0.115737
981.515015 0.119618
983.422058 0.117899
985.327759 0.119341
987.232300 0.122661
989.135803 0.123957
991.037903 0.124980
992.938843 0.126633
994.838806 0.128487
996.737366 0.130731
998.634827 0.133593
1000.531189 0.138271
1002.426270 0.138238
1004.320190 0.136287
1006.213074 0.134064
1008.104492 0.124411
1009.994873 0.121363
1011.884094 0.119026
1013.772156 0.118422
1015.659058 0.119266
1017.544800 0.118444
1019.429260 0.119283
1021.312683 0.120074
1023.194885 0.121640
1025.075684 0.123857
1026.955566 0.126666
1028.834351 0.129622
1030.711792 0.128804
1032.588257 0.124765
1034.463379 0.125905
1036.337280 0.121502
1038.210327 0.120471
1040.081909 0.118991
1041.952515 0.116922
1043.821899 0.117453
1045.690063 0.115446
1047.557007 0.119719
1049.422974 0.116441
1051.287720 0.117575
1053.151245 0.119100
1055.013672 0.115787
1056.875122 0.118659
1058.735107 0.119313
1060.594238 0.117569
1062.451782 0.121243
1064.308594 0.115853
1066.164063 0.119360
1068.018433 0.116098
1069.871826 0.118184
1071.723877 0.114735
1073.574707 0.119018
1075.424561 0.116607
1077.273193 0.117644
1079.120605 0.118490
1080.966919 0.120722
1082.812256 0.118592
1084.656250 0.122892
1086.499268 0.123767
1088.340942 0.123807
1090.181641 0.123393
1092.021118 0.123180
1093.859497 0.122923
1095.696777 0.120384
1097.532837 0.123056
1099.367798 0.122979
1101.201538 0.122888
1103.034424 0.121223
1104.865845 0.122863
1106.696289 0.121677
1108.525757 0.119998
1110.353760 0.121875
1112.180786 0.119332
1114.006836 0.121887
1115.831421 0.122110
1117.655273 0.121087
1119.477905 0.124078
1121.299194 0.122753
1123.119385 0.122343
1124.938843 0.121211
1126.756714 0.123243
1128.573608 0.123096
1130.389404 0.121518
1132.204224 0.122589
1134.017822 0.122955
1135.830200 0.123005
1137.641479 0.120345
1139.451782 0.122102
1141.260864 0.121676
1143.068848 0.122562
1144.875732 0.121227
1146.681396 0.122539
1148.486084 0.122826
1150.289673 0.122252
1152.092041 0.124543
1153.893433 0.122743
1155.693604 0.123091
1157.492798 0.121775
1159.290771 0.125294
1161.087646 0.123207
1162.883301 0.118408
1164.678101 0.123164
1166.471680 0.123821
1168.264038 0.121769
1170.055420 0.122461
1171.845825 0.123794
1173.634888 0.125111
1175.422974 0.123912
1177.209961 0.122406
1178.995728 0.124999
1180.780518 0.127980
1182.564209 0.124507
1184.346802 0.125895
1186.128418 0.125149
1187.908813 0.122937
1189.687988 0.124263
1191.466309 0.123996
1193.243530 0.125862
1195.019287 0.124232
1196.794434 0.125559
1198.568115 0.126105
1200.340942 0.126253
1202.112671 0.127220
1203.883179 0.127034
1205.652710 0.126138
1207.421143 0.126709
1209.188354 0.127782
1210.954590 0.126277
1212.719849 0.128222
1214.483887 0.126048
1216.246826 0.123205
1218.008667 0.124328
1219.769409 0.122333
1221.529297 0.124865
1223.287964 0.123531
1225.045532 0.124791
1226.802124 0.123654
1228.557495 0.123765
1230.311890 0.125837
1232.065186 0.124542
1233.817505 0.129060
1235.568481 0.124541
1237.318604 0.128160
1239.067627 0.125725
1240.815674 0.123655
1242.562378 0.124841
1244.308228 0.127135
1246.052979 0.125408
1247.796631 0.126460
1249.539185 0.128854
1251.280640 0.128330
1253.021240 0.124076
1254.760620 0.125675
1256.498901 0.128090
1258.236328 0.124709
1259.972290 0.126624
1261.707397 0.127291
1263.441528 0.130254
1265.174561 0.128472
1266.906616 0.129048
1268.637573 0.126333
1270.367432 0.129220
1272.096069 0.126291
1273.823975 0.128420
1275.550537 0.126188
1277.276001 0.128954
1279.000732 0.127852
1280.724243 0.128553
1282.446777 0.128560
1284.168091 0.130550
1285.888428 0.130164
1287.607788 0.128250
1289.326172 0.129714
1291.043335 0.129920
1292.759399 0.130086
1294.474609 0.129247
1296.188843 0.134087
1297.901855 0.132880
1299.613647 0.132565
1301.324463 0.134165
1303.034546 0.133655
1304.743408 0.134188
1306.451050 0.132380
1308.157959 0.133977
1309.863525 0.132127
1311.568359 0.132908
1313.271973 0.134320
1314.974731 0.134545
1316.676147 0.133348
1318.376831 0.137686
1320.076294 0.135416
1321.774658 0.135413
1323.472168 0.136931
1325.168457 0.135283
1326.863892 0.136489
1328.558228 0.136371
1330.251587 0.138598
1331.943848 0.137672
1333.635132 0.136479
1335.325195 0.139331
1337.014282 0.139832
1338.702637 0.138782
1340.389771 0.138620
1342.075684 0.139120
1343.760864 0.141270
1345.444946 0.140493
1347.127930 0.138523
1348.809937 0.140473
1350.490845 0.138076
1352.170776 0.138729
1353.849854 0.142649
1355.527710 0.144919
1357.204590 0.140141
1358.880493 0.140910
1360.555298 0.141237
1362.229248 0.141192
1363.902100 0.139780
1365.573730 0.142897
1367.244751 0.141250
1368.914307 0.143438
1370.583130 0.142124
1372.250854 0.142409
1373.917603 0.142937
1375.583374 0.140867
1377.248047 0.142849
1378.911621 0.144630
1380.574463 0.141048
1382.236084 0.142657
1383.896729 0.145589
1385.556274 0.145509
1387.215088 0.142622
1388.872681 0.146151
1390.529297 0.146389
1392.185059 0.146224
1393.839600 0.147818
1395.493164 0.143450
1397.145874 0.142624
1398.797363 0.143404
1400.447998 0.142273
1402.097656 0.143701
1403.746216 0.140017
1405.393921 0.140924
1407.040649 0.139817
1408.686157 0.141326
1410.330811 0.143888
1411.974487 0.142265
1413.617065 0.142193
1415.258667 0.140756
1416.899292 0.138008
1418.539063 0.140343
1420.177734 0.140565
1421.815186 0.144236
1423.452026 0.140212
1425.087524 0.145439
1426.722168 0.141207
1428.355957 0.141747
1429.988647 0.144696
1431.620483 0.139063
1433.250977 0.141693
1434.880981 0.142924
1436.509644 0.140221
1438.137329 0.142661
1439.764160 0.141531
1441.389893 0.140015
1443.014648 0.141229
1444.638550 0.139230
1446.261475 0.142392
1447.883179 0.139229
1449.504150 0.144561
1451.124146 0.141257
1452.742920 0.141160
1454.360962 0.140904
1455.977905 0.143967
1457.593872 0.142040
1459.208984 0.140668
1460.822754 0.140551
1462.435913 0.141314
1464.048096 0.141845
1465.659180 0.138527
1467.269409 0.142513
1468.878418 0.138540
1470.486572 0.140689
1472.093872 0.143567
1473.700073 0.140300
1475.305298 0.141667
1476.909546 0.140375
1478.512939 0.140922
1480.115234 0.138058
1481.716675 0.134898
1483.317261 0.135528
1484.916626 0.137050
1486.515137 0.139157
1488.112549 0.136527
1489.709106 0.142385
1491.304810 0.139402
1492.899414 0.138317
1494.492920 0.134308
1496.085693 0.138023
1497.677612 0.138606
1499.268066 0.137099
1500.858276 0.136065
1502.446899 0.133098
1504.034912 0.133042
1505.621948 0.136178
1507.207764 0.136074
1508.792969 0.133229
1510.377075 0.136371
1511.960205 0.133089
1513.542114 0.137288
1515.123413 0.134647
1516.703857 0.136789
1518.283203 0.135948
1519.861450 0.136618
1521.438843 0.135269
1523.015015 0.134009
1524.590698 0.137768
1526.165405 0.137783
1527.738892 0.135706
1529.311646 0.132997
1530.883179 0.134755
1532.453735 0.137516
1534.023926 0.135202
1535.592773 0.133102
1537.160400 0.135651
1538.727417 0.134143
1540.293579 0.136790
1541.858521 0.134888
1543.422852 0.132725
1544.985962 0.139223
1546.548218 0.136939
1548.109497 0.134764
1549.669800 0.133754
1551.229248 0.135723
1552.787842 0.134265
1554.345337 0.134861
1555.901978 0.139666
1557.457520 0.136504
1559.012207 0.136194
1560.566162 0.136202
1562.119141 0.137249
1563.671021 0.135423
1565.221924 0.139892
1566.771851 0.137487
1568.321045 0.132735
1569.869385 0.139338
1571.416870 0.137515
1572.963135 0.140247
1574.508423 0.137124
1576.053101 0.139339
1577.596313 0.136559
1579.138916 0.138112
1580.680908 0.143078
1582.221313 0.139364
1583.761353 0.139176
1585.300049 0.136362
1586.838013 0.138307
1588.375366 0.140274
1589.911499 0.141901
1591.446655 0.135794
1592.980835 0.142650
1594.514038 0.140061
1596.046631 0.141500
1597.578125 0.137119
1599.108887 0.138807
1600.638306 0.139004
1602.167114 0.139163
1603.694946 0.138544
1605.221802 0.136765
1606.747925 0.137264
1608.272949 0.134381
1609.797119 0.133837
1611.320313 0.134661
1612.842651 0.132227
1614.364014 0.136817
1615.884644 0.132060
1617.404297 0.138241
1618.922729 0.135051
1620.440552 0.133161
1621.957275 0.135177
1623.473145 0.135218
1624.988403 0.131126
1626.502563 0.129891
1628.015503 0.132919
1629.528076 0.133541
1631.039185 0.131835
1632.549805 0.131312
1634.059448 0.129005
1635.568115 0.133025
1637.075684 0.132321
1638.582642 0.129504
1640.088379 0.131191
1641.593750 0.133138
1643.097778 0.130086
1644.600952 0.131748
1646.103394 0.133612
1647.604736 0.130897
1649.105103 0.132148
1650.604980 0.130553
1652.103516 0.132422
1653.601318 0.133380
1655.098267 0.129553
1656.594116 0.128374
1658.089233 0.130287
1659.583618 0.131419
1661.076904 0.129964
1662.569458 0.134540
1664.060913 0.132640
1665.551392 0.131742
1667.041260 0.130330
1668.530273 0.131345
1670.018066 0.128844
1671.505127 0.131681
1672.991333 0.129161
1674.476440 0.130676
1675.960938 0.131151
1677.444580 0.131692
1678.927124 0.129302
1680.408813 0.131557
1681.889648 0.132723
1683.369385 0.127809
1684.848755 0.130959
1686.326904 0.129195
1687.804199 0.130177
1689.280396 0.127639
1690.755981 0.129301
1692.230469 0.127996
1693.704346 0.128702
1695.177124 0.130490
1696.649170 0.125947
1698.120117 0.127902
1699.590332 0.131742
1701.059570 0.131027
1702.528198 0.129185
1703.995605 0.125755
1705.462280 0.131005
1706.928101 0.132966
1708.392944 0.130125
1709.856934 0.130323
1711.320435 0.129386
1712.782593 0.129218
1714.243774 0.125745
1715.704468 0.129471
1717.164063 0.131148
1718.622681 0.128075
1720.080811 0.129137
1721.537842 0.128594
1722.993896 0.126339
1724.449219 0.124000
1725.903442 0.128130
1727.357300 0.127781
1728.809937 0.127158
1730.261597 0.125723
1731.712280 0.127706
1733.162476 0.127588
1734.611572 0.125599
1736.060181 0.126402
1737.507568 0.127899
1738.954102 0.129430
1740.399658 0.125041
1741.844604 0.126300
1743.288452 0.133156
1744.731812 0.125297
1746.173950 0.126982
1747.615234 0.128554
1749.055786 0.126211
1750.495361 0.126657
1751.934204 0.128828
1753.372314 0.125731
1754.809204 0.128767
1756.245483 0.125322
1757.680908 0.127044
1759.115234 0.127757
1760.548706 0.127204
1761.981689 0.125397
1763.413574 0.124850
1764.844604 0.128734
1766.274658 0.125746
1767.703979 0.129204
1769.132446 0.127207
1770.560181 0.131663
1771.987061 0.124753
1773.412842 0.132062
1774.837769 0.122912
1776.261841 0.124618
1777.685547 0.125535
1779.108032 0.129209
1780.529541 0.123917
1781.950317 0.121764
1783.370117 0.125053
1784.789185 0.123710
1786.207642 0.126331
1787.625122 0.125223
1789.041382 0.119667
1790.457153 0.124704
1791.872070 0.128995
1793.285767 0.125015
1794.699219 0.126299
1796.111572 0.127591
1797.523071 0.125337
1798.933350 0.125700
1800.343140 0.124123
1801.751953 0.126591
1803.160278 0.125642
1804.567383 0.128333
1805.973999 0.126221
1807.379395 0.127241
1808.784058 0.122176
1810.187744 0.129219
1811.591064 0.123772
1812.993042 0.124144
1814.394409 0.126208
1815.794800 0.128637
1817.194458 0.125602
1818.593140 0.123045
1819.991455 0.121546
1821.388550 0.124531
1822.784790 0.127979
1824.180298 0.119580
1825.574707 0.123857
1826.968750 0.122465
1828.361816 0.125627
1829.753784 0.123529
1831.145020 0.126384
1832.535522 0.122878
1833.925049 0.121093
1835.314087 0.125138
1836.701904 0.125358
1838.089111 0.131098
1839.475220 0.121152
1840.860840 0.124364
1842.245239 0.121768
1843.629150 0.120483
1845.012085 0.124570
1846.394287 0.121727
1847.775635 0.123372
1849.156006 0.122735
1850.535645 0.120557
1851.914673 0.124338
1853.292725 0.120916
1854.669800 0.126823
1856.046143 0.123955
1857.421631 0.124252
1858.796143 0.126754
1860.170410 0.118957
1861.543579 0.121198
1862.915649 0.126340
1864.286987 0.124795
1865.657471 0.125329
1867.027466 0.123215
1868.396362 0.124644
1869.764648 0.120931
1871.131836 0.121434
1872.498169 0.122521
1873.863892 0.126480
1875.228882 0.120225
1876.592896 0.123604
1877.956177 0.123870
1879.318481 0.121582
1880.679932 0.124697
1882.040771 0.118589
1883.400879 0.121429
1884.760010 0.124323
1886.118164 0.121249
1887.475830 0.117306
1888.832397 0.122106
1890.188354 0.123051
1891.543457 0.125122
1892.897827 0.121267
1894.251099 0.119370
1895.603638 0.120632
1896.955444 0.121292
1898.306396 0.121837
1899.656860 0.121180
1901.006348 0.119848
1902.354614 0.123399
1903.702637 0.124911
1905.049561 0.122478
1906.395752 0.123660
1907.741211 0.123061
1909.085815 0.123685
1910.429321 0.118226
1911.772339 0.122748
1913.114380 0.122479
1914.455933 0.121187
1915.796509 0.121699
1917.136108 0.119538
1918.474854 0.124201
1919.813110 0.123613
1921.150391 0.125352
1922.487061 0.121357
1923.822632 0.120453
1925.157593 0.119950
1926.491577 0.121864
1927.824829 0.122064
1929.157227 0.123747
1930.489258 0.117260
1931.820190 0.118246
1933.150269 0.121850
1934.479492 0.120324
1935.807983 0.124024
1937.135620 0.121955
1938.462891 0.121008
1939.788818 0.119610
1941.114136 0.122773
1942.438721 0.115213
1943.762451 0.118909
1945.085327 0.124697
1946.407715 0.120245
1947.729004 0.117407
1949.049561 0.122448
1950.369263 0.114289
1951.688110 0.123139
1953.006592 0.118876
1954.323975 0.119363
1955.640503 0.119686
1956.956421 0.119767
1958.271240 0.118393
1959.585571 0.116342
1960.899048 0.122363
1962.211792 0.123823
1963.523560 0.121135
1964.834717 0.117516
1966.144897 0.121398
1967.454468 0.118779
1968.763428 0.120512
1970.071289 0.114489
1971.378418 0.116550
1972.684692 0.114152
1973.990234 0.118779
1975.295166 0.117126
1976.599121 0.117886
1977.902588 0.116662
1979.204956 0.121760
1980.506714 0.115759
1981.807495 0.115977
1983.107544 0.114923
1984.406982 0.112798
1985.705566 0.119091
1987.003296 0.117634
1988.300171 0.114571
1989.596436 0.117811
1990.891846 0.120807
1992.186523 0.119294
1993.480713 0.117053
1994.773560 0.117011
1996.066040 0.116683
1997.357422 0.114511
1998.648560 0.115638
1999.938477 0.115352
2001.227539 0.116780
2002.515869 0.118438
2003.803711 0.116376
2005.090454 0.117656
2006.376831 0.116053
2007.662109 0.118424
2008.946655 0.114040
2010.230469 0.119937
2011.513550 0.115717
2012.795776 0.116150
2014.077393 0.117889
2015.358276 0.116618
2016.638184 0.111087
2017.917236 0.113020
2019.195801 0.115282
2020.473145 0.117570
2021.750488 0.119880
2023.026245 0.113274
2024.301880 0.119333
2025.576172 0.111684
2026.850098 0.115513
2028.123291 0.116716
2029.395752 0.115107
2030.667114 0.115189
2031.937866 0.111015
2033.207642 0.118704
2034.476929 0.114525
2035.745728 0.113641
2037.013306 0.110686
2038.280396 0.111757
2039.546387 0.114369
2040.811768 0.114726
2042.076416 0.116653
2043.340576 0.108893
2044.603760 0.115694
2045.866089 0.114652
2047.127563 0.113129
2048.388428 0.107402
2049.648438 0.113667
2050.908203 0.114111
2052.166992 0.113397
2053.424561 0.111205
2054.681641 0.107394
2055.937988 0.118265
2057.193359 0.113975
2058.448242 0.116231
2059.702393 0.113446
2060.955566 0.113793
2062.208008 0.115094
2063.459717 0.111468
2064.710938 0.110825
2065.961426 0.114726
2067.210938 0.114006
2068.459717 0.110230
2069.707520 0.113768
2070.955078 0.117680
2072.201416 0.114231
2073.447266 0.110262
2074.692139 0.107179
2075.936523 0.115406
2077.179932 0.107694
2078.422852 0.107625
2079.665039 0.115406
2080.906250 0.107801
2082.146729 0.108509
2083.386475 0.109283
2084.625488 0.111585
2085.863770 0.108645
2087.101563 0.108067
2088.338379 0.112102
2089.574219 0.111596
2090.809570 0.112750
2092.044189 0.108101
2093.277832 0.108584
2094.511230 0.109449
2095.743408 0.112527
2096.974854 0.108272
2098.205566 0.108580
2099.436035 0.111052
2100.665039 0.107734
2101.893799 0.107856
2103.121826 0.109171
2104.348877 0.109223
2105.575439 0.108902
2106.801025 0.114346
2108.026123 0.109791
2109.250244 0.115312
2110.473633 0.111724
2111.696289 0.113030
2112.918213 0.105743
2114.139404 0.118150
2115.360352 0.119170
2116.580078 0.110818
2117.798584 0.111029
2119.016846 0.114944
2120.234619 0.110102
2121.451172 0.105025
2122.667725 0.110955
2123.883057 0.112022
2125.097412 0.114603
2126.311279 0.106663
2127.524902 0.106867
2128.736816 0.116237
2129.948730 0.112433
2131.159668 0.108560
2132.369873 0.109742
2133.579346 0.112355
2134.788086 0.106603
2135.996094 0.108528
2137.203857 0.113295
2138.410156 0.108174
2139.616211 0.106016
2140.821045 0.111768
2142.025391 0.108604
2143.229004 0.112345
2144.431885 0.108099
2145.634277 0.108758
2146.835693 0.111859
2148.036377 0.110945
2149.236572 0.112142
2150.435547 0.104190
2151.634521 0.107726
2152.832520 0.113309
2154.029297 0.104950
2155.225830 0.101937
2156.421631 0.103684
2157.616699 0.106426
2158.810791 0.110495
2160.004150 0.108571
2161.197021 0.116236
2162.389160 0.111554
2163.580322 0.104571
2164.771240 0.113326
2165.961182 0.114435
2167.150146 0.106902
2168.338623 0.102079
2169.526123 0.102116
2170.713379 0.107030
2171.899902 0.106320
2173.085693 0.105481
2174.270264 0.107484
2175.454590 0.107878
2176.637695 0.103601
2177.820313 0.104290
2179.002686 0.108419
2180.184082 0.103781
2181.364746 0.116193
2182.544434 0.111798
2183.723389 0.106760
2184.901855 0.107131
2186.079834 0.104813
2187.257080 0.113615
2188.432861 0.108400
2189.608643 0.110488
2190.783447 0.104808
2191.957764 0.106485
2193.131104 0.110848
2194.303711 0.108572
2195.475830 0.108547
2196.646973 0.108833
2197.817871 0.109210
2198.988037 0.103427
2200.156982 0.105125
2201.325439 0.106536
2202.493164 0.107125
2203.660156 0.108655
2204.826660 0.107527
2205.992432 0.110887
2207.157227 0.107180
2208.321533 0.104729
2209.484863 0.104916
2210.647949 0.105721
2211.809814 0.098652
2212.971436 0.108672
2214.131836 0.108970
2215.292236 0.104295
2216.451416 0.103073
2217.609863 0.098512
2218.767822 0.107846
2219.925293 0.107550
2221.081543 0.107544
2222.237305 0.113657
2223.392334 0.109397
2224.546875 0.107690
2225.700439 0.104713
2226.853271 0.110118
2228.005859 0.102937
2229.157471 0.104673
2230.308105 0.106513
2231.458252 0.109363
2232.607910 0.102471
2233.756836 0.110195
2234.905029 0.099692
2236.052246 0.108540
2237.198975 0.101732
2238.344971 0.106186
2239.490234 0.109609
2240.634766 0.103436
2241.778564 0.107008
2242.921875 0.114268
2244.064209 0.104142
2245.206055 0.109151
2246.347412 0.107780
2247.487793 0.104487
2248.627686 0.103009
2249.766602 0.109449
2250.905029 0.106184
2252.042480 0.104316
2253.179688 0.118092
2254.315674 0.105981
2255.451660 0.102277
2256.586182 0.112187
2257.720459 0.107067
2258.854004 0.103151
2259.986816 0.109023
2261.118896 0.105817
2262.250488 0.109589
2263.381104 0.102215
2264.511230 0.106158
2265.640869 0.104717
2266.769531 0.107448
2267.897461 0.105797
2269.024658 0.108216
2270.151123 0.101270
2271.277100 0.102851
2272.402832 0.101815
2273.527344 0.114792
2274.651123 0.100317
2275.774170 0.107633
2276.896729 0.103356
2278.018555 0.110616
2279.139893 0.106108
2280.260010 0.111050
2281.379883 0.112032
2282.499023 0.101498
2283.617432 0.107168
2284.735107 0.104733
2285.852295 0.101558
2286.968750 0.107994
2288.084473 0.099207
2289.199219 0.099623
2290.313721 0.101885
2291.427246 0.100100
2292.540283 0.099948
2293.652588 0.102639
2294.763916 0.108483
2295.875000 0.103292
2296.985352 0.100141
2298.094727 0.105893
2299.203857 0.093675
2300.312012 0.114662
2301.419678 0.102810
2302.526367 0.099147
2303.632568 0.105297
2304.738281 0.105463
2305.843018 0.108251
2306.947266 0.105151
2308.050537 0.098744
2309.153564 0.105203
2310.255615 0.109814
2311.357422 0.097279
2312.458252 0.105666
2313.558105 0.101104
2314.657715 0.103776
2315.756592 0.110199
2316.854248 0.098201
2317.952148 0.103282
2319.048828 0.100767
2320.144775 0.103748
2321.240234 0.105055
2322.334961 0.109388
2323.428955 0.105266
2324.522949 0.104705
2325.615479 0.114085
2326.707275 0.105630
2327.798828 0.104735
2328.889404 0.112217
2329.979492 0.106933
2331.069092 0.099740
2332.157715 0.108592
2333.245850 0.096636
2334.333008 0.102252
2335.420166 0.105047
2336.506348 0.099164
2337.591553 0.106437
2338.676270 0.102448
2339.760498 0.104257
2340.843750 0.106513
2341.926514 0.096513
2343.008301 0.098461
2344.090088 0.099667
2345.170898 0.101511
2346.250977 0.108001
2347.330078 0.093045
2348.408936 0.099503
2349.487305 0.100540
2350.564697 0.105934
2351.641357 0.108166
2352.717529 0.104328
2353.792969 0.104601
2354.867676 0.100591
2355.942139 0.097207
2357.015625 0.099855
2358.088379 0.101886
2359.160400 0.100562
2360.232178 0.099995
2361.302979 0.099385
2362.373291 0.104919
2363.442871 0.098696
2364.511475 0.099704
2365.579834 0.095284
2366.647461 0.102874
2367.714355 0.103132
2368.780518 0.104748
2369.846191 0.103611
2370.911133 0.102376
2371.975586 0.101424
2373.039063 0.095811
2374.102295 0.109145
2375.164795 0.108617
2376.226318 0.104809
2377.287354 0.094579
2378.347656 0.100638
2379.407471 0.096305
2380.466797 0.099820
2381.525146 0.097093
2382.583008 0.104917
2383.639893 0.095966
2384.696533 0.102413
2385.752197 0.096681
2386.807617 0.100239
2387.862305 0.098203
2388.915771 0.099452
2389.968994 0.106278
2391.021729 0.102225
2392.073486 0.107329
2393.125000 0.101865
2394.175537 0.106994
2395.225586 0.102821
2396.274902 0.110954
2397.323730 0.097440
2398.371826 0.101284
2399.419189 0.098200
2400.466064 0.099330
2401.511719 0.108473
2402.557617 0.101902
2403.602295 0.102079
2404.646729 0.104899
2405.690430 0.097723
2406.733154 0.097903
2407.775391 0.099330
2408.817139 0.098042
2409.857910 0.101178
2410.898438 0.104948
2411.938232 0.103785
2412.977295 0.100817
2414.015625 0.100097
2415.053467 0.099475
2416.090576 0.097092
2417.126953 0.100223
2418.162842 0.097297
2419.198242 0.096351
2420.232666 0.099714
2421.266602 0.094800
2422.299805 0.103218
2423.332764 0.094337
2424.364746 0.095198
2425.395996 0.103113
2426.427002 0.109306
2427.457031 0.098013
2428.486328 0.101448
2429.515381 0.103722
2430.543701 0.098866
2431.571289 0.096138
2432.597900 0.106530
2433.624512 0.103748
2434.649902 0.093895
2435.675293 0.102735
2436.699463 0.101632
2437.723389 0.099438
2438.746094 0.091629
2439.768799 0.090274
2440.791016 0.099167
2441.812012 0.096967
2442.832764 0.095921
2443.852539 0.105310
2444.872070 0.092530
2445.890625 0.104341
2446.909180 0.097673
2447.926514 0.098115
2448.943604 0.105047
2449.959473 0.110269
2450.975098 0.096553
2451.989990 0.097789
2453.004639 0.101444
2454.018066 0.090638
2455.031006 0.094410
2456.043457 0.107221
2457.055420 0.095522
2458.066650 0.105149
2459.077393 0.091736
2460.087158 0.102595
2461.096680 0.096372
2462.105225 0.099627
2463.113037 0.101193
2464.120605 0.104979
2465.127686 0.095281
2466.133789 0.095024
2467.139160 0.095907
2468.144287 0.104387
2469.148682 0.096637
2470.152344 0.091988
2471.155518 0.098323
2472.157959 0.098530
2473.159668 0.098707
2474.160889 0.108416
2475.161621 0.097669
2476.161621 0.085562
2477.160889 0.102516
2478.159424 0.094651
2479.157715 0.094681
2480.155029 0.095700
2481.152100 0.099469
2482.148438 0.097250
2483.143799 0.098477
2484.138916 0.088941
2485.133545 0.095699
2486.127197 0.097500
2487.120361 0.104054
2488.112793 0.104281
2489.104980 0.091666
2490.096436 0.085875
2491.087158 0.095355
2492.077148 0.092781
2493.066406 0.098391
2494.055664 0.087634
2495.043457 0.097713
2496.031250 0.093699
2497.018311 0.100679
2498.004883 0.097085
2498.990723 0.096618
2499.975586 0.096518
2500.960693 0.102778
2501.944336 0.101628
2502.927734 0.108219
2503.910156 0.093887
2504.892578 0.095830
2505.873779 0.087072
2506.854736 0.094605
2507.835449 0.098993
2508.814941 0.094454
2509.794434 0.109451
2510.772705 0.098843
2511.750732 0.105029
2512.727783 0.095941
2513.704346 0.096007
2514.680420 0.098232
2515.655518 0.095744
2516.630371 0.097727
2517.604736 0.093127
2518.578125 0.106252
2519.552002 0.087831
2520.524170 0.096459
2521.495850 0.104385
2522.467041 0.091471
2523.437500 0.111080
2524.407471 0.107979
2525.376953 0.091589
2526.345703 0.088066
2527.313965 0.085347
2528.281494 0.102665
2529.248047 0.093112
2530.215088 0.085741
2531.180908 0.096642
2532.145752 0.095315
2533.110352 0.087874
2534.074463 0.093722
2535.038086 0.100107
2536.000488 0.100438
2536.962402 0.101261
2537.924072 0.101560
2538.884521 0.097558
2539.845215 0.100307
2540.804932 0.106993
2541.764160 0.087237
2542.723145 0.088208
2543.680664 0.086653
2544.638184 0.097777
2545.594971 0.095984
2546.550781 0.093360
2547.506592 0.095850
2548.461426 0.093717
2549.416016 0.100916
2550.369873 0.097605
2551.322754 0.104846
2552.275391 0.105385
2553.227783 0.104162
2554.178955 0.087789
2555.130127 0.098047
2556.080322 0.095879
2557.029785 0.096257
2557.978760 0.088856
2558.927246 0.104715
2559.875000 0.096835
2560.822266 0.089328
2561.768799 0.089402
2562.715332 0.101082
2563.661133 0.097770
2564.605957 0.101679
2565.549805 0.099302
2566.493896 0.098408
2567.437012 0.094868
2568.379395 0.098328
2569.321045 0.100199
2570.262695 0.085789
2571.203613 0.088859
2572.143555 0.094911
2573.083008 0.089305
2574.021973 0.092695
2574.960693 0.096180
2575.898682 0.099711
2576.835938 0.089858
2577.772461 0.095760
2578.708496 0.095968
2579.644287 0.080081
2580.578857 0.091087
2581.513428 0.099568
2582.446777 0.096135
2583.380127 0.099353
2584.312744 0.103174
2585.244629 0.104022
2586.176758 0.093883
2587.107422 0.088913
2588.037842 0.090818
2588.967041 0.085615
2589.896484 0.091433
2590.824951 0.100598
2591.752441 0.085340
2592.679932 0.100403
2593.606689 0.093052
2594.532959 0.089318
2595.458252 0.097076
2596.383545 0.097831
2597.308350 0.093113
2598.231934 0.098759
2599.155518 0.082493
2600.078125 0.105595
2601.000244 0.094967
2601.921631 0.084680
2602.842773 0.098766
2603.762939 0.086748
2604.682617 0.096065
2605.601807 0.099905
2606.520508 0.090592
2607.438965 0.096207
2608.356689 0.091019
2609.273438 0.099429
2610.189941 0.099644
2611.105713 0.100692
2612.020752 0.100092
2612.935303 0.078105
2613.849365 0.101878
2614.762939 0.084132
2615.675781 0.084418
2616.588135 0.102805
2617.499756 0.079110
2618.411377 0.096017
2619.322266 0.095758
2620.232178 0.087750
2621.141846 0.104576
2622.050781 0.076198
2622.958740 0.099081
2623.866699 0.097813
2624.774170 0.098077
2625.680420 0.087599
2626.586670 0.091227
2627.492432 0.102957
2628.397217 0.090841
2629.301758 0.083355
2630.205811 0.081523
2631.108643 0.094292
2632.011719 0.081989
2632.913574 0.072778
2633.814941 0.086961
2634.716064 0.085657
2635.616211 0.093256
2636.516357 0.086577
2637.415283 0.073216
2638.314209 0.103626
2639.212891 0.099938
2640.110596 0.078047
2641.007568 0.110480
2641.903809 0.087622
2642.799316 0.114369
2643.694580 0.099259
2644.589844 0.097741
2645.484131 0.081992
2646.377686 0.082416
2647.270508 0.088054
2648.163330 0.098827
2649.055176 0.103625
2649.947021 0.084444
2650.837891 0.098645
2651.728271 0.096848
2652.618164 0.097703
2653.506836 0.107406
2654.395752 0.097235
2655.283691 0.086257
2656.171143 0.083771
2657.058350 0.089325
2657.944336 0.082420
2658.830322 0.093389
2659.716064 0.101871
2660.600586 0.090314
2661.484619 0.087000
2662.368652 0.092544
2663.251465 0.096157
2664.133789 0.083495
2665.016113 0.092834
2665.896973 0.092419
2666.778076 0.093731
2667.658203 0.097954
2668.538086 0.110210
2669.417480 0.098604
2670.296143 0.093108
2671.174316 0.097478
2672.052002 0.111793
2672.928955 0.079580
2673.805176 0.097165
2674.681152 0.084200
2675.556396 0.089462
2676.431152 0.089721
2677.305176 0.083975
2678.178955 0.098085
2679.052002 0.079475
2679.924805 0.080128
2680.796875 0.091924
2681.668457 0.101391
2682.539307 0.096540
2683.410156 0.094124
2684.279785 0.097657
2685.148926 0.074323
2686.017822 0.097660
2686.885986 0.088146
2687.753662 0.109937
2688.620605 0.092429
2689.487305 0.068448
2690.354004 0.095204
2691.219238 0.078883
2692.083740 0.088139
2692.948486 0.087540
2693.812012 0.078842
2694.675537 0.091167
2695.538086 0.088229
2696.400146 0.095069
2697.261963 0.111149
2698.123291 0.085087
2698.983887 0.091390
2699.843750 0.135608
2700.703857 0.076252
2701.562744 0.086688
2702.420898 0.074709
2703.278809 0.101954
2704.136230 0.099676
2704.993164 0.121834
2705.849365 0.089755
2706.704834 0.090738
2707.560303 0.088555
2708.414795 0.083095
2709.269287 0.096961
2710.123047 0.074401
2710.975830 0.083803
2711.828613 0.094387
2712.680664 0.092097
2713.531982 0.094810
2714.382813 0.080547
2715.233154 0.097484
2716.083008 0.100234
2716.931885 0.090068
2717.781006 0.079495
2718.629395 0.081850
2719.477051 0.106738
2720.324951 0.098430
2721.171387 0.081373
2722.017334 0.087752
2722.862793 0.079233
2723.708252 0.104173
2724.552246 0.084475
2725.396729 0.089870
2726.239990 0.097507
2727.082764 0.084729
2727.925049 0.093280
2728.767090 0.065614
2729.608154 0.091100
2730.449707 0.087164
2731.289795 0.083322
2732.129395 0.094855
2732.968994 0.086623
2733.807617 0.092246
2734.645996 0.081386
2735.483643 0.094082
2736.320068 0.076893
2737.156982 0.116768
2737.993164 0.083019
2738.828613 0.083529
2739.664307 0.091310
2740.498535 0.094755
2741.332764 0.075375
2742.165771 0.077241
2742.998779 0.064292
2743.831299 0.100239
2744.663086 0.098652
2745.494629 0.087711
2746.325195 0.104704
2747.155518 0.065162
2747.985107 0.083647
2748.814697 0.085119
2749.643799 0.104266
2750.472168 0.073045
2751.299805 0.095481
2752.126709 0.100415
2752.953613 0.075029
2753.779541 0.073768
2754.605225 0.098909
2755.430420 0.088744
2756.254883 0.091828
2757.079102 0.096535
2757.902588 0.097395
2758.726074 0.088599
2759.548828 0.074891
2760.370605 0.097177
2761.192139 0.071243
2762.013184 0.088444
2762.833496 0.078462
2763.653320 0.102886
2764.472900 0.072679
2765.291992 0.084734
2766.110107 0.089244
2766.927979 0.097517
2767.745361 0.099164
2768.562744 0.099722
2769.379395 0.079207
2770.195068 0.086012
2771.010498 0.081308
2771.825195 0.089141
2772.639404 0.083081
2773.453369 0.103993
2774.266602 0.060537
2775.079346 0.098334
2775.891846 0.068085
2776.703369 0.076047
2777.514404 0.096445
2778.325928 0.055231
2779.135986 0.102920
2779.945801 0.089451
2780.755127 0.082336
2781.563721 0.101680
2782.372070 0.083233
2783.179932 0.084126
2783.986816 0.083015
2784.793457 0.082651
2785.599854 0.080658
2786.405273 0.090625
2787.210938 0.094523
2788.015869 0.072267
2788.819824 0.084887
2789.623535 0.065101
2790.426514 0.079353
2791.229248 0.080474
2792.031250 0.092224
2792.833008 0.095384
2793.633789 0.094457
2794.434814 0.091381
2795.235107 0.076029
2796.034912 0.082898
2796.833984 0.071419
2797.632813 0.061503
2798.431152 0.089711
2799.229004 0.066591
2800.026123 0.086957
2800.822754 0.093830
2801.618896 0.100793
2802.414551 0.108726
2803.209473 0.081621
2804.004395 0.098709
2804.798584 0.083516
2805.592285 0.082495
2806.385986 0.110725
2807.178223 0.074613
2807.970703 0.072290
2808.762207 0.076575
2809.553467 0.072273
2810.344238 0.082979
2811.134277 0.068139
2811.924072 0.088103
2812.713135 0.084808
2813.501953 0.082869
2814.290039 0.083044
2815.078613 0.095811
2815.865723 0.078188
2816.652832 0.093229
2817.438965 0.064213
2818.224854 0.074034
2819.010010 0.090427
2819.794922 0.079958
2820.578857 0.109148
2821.363037 0.106185
2822.146240 0.091509
2822.929199 0.076289
2823.711670 0.078971
2824.493896 0.087328
2825.275146 0.063447
2826.056152 0.095915
2826.836670 0.089067
2827.616455 0.082865
2828.396240 0.079543
2829.175049 0.096162
2829.953369 0.096465
2830.731689 0.075125
2831.509033 0.113355
2832.286133 0.091797
2833.062500 0.116963
2833.839111 0.101629
2834.614502 0.113149
2835.389893 0.092334
2836.164063 0.067159
2836.938477 0.107779
2837.712402 0.082181
2838.485107 0.063618
2839.258057 0.096805
2840.030273 0.072394
2840.802002 0.111012
2841.573486 0.100546
2842.344727 0.066129
2843.114990 0.065242
2843.884766 0.097086
2844.653809 0.097529
2845.422852 0.082449
2846.191406 0.091246
2846.958984 0.098407
2847.726563 0.068512
2848.493896 0.107315
2849.260254 0.069200
2850.026123 0.073643
2850.791504 0.078315
2851.557373 0.083222
2852.321777 0.075749
2853.086182 0.115891
2853.849609 0.094003
2854.612793 0.098930
2855.375732 0.079468
2856.137695 0.063411
2856.899414 0.059489
2857.661133 0.091912
2858.421631 0.083532
2859.182373 0.111112
2859.942139 0.095519
2860.701660 0.084215
2861.460938 0.090511
2862.218994 0.054028
2862.977051 0.113864
2863.734863 0.080229
2864.491699 0.085321
2865.248535 0.112145
2866.004395 0.090832
2866.760010 0.082888
2867.515381 0.090148
2868.270020 0.092655
2869.025146 0.084730
2869.778564 0.090681
2870.532227 0.096812
2871.284912 0.063428
2872.037598 0.108532
2872.789307 0.090790
2873.541016 0.058578
2874.291748 0.109433
2875.042480 0.121303
2875.792480 0.094747
2876.542236 0.052584
2877.291260 0.089980
2878.040771 0.094002
2878.788818 0.078266
2879.536865 0.124021
2880.283691 0.082419
2881.031006 0.103218
2881.777344 0.059848
2882.523193 0.101592
2883.268555 0.099199
2884.013916 0.094698
2884.758301 0.079226
2885.502441 0.066555
2886.246826 0.068289
2886.989990 0.072251
2887.732910 0.061873
2888.475098 0.108584
2889.216797 0.080320
2889.958252 0.042620
2890.699219 0.092570
2891.439697 0.103183
2892.179688 0.054930
2892.919189 0.067853
2893.658691 0.096027
2894.397217 0.059423
2895.135986 0.091298
2895.873779 0.085170
2896.611084 0.098416
2897.347900 0.080405
2898.084473 0.070652
2898.820313 0.099188
2899.556152 0.086232
2900.291016 0.091759
2901.025635 0.103636
2901.759766 0.094918
2902.493896 0.051480
2903.227051 0.081431
2903.960205 0.079385
2904.692871 0.045270
2905.424805 0.109131
2906.156250 0.103628
2906.887207 0.103612
spectrumdark 2048
-92.801430 7496.000000
-90.197281 7496.000000
-87.594902 7314.000000
-84.994270 7282.000000
-82.395393 7255.000000
-79.798264 7559.000000
-77.202896 7010.000000
-74.609276 7242.000000
-72.017395 6478.000000
-69.427269 7035.000000
-66.838882 8207.000000
-64.252251 7048.000000
-61.667355 7356.000000
-59.084198 6906.000000
-56.502785 7324.000000
-53.923103 7718.000000
-51.345161 7330.000000
-48.768955 6948.000000
-46.194481 7030.000000
-43.621735 7481.000000
-41.050728 7499.000000
-38.481441 7566.000000
-35.913887 7224.000000
-33.348053 7465.000000
-30.783951 6752.000000
-28.221565 7435.000000
-25.660910 7732.000000
-23.101974 7161.000000
-20.544748 8068.000000
-17.989241 7346.000000
-15.435456 7951.000000
-12.883386 7285.000000
-10.333021 7725.000000
-7.784369 7616.000000
-5.237432 7705.000000
-2.692206 7007.000000
-0.148679 7089.000000
2.393143 7280.000000
4.933253 7794.000000
7.471660 7128.000000
10.008373 7735.000000
12.543387 6943.000000
15.076694 7285.000000
17.608305 7240.000000
20.138226 7053.000000
22.666454 8163.000000
25.192984 7219.000000
27.717817 7396.000000
30.240974 7217.000000
32.762444 7462.000000
35.282223 7600.000000
37.800301 7256.000000
40.316708 7830.000000
42.831432 7495.000000
45.344463 7541.000000
47.855827 7204.000000
50.365517 7147.000000
52.873524 8141.000000
55.379860 7229.000000
57.884502 7271.000000
60.387493 8241.000000
62.888809 7285.000000
65.388443 7622.000000
67.886421 6798.000000
70.382729 7116.000000
72.877380 7848.000000
75.370354 7944.000000
77.861656 7432.000000
80.351311 7481.000000
82.839317 7174.000000
85.325630 7214.000000
87.810310 7531.000000
90.293335 6965.000000
92.774704 7164.000000
95.254410 7336.000000
97.732468 7248.000000
100.208878 7579.000000
102.683655 7407.000000
105.156746 7126.000000
107.628212 7275.000000
110.098038 7618.000000
112.566216 7500.000000
115.032768 7171.000000
117.497650 7542.000000
119.960907 7276.000000
122.422531 7069.000000
124.882515 6858.000000
127.340858 7027.000000
129.797562 7058.000000
132.252655 7849.000000
134.706100 6976.000000
137.157913 7497.000000
139.608109 7036.000000
142.056671 7546.000000
144.503616 7720.000000
146.948929 7569.000000
149.392639 8024.000000
151.834702 7064.000000
154.275146 7964.000000
156.713974 7873.000000
159.151215 7645.000000
161.586792 6842.000000
164.020767 7823.000000
166.453156 7050.000000
168.883911 7664.000000
171.313049 7464.000000
173.740601 7371.000000
176.166534 7122.000000
178.590836 7399.000000
181.013565 7054.000000
183.434692 7642.000000
185.854202 7364.000000
188.272125 7264.000000
190.688431 7753.000000
193.103149 8046.000000
195.516266 6901.000000
197.927795 7221.000000
200.337723 7369.000000
202.746048 7676.000000
205.152802 8098.000000
207.557938 7421.000000
209.961487 7823.000000
212.363480 7663.000000
214.763855 6996.000000
217.162643 7281.000000
219.559906 7563.000000
221.955505 7187.000000
224.349594 7679.000000
226.742050 6658.000000
229.132935 7642.000000
231.522278 7036.000000
233.910019 7224.000000
236.296188 7465.000000
238.680771 6966.000000
241.063797 6917.000000
243.445282 8178.000000
245.825150 7397.000000
248.203445 7072.000000
250.580215 6886.000000
252.955383 7298.000000
255.328995 7752.000000
257.701080 7052.000000
260.071594 6926.000000
262.440521 7813.000000
264.807892 7025.000000
267.173706 7066.000000
269.537994 7025.000000
271.900696 7401.000000
274.261841 7083.000000
276.621460 7551.000000
278.979492 7069.000000
281.335999 7439.000000
283.690918 7151.000000
286.044312 7364.000000
288.396240 7796.000000
290.746521 7088.000000
293.095245 7599.000000
295.442535 6676.000000
297.788208 7461.000000
300.132385 7567.000000
302.474945 7165.000000
304.816040 6711.000000
307.155579 6882.000000
309.493591 7616.000000
311.830078 17980.000000
314.165009 7755.000000
316.498413 7239.000000
318.830292 7721.000000
321.160645 7365.000000
323.489441 7753.000000
325.816742 7416.000000
328.142517 7617.000000
330.466766 7393.000000
332.789520 7668.000000
335.110748 7507.000000
337.430420 7761.000000
339.748566 8204.000000
342.065216 7211.000000
344.380341 7462.000000
346.693970 7907.000000
349.006134 6982.000000
351.316711 7170.000000
353.625793 8164.000000
355.933380 7470.000000
358.239441 7816.000000
360.544006 7114.000000
362.847107 7750.000000
365.148590 7929.000000
367.448669 7487.000000
369.747223 7521.000000
372.044250 7537.000000
374.339874 7389.000000
376.633881 7003.000000
378.926453 8157.000000
381.217529 7067.000000
383.507080 6862.000000
385.795166 7821.000000
388.081696 7715.000000
390.366852 6903.000000
392.650452 7743.000000
394.932556 7439.000000
397.213135 7424.000000
399.492310 7631.000000
401.769989 8420.000000
404.046173 8404.000000
406.320862 9204.000000
408.594086 8197.000000
410.865784 8249.000000
413.136017 10807.000000
415.404846 11822.000000
417.672089 11886.000000
419.937927 10400.000000
422.202332 8854.000000
424.465149 7492.000000
426.726593 7306.000000
428.986511 7310.000000
431.244965 6858.000000
433.502014 7284.000000
435.757538 7390.000000
438.011658 7934.000000
440.264221 7951.000000
442.515381 7882.000000
444.765106 7014.000000
447.013275 7789.000000
449.260040 7086.000000
451.505371 7256.000000
453.749176 7326.000000
455.991608 7022.000000
458.232544 7369.000000
460.471985 7839.000000
462.710022 7909.000000
464.946655 7917.000000
467.181824 7279.000000
469.415436 7871.000000
471.647736 7728.000000
473.878510 7500.000000
476.107788 7154.000000
478.335785 7343.000000
480.562225 7169.000000
482.787201 6737.000000
485.010895 7228.000000
487.232971 7754.000000
489.453613 7600.000000
491.672974 7695.000000
493.890778 7443.000000
496.107147 7250.000000
498.322205 7584.000000
500.535706 7862.000000
502.747742 7148.000000
504.958496 7523.000000
507.167694 6957.000000
509.375610 7643.000000
511.581940 7046.000000
513.786865 7373.000000
515.990540 6753.000000
518.192627 7080.000000
520.393250 7213.000000
522.592651 7855.000000
524.790466 7384.000000
526.986816 7692.000000
529.181946 7878.000000
531.375549 7895.000000
533.567627 8018.000000
535.758484 8202.000000
537.947876 7409.000000
540.135742 7559.000000
542.322449 7287.000000
544.507507 7478.000000
546.691162 7489.000000
548.873657 6891.000000
551.054565 7831.000000
553.234009 7688.000000
555.412170 7274.000000
557.588867 7756.000000
559.764099 7580.000000
561.938110 7142.000000
564.110657 7766.000000
566.281677 7549.000000
568.451538 7494.000000
570.619812 7778.000000
572.786682 7734.000000
574.952271 7606.000000
577.116394 7812.000000
579.279297 6823.000000
581.440613 7321.000000
583.600586 8127.000000
585.759216 7317.000000
587.916382 7402.000000
590.072144 7044.000000
592.226685 8059.000000
594.379639 7532.000000
596.531311 7492.000000
598.681702 7634.000000
600.830566 7394.000000
602.978088 7514.000000
605.124268 7836.000000
607.269043 7649.000000
609.412415 7389.000000
611.554626 7585.000000
613.695129 7398.000000
615.834351 7606.000000
617.972412 7554.000000
620.108948 7360.000000
622.244080 6825.000000
624.377930 7465.000000
626.510376 7393.000000
628.641479 8110.000000
630.771240 7444.000000
632.899536 7699.000000
635.026489 7516.000000
637.152222 8078.000000
639.276428 7905.000000
641.399353 7345.000000
643.520996 8707.000000
645.641113 7943.000000
647.760071 7170.000000
649.877502 7388.000000
651.993713 6940.000000
654.108521 7139.000000
656.221924 7251.000000
658.333923 7849.000000
660.444824 7095.000000
662.554138 7677.000000
664.662231 7355.000000
666.768921 7556.000000
668.874268 8404.000000
670.978210 7296.000000
673.080994 7239.000000
675.182251 7628.000000
677.282288 7050.000000
679.380981 7551.000000
681.478210 7161.000000
683.574158 7303.000000
685.668945 7389.000000
687.762207 7738.000000
689.854126 8664.000000
691.944824 8991.000000
694.034119 9718.000000
696.122009 9360.000000
698.208740 9409.000000
700.294128 8189.000000
702.377991 7849.000000
704.460754 7206.000000
706.542175 7129.000000
708.622070 7487.000000
710.700867 7180.000000
712.778137 8099.000000
714.854370 7937.000000
716.929077 6970.000000
719.002441 7736.000000
721.074585 7634.000000
723.145386 7131.000000
725.214783 7646.000000
727.283020 7393.000000
729.349792 7406.000000
731.415344 7288.000000
733.479553 7127.000000
735.542480 7662.000000
737.604004 7148.000000
739.664429 7634.000000
741.723328 7005.000000
743.780945 8928.000000
745.837402 6809.000000
747.892456 8134.000000
749.946167 7866.000000
751.998718 11755.000000
754.049866 7006.000000
756.099609 7531.000000
758.148315 7443.000000
760.195496 7558.000000
762.241394 6746.000000
764.286194 7361.000000
766.329529 7010.000000
768.371582 7213.000000
770.412415 7370.000000
772.451843 7329.000000
774.490051 7511.000000
776.527039 7949.000000
778.562683 6931.000000
780.597046 7662.000000
782.630066 7372.000000
784.661865 7905.000000
786.692383 8127.000000
788.721497 7635.000000
790.749390 7802.000000
792.776123 7539.000000
794.801392 7090.000000
796.825500 7842.000000
798.848328 8216.000000
800.869751 7149.000000
802.890015 7356.000000
804.909058 7531.000000
806.926758 7485.000000
808.943054 7818.000000
810.958130 7580.000000
812.972107 7566.000000
814.984741 7138.000000
816.995972 7627.000000
819.006165 8058.000000
821.014954 7305.000000
823.022522 7117.000000
825.028748 7410.000000
827.033691 7953.000000
829.037537 7475.000000
831.039978 7617.000000
833.041138 7024.000000
835.041138 7647.000000
837.039795 7943.000000
839.037231 7600.000000
841.033508 7704.000000
843.028320 7421.000000
845.021912 8451.000000
847.014465 7535.000000
849.005554 8654.000000
850.995422 7511.000000
852.984131 7572.000000
854.971497 7588.000000
856.957520 7715.000000
858.942566 7577.000000
860.926147 7083.000000
862.908569 7432.000000
864.889771 8334.000000
866.869690 7275.000000
868.848206 8019.000000
870.825806 7596.000000
872.801941 7175.000000
874.776794 7698.000000
876.750671 7576.000000
878.723083 7829.000000
880.694214 7110.000000
882.664307 7499.000000
884.632996 7663.000000
886.600464 6966.000000
888.566833 7122.000000
890.531799 7894.000000
892.495728 7480.000000
894.458313 7840.000000
896.419617 6908.000000
898.379822 7679.000000
900.338684 7598.000000
902.296326 7121.000000
904.252808 7482.000000
906.207947 7706.000000
908.161865 7847.000000
910.114746 7606.000000
912.066284 7843.000000
914.016541 6830.000000
915.965637 7246.000000
917.913574 7419.000000
919.860168 7401.000000
921.805725 7672.000000
923.749878 7754.000000
925.692810 7326.000000
927.634705 7456.000000
929.575256 8411.000000
931.514587 7286.000000
933.452759 7654.000000
935.389709 6992.000000
937.325439 7253.000000
939.259949 7421.000000
941.193237 7561.000000
943.125305 7450.000000
945.056213 7728.000000
946.985901 7247.000000
948.914551 7119.000000
950.841736 7928.000000
952.767761 7788.000000
954.692749 7442.000000
956.616394 7124.000000
958.538757 7627.000000
960.460083 7446.000000
962.380127 7129.000000
964.298950 7590.000000
966.216736 7590.000000
968.133179 7815.000000
970.048340 7229.000000
971.962524 6751.000000
973.875427 7176.000000
975.787109 7230.000000
977.697693 7525.000000
979.606934 7459.000000
981.515015 7035.000000
983.422058 7208.000000
985.327759 7447.000000
987.232300 7571.000000
989.135803 7520.000000
991.037903 7716.000000
992.938843 7818.000000
994.838806 7246.000000
996.737366 7296.000000
998.634827 6981.000000
1000.531189 7015.000000
1002.426270 6891.000000
1004.320190 7596.000000
1006.213074 7661.000000
1008.104492 7536.000000
1009.994873 7444.000000
1011.884094 7620.000000
1013.772156 7301.000000
1015.659058 7032.000000
1017.544800 7282.000000
1019.429260 7515.000000
1021.312683 7217.000000
1023.194885 7409.000000
1025.075684 7663.000000
1026.955566 7701.000000
1028.834351 7191.000000
1030.711792 7114.000000
1032.588257 6839.000000
1034.463379 8101.000000
1036.337280 7887.000000
1038.210327 6726.000000
1040.081909 8058.000000
1041.952515 7432.000000
1043.821899 7367.000000
1045.690063 7484.000000
1047.557007 8174.000000
1049.422974 7353.000000
1051.287720 7149.000000
1053.151245 7072.000000
1055.013672 7378.000000
1056.875122 6962.000000
1058.735107 7245.000000
1060.594238 6876.000000
1062.451782 7667.000000
1064.308594 7578.000000
1066.164063 7242.000000
1068.018433 7835.000000
1069.871826 7606.000000
1071.723877 7740.000000
1073.574707 7525.000000
1075.424561 7450.000000
1077.273193 6947.000000
1079.120605 7097.000000
1080.966919 7178.000000
1082.812256 7099.000000
1084.656250 7774.000000
1086.499268 7727.000000
1088.340942 7592.000000
1090.181641 7428.000000
1092.021118 7070.000000
1093.859497 7189.000000
1095.696777 7016.000000
1097.532837 7162.000000
1099.367798 7872.000000
1101.201538 7201.000000
1103.034424 7215.000000
1104.865845 7300.000000
1106.696289 7876.000000
1108.525757 7305.000000
1110.353760 7711.000000
1112.180786 6567.000000
1114.006836 7181.000000
1115.831421 7080.000000
1117.655273 7270.000000
1119.477905 7683.000000
1121.299194 7099.000000
1123.119385 7300.000000
1124.938843 7599.000000
1126.756714 7348.000000
1128.573608 7332.000000
1130.389404 7560.000000
1132.204224 7882.000000
1134.017822 7127.000000
1135.830200 6921.000000
1137.641479 7325.000000
1139.451782 7343.000000
1141.260864 7492.000000
1143.068848 7194.000000
1144.875732 6902.000000
1146.681396 7640.000000
1148.486084 7056.000000
1150.289673 8071.000000
1152.092041 7317.000000
1153.893433 7340.000000
1155.693604 7585.000000
1157.492798 6899.000000
1159.290771 7460.000000
1161.087646 7408.000000
1162.883301 8056.000000
1164.678101 7112.000000
1166.471680 7704.000000
1168.264038 7929.000000
1170.055420 7250.000000
1171.845825 7357.000000
1173.634888 7570.000000
1175.422974 7673.000000
1177.209961 7156.000000
1178.995728 7760.000000
1180.780518 7131.000000
1182.564209 7046.000000
1184.346802 7910.000000
1186.128418 7326.000000
1187.908813 8029.000000
1189.687988 7637.000000
1191.466309 7719.000000
1193.243530 6744.000000
1195.019287 7691.000000
1196.794434 6867.000000
1198.568115 7533.000000
1200.340942 7763.000000
1202.112671 7313.000000
1203.883179 7968.000000
1205.652710 7402.000000
1207.421143 8688.000000
1209.188354 6999.000000
1210.954590 7291.000000
1212.719849 7836.000000
1214.483887 7714.000000
1216.246826 7591.000000
1218.008667 7503.000000
1219.769409 7470.000000
1221.529297 7334.000000
1223.287964 7086.000000
1225.045532 7352.000000
1226.802124 7767.000000
1228.557495 7161.000000
1230.311890 6931.000000
1232.065186 7537.000000
1233.817505 7397.000000
1235.568481 7245.000000
1237.318604 7596.000000
1239.067627 8279.000000
1240.815674 7635.000000
1242.562378 7540.000000
1244.308228 6835.000000
1246.052979 7027.000000
1247.796631 7775.000000
1249.539185 7448.000000
1251.280640 7262.000000
1253.021240 7491.000000
1254.760620 7366.000000
1256.498901 7083.000000
1258.236328 7640.000000
1259.972290 7264.000000
1261.707397 7267.000000
1263.441528 7431.000000
1265.174561 7019.000000
1266.906616 7854.000000
1268.637573 7214.000000
1270.367432 7403.000000
1272.096069 7336.000000
1273.823975 7160.000000
1275.550537 7529.000000
1277.276001 7426.000000
1279.000732 7292.000000
1280.724243 7722.000000
1282.446777 8022.000000
1284.168091 7106.000000
1285.888428 7177.000000
1287.607788 7206.000000
1289.326172 7116.000000
1291.043335 7385.000000
1292.759399 7165.000000
1294.474609 7547.000000
1296.188843 7293.000000
1297.901855 7282.000000
1299.613647 7413.000000
1301.324463 7716.000000
1303.034546 7303.000000
1304.743408 6767.000000
1306.451050 8126.000000
1308.157959 7807.000000
1309.863525 7942.000000
1311.568359 7177.000000
1313.271973 7453.000000
1314.974731 7353.000000
1316.676147 7240.000000
1318.376831 7165.000000
1320.076294 6814.000000
1321.774658 7305.000000
1323.472168 7600.000000
1325.168457 7433.000000
1326.863892 7162.000000
1328.558228 7642.000000
1330.251587 7196.000000
1331.943848 7399.000000
1333.635132 7228.000000
1335.325195 6854.000000
1337.014282 7489.000000
1338.702637 7358.000000
1340.389771 7263.000000
1342.075684 6977.000000
1343.760864 7725.000000
1345.444946 7667.000000
1347.127930 8233.000000
1348.809937 8824.000000
1350.490845 8947.000000
1352.170776 8406.000000
1353.849854 7948.000000
1355.527710 7063.000000
1357.204590 7438.000000
1358.880493 7487.000000
1360.555298 7343.000000
1362.229248 7393.000000
1363.902100 7759.000000
1365.573730 7410.000000
1367.244751 7579.000000
1368.914307 6996.000000
1370.583130 8147.000000
1372.250854 7708.000000
1373.917603 7670.000000
1375.583374 7302.000000
1377.248047 7533.000000
1378.911621 6804.000000
1380.574463 7377.000000
1382.236084 7707.000000
1383.896729 7818.000000
1385.556274 7359.000000
1387.215088 7125.000000
1388.872681 7184.000000
1390.529297 7244.000000
1392.185059 7345.000000
1393.839600 7563.000000
1395.493164 7603.000000
1397.145874 7369.000000
1398.797363 7092.000000
1400.447998 6723.000000
1402.097656 7403.000000
1403.746216 7108.000000
1405.393921 7291.000000
1407.040649 8508.000000
1408.686157 8092.000000
1410.330811 7848.000000
1411.974487 7874.000000
1413.617065 7269.000000
1415.258667 7029.000000
1416.899292 8325.000000
1418.539063 7233.000000
1420.177734 7818.000000
1421.815186 6815.000000
1423.452026 7303.000000
1425.087524 7277.000000
1426.722168 7349.000000
1428.355957 7061.000000
1429.988647 6872.000000
1431.620483 7160.000000
1433.250977 7439.000000
1434.880981 7398.000000
1436.509644 7692.000000
1438.137329 7907.000000
1439.764160 7839.000000
1441.389893 7170.000000
1443.014648 7513.000000
1444.638550 7130.000000
1446.261475 7488.000000
1447.883179 6824.000000
1449.504150 7725.000000
1451.124146 8155.000000
1452.742920 7269.000000
1454.360962 7465.000000
1455.977905 7565.000000
1457.593872 7387.000000
1459.208984 6947.000000
1460.822754 7532.000000
1462.435913 7319.000000
1464.048096 7323.000000
1465.659180 7308.000000
1467.269409 7755.000000
1468.878418 6961.000000
1470.486572 7257.000000
1472.093872 7002.000000
1473.700073 6761.000000
1475.305298 7206.000000
1476.909546 6851.000000
1478.512939 8315.000000
1480.115234 7416.000000
1481.716675 7372.000000
1483.317261 7713.000000
1484.916626 7023.000000
1486.515137 7319.000000
1488.112549 7198.000000
1489.709106 7785.000000
1491.304810 7397.000000
1492.899414 7372.000000
1494.492920 7531.000000
1496.085693 7693.000000
1497.677612 7402.000000
1499.268066 7355.000000
1500.858276 7446.000000
1502.446899 7776.000000
1504.034912 7041.000000
1505.621948 7257.000000
1507.207764 7394.000000
1508.792969 7633.000000
1510.377075 7381.000000
1511.960205 7837.000000
1513.542114 7527.000000
1515.123413 7010.000000
1516.703857 7547.000000
1518.283203 7711.000000
1519.861450 7487.000000
1521.438843 7054.000000
1523.015015 7331.000000
1524.590698 7411.000000
1526.165405 7084.000000
1527.738892 7040.000000
1529.311646 6947.000000
1530.883179 7604.000000
1532.453735 7759.000000
1534.023926 7337.000000
1535.592773 7754.000000
1537.160400 7284.000000
1538.727417 7481.000000
1540.293579 8439.000000
1541.858521 7947.000000
1543.422852 9229.000000
1544.985962 8319.000000
1546.548218 7680.000000
1548.109497 7255.000000
1549.669800 7671.000000
1551.229248 7172.000000
1552.787842 7013.000000
1554.345337 7748.000000
1555.901978 7014.000000
1557.457520 7123.000000
1559.012207 7054.000000
1560.566162 6781.000000
1562.119141 7237.000000
1563.671021 7614.000000
1565.221924 7168.000000
1566.771851 7642.000000
1568.321045 7088.000000
1569.869385 7277.000000
1571.416870 7842.000000
1572.963135 7380.000000
1574.508423 7518.000000
1576.053101 7177.000000
1577.596313 7188.000000
1579.138916 7738.000000
1580.680908 7299.000000
1582.221313 7360.000000
1583.761353 7148.000000
1585.300049 7482.000000
1586.838013 7370.000000
1588.375366 7204.000000
1589.911499 7379.000000
1591.446655 7494.000000
1592.980835 7337.000000
1594.514038 6784.000000
1596.046631 7282.000000
1597.578125 7240.000000
1599.108887 7040.000000
1600.638306 7100.000000
1602.167114 6829.000000
1603.694946 7541.000000
1605.221802 7339.000000
1606.747925 7578.000000
1608.272949 7473.000000
1609.797119 7540.000000
1611.320313 7115.000000
1612.842651 7376.000000
1614.364014 7038.000000
1615.884644 8054.000000
1617.404297 7293.000000
1618.922729 7868.000000
1620.440552 7515.000000
1621.957275 7262.000000
1623.473145 6993.000000
1624.988403 7148.000000
1626.502563 7161.000000
1628.015503 7131.000000
1629.528076 7411.000000
1631.039185 7399.000000
1632.549805 7214.000000
1634.059448 7244.000000
1635.568115 7364.000000
1637.075684 6867.000000
1638.582642 7819.000000
1640.088379 7254.000000
1641.593750 7327.000000
1643.097778 7281.000000
1644.600952 6885.000000
1646.103394 7723.000000
1647.604736 7402.000000
1649.105103 7355.000000
1650.604980 7420.000000
1652.103516 7243.000000
1653.601318 7540.000000
1655.098267 6836.000000
1656.594116 7216.000000
1658.089233 7506.000000
1659.583618 7995.000000
1661.076904 7554.000000
1662.569458 7737.000000
1664.060913 7793.000000
1665.551392 7078.000000
1667.041260 7259.000000
1668.530273 7165.000000
1670.018066 7651.000000
1671.505127 7620.000000
1672.991333 6874.000000
1674.476440 7607.000000
1675.960938 6732.000000
1677.444580 6899.000000
1678.927124 8305.000000
1680.408813 7106.000000
1681.889648 7539.000000
1683.369385 7769.000000
1684.848755 7609.000000
1686.326904 7211.000000
1687.804199 7192.000000
1689.280396 7011.000000
1690.755981 7168.000000
1692.230469 7609.000000
1693.704346 7332.000000
1695.177124 7481.000000
1696.649170 7167.000000
1698.120117 7459.000000
1699.590332 7595.000000
1701.059570 7081.000000
1702.528198 6848.000000
1703.995605 7011.000000
1705.462280 7329.000000
1706.928101 7368.000000
1708.392944 7662.000000
1709.856934 7170.000000
1711.320435 6884.000000
1712.782593 7327.000000
1714.243774 10434.000000
1715.704468 7006.000000
1717.164063 7338.000000
1718.622681 6930.000000
1720.080811 6636.000000
1721.537842 7094.000000
1722.993896 7316.000000
1724.449219 7269.000000
1725.903442 6538.000000
1727.357300 7053.000000
1728.809937 7113.000000
1730.261597 7629.000000
1731.712280 7419.000000
1733.162476 7335.000000
1734.611572 7627.000000
1736.060181 7233.000000
1737.507568 7755.000000
1738.954102 7104.000000
1740.399658 7263.000000
1741.844604 7323.000000
1743.288452 7151.000000
1744.731812 7152.000000
1746.173950 7462.000000
1747.615234 7496.000000
1749.055786 7256.000000
1750.495361 7307.000000
1751.934204 7419.000000
1753.372314 6963.000000
1754.809204 7660.000000
1756.245483 7674.000000
1757.680908 6920.000000
1759.115234 6873.000000
1760.548706 7586.000000
1761.981689 6909.000000
1763.413574 7045.000000
1764.844604 6810.000000
1766.274658 8313.000000
1767.703979 7153.000000
1769.132446 7892.000000
1770.560181 6839.000000
1771.987061 7289.000000
1773.412842 7208.000000
1774.837769 7520.000000
1776.261841 7259.000000
1777.685547 7640.000000
1779.108032 7442.000000
1780.529541 7642.000000
1781.950317 7653.000000
1783.370117 7191.000000
1784.789185 7141.000000
1786.207642 7185.000000
1787.625122 7657.000000
1789.041382 7387.000000
1790.457153 7700.000000
1791.872070 7300.000000
1793.285767 6704.000000
1794.699219 7148.000000
1796.111572 7339.000000
1797.523071 6882.000000
1798.933350 7104.000000
1800.343140 7982.000000
1801.751953 7210.000000
1803.160278 7820.000000
1804.567383 7505.000000
1805.973999 7134.000000
1807.379395 7084.000000
1808.784058 7120.000000
1810.187744 7815.000000
1811.591064 7506.000000
1812.993042 7677.000000
1814.394409 6888.000000
1815.794800 7333.000000
1817.194458 7395.000000
1818.593140 7078.000000
1819.991455 7479.000000
1821.388550 7191.000000
1822.784790 6838.000000
1824.180298 7287.000000
1825.574707 7962.000000
1826.968750 7491.000000
1828.361816 7742.000000
1829.753784 7563.000000
1831.145020 7441.000000
1832.535522 7449.000000
1833.925049 7574.000000
1835.314087 6894.000000
1836.701904 7670.000000
1838.089111 7127.000000
1839.475220 7636.000000
1840.860840 6909.000000
1842.245239 7538.000000
1843.629150 8221.000000
1845.012085 7307.000000
1846.394287 7169.000000
1847.775635 7161.000000
1849.156006 7146.000000
1850.535645 7545.000000
1851.914673 7339.000000
1853.292725 6951.000000
1854.669800 7283.000000
1856.046143 7129.000000
1857.421631 7300.000000
1858.796143 7451.000000
1860.170410 7310.000000
1861.543579 7214.000000
1862.915649 7328.000000
1864.286987 7528.000000
1865.657471 7198.000000
1867.027466 7954.000000
1868.396362 6883.000000
1869.764648 7457.000000
1871.131836 7201.000000
1872.498169 8333.000000
1873.863892 7266.000000
1875.228882 7937.000000
1876.592896 7410.000000
1877.956177 7944.000000
1879.318481 7887.000000
1880.679932 7358.000000
1882.040771 7396.000000
1883.400879 6984.000000
1884.760010 7902.000000
1886.118164 7588.000000
1887.475830 7350.000000
1888.832397 7050.000000
1890.188354 7506.000000
1891.543457 8031.000000
1892.897827 7528.000000
1894.251099 7441.000000
1895.603638 7260.000000
1896.955444 6873.000000
1898.306396 7636.000000
1899.656860 7391.000000
1901.006348 7648.000000
1902.354614 7790.000000
1903.702637 7531.000000
1905.049561 7678.000000
1906.395752 7888.000000
1907.741211 7530.000000
1909.085815 7430.000000
1910.429321 7247.000000
1911.772339 7425.000000
1913.114380 7278.000000
1914.455933 7410.000000
1915.796509 7322.000000
1917.136108 7347.000000
1918.474854 7127.000000
1919.813110 7487.000000
1921.150391 8212.000000
1922.487061 7250.000000
1923.822632 6840.000000
1925.157593 7822.000000
1926.491577 7339.000000
1927.824829 7036.000000
1929.157227 7455.000000
1930.489258 6561.000000
1931.820190 7845.000000
1933.150269 7321.000000
1934.479492 7140.000000
1935.807983 7106.000000
1937.135620 7811.000000
1938.462891 7031.000000
1939.788818 7579.000000
1941.114136 7526.000000
1942.438721 7780.000000
1943.762451 7601.000000
1945.085327 7914.000000
1946.407715 7987.000000
1947.729004 7210.000000
1949.049561 7409.000000
1950.369263 7889.000000
1951.688110 7358.000000
1953.006592 7363.000000
1954.323975 7208.000000
1955.640503 7585.000000
1956.956421 7496.000000
1958.271240 7623.000000
1959.585571 7999.000000
1960.899048 7417.000000
1962.211792 7657.000000
1963.523560 6797.000000
1964.834717 7123.000000
1966.144897 7289.000000
1967.454468 7364.000000
1968.763428 7188.000000
1970.071289 7343.000000
1971.378418 7446.000000
1972.684692 6880.000000
1973.990234 7030.000000
1975.295166 7239.000000
1976.599121 6628.000000
1977.902588 6901.000000
1979.204956 7145.000000
1980.506714 8011.000000
1981.807495 7585.000000
1983.107544 7457.000000
1984.406982 7236.000000
1985.705566 7175.000000
1987.003296 6744.000000
1988.300171 7264.000000
1989.596436 7816.000000
1990.891846 7518.000000
1992.186523 7434.000000
1993.480713 7522.000000
1994.773560 7874.000000
1996.066040 7590.000000
1997.357422 7660.000000
1998.648560 7746.000000
1999.938477 6963.000000
2001.227539 7505.000000
2002.515869 7954.000000
2003.803711 8028.000000
2005.090454 7230.000000
2006.376831 7013.000000
2007.662109 7014.000000
2008.946655 7637.000000
2010.230469 7485.000000
2011.513550 7862.000000
2012.795776 6887.000000
2014.077393 7805.000000
2015.358276 7494.000000
2016.638184 7106.000000
2017.917236 7295.000000
2019.195801 6967.000000
2020.473145 7023.000000
2021.750488 7454.000000
2023.026245 6984.000000
2024.301880 6856.000000
2025.576172 7919.000000
2026.850098 7299.000000
2028.123291 7337.000000
2029.395752 7082.000000
2030.667114 7260.000000
2031.937866 7711.000000
2033.207642 7660.000000
2034.476929 7539.000000
2035.745728 7110.000000
2037.013306 7425.000000
2038.280396 7511.000000
2039.546387 7257.000000
2040.811768 7845.000000
2042.076416 7331.000000
2043.340576 7886.000000
2044.603760 6867.000000
2045.866089 7535.000000
2047.127563 7105.000000
2048.388428 7584.000000
2049.648438 7445.000000
2050.908203 6987.000000
2052.166992 8142.000000
2053.424561 7164.000000
2054.681641 7298.000000
2055.937988 7787.000000
2057.193359 7914.000000
2058.448242 7008.000000
2059.702393 7533.000000
2060.955566 7149.000000
2062.208008 7309.000000
2063.459717 7645.000000
2064.710938 7134.000000
2065.961426 7455.000000
2067.210938 7128.000000
2068.459717 7298.000000
2069.707520 7045.000000
2070.955078 7126.000000
2072.201416 7242.000000
2073.447266 7163.000000
2074.692139 6581.000000
2075.936523 7336.000000
2077.179932 7529.000000
2078.422852 7593.000000
2079.665039 6889.000000
2080.906250 7093.000000
2082.146729 7633.000000
2083.386475 7038.000000
2084.625488 7564.000000
2085.863770 7456.000000
2087.101563 7816.000000
2088.338379 7295.000000
2089.574219 7037.000000
2090.809570 7166.000000
2092.044189 7255.000000
2093.277832 7597.000000
2094.511230 7192.000000
2095.743408 7372.000000
2096.974854 7755.000000
2098.205566 6989.000000
2099.436035 7423.000000
2100.665039 8087.000000
2101.893799 7190.000000
2103.121826 7288.000000
2104.348877 7201.000000
2105.575439 7002.000000
2106.801025 7509.000000
2108.026123 7617.000000
2109.250244 6842.000000
2110.473633 7205.000000
2111.696289 7509.000000
2112.918213 8232.000000
2114.139404 7194.000000
2115.360352 7578.000000
2116.580078 6947.000000
2117.798584 7787.000000
2119.016846 7406.000000
2120.234619 7373.000000
2121.451172 7202.000000
2122.667725 7284.000000
2123.883057 7763.000000
2125.097412 7403.000000
2126.311279 7317.000000
2127.524902 7501.000000
2128.736816 6791.000000
2129.948730 8231.000000
2131.159668 7635.000000
2132.369873 7596.000000
2133.579346 7414.000000
2134.788086 7607.000000
2135.996094 7379.000000
2137.203857 7598.000000
2138.410156 7417.000000
2139.616211 7644.000000
2140.821045 7134.000000
2142.025391 7483.000000
2143.229004 6641.000000
2144.431885 6725.000000
2145.634277 7880.000000
2146.835693 7513.000000
2148.036377 7843.000000
2149.236572 8335.000000
2150.435547 7415.000000
2151.634521 6898.000000
2152.832520 8090.000000
2154.029297 7929.000000
2155.225830 7544.000000
2156.421631 7602.000000
2157.616699 7309.000000
2158.810791 7282.000000
2160.004150 7304.000000
2161.197021 7271.000000
2162.389160 7401.000000
2163.580322 8039.000000
2164.771240 7125.000000
2165.961182 7393.000000
2167.150146 7344.000000
2168.338623 7555.000000
2169.526123 7492.000000
2170.713379 7395.000000
2171.899902 7519.000000
2173.085693 7548.000000
2174.270264 7387.000000
2175.454590 7482.000000
2176.637695 7392.000000
2177.820313 7105.000000
2179.002686 7110.000000
2180.184082 7364.000000
2181.364746 7414.000000
2182.544434 7121.000000
2183.723389 7536.000000
2184.901855 6963.000000
2186.079834 7026.000000
2187.257080 6986.000000
2188.432861 7144.000000
2189.608643 6789.000000
2190.783447 7480.000000
2191.957764 7570.000000
2193.131104 7141.000000
2194.303711 7274.000000
2195.475830 7540.000000
2196.646973 7134.000000
2197.817871 7318.000000
2198.988037 8043.000000
2200.156982 7318.000000
2201.325439 7862.000000
2202.493164 8062.000000
2203.660156 7694.000000
2204.826660 7847.000000
2205.992432 7839.000000
2207.157227 7662.000000
2208.321533 7812.000000
2209.484863 8406.000000
2210.647949 7165.000000
2211.809814 7740.000000
2212.971436 7507.000000
2214.131836 7375.000000
2215.292236 7423.000000
2216.451416 7688.000000
2217.609863 7402.000000
2218.767822 7615.000000
2219.925293 7513.000000
2221.081543 7267.000000
2222.237305 7665.000000
2223.392334 6942.000000
2224.546875 7534.000000
2225.700439 7048.000000
2226.853271 7891.000000
2228.005859 8204.000000
2229.157471 7139.000000
2230.308105 7308.000000
2231.458252 7775.000000
2232.607910 7172.000000
2233.756836 7402.000000
2234.905029 7753.000000
2236.052246 7339.000000
2237.198975 7487.000000
2238.344971 7662.000000
2239.490234 7687.000000
2240.634766 7898.000000
2241.778564 7580.000000
2242.921875 7969.000000
2244.064209 7528.000000
2245.206055 7363.000000
2246.347412 7610.000000
2247.487793 7482.000000
2248.627686 7675.000000
2249.766602 7578.000000
2250.905029 8016.000000
2252.042480 8022.000000
2253.179688 7977.000000
2254.315674 7569.000000
2255.451660 7284.000000
2256.586182 7424.000000
2257.720459 7199.000000
2258.854004 8185.000000
2259.986816 7666.000000
2261.118896 7906.000000
2262.250488 7158.000000
2263.381104 7742.000000
2264.511230 7168.000000
2265.640869 7236.000000
2266.769531 6909.000000
2267.897461 7090.000000
2269.024658 7355.000000
2270.151123 8348.000000
2271.277100 7730.000000
2272.402832 7710.000000
2273.527344 7642.000000
2274.651123 7693.000000
2275.774170 8441.000000
2276.896729 8292.000000
2278.018555 7322.000000
2279.139893 7434.000000
2280.260010 7463.000000
2281.379883 7606.000000
2282.499023 7246.000000
2283.617432 8158.000000
2284.735107 7183.000000
2285.852295 7520.000000
2286.968750 7122.000000
2288.084473 7776.000000
2289.199219 6909.000000
2290.313721 7519.000000
2291.427246 7847.000000
2292.540283 7982.000000
2293.652588 7534.000000
2294.763916 7539.000000
2295.875000 7447.000000
2296.985352 7788.000000
2298.094727 7694.000000
2299.203857 7834.000000
2300.312012 7771.000000
2301.419678 7675.000000
2302.526367 7962.000000
2303.632568 7671.000000
2304.738281 7154.000000
2305.843018 7457.000000
2306.947266 7092.000000
2308.050537 7264.000000
2309.153564 7470.000000
2310.255615 7175.000000
2311.357422 7791.000000
2312.458252 7308.000000
2313.558105 7682.000000
2314.657715 7264.000000
2315.756592 7657.000000
2316.854248 8000.000000
2317.952148 7418.000000
2319.048828 7143.000000
2320.144775 7493.000000
2321.240234 7957.000000
2322.334961 7273.000000
2323.428955 7131.000000
2324.522949 7528.000000
2325.615479 7714.000000
2326.707275 6500.000000
2327.798828 7318.000000
2328.889404 7020.000000
2329.979492 7915.000000
2331.069092 7864.000000
2332.157715 7423.000000
2333.245850 6927.000000
2334.333008 7429.000000
2335.420166 7470.000000
2336.506348 7580.000000
2337.591553 7527.000000
2338.676270 7480.000000
2339.760498 7209.000000
2340.843750 7916.000000
2341.926514 7805.000000
2343.008301 7369.000000
2344.090088 7453.000000
2345.170898 7312.000000
2346.250977 7839.000000
2347.330078 7423.000000
2348.408936 8056.000000
2349.487305 7339.000000
2350.564697 7381.000000
2351.641357 7179.000000
2352.717529 7276.000000
2353.792969 7760.000000
2354.867676 8016.000000
2355.942139 7267.000000
2357.015625 7706.000000
2358.088379 7897.000000
2359.160400 7465.000000
2360.232178 7652.000000
2361.302979 7793.000000
2362.373291 7318.000000
2363.442871 8137.000000
2364.511475 7459.000000
2365.579834 7749.000000
2366.647461 7341.000000
2367.714355 7146.000000
2368.780518 7267.000000
2369.846191 7753.000000
2370.911133 7372.000000
2371.975586 7578.000000
2373.039063 7535.000000
2374.102295 7892.000000
2375.164795 7839.000000
2376.226318 7705.000000
2377.287354 7210.000000
2378.347656 7875.000000
2379.407471 7304.000000
2380.466797 7287.000000
2381.525146 7488.000000
2382.583008 7062.000000
2383.639893 7924.000000
2384.696533 7154.000000
2385.752197 8010.000000
2386.807617 7869.000000
2387.862305 7526.000000
2388.915771 8121.000000
2389.968994 8009.000000
2391.021729 7266.000000
2392.073486 7607.000000
2393.125000 7373.000000
2394.175537 7699.000000
2395.225586 7571.000000
2396.274902 7545.000000
2397.323730 7276.000000
2398.371826 7524.000000
2399.419189 7471.000000
2400.466064 7583.000000
2401.511719 7628.000000
2402.557617 7373.000000
2403.602295 7924.000000
2404.646729 7248.000000
2405.690430 7332.000000
2406.733154 7750.000000
2407.775391 7741.000000
2408.817139 8649.000000
2409.857910 7459.000000
2410.898438 7454.000000
2411.938232 7390.000000
2412.977295 8171.000000
2414.015625 8193.000000
2415.053467 7620.000000
2416.090576 8063.000000
2417.126953 7422.000000
2418.162842 7602.000000
2419.198242 8263.000000
2420.232666 8090.000000
2421.266602 8492.000000
2422.299805 7431.000000
2423.332764 6999.000000
2424.364746 7817.000000
2425.395996 7433.000000
2426.427002 7681.000000
2427.457031 7756.000000
2428.486328 7543.000000
2429.515381 7804.000000
2430.543701 7167.000000
2431.571289 7748.000000
2432.597900 7155.000000
2433.624512 7111.000000
2434.649902 7298.000000
2435.675293 7629.000000
2436.699463 7920.000000
2437.723389 7211.000000
2438.746094 7743.000000
2439.768799 7372.000000
2440.791016 7612.000000
2441.812012 7693.000000
2442.832764 7643.000000
2443.852539 7483.000000
2444.872070 7695.000000
2445.890625 7538.000000
2446.909180 7570.000000
2447.926514 8213.000000
2448.943604 7664.000000
2449.959473 7290.000000
2450.975098 7801.000000
2451.989990 7762.000000
2453.004639 7135.000000
2454.018066 7373.000000
2455.031006 7605.000000
2456.043457 7827.000000
2457.055420 8062.000000
2458.066650 7199.000000
2459.077393 8059.000000
2460.087158 7623.000000
2461.096680 7511.000000
2462.105225 7934.000000
2463.113037 7697.000000
2464.120605 7635.000000
2465.127686 7683.000000
2466.133789 7352.000000
2467.139160 7745.000000
2468.144287 7423.000000
2469.148682 7790.000000
2470.152344 8035.000000
2471.155518 7256.000000
2472.157959 7385.000000
2473.159668 7367.000000
2474.160889 7505.000000
2475.161621 8110.000000
2476.161621 7921.000000
2477.160889 7320.000000
2478.159424 7792.000000
2479.157715 7929.000000
2480.155029 8238.000000
2481.152100 7256.000000
2482.148438 7186.000000
2483.143799 7786.000000
2484.138916 7180.000000
2485.133545 7858.000000
2486.127197 7982.000000
2487.120361 8173.000000
2488.112793 7486.000000
2489.104980 7408.000000
2490.096436 7441.000000
2491.087158 7861.000000
2492.077148 7884.000000
2493.066406 8025.000000
2494.055664 7686.000000
2495.043457 7806.000000
2496.031250 7888.000000
2497.018311 7314.000000
2498.004883 7232.000000
2498.990723 7830.000000
2499.975586 7649.000000
2500.960693 7654.000000
2501.944336 7615.000000
2502.927734 7442.000000
2503.910156 7766.000000
2504.892578 7780.000000
2505.873779 7839.000000
2506.854736 7119.000000
2507.835449 7205.000000
2508.814941 7782.000000
2509.794434 8148.000000
2510.772705 7576.000000
2511.750732 7736.000000
2512.727783 8095.000000
2513.704346 7825.000000
2514.680420 8022.000000
2515.655518 7605.000000
2516.630371 7494.000000
2517.604736 7932.000000
2518.578125 7420.000000
2519.552002 7773.000000
2520.524170 7919.000000
2521.495850 7413.000000
2522.467041 8454.000000
2523.437500 7786.000000
2524.407471 7543.000000
2525.376953 7561.000000
2526.345703 7652.000000
2527.313965 7882.000000
2528.281494 7678.000000
2529.248047 8161.000000
2530.215088 7900.000000
2531.180908 7242.000000
2532.145752 7825.000000
2533.110352 7839.000000
2534.074463 7335.000000
2535.038086 7406.000000
2536.000488 7494.000000
2536.962402 8579.000000
2537.924072 7900.000000
2538.884521 7215.000000
2539.845215 7357.000000
2540.804932 7993.000000
2541.764160 7710.000000
2542.723145 7864.000000
2543.680664 8691.000000
2544.638184 7748.000000
2545.594971 7608.000000
2546.550781 7406.000000
2547.506592 7225.000000
2548.461426 7044.000000
2549.416016 7938.000000
2550.369873 7362.000000
2551.322754 7731.000000
2552.275391 7203.000000
2553.227783 8006.000000
2554.178955 7966.000000
2555.130127 8060.000000
2556.080322 7858.000000
2557.029785 8812.000000
2557.978760 7942.000000
2558.927246 8105.000000
2559.875000 7949.000000
2560.822266 7970.000000
2561.768799 7246.000000
2562.715332 7581.000000
2563.661133 8610.000000
2564.605957 7562.000000
2565.549805 8310.000000
2566.493896 8103.000000
2567.437012 7936.000000
2568.379395 8345.000000
2569.321045 8006.000000
2570.262695 7953.000000
2571.203613 7509.000000
2572.143555 7769.000000
2573.083008 8116.000000
2574.021973 8522.000000
2574.960693 7435.000000
2575.898682 7206.000000
2576.835938 8269.000000
2577.772461 7922.000000
2578.708496 7783.000000
2579.644287 7806.000000
2580.578857 7713.000000
2581.513428 7796.000000
2582.446777 7594.000000
2583.380127 7523.000000
2584.312744 7217.000000
2585.244629 7855.000000
2586.176758 7697.000000
2587.107422 8506.000000
2588.037842 8040.000000
2588.967041 7784.000000
2589.896484 8220.000000
2590.824951 7385.000000
2591.752441 8248.000000
2592.679932 7849.000000
2593.606689 8701.000000
2594.532959 7480.000000
2595.458252 7913.000000
2596.383545 7642.000000
2597.308350 7923.000000
2598.231934 7419.000000
2599.155518 7753.000000
2600.078125 7655.000000
2601.000244 7534.000000
2601.921631 7539.000000
2602.842773 8008.000000
2603.762939 7824.000000
2604.682617 7352.000000
2605.601807 7617.000000
2606.520508 8088.000000
2607.438965 8056.000000
2608.356689 7529.000000
2609.273438 7918.000000
2610.189941 7663.000000
2611.105713 7970.000000
2612.020752 7547.000000
2612.935303 8110.000000
2613.849365 7546.000000
2614.762939 8334.000000
2615.675781 7842.000000
2616.588135 7598.000000
2617.499756 7635.000000
2618.411377 7826.000000
2619.322266 8081.000000
2620.232178 7517.000000
2621.141846 7812.000000
2622.050781 7757.000000
2622.958740 7407.000000
2623.866699 8099.000000
2624.774170 7683.000000
2625.680420 7670.000000
2626.586670 7712.000000
2627.492432 7432.000000
2628.397217 8652.000000
2629.301758 7737.000000
2630.205811 8117.000000
2631.108643 7760.000000
2632.011719 7826.000000
2632.913574 7805.000000
2633.814941 7823.000000
2634.716064 7304.000000
2635.616211 7722.000000
2636.516357 7548.000000
2637.415283 7583.000000
2638.314209 7581.000000
2639.212891 8023.000000
2640.110596 7453.000000
2641.007568 7514.000000
2641.903809 7775.000000
2642.799316 7275.000000
2643.694580 7667.000000
2644.589844 8339.000000
2645.484131 7885.000000
2646.377686 8187.000000
2647.270508 7701.000000
2648.163330 8188.000000
2649.055176 7940.000000
2649.947021 7608.000000
2650.837891 7735.000000
2651.728271 7376.000000
2652.618164 7840.000000
2653.506836 7710.000000
2654.395752 7123.000000
2655.283691 7620.000000
2656.171143 7602.000000
2657.058350 7594.000000
2657.944336 7823.000000
2658.830322 7895.000000
2659.716064 8076.000000
2660.600586 8319.000000
2661.484619 7557.000000
2662.368652 7588.000000
2663.251465 8092.000000
2664.133789 7611.000000
2665.016113 7772.000000
2665.896973 7902.000000
2666.778076 8117.000000
2667.658203 7866.000000
2668.538086 8444.000000
2669.417480 7817.000000
2670.296143 8119.000000
2671.174316 8027.000000
2672.052002 7562.000000
2672.928955 8729.000000
2673.805176 8048.000000
2674.681152 7671.000000
2675.556396 7990.000000
2676.431152 8126.000000
2677.305176 7240.000000
2678.178955 7513.000000
2679.052002 8415.000000
2679.924805 7586.000000
2680.796875 8331.000000
2681.668457 8234.000000
2682.539307 8504.000000
2683.410156 7531.000000
2684.279785 7553.000000
2685.148926 7759.000000
2686.017822 8205.000000
2686.885986 8012.000000
2687.753662 8348.000000
2688.620605 8461.000000
2689.487305 9379.000000
2690.354004 7747.000000
2691.219238 7585.000000
2692.083740 7825.000000
2692.948486 7845.000000
2693.812012 7908.000000
2694.675537 7795.000000
2695.538086 7880.000000
2696.400146 7396.000000
2697.261963 7632.000000
2698.123291 7531.000000
2698.983887 7351.000000
2699.843750 7920.000000
2700.703857 8253.000000
2701.562744 7698.000000
2702.420898 7926.000000
2703.278809 8246.000000
2704.136230 8297.000000
2704.993164 8072.000000
2705.849365 7546.000000
2706.704834 8191.000000
2707.560303 8144.000000
2708.414795 7527.000000
2709.269287 7890.000000
2710.123047 8412.000000
2710.975830 7935.000000
2711.828613 8174.000000
2712.680664 8684.000000
2713.531982 7245.000000
2714.382813 7934.000000
2715.233154 8151.000000
2716.083008 7997.000000
2716.931885 7611.000000
2717.781006 8168.000000
2718.629395 8326.000000
2719.477051 7605.000000
2720.324951 8140.000000
2721.171387 7983.000000
2722.017334 8453.000000
2722.862793 9967.000000
2723.708252 7952.000000
2724.552246 8218.000000
2725.396729 7627.000000
2726.239990 8183.000000
2727.082764 7987.000000
2727.925049 8329.000000
2728.767090 8506.000000
2729.608154 7551.000000
2730.449707 7618.000000
2731.289795 8199.000000
2732.129395 7797.000000
2732.968994 7909.000000
2733.807617 7884.000000
2734.645996 8221.000000
2735.483643 7754.000000
2736.320068 8048.000000
2737.156982 8619.000000
2737.993164 7592.000000
2738.828613 7983.000000
2739.664307 9062.000000
2740.498535 8408.000000
2741.332764 8464.000000
2742.165771 7982.000000
2742.998779 8144.000000
2743.831299 7766.000000
2744.663086 7225.000000
2745.494629 7371.000000
2746.325195 7850.000000
2747.155518 8283.000000
2747.985107 7937.000000
2748.814697 7956.000000
2749.643799 7740.000000
2750.472168 7721.000000
2751.299805 7911.000000
2752.126709 7542.000000
2752.953613 7629.000000
2753.779541 8043.000000
2754.605225 7459.000000
2755.430420 7901.000000
2756.254883 7304.000000
2757.079102 8096.000000
2757.902588 7775.000000
2758.726074 8201.000000
2759.548828 7750.000000
2760.370605 7702.000000
2761.192139 7988.000000
2762.013184 8183.000000
2762.833496 8439.000000
2763.653320 7833.000000
2764.472900 7996.000000
2765.291992 7811.000000
2766.110107 8503.000000
2766.927979 7039.000000
2767.745361 8029.000000
2768.562744 7729.000000
2769.379395 7652.000000
2770.195068 7984.000000
2771.010498 8261.000000
2771.825195 7548.000000
2772.639404 8003.000000
2773.453369 7645.000000
2774.266602 8018.000000
2775.079346 7787.000000
2775.891846 8333.000000
2776.703369 8223.000000
2777.514404 7452.000000
2778.325928 9889.000000
2779.135986 8343.000000
2779.945801 8155.000000
2780.755127 8360.000000
2781.563721 8190.000000
2782.372070 7977.000000
2783.179932 7856.000000
2783.986816 7822.000000
2784.793457 8628.000000
2785.599854 8458.000000
2786.405273 7740.000000
2787.210938 8186.000000
2788.015869 8158.000000
2788.819824 7622.000000
2789.623535 8213.000000
2790.426514 7449.000000
2791.229248 7694.000000
2792.031250 7970.000000
2792.833008 8317.000000
2793.633789 8072.000000
2794.434814 8403.000000
2795.235107 8241.000000
2796.034912 8138.000000
2796.833984 7907.000000
2797.632813 8910.000000
2798.431152 8014.000000
2799.229004 7719.000000
2800.026123 8530.000000
2800.822754 7439.000000
2801.618896 8262.000000
2802.414551 8434.000000
2803.209473 8012.000000
2804.004395 7861.000000
2804.798584 8355.000000
2805.592285 7797.000000
2806.385986 7950.000000
2807.178223 7714.000000
2807.970703 8340.000000
2808.762207 7839.000000
2809.553467 8142.000000
2810.344238 7838.000000
2811.134277 8514.000000
2811.924072 8621.000000
2812.713135 8186.000000
2813.501953 7529.000000
2814.290039 7433.000000
2815.078613 7778.000000
2815.865723 7798.000000
2816.652832 8773.000000
2817.438965 8051.000000
2818.224854 7797.000000
2819.010010 8623.000000
2819.794922 8094.000000
2820.578857 8699.000000
2821.363037 8316.000000
2822.146240 8011.000000
2822.929199 8448.000000
2823.711670 8320.000000
2824.493896 7075.000000
2825.275146 8618.000000
2826.056152 8247.000000
2826.836670 8142.000000
2827.616455 7991.000000
2828.396240 7983.000000
2829.175049 9785.000000
2829.953369 8024.000000
2830.731689 9026.000000
2831.509033 8629.000000
2832.286133 7787.000000
2833.062500 7748.000000
2833.839111 7825.000000
2834.614502 7178.000000
2835.389893 8459.000000
2836.164063 8595.000000
2836.938477 7822.000000
2837.712402 8075.000000
2838.485107 8157.000000
2839.258057 8507.000000
2840.030273 8095.000000
2840.802002 8228.000000
2841.573486 8413.000000
2842.344727 8060.000000
2843.114990 8225.000000
2843.884766 7843.000000
2844.653809 8649.000000
2845.422852 8763.000000
2846.191406 8314.000000
2846.958984 8079.000000
2847.726563 8139.000000
2848.493896 8280.000000
2849.260254 8434.000000
2850.026123 7472.000000
2850.791504 8004.000000
2851.557373 9384.000000
2852.321777 8049.000000
2853.086182 8520.000000
2853.849609 8185.000000
2854.612793 7915.000000
2855.375732 8298.000000
2856.137695 8398.000000
2856.899414 8569.000000
2857.661133 7674.000000
2858.421631 8208.000000
2859.182373 7925.000000
2859.942139 8631.000000
2860.701660 8428.000000
2861.460938 7928.000000
2862.218994 8323.000000
2862.977051 7880.000000
2863.734863 8312.000000
2864.491699 8665.000000
2865.248535 7949.000000
2866.004395 8386.000000
2866.760010 7677.000000
2867.515381 8332.000000
2868.270020 8201.000000
2869.025146 8336.000000
2869.778564 8689.000000
2870.532227 8720.000000
2871.284912 8366.000000
2872.037598 8200.000000
2872.789307 7970.000000
2873.541016 8540.000000
2874.291748 8377.000000
2875.042480 8645.000000
2875.792480 8110.000000
2876.542236 8214.000000
2877.291260 8518.000000
2878.040771 8472.000000
2878.788818 9156.000000
2879.536865 8589.000000
2880.283691 8657.000000
2881.031006 8142.000000
2881.777344 9434.000000
2882.523193 8620.000000
2883.268555 7770.000000
2884.013916 7800.000000
2884.758301 8359.000000
2885.502441 8854.000000
2886.246826 9141.000000
2886.989990 8911.000000
2887.732910 8903.000000
2888.475098 8175.000000
2889.216797 8722.000000
2889.958252 9128.000000
2890.699219 8372.000000
2891.439697 8471.000000
2892.179688 8001.000000
2892.919189 8854.000000
2893.658691 9185.000000
2894.397217 8630.000000
2895.135986 8971.000000
2895.873779 8080.000000
2896.611084 8297.000000
2897.347900 8172.000000
2898.084473 8292.000000
2898.820313 8031.000000
2899.556152 8313.000000
2900.291016 7971.000000
2901.025635 8094.000000
2901.759766 8782.000000
2902.493896 8608.000000
2903.227051 8416.000000
2903.960205 8177.000000
2904.692871 8614.000000
2905.424805 8594.000000
2906.156250 8791.000000
2906.887207 8791.000000
