scanname Scan057
timestamp 2024-03-06 21:38:59
ccdbias 987.071777
ccdgain 4.313516
sigmaread 9.885917
laserwavenum -0.143720
wavenumcorrection -0.996844
scancount 2
totalexposurems 490
singleexposurems 415
measurementstate Unknown
scanmode Auto
snr 95.878235 27.954699 8.365639
replacelist 0
peaks 18
236.962891 0.471991 0.000000 11.577368 0.000326
250.702866 0.479861 0.000000 8.728623 0.000345
471.790985 0.085507 0.000000 0.301617 0.000033
522.187622 0.081146 0.000000 0.163518 0.000009
594.924744 0.082563 0.000000 0.206977 0.000032
621.337646 0.082701 0.000000 0.989172 0.000096
663.639160 0.076825 0.000000 0.629002 0.000033
697.261414 0.078147 0.000000 0.307925 0.000017
776.677673 0.083538 0.000000 0.140727 0.000022
842.461182 0.094010 0.000000 0.576613 0.000059
1001.872070 0.125776 0.000000 6.966241 0.000618
1029.589233 0.104826 0.000000 3.041126 0.000308
1156.027588 0.088669 0.000000 0.211584 0.000025
1183.243774 0.093956 0.000000 0.408019 0.000074
1206.665771 0.095630 0.000000 0.365592 0.000047
1330.348267 0.094168 0.000000 0.291940 0.000025
1504.717163 0.090383 0.000000 0.422453 0.000112
1601.164917 0.100236 0.000000 0.380978 0.000081
finalresult GLS_NoMatch 0
spectrum 2048
-92.678787 0.099635
-90.074638 0.100136
-87.472260 0.143384
-84.871628 0.128611
-82.272751 0.095371
-79.675621 0.108927
-77.080254 0.172428
-74.486633 0.068289
-71.894753 0.076247
-69.304626 0.145469
-66.716240 0.099841
-64.129608 0.130158
-61.544704 0.149384
-58.961548 0.151251
-56.380135 0.167450
-53.800453 0.155782
-51.222511 0.122700
-48.646305 0.140337
-46.071831 0.158502
-43.499084 0.164069
-40.928078 0.118322
-38.358791 0.149106
-35.791237 3.148802
-33.225403 0.173449
-30.661303 0.141557
-28.098917 0.133146
-25.538261 0.133847
-22.979326 0.134848
-20.422100 0.132155
-17.866592 0.132504
-15.312809 0.133417
-12.760738 0.135080
-10.210373 0.138413
-7.661721 0.146365
-5.114785 0.179181
-2.569558 0.212717
-0.026031 0.219341
2.515791 0.220731
5.055901 0.198974
7.594308 0.160475
10.131021 0.098631
12.666035 0.107880
15.199343 0.152680
17.730953 0.146386
20.260874 0.155987
22.789103 0.156180
25.315632 0.149593
27.840466 0.161433
30.363623 0.146398
32.885090 0.143201
35.404873 0.164016
37.922951 0.140572
40.439358 0.149303
42.954082 0.162214
45.467113 0.132106
47.978477 0.177940
50.488167 0.193085
52.996174 0.150071
55.502510 0.165824
58.007153 0.129841
60.510143 0.157708
63.011459 0.159542
65.511086 0.141018
68.009064 0.081181
70.505371 0.091156
73.000023 0.087860
75.492996 0.137366
77.984299 0.165242
80.473953 0.192291
82.961960 0.132165
85.448273 0.158051
87.932953 0.136531
90.415977 0.188513
92.897346 0.175834
95.377052 0.167662
97.855110 0.095696
100.331520 0.162180
102.806297 0.140806
105.279388 0.054951
107.750854 0.119331
110.220680 0.133064
112.688858 0.200671
115.155411 0.104726
117.620293 0.164029
120.083549 0.143973
122.545174 0.183322
125.005157 0.085760
127.463501 0.217851
129.920212 0.129908
132.375305 0.204543
134.828751 0.248674
137.280563 0.258614
139.730759 0.224643
142.179321 0.236616
144.626266 0.200376
147.071579 0.226201
149.515289 0.263639
151.957352 0.253812
154.397797 0.231785
156.836624 0.252958
159.273865 0.252202
161.709442 0.251309
164.143417 0.244337
166.575806 0.239386
169.006561 0.232201
171.435699 0.225040
173.863251 0.218734
176.289185 0.220365
178.713486 0.212694
181.136215 0.212716
183.557343 0.211578
185.976852 0.216641
188.394775 0.218524
190.811081 0.223381
193.225800 0.230545
195.638916 0.237904
198.050446 0.246215
200.460373 0.250969
202.868698 0.263679
205.275452 0.277034
207.680588 0.285076
210.084137 0.296191
212.486130 0.309612
214.886505 0.319024
217.285294 0.330927
219.682556 0.344254
222.078156 0.358081
224.472244 0.372749
226.864700 0.389352
229.255585 0.403975
231.644928 0.421210
234.032669 0.442008
236.418839 0.456743
238.803421 0.467823
241.186447 0.473566
243.567932 0.470494
245.947800 0.459723
248.326096 0.437019
250.702866 0.412062
253.078033 0.382875
255.451645 0.347175
257.823730 0.314557
260.194244 0.285980
262.563171 0.259212
264.930542 0.236095
267.296356 0.216985
269.660645 0.199852
272.023346 0.185551
274.384491 0.174168
276.744110 0.162811
279.102142 0.155216
281.458649 0.148276
283.813568 0.140766
286.166962 0.135117
288.518890 0.128991
290.869171 0.124685
293.217896 0.121168
295.565186 0.117272
297.910858 0.113931
300.255035 0.111842
302.597595 0.108412
304.938690 0.105149
307.278229 0.103731
309.616241 0.101141
311.952728 0.100440
314.287659 0.097638
316.621063 0.096653
318.952942 0.096636
321.283295 0.095483
323.612091 0.095366
325.939392 0.093561
328.265167 0.093097
330.589417 0.092818
332.912170 0.091746
335.233398 0.090981
337.553070 0.089538
339.871216 0.091253
342.187866 0.089902
344.502991 0.088836
346.816620 0.088372
349.128784 0.088169
351.439362 0.088540
353.748444 0.088683
356.056030 0.087200
358.362091 0.087275
360.666656 0.087412
362.969757 0.085806
365.271240 0.085938
367.571320 0.086663
369.869873 0.085346
372.166901 0.085653
374.462524 0.085072
376.756531 0.086677
379.049103 0.083323
381.340179 0.086050
383.629730 0.085536
385.917816 0.083964
388.204346 0.084202
390.489502 0.083878
392.773102 0.082997
395.055206 0.082652
397.335785 0.083102
399.614960 0.083336
401.892639 0.083532
404.168823 0.083638
406.443512 0.083174
408.716736 0.084498
410.988434 0.083784
413.258667 0.084942
415.527496 0.083759
417.794739 0.085999
420.060577 0.084150
422.324982 0.085835
424.587799 0.083932
426.849243 0.084578
429.109161 0.085947
431.367615 0.085457
433.624664 0.083802
435.880188 0.085581
438.134308 0.085580
440.386871 0.085135
442.638031 0.085520
444.887756 0.084565
447.135925 0.083977
449.382690 0.084304
451.628021 0.083522
453.871826 0.082375
456.114258 0.084280
458.355194 0.083539
460.594635 0.084316
462.832672 0.084843
465.069305 0.085057
467.304474 0.084691
469.538086 0.084751
471.770386 0.086531
474.001160 0.086031
476.230438 0.084603
478.458435 0.082720
480.684875 0.083287
482.909851 0.081731
485.133545 0.079776
487.355621 0.081328
489.576263 0.080665
491.795624 0.081062
494.013428 0.079115
496.229797 0.079795
498.444855 0.078449
500.658356 0.079959
502.870392 0.077993
505.081146 0.078245
507.290344 0.078848
509.498260 0.080762
511.704590 0.080129
513.909485 0.080739
516.113159 0.081676
518.315247 0.080397
520.515869 0.080460
522.715271 0.080779
524.913086 0.081179
527.109436 0.080389
529.304565 0.081917
531.498169 0.080242
533.690247 0.079929
535.881104 0.079472
538.070496 0.078455
540.258362 0.078328
542.445068 0.078900
544.630127 0.079007
546.813782 0.078681
548.996277 0.078236
551.177185 0.077888
553.356628 0.078677
555.534790 0.077352
557.711487 0.077627
559.886719 0.077572
562.060730 0.077895
564.233276 0.078552
566.404297 0.078668
568.574158 0.078678
570.742432 0.079138
572.909302 0.078885
575.074890 0.078902
577.239014 0.078683
579.401917 0.079752
581.563232 0.080427
583.723206 0.080798
585.881836 0.080239
588.039001 0.081599
590.194763 0.080396
592.349304 0.081922
594.502258 0.083435
596.653931 0.082800
598.804321 0.081706
600.953186 0.082167
603.100708 0.079830
605.246887 0.080580
607.391663 0.079545
609.535034 0.079115
611.677246 0.078324
613.817749 0.079303
615.956970 0.080426
618.095032 0.080887
620.231567 0.082387
622.366699 0.083138
624.500549 0.081808
626.632996 0.080054
628.764099 0.077258
630.893860 0.077394
633.022156 0.078063
635.149109 0.079768
637.274841 0.078291
639.399048 0.076655
641.521973 0.077493
643.643616 0.076954
645.763733 0.076698
647.882690 0.076771
650.000122 0.076283
652.116333 0.077047
654.231140 0.076825
656.344543 0.075801
658.456543 0.075967
660.567444 0.075872
662.676758 0.075818
664.784851 0.076682
666.891541 0.075866
668.996887 0.076908
671.100830 0.076374
673.203613 0.074160
675.304871 0.070895
677.404907 0.070612
679.503601 0.072439
681.600830 0.075605
683.696777 0.075635
685.791565 0.075101
687.884827 0.076210
689.976746 0.076427
692.067444 0.077592
694.156738 0.077387
696.244629 0.078499
698.331360 0.079307
700.416748 0.078471
702.500610 0.076784
704.583374 0.077346
706.664795 0.076758
708.744690 0.078641
710.823486 0.076592
712.900757 0.077266
714.976990 0.075384
717.051697 0.076307
719.125061 0.076844
721.197205 0.076854
723.268005 0.076994
725.337402 0.077430
727.405640 0.077509
729.472412 0.077798
731.537964 0.078068
733.602173 0.077080
735.665100 0.078228
737.726624 0.077273
739.787048 0.079545
741.845947 0.078922
743.903564 0.079322
745.960022 0.080822
748.015076 0.080109
750.068787 0.081561
752.121338 0.080806
754.172485 0.081459
756.222229 0.081847
758.270935 0.079718
760.318115 0.081533
762.364014 0.082176
764.408813 0.081225
766.452148 0.081617
768.494202 0.081545
770.535034 0.082480
772.574463 0.083741
774.612671 0.082674
776.649658 0.085177
778.685303 0.082328
780.719666 0.083730
782.752686 0.082241
784.784485 0.081883
786.815002 0.081640
788.844116 0.081566
790.872009 0.082439
792.898743 0.081721
794.924011 0.081440
796.948120 0.082120
798.970947 0.081589
800.992371 0.081529
803.012634 0.081347
805.031677 0.081385
807.049377 0.082183
809.065674 0.082646
811.080750 0.081963
813.094727 0.082031
815.107361 0.083018
817.118591 0.084962
819.128784 0.081935
821.137573 0.086008
823.145142 0.085712
825.151367 0.087869
827.156311 0.088128
829.160156 0.089035
831.162598 0.091485
833.163757 0.091941
835.163757 0.091779
837.162415 0.091701
839.159851 0.094174
841.156128 0.093517
843.150940 0.094948
845.144531 0.093476
847.137085 0.092064
849.128174 0.091034
851.118042 0.089538
853.106750 0.087627
855.094116 0.087779
857.080139 0.087611
859.065186 0.086161
861.048767 0.085871
863.031189 0.084102
865.012390 0.085229
866.992310 0.084750
868.970825 0.084636
870.948425 0.084850
872.924561 0.083281
874.899414 0.084879
876.873291 0.083640
878.845703 0.083308
880.816833 0.082044
882.786926 0.082707
884.755615 0.082323
886.723083 0.081998
888.689453 0.080713
890.654419 0.081258
892.618347 0.079639
894.580933 0.081098
896.542236 0.079947
898.502441 0.080792
900.461304 0.081640
902.418945 0.080815
904.375427 0.079845
906.330566 0.079268
908.284485 0.079717
910.237366 0.080198
912.188904 0.080270
914.139160 0.082256
916.088257 0.080987
918.036194 0.081572
919.982788 0.081283
921.928345 0.080316
923.872498 0.080801
925.815430 0.082422
927.757324 0.081171
929.697876 0.081107
931.637207 0.081452
933.575378 0.081308
935.512329 0.081694
937.448059 0.080397
939.382568 0.080748
941.315857 0.081319
943.247925 0.080524
945.178833 0.080821
947.108521 0.079955
949.037170 0.080832
950.964355 0.080808
952.890381 0.080900
954.815369 0.081724
956.739014 0.083868
958.661377 0.084949
960.582703 0.083487
962.502747 0.084428
964.421570 0.083486
966.339355 0.083150
968.255798 0.084892
970.170959 0.085414
972.085144 0.084659
973.998047 0.085266
975.909729 0.085466
977.820313 0.086901
979.729553 0.087946
981.637634 0.087934
983.544678 0.091479
985.450378 0.092948
987.354919 0.096283
989.258423 0.100460
991.160522 0.105638
993.061462 0.109694
994.961426 0.108782
996.859985 0.112044
998.757446 0.116830
1000.653809 0.124456
1002.548889 0.126659
1004.442810 0.123201
1006.335693 0.112549
1008.227112 0.100612
1010.117493 0.092204
1012.006714 0.089971
1013.894775 0.085111
1015.781677 0.085162
1017.667419 0.087835
1019.551880 0.089712
1021.435303 0.092428
1023.317505 0.093234
1025.198364 0.098374
1027.078247 0.102393
1028.957031 0.104546
1030.834473 0.105285
1032.710938 0.101920
1034.586060 0.096769
1036.459961 0.092249
1038.333008 0.087925
1040.204590 0.085811
1042.075195 0.084835
1043.944580 0.083927
1045.812744 0.084678
1047.679688 0.082238
1049.545654 0.082284
1051.410400 0.082818
1053.273926 0.082724
1055.136353 0.083079
1056.997803 0.081282
1058.857788 0.081884
1060.716919 0.081593
1062.574463 0.082572
1064.431274 0.083042
1066.286743 0.082683
1068.141113 0.083685
1069.994507 0.081387
1071.846558 0.083506
1073.697388 0.081862
1075.547241 0.082255
1077.395874 0.082148
1079.243286 0.083442
1081.089600 0.081132
1082.934937 0.082421
1084.778931 0.082871
1086.621948 0.082631
1088.463623 0.083845
1090.304321 0.084928
1092.143799 0.082495
1093.982178 0.083898
1095.819458 0.084965
1097.655518 0.083646
1099.490479 0.083811
1101.324219 0.084909
1103.157104 0.084644
1104.988525 0.084969
1106.818970 0.084155
1108.648438 0.085265
1110.476440 0.084185
1112.303467 0.083790
1114.129517 0.084395
1115.954102 0.086526
1117.777954 0.086024
1119.600586 0.084843
1121.421875 0.086091
1123.242065 0.084832
1125.061523 0.084917
1126.879395 0.086056
1128.696289 0.085953
1130.512085 0.085611
1132.326904 0.084614
1134.140503 0.083525
1135.952881 0.083928
1137.764160 0.084918
1139.574463 0.084727
1141.383545 0.085624
1143.191528 0.085186
1144.998413 0.086386
1146.804077 0.085621
1148.608765 0.087074
1150.412354 0.086965
1152.214722 0.087826
1154.016113 0.088134
1155.816284 0.090238
1157.615479 0.089542
1159.413452 0.087806
1161.210327 0.088292
1163.005981 0.088039
1164.800781 0.085825
1166.594360 0.087935
1168.386719 0.087792
1170.178101 0.087064
1171.968506 0.087940
1173.757568 0.088451
1175.545654 0.089214
1177.332642 0.092142
1179.118408 0.092113
1180.903198 0.093512
1182.686890 0.095046
1184.469482 0.092872
1186.251099 0.093058
1188.031494 0.092533
1189.810669 0.090832
1191.588989 0.090767
1193.366211 0.090420
1195.141968 0.092174
1196.917114 0.093682
1198.690796 0.092388
1200.463623 0.094446
1202.235352 0.095028
1204.005859 0.094602
1205.775391 0.094409
1207.543823 0.096838
1209.311035 0.094361
1211.077271 0.095810
1212.842529 0.094027
1214.606567 0.092300
1216.369507 0.091031
1218.131348 0.090356
1219.892090 0.089632
1221.651978 0.088881
1223.410645 0.088113
1225.168213 0.087787
1226.924805 0.088373
1228.680176 0.087678
1230.434570 0.087566
1232.187866 0.087890
1233.940186 0.087700
1235.691162 0.087247
1237.441284 0.088414
1239.190308 0.088794
1240.938354 0.090374
1242.685059 0.086535
1244.430908 0.089188
1246.175659 0.087989
1247.919312 0.089008
1249.661865 0.087539
1251.403320 0.087901
1253.143921 0.087689
1254.883301 0.087942
1256.621582 0.087993
1258.359009 0.086185
1260.094971 0.090554
1261.830078 0.088578
1263.564209 0.086377
1265.297241 0.088155
1267.029297 0.087181
1268.760254 0.088067
1270.490112 0.089566
1272.218750 0.087693
1273.946655 0.090167
1275.673218 0.088229
1277.398682 0.088315
1279.123413 0.089784
1280.846924 0.089122
1282.569458 0.090964
1284.290771 0.088837
1286.011108 0.089909
1287.730469 0.090785
1289.448853 0.091393
1291.166016 0.091383
1292.882080 0.091183
1294.597290 0.090506
1296.311523 0.091275
1298.024536 0.090512
1299.736328 0.089994
1301.447144 0.091269
1303.157227 0.090346
1304.866089 0.092350
1306.573730 0.089217
1308.280640 0.089764
1309.986206 0.088745
1311.691040 0.090676
1313.394653 0.090870
1315.097412 0.093139
1316.798828 0.091099
1318.499512 0.090124
1320.198975 0.092178
1321.897339 0.092708
1323.594849 0.092865
1325.291138 0.092992
1326.986572 0.093763
1328.680908 0.095319
1330.374268 0.092691
1332.066528 0.095215
1333.757813 0.095076
1335.447876 0.091963
1337.136963 0.092226
1338.825317 0.092504
1340.512451 0.092243
1342.198364 0.090630
1343.883545 0.091543
1345.567627 0.090445
1347.250610 0.090679
1348.932617 0.090224
1350.613525 0.090805
1352.293457 0.091471
1353.972534 0.089915
1355.650391 0.090946
1357.327271 0.089293
1359.003174 0.089687
1360.677979 0.091034
1362.351929 0.089534
1364.024780 0.089241
1365.696411 0.089836
1367.367432 0.089986
1369.036987 0.089590
1370.705811 0.090386
1372.373535 0.091065
1374.040283 0.091599
1375.706055 0.090365
1377.370728 0.092170
1379.034302 0.092347
1380.697144 0.091106
1382.358765 0.092320
1384.019409 0.090699
1385.678955 0.091054
1387.337769 0.092069
1388.995361 0.092936
1390.651978 0.091053
1392.307739 0.092873
1393.962280 0.090107
1395.615845 0.090886
1397.268555 0.091460
1398.920044 0.089819
1400.570679 0.091557
1402.220337 0.089498
1403.868896 0.091335
1405.516602 0.088622
1407.163330 0.088477
1408.808838 0.089602
1410.453491 0.089536
1412.097168 0.089401
1413.739746 0.088356
1415.381348 0.088893
1417.021973 0.086707
1418.661743 0.088148
1420.300415 0.088712
1421.937866 0.086711
1423.574707 0.088085
1425.210205 0.090330
1426.844849 0.088449
1428.478638 0.086861
1430.111328 0.091163
1431.743164 0.089533
1433.373657 0.090810
1435.003662 0.091047
1436.632324 0.091871
1438.260010 0.089987
1439.886841 0.092755
1441.512573 0.092106
1443.137329 0.090734
1444.761230 0.091019
1446.384155 0.092968
1448.005859 0.092885
1449.626831 0.091479
1451.246826 0.093047
1452.865601 0.091644
1454.483643 0.091355
1456.100586 0.090421
1457.716553 0.093547
1459.331665 0.092322
1460.945435 0.091930
1462.558594 0.091065
1464.170776 0.090564
1465.781860 0.090011
1467.392090 0.091218
1469.001099 0.091168
1470.609253 0.090910
1472.216553 0.090443
1473.822754 0.090831
1475.427979 0.089179
1477.032227 0.089069
1478.635620 0.088741
1480.237915 0.088220
1481.839355 0.085790
1483.439941 0.088701
1485.039307 0.087862
1486.637817 0.089488
1488.235229 0.088406
1489.831787 0.089390
1491.427490 0.087432
1493.022095 0.086298
1494.615601 0.088066
1496.208374 0.087971
1497.800293 0.087912
1499.390747 0.087389
1500.980957 0.088096
1502.569580 0.088482
1504.157593 0.092744
1505.744629 0.092700
1507.330444 0.087773
1508.915649 0.086217
1510.499756 0.086742
1512.082886 0.085332
1513.664795 0.086368
1515.246094 0.086475
1516.826538 0.086458
1518.405884 0.087663
1519.984131 0.088099
1521.561523 0.087134
1523.137695 0.086318
1524.713379 0.085812
1526.288086 0.085632
1527.861572 0.086426
1529.434326 0.085025
1531.005859 0.086073
1532.576416 0.086529
1534.146606 0.084875
1535.715454 0.084459
1537.283081 0.086244
1538.850098 0.090207
1540.416260 0.085429
1541.981201 0.085988
1543.545532 0.085433
1545.108643 0.085244
1546.670898 0.082979
1548.232178 0.087281
1549.792480 0.086623
1551.351929 0.087570
1552.910522 0.086112
1554.468018 0.087131
1556.024658 0.087938
1557.580200 0.086908
1559.134888 0.085509
1560.688843 0.087066
1562.241821 0.088150
1563.793701 0.085865
1565.344604 0.087702
1566.894531 0.089303
1568.443726 0.087199
1569.992065 0.089988
1571.539551 0.087429
1573.085815 0.088078
1574.631104 0.089947
1576.175781 0.089507
1577.718994 0.090741
1579.261597 0.091972
1580.803589 0.093986
1582.343994 0.094764
1583.884033 0.094543
1585.422729 0.092343
1586.960693 0.094956
1588.498047 0.094467
1590.034180 0.094187
1591.569336 0.095834
1593.103516 0.094393
1594.636719 0.096936
1596.169312 0.099381
1597.700806 0.099974
1599.231567 0.097658
1600.760986 0.100079
1602.289795 0.101353
1603.817627 0.099132
1605.344482 0.099223
1606.870605 0.097366
1608.395630 0.096000
1609.919800 0.096262
1611.442993 0.091573
1612.965332 0.091646
1614.486694 0.088824
1616.007324 0.088376
1617.526978 0.089606
1619.045410 0.086772
1620.563232 0.088216
1622.079956 0.088143
1623.595825 0.088023
1625.111084 0.086125
1626.625244 0.084539
1628.138184 0.084984
1629.650757 0.085677
1631.161865 0.087301
1632.672485 0.084515
1634.182129 0.084540
1635.690796 0.084795
1637.198364 0.084551
1638.705322 0.081936
1640.211060 0.084252
1641.716431 0.083488
1643.220459 0.081337
1644.723633 0.083307
1646.226074 0.080611
1647.727417 0.083124
1649.227783 0.081521
1650.727661 0.083089
1652.226196 0.082069
1653.723999 0.081484
1655.220947 0.079682
1656.716797 0.080404
1658.211914 0.082259
1659.706299 0.080578
1661.199585 0.079776
1662.692139 0.078307
1664.183594 0.079998
1665.674072 0.079273
1667.163940 0.079676
1668.652954 0.079837
1670.140747 0.079092
1671.627808 0.081389
1673.114014 0.080603
1674.599121 0.078257
1676.083618 0.079052
1677.567261 0.079263
1679.049805 0.077871
1680.531494 0.078519
1682.012329 0.078961
1683.492065 0.078695
1684.971436 0.079034
1686.449585 0.080738
1687.926880 0.077199
1689.403076 0.079954
1690.878662 0.079181
1692.353149 0.076571
1693.827026 0.081165
1695.299805 0.078926
1696.771851 0.079149
1698.242798 0.077773
1699.713013 0.078505
1701.182251 0.078909
1702.650879 0.078533
1704.118286 0.077407
1705.584961 0.078094
1707.050781 0.077522
1708.515625 0.077737
1709.979614 0.079458
1711.443115 0.075042
1712.905273 0.078236
1714.366455 0.079565
1715.827148 0.077689
1717.286743 0.078330
1718.745361 0.077448
1720.203491 0.079381
1721.660522 0.078004
1723.116577 0.077360
1724.571899 0.077957
1726.026123 0.077475
1727.479980 0.078790
1728.932617 0.078110
1730.384277 0.079397
1731.834961 0.077922
1733.285156 0.077542
1734.734253 0.078152
1736.182861 0.077451
1737.630249 0.078193
1739.076782 0.078693
1740.522339 0.078005
1741.967285 0.075948
1743.411133 0.077482
1744.854492 0.074913
1746.296631 0.078106
1747.737915 0.075466
1749.178467 0.079053
1750.618042 0.078025
1752.056885 0.078106
1753.494995 0.077688
1754.931885 0.077759
1756.368164 0.076262
1757.803589 0.077023
1759.237915 0.076157
1760.671387 0.078509
1762.104370 0.076882
1763.536255 0.077960
1764.967285 0.075231
1766.397339 0.075028
1767.826660 0.077026
1769.255127 0.077239
1770.682861 0.077295
1772.109741 0.077956
1773.535522 0.078576
1774.960449 0.078693
1776.384521 0.076339
1777.808228 0.076488
1779.230713 0.079570
1780.652222 0.074412
1782.072998 0.077106
1783.492798 0.076889
1784.911865 0.076844
1786.330322 0.075264
1787.747803 0.075604
1789.164063 0.077094
1790.579834 0.075208
1791.994751 0.077688
1793.408447 0.077157
1794.821899 0.078367
1796.234253 0.077310
1797.645752 0.075712
1799.056030 0.075828
1800.465820 0.077341
1801.874634 0.073962
1803.282959 0.076711
1804.690063 0.076206
1806.096680 0.075607
1807.502075 0.075622
1808.906738 0.076084
1810.310425 0.074138
1811.713745 0.076655
1813.115723 0.076068
1814.517090 0.077697
1815.917480 0.076596
1817.317139 0.076260
1818.715820 0.074386
1820.114136 0.075991
1821.511230 0.074743
1822.907471 0.076466
1824.302979 0.076902
1825.697388 0.074766
1827.091431 0.075047
1828.484497 0.076713
1829.876465 0.078287
1831.267700 0.075198
1832.658203 0.076835
1834.047729 0.075451
1835.436768 0.074620
1836.824585 0.075040
1838.211792 0.075802
1839.597900 0.077572
1840.983521 0.074593
1842.367920 0.077359
1843.751831 0.076241
1845.134766 0.076746
1846.516968 0.077432
1847.898315 0.075408
1849.278687 0.075721
1850.658325 0.075591
1852.037354 0.077347
1853.415405 0.075535
1854.792480 0.076094
1856.168823 0.075814
1857.544312 0.076358
1858.918823 0.075713
1860.293091 0.073970
1861.666260 0.077324
1863.038330 0.075532
1864.409668 0.076686
1865.780151 0.075435
1867.150146 0.076213
1868.519043 0.076914
1869.887329 0.077259
1871.254517 0.074312
1872.620850 0.074743
1873.986572 0.075981
1875.351563 0.076208
1876.715576 0.077888
1878.078857 0.074776
1879.441162 0.075168
1880.802612 0.075723
1882.163452 0.073138
1883.523560 0.075428
1884.882690 0.075281
1886.240845 0.075732
1887.598511 0.077196
1888.955078 0.075122
1890.311035 0.074616
1891.666138 0.077477
1893.020508 0.075334
1894.373779 0.076754
1895.726318 0.075942
1897.078125 0.075964
1898.429077 0.075791
1899.779541 0.075035
1901.129028 0.077784
1902.477295 0.076662
1903.825317 0.074178
1905.172241 0.075413
1906.518433 0.075875
1907.863892 0.073600
1909.208496 0.076956
1910.552002 0.078741
1911.895020 0.073367
1913.237061 0.073469
1914.578613 0.073980
1915.919189 0.075988
1917.258789 0.077145
1918.597534 0.075222
1919.935791 0.074459
1921.273071 0.073833
1922.609741 0.075214
1923.945313 0.077460
1925.280273 0.076840
1926.614258 0.072768
1927.947510 0.074567
1929.279907 0.075553
1930.611938 0.076252
1931.942871 0.075677
1933.272949 0.073363
1934.602173 0.071905
1935.930664 0.074269
1937.258301 0.075053
1938.585571 0.075732
1939.911499 0.077988
1941.236816 0.073417
1942.561401 0.073689
1943.885132 0.074848
1945.208008 0.075132
1946.530396 0.073787
1947.851685 0.076879
1949.172241 0.075349
1950.491943 0.074493
1951.810791 0.075025
1953.129272 0.075268
1954.446655 0.072504
1955.763184 0.074891
1957.079102 0.076283
1958.393921 0.072577
1959.708252 0.078477
1961.021729 0.077117
1962.334473 0.076228
1963.646240 0.075691
1964.957397 0.075150
1966.267578 0.073144
1967.577148 0.074405
1968.886108 0.076833
1970.193970 0.075650
1971.501099 0.074291
1972.807373 0.075810
1974.112915 0.074920
1975.417847 0.076847
1976.721802 0.075517
1978.025269 0.080578
1979.327637 0.075800
1980.629395 0.074406
1981.930176 0.073928
1983.230225 0.077009
1984.529663 0.073635
1985.828247 0.072794
1987.125977 0.073787
1988.422852 0.075606
1989.719116 0.077732
1991.014526 0.071460
1992.309204 0.072551
1993.603394 0.071342
1994.896240 0.073138
1996.188721 0.074968
1997.480103 0.073762
1998.771240 0.075564
2000.061157 0.076211
2001.350220 0.071804
2002.638550 0.072534
2003.926392 0.075983
2005.213135 0.073424
2006.499512 0.075456
2007.784790 0.074119
2009.069336 0.075140
2010.353149 0.075742
2011.636230 0.074073
2012.918457 0.076577
2014.200073 0.074514
2015.480957 0.075335
2016.760864 0.073608
2018.039917 0.073237
2019.318481 0.072868
2020.595825 0.074287
2021.873169 0.071098
2023.148926 0.072779
2024.424561 0.073369
2025.698853 0.074931
2026.972778 0.076124
2028.245972 0.074353
2029.518433 0.073953
2030.789795 0.072867
2032.060547 0.073083
2033.330322 0.074914
2034.599609 0.073760
2035.868408 0.076141
2037.135986 0.073877
2038.403076 0.071985
2039.669067 0.075375
2040.934448 0.072384
2042.199097 0.072481
2043.463257 0.074897
2044.726440 0.075567
2045.988770 0.076048
2047.250244 0.075631
2048.511230 0.073686
2049.770996 0.076803
2051.030762 0.069625
2052.289551 0.074423
2053.547119 0.076754
2054.804199 0.073165
2056.060547 0.071301
2057.315918 0.072515
2058.570801 0.070060
2059.824951 0.074263
2061.078125 0.075579
2062.330566 0.074620
2063.582275 0.071282
2064.833496 0.071888
2066.083984 0.069725
2067.333496 0.076696
2068.582275 0.075287
2069.830078 0.074430
2071.077637 0.072357
2072.323975 0.070333
2073.569824 0.071951
2074.814697 0.072767
2076.059082 0.073928
2077.302490 0.071655
2078.545410 0.073316
2079.787598 0.071709
2081.028809 0.073651
2082.269287 0.072839
2083.509033 0.074968
2084.748047 0.072654
2085.986328 0.077650
2087.224121 0.071919
2088.460938 0.072282
2089.696777 0.073532
2090.932129 0.074770
2092.166748 0.073587
2093.400391 0.075412
2094.633789 0.075461
2095.865967 0.074560
2097.097412 0.071412
2098.328125 0.076111
2099.558594 0.071605
2100.787598 0.071452
2102.016357 0.070726
2103.244385 0.074349
2104.471436 0.071012
2105.697998 0.076113
2106.923584 0.073786
2108.148682 0.075153
2109.372803 0.072677
2110.596191 0.072942
2111.818848 0.069401
2113.040771 0.073099
2114.261963 0.074103
2115.482910 0.072236
2116.702637 0.073267
2117.921143 0.071259
2119.139404 0.074649
2120.357178 0.075163
2121.573730 0.071065
2122.790283 0.073798
2124.005615 0.072647
2125.219971 0.073434
2126.433838 0.071571
2127.647461 0.069385
2128.859375 0.069544
2130.071289 0.076229
2131.282227 0.071625
2132.492432 0.072944
2133.701904 0.073929
2134.910645 0.070312
2136.118652 0.073912
2137.326416 0.074031
2138.532715 0.074204
2139.738770 0.072543
2140.943604 0.070549
2142.147949 0.071719
2143.351563 0.072095
2144.554443 0.072898
2145.756836 0.071958
2146.958252 0.071549
2148.158936 0.076038
2149.359131 0.071713
2150.558105 0.071336
2151.757080 0.075427
2152.955078 0.068365
2154.151855 0.073779
2155.348389 0.072075
2156.544189 0.070941
2157.739258 0.075457
2158.933350 0.072374
2160.126709 0.075987
2161.319580 0.073161
2162.511719 0.074084
2163.702881 0.071246
2164.893799 0.073177
2166.083740 0.069950
2167.272705 0.074580
2168.461182 0.072285
2169.648682 0.074361
2170.835938 0.072064
2172.022461 0.072870
2173.208252 0.076552
2174.392822 0.069828
2175.577148 0.074836
2176.760254 0.073195
2177.942871 0.068540
2179.125244 0.070984
2180.306641 0.073535
2181.487305 0.071959
2182.666992 0.074699
2183.845947 0.072350
2185.024414 0.073061
2186.202393 0.070066
2187.379639 0.076252
2188.555420 0.070882
2189.731201 0.073335
2190.906006 0.071386
2192.080322 0.073886
2193.253662 0.071532
2194.426270 0.074408
2195.598389 0.073622
2196.769531 0.072511
2197.940430 0.073868
2199.110596 0.074132
2200.279541 0.074701
2201.447998 0.068231
2202.615723 0.074560
2203.782715 0.073079
2204.949219 0.073731
2206.114990 0.073018
2207.279785 0.071964
2208.444092 0.073583
2209.607422 0.069567
2210.770508 0.074330
2211.932373 0.071046
2213.093994 0.071185
2214.254395 0.073047
2215.414795 0.071819
2216.573975 0.072225
2217.732422 0.072884
2218.890381 0.072856
2220.047852 0.075111
2221.204102 0.070007
2222.359863 0.071010
2223.514893 0.070771
2224.669434 0.072396
2225.822998 0.075120
2226.975830 0.073703
2228.128418 0.073815
2229.280029 0.068679
2230.430664 0.070217
2231.580811 0.069725
2232.730469 0.071730
2233.879395 0.071719
2235.027588 0.072897
2236.174805 0.069540
2237.321533 0.073159
2238.467529 0.071158
2239.612793 0.071291
2240.757324 0.070812
2241.901123 0.070523
2243.044434 0.069947
2244.186768 0.071549
2245.328613 0.069896
2246.469971 0.070282
2247.610352 0.068779
2248.750244 0.074221
2249.889160 0.069754
2251.027588 0.073412
2252.165039 0.068482
2253.302246 0.074443
2254.438232 0.072967
2255.574219 0.073578
2256.708740 0.069998
2257.843018 0.069265
2258.976563 0.072804
2260.109375 0.069284
2261.241455 0.067291
2262.373047 0.069994
2263.503662 0.068464
2264.633789 0.070155
2265.763428 0.071891
2266.892090 0.067944
2268.020020 0.071027
2269.147217 0.073185
2270.273682 0.069938
2271.399658 0.072159
2272.525391 0.076064
2273.649902 0.071373
2274.773682 0.075926
2275.896729 0.072645
2277.019287 0.070955
2278.141113 0.068753
2279.262451 0.069364
2280.382568 0.072710
2281.502441 0.072795
2282.621582 0.073363
2283.739990 0.074008
2284.857666 0.069972
2285.974854 0.070292
2287.091309 0.073540
2288.207031 0.071141
2289.321777 0.073431
2290.436279 0.070108
2291.549805 0.070155
2292.662842 0.070838
2293.775146 0.072074
2294.886475 0.070545
2295.997559 0.069098
2297.107910 0.074711
2298.217285 0.066421
2299.326416 0.069442
2300.434570 0.070506
2301.542236 0.070893
2302.648926 0.070670
2303.755127 0.072682
2304.860840 0.070929
2305.965576 0.071519
2307.069824 0.072579
2308.173096 0.069064
2309.276123 0.072883
2310.378174 0.070404
2311.479980 0.072371
2312.580811 0.074195
2313.680664 0.076357
2314.780273 0.072206
2315.879150 0.068002
2316.976807 0.073488
2318.074707 0.076590
2319.171387 0.071883
2320.267334 0.073667
2321.362793 0.069446
2322.457520 0.072087
2323.551514 0.069961
2324.645508 0.069480
2325.738037 0.068290
2326.829834 0.071121
2327.921387 0.071844
2329.011963 0.072364
2330.102051 0.071154
2331.191650 0.072304
2332.280273 0.070289
2333.368408 0.070406
2334.455566 0.071958
2335.542725 0.067809
2336.628906 0.071401
2337.714111 0.071175
2338.798828 0.068190
2339.883057 0.070022
2340.966309 0.072972
2342.049072 0.070475
2343.130859 0.071661
2344.212646 0.071826
2345.293457 0.069264
2346.373535 0.071890
2347.452637 0.069514
2348.531494 0.069234
2349.609863 0.072159
2350.687256 0.068986
2351.763916 0.071889
2352.840088 0.070677
2353.915527 0.067123
2354.990234 0.071209
2356.064697 0.071450
2357.138184 0.069097
2358.210938 0.071631
2359.282959 0.070005
2360.354736 0.070579
2361.425537 0.072952
2362.495850 0.071833
2363.565430 0.066031
2364.634033 0.074405
2365.702393 0.065442
2366.770020 0.071576
2367.836914 0.068725
2368.903076 0.072957
2369.968750 0.071351
2371.033691 0.069183
2372.098145 0.069758
2373.161621 0.074943
2374.224854 0.067739
2375.287354 0.071893
2376.348877 0.069108
2377.409912 0.075682
2378.470215 0.067551
2379.530029 0.067975
2380.589355 0.072077
2381.647705 0.066196
2382.705566 0.071046
2383.762451 0.070740
2384.819092 0.071680
2385.874756 0.070389
2386.930176 0.066672
2387.984863 0.070647
2389.038330 0.069810
2390.091553 0.073159
2391.144287 0.070031
2392.196045 0.069361
2393.247559 0.071501
2394.298096 0.070093
2395.348145 0.065887
2396.397461 0.070067
2397.446289 0.071705
2398.494385 0.065755
2399.541748 0.069318
2400.588623 0.073685
2401.634277 0.067470
2402.680176 0.067966
2403.724854 0.074525
2404.769287 0.069779
2405.812988 0.072573
2406.855713 0.070446
2407.897949 0.076215
2408.939697 0.069338
2409.980469 0.072923
2411.020996 0.069339
2412.060791 0.075113
2413.099854 0.069572
2414.138184 0.069567
2415.176025 0.072165
2416.213135 0.069974
2417.249512 0.069215
2418.285400 0.074031
2419.320801 0.071998
2420.355225 0.071404
2421.389160 0.068488
2422.422363 0.070762
2423.455322 0.067985
2424.487305 0.066178
2425.518555 0.068084
2426.549561 0.070141
2427.579590 0.069110
2428.608887 0.072913
2429.637939 0.069771
2430.666260 0.066696
2431.693848 0.065557
2432.720459 0.074403
2433.747070 0.072064
2434.772461 0.069202
2435.797852 0.068321
2436.822021 0.070643
2437.845947 0.069299
2438.868652 0.072436
2439.891357 0.073192
2440.913574 0.069324
2441.934570 0.067627
2442.955322 0.066519
2443.975098 0.069894
2444.994629 0.073310
2446.013184 0.071485
2447.031738 0.074851
2448.049072 0.069036
2449.066162 0.072644
2450.082031 0.072886
2451.097656 0.071451
2452.112549 0.068795
2453.127197 0.073768
2454.140625 0.065852
2455.153564 0.067258
2456.166016 0.072002
2457.177979 0.070965
2458.189209 0.063803
2459.199951 0.069456
2460.209717 0.071229
2461.219238 0.072751
2462.227783 0.068835
2463.235596 0.076263
2464.243164 0.067216
2465.250244 0.065980
2466.256348 0.077161
2467.261719 0.071297
2468.266846 0.073747
2469.271240 0.067984
2470.274902 0.072299
2471.278076 0.066220
2472.280518 0.071949
2473.282227 0.070869
2474.283447 0.074836
2475.284180 0.076641
2476.284180 0.069761
2477.283447 0.070627
2478.281982 0.069119
2479.280273 0.066833
2480.277588 0.065936
2481.274658 0.074140
2482.270996 0.072500
2483.266357 0.074544
2484.261475 0.066595
2485.256104 0.066811
2486.249756 0.071925
2487.242920 0.071425
2488.235352 0.076066
2489.227539 0.071270
2490.218994 0.064860
2491.209717 0.071374
2492.199707 0.070702
2493.188965 0.066782
2494.178223 0.076319
2495.166016 0.075422
2496.153809 0.074449
2497.140869 0.071864
2498.127441 0.069230
2499.113281 0.072958
2500.098145 0.071248
2501.083252 0.069419
2502.066895 0.070186
2503.050293 0.072461
2504.032715 0.067971
2505.015137 0.067458
2505.996338 0.067410
2506.977295 0.066731
2507.958008 0.071133
2508.937500 0.069535
2509.916992 0.072415
2510.895264 0.073182
2511.873291 0.066029
2512.850342 0.076895
2513.826904 0.073879
2514.802979 0.064546
2515.778076 0.071985
2516.752930 0.068338
2517.727295 0.073490
2518.700684 0.071658
2519.674561 0.064693
2520.646729 0.068276
2521.618408 0.074544
2522.589600 0.070946
2523.560059 0.079444
2524.530029 0.082871
2525.499512 0.076167
2526.468262 0.075198
2527.436523 0.072562
2528.404053 0.063560
2529.370605 0.070727
2530.337646 0.073136
2531.303467 0.069492
2532.268311 0.070737
2533.232910 0.068745
2534.197021 0.067494
2535.160645 0.071385
2536.123047 0.072277
2537.084961 0.071898
2538.046631 0.067747
2539.007080 0.067306
2539.967773 0.065529
2540.927490 0.070268
2541.886719 0.069765
2542.845703 0.066063
2543.803223 0.066790
2544.760742 0.069536
2545.717529 0.067989
2546.673340 0.067921
2547.629150 0.066055
2548.583984 0.066703
2549.538574 0.074568
2550.492432 0.065241
2551.445313 0.069124
2552.397949 0.070644
2553.350342 0.071515
2554.301514 0.073591
2555.252686 0.069179
2556.202881 0.074616
2557.152344 0.067314
2558.101318 0.066871
2559.049805 0.076826
2559.997559 0.067363
2560.944824 0.071515
2561.891357 0.070964
2562.837891 0.067652
2563.783691 0.073095
2564.728516 0.063749
2565.672363 0.070949
2566.616455 0.067706
2567.559570 0.069614
2568.501953 0.072840
2569.443604 0.066934
2570.385254 0.063164
2571.326172 0.068707
2572.266113 0.074031
2573.205566 0.071607
2574.144531 0.073559
2575.083252 0.070469
2576.021240 0.070424
2576.958496 0.070905
2577.895020 0.069879
2578.831055 0.068960
2579.766846 0.066689
2580.701416 0.067355
2581.635986 0.071689
2582.569336 0.068314
2583.502686 0.069409
2584.435303 0.068599
2585.367188 0.072513
2586.299316 0.073539
2587.229980 0.068025
2588.160400 0.071279
2589.089600 0.073110
2590.019043 0.070459
2590.947510 0.069401
2591.875000 0.067150
2592.802490 0.072263
2593.729248 0.069070
2594.655518 0.070773
2595.580811 0.065127
2596.506104 0.070329
2597.430908 0.066959
2598.354492 0.073863
2599.278076 0.075356
2600.200684 0.068423
2601.122803 0.070428
2602.044189 0.069802
2602.965332 0.071261
2603.885498 0.073575
2604.805176 0.066937
2605.724365 0.071802
2606.643066 0.066990
2607.561523 0.072155
2608.479248 0.068017
2609.395996 0.072507
2610.312500 0.064560
2611.228271 0.074118
2612.143311 0.073881
2613.057861 0.070149
2613.971924 0.064989
2614.885498 0.066321
2615.798340 0.072567
2616.710693 0.068782
2617.622314 0.074814
2618.533936 0.073276
2619.444824 0.071037
2620.354736 0.073674
2621.264404 0.070220
2622.173340 0.067464
2623.081299 0.068033
2623.989258 0.073018
2624.896729 0.071771
2625.802979 0.061258
2626.709229 0.072273
2627.614990 0.070696
2628.519775 0.059687
2629.424316 0.071602
2630.328369 0.068945
2631.231201 0.072041
2632.134277 0.071254
2633.036133 0.071372
2633.937500 0.068159
2634.838623 0.065420
2635.738770 0.075613
2636.638916 0.071780
2637.537842 0.071642
2638.436768 0.067192
2639.335449 0.065307
2640.233154 0.069305
2641.130127 0.066288
2642.026367 0.069842
2642.921875 0.063699
2643.817139 0.075923
2644.712402 0.073827
2645.606689 0.075722
2646.500244 0.068357
2647.393066 0.070573
2648.285889 0.068855
2649.177734 0.074389
2650.069580 0.075820
2650.960449 0.060256
2651.850830 0.065271
2652.740723 0.073277
2653.629395 0.074809
2654.518311 0.069847
2655.406250 0.070796
2656.293701 0.067474
2657.180908 0.075910
2658.066895 0.067866
2658.952881 0.073988
2659.838623 0.066208
2660.723145 0.069510
2661.607178 0.075960
2662.491211 0.077175
2663.374023 0.067179
2664.256348 0.063654
2665.138672 0.070754
2666.019531 0.072555
2666.900635 0.067118
2667.780762 0.066960
2668.660645 0.070601
2669.540039 0.072454
2670.418701 0.072528
2671.296875 0.066757
2672.174561 0.068011
2673.051514 0.070051
2673.927734 0.067513
2674.803711 0.063108
2675.678955 0.074245
2676.553711 0.072519
2677.427734 0.069613
2678.301514 0.071242
2679.174561 0.070382
2680.047363 0.076062
2680.919434 0.065007
2681.791016 0.074557
2682.661865 0.064360
2683.532715 0.069615
2684.402344 0.069195
2685.271484 0.070914
2686.140381 0.069904
2687.008545 0.070758
2687.876221 0.072313
2688.743164 0.072598
2689.609863 0.066009
2690.476563 0.064928
2691.341797 0.070783
2692.206299 0.068316
2693.071045 0.066145
2693.934570 0.076362
2694.798096 0.078784
2695.660645 0.073554
2696.522705 0.075475
2697.384521 0.069766
2698.245850 0.069029
2699.106445 0.070072
2699.966309 0.065755
2700.826416 0.067863
2701.685303 0.076743
2702.543457 0.063849
2703.401367 0.065137
2704.258789 0.071820
2705.115723 0.076668
2705.971924 0.068031
2706.827393 0.071021
2707.682861 0.064787
2708.537354 0.076379
2709.391846 0.072095
2710.245605 0.059945
2711.098389 0.074685
2711.951172 0.069966
2712.803223 0.074804
2713.654541 0.069255
2714.505371 0.063734
2715.355713 0.068650
2716.205566 0.071932
2717.054443 0.062673
2717.903564 0.065489
2718.751953 0.068833
2719.599609 0.069578
2720.447510 0.073822
2721.293945 0.082766
2722.139893 0.076410
2722.985352 0.084608
2723.830811 0.067512
2724.674805 0.076487
2725.519287 0.079439
2726.362549 0.078848
2727.205322 0.067863
2728.047607 0.070661
2728.889648 0.061813
2729.730713 0.074006
2730.572266 0.071865
2731.412354 0.066014
2732.251953 0.067869
2733.091553 0.073266
2733.930176 0.075126
2734.768555 0.071941
2735.606201 0.073893
2736.442627 0.061959
2737.279541 0.070744
2738.115723 0.070355
2738.951172 0.070477
2739.786865 0.068181
2740.621094 0.067998
2741.455322 0.068321
2742.288330 0.061107
2743.121338 0.070722
2743.953857 0.073158
2744.785645 0.071305
2745.617188 0.073937
2746.447754 0.072111
2747.278076 0.074967
2748.107666 0.069261
2748.937256 0.062709
2749.766357 0.073090
2750.594727 0.076158
2751.422363 0.069479
2752.249268 0.065696
2753.076172 0.063182
2753.902100 0.070633
2754.727783 0.062106
2755.552979 0.078279
2756.377441 0.071120
2757.201660 0.073031
2758.025146 0.067606
2758.848633 0.073832
2759.671387 0.070473
2760.493164 0.067537
2761.314697 0.056481
2762.135742 0.075199
2762.956055 0.079319
2763.775879 0.070748
2764.595459 0.073550
2765.414551 0.077110
2766.232666 0.074151
2767.050537 0.067647
2767.867920 0.063527
2768.685303 0.067518
2769.501953 0.070085
2770.317627 0.077928
2771.133057 0.077685
2771.947754 0.080022
2772.761963 0.063573
2773.575928 0.074902
2774.389160 0.065852
2775.201904 0.071135
2776.014404 0.068790
2776.825928 0.066158
2777.636963 0.068246
2778.448486 0.068505
2779.258545 0.075698
2780.068359 0.064990
2780.877686 0.070780
2781.686279 0.080235
2782.494629 0.077409
2783.302490 0.063463
2784.109375 0.072240
2784.916016 0.083626
2785.722412 0.080414
2786.527832 0.068276
2787.333496 0.079222
2788.138428 0.075227
2788.942383 0.067223
2789.746094 0.072280
2790.549072 0.074394
2791.351807 0.078481
2792.153809 0.071037
2792.955566 0.072283
2793.756348 0.061808
2794.557373 0.065556
2795.357666 0.067113
2796.157471 0.070030
2796.956543 0.083281
2797.755371 0.058796
2798.553711 0.072952
2799.351563 0.079910
2800.148682 0.067989
2800.945313 0.083022
2801.741455 0.073997
2802.537109 0.076157
2803.332031 0.071846
2804.126953 0.070541
2804.921143 0.076414
2805.714844 0.080782
2806.508545 0.092597
2807.300781 0.074859
2808.093262 0.074503
2808.884766 0.066200
2809.676025 0.075254
2810.466797 0.072232
2811.256836 0.077694
2812.046631 0.085818
2812.835693 0.074590
2813.624512 0.072832
2814.412598 0.071402
2815.201172 0.079712
2815.988281 0.079495
2816.775391 0.063470
2817.561523 0.074071
2818.347412 0.068421
2819.132568 0.082084
2819.917480 0.063096
2820.701416 0.056636
2821.485596 0.080327
2822.268799 0.077921
2823.051758 0.085998
2823.834229 0.086453
2824.616455 0.070694
2825.397705 0.067309
2826.178711 0.072420
2826.959229 0.085482
2827.739014 0.078722
2828.518799 0.073723
2829.297607 0.075990
2830.075928 0.084268
2830.854248 0.082583
2831.631592 0.078052
2832.408691 0.089585
2833.185059 0.087170
2833.961670 0.081469
2834.737061 0.082315
2835.512451 0.079380
2836.286621 0.077618
2837.061035 0.078360
2837.834961 0.093139
2838.607666 0.069925
2839.380615 0.075629
2840.152832 0.088084
2840.924561 0.077045
2841.696045 0.092214
2842.467285 0.074535
2843.237549 0.097439
2844.007324 0.072178
2844.776367 0.078597
2845.545410 0.093191
2846.313965 0.078085
2847.081543 0.075720
2847.849121 0.075630
2848.616455 0.087531
2849.382813 0.073713
2850.148682 0.088371
2850.914063 0.089201
2851.679932 0.076236
2852.444336 0.080312
2853.208740 0.087602
2853.972168 0.076663
2854.735352 0.089219
2855.498291 0.087627
2856.260254 0.074831
2857.021973 0.082925
2857.783691 0.073350
2858.544189 0.095209
2859.304932 0.090447
2860.064697 0.100578
2860.824219 0.089274
2861.583496 0.077157
2862.341553 0.084010
2863.099609 0.088067
2863.857422 0.066211
2864.614258 0.087111
2865.371094 0.088756
2866.126953 0.075140
2866.882568 0.084102
2867.637939 0.068220
2868.392578 0.071555
2869.147705 0.086265
2869.901123 0.083872
2870.654785 0.086786
2871.407471 0.081730
2872.160156 0.077750
2872.911865 0.070011
2873.663574 0.079704
2874.414307 0.095229
2875.165039 0.091380
2875.915039 0.096031
2876.664795 0.081441
2877.413818 0.083598
2878.163330 0.091143
2878.911377 0.087455
2879.659424 0.092310
2880.406250 0.093074
2881.153564 0.086277
2881.899902 0.094942
2882.645752 0.102533
2883.391113 0.084713
2884.136475 0.086408
2884.880859 0.066614
2885.625000 0.079735
2886.369385 0.087610
2887.112549 0.090314
2887.855469 0.097181
2888.597656 0.070141
2889.339355 0.095910
2890.080811 0.077057
2890.821777 0.083381
2891.562256 0.080516
2892.302246 0.083073
2893.041748 0.083044
2893.781250 0.069167
2894.519775 0.078559
2895.258545 0.078924
2895.996338 0.095230
2896.733643 0.089012
2897.470459 0.085135
2898.207031 0.077820
2898.942871 0.087478
2899.678711 0.086232
2900.413574 0.099876
2901.148193 0.101861
2901.882324 0.084213
2902.616455 0.090720
2903.349609 0.087945
2904.082764 0.089581
2904.815430 0.087254
2905.547363 0.078265
2906.278809 0.090767
2907.009766 0.090752
spectrumdark 2048
-92.678787 2326.000000
-90.074638 2326.000000
-87.472260 2334.000000
-84.871628 2291.000000
-82.272751 2325.000000
-79.675621 2348.000000
-77.080254 2272.000000
-74.486633 2337.000000
-71.894753 2290.000000
-69.304626 2283.000000
-66.716240 2396.000000
-64.129608 2310.000000
-61.544704 2299.000000
-58.961548 2257.000000
-56.380135 2304.000000
-53.800453 2350.000000
-51.222511 2308.000000
-48.646305 2311.000000
-46.071831 2283.000000
-43.499084 2322.000000
-40.928078 2390.000000
-38.358791 2318.000000
-35.791237 2331.000000
-33.225403 2323.000000
-30.661303 2282.000000
-28.098917 2377.000000
-25.538261 2389.000000
-22.979326 2290.000000
-20.422100 2404.000000
-17.866592 2332.000000
-15.312809 2400.000000
-12.760738 2346.000000
-10.210373 2341.000000
-7.661721 2332.000000
-5.114785 2349.000000
-2.569558 2265.000000
-0.026031 2276.000000
2.515791 2334.000000
5.055901 2380.000000
7.594308 2306.000000
10.131021 2342.000000
12.666035 2302.000000
15.199343 2309.000000
17.730953 2337.000000
20.260874 2298.000000
22.789103 2369.000000
25.315632 2337.000000
27.840466 2319.000000
30.363623 2312.000000
32.885090 2369.000000
35.404873 2306.000000
37.922951 2343.000000
40.439358 2387.000000
42.954082 2352.000000
45.467113 2375.000000
47.978477 2301.000000
50.488167 2292.000000
52.996174 2386.000000
55.502510 2309.000000
58.007153 2315.000000
60.510143 2399.000000
63.011459 2313.000000
65.511086 2353.000000
68.009064 2307.000000
70.505371 2327.000000
73.000023 2423.000000
75.492996 2351.000000
77.984299 2312.000000
80.473953 2272.000000
82.961960 2327.000000
85.448273 2319.000000
87.932953 2343.000000
90.415977 2264.000000
92.897346 2285.000000
95.377052 2320.000000
97.855110 2336.000000
100.331520 2346.000000
102.806297 2357.000000
105.279388 2310.000000
107.750854 2293.000000
110.220680 2342.000000
112.688858 2324.000000
115.155411 2303.000000
117.620293 2337.000000
120.083549 2323.000000
122.545174 2312.000000
125.005157 2308.000000
127.463501 2264.000000
129.920212 2319.000000
132.375305 2371.000000
134.828751 2273.000000
137.280563 2304.000000
139.730759 2237.000000
142.179321 2343.000000
144.626266 2379.000000
147.071579 2346.000000
149.515289 2378.000000
151.957352 2295.000000
154.397797 2383.000000
156.836624 2364.000000
159.273865 2349.000000
161.709442 2289.000000
164.143417 2347.000000
166.575806 2319.000000
169.006561 2352.000000
171.435699 2335.000000
173.863251 2359.000000
176.289185 2303.000000
178.713486 2346.000000
181.136215 2308.000000
183.557343 2355.000000
185.976852 2332.000000
188.394775 2294.000000
190.811081 2408.000000
193.225800 2401.000000
195.638916 2291.000000
198.050446 2318.000000
200.460373 2354.000000
202.868698 2340.000000
205.275452 2383.000000
207.680588 2318.000000
210.084137 2384.000000
212.486130 2384.000000
214.886505 2285.000000
217.285294 2346.000000
219.682556 2357.000000
222.078156 2314.000000
224.472244 2349.000000
226.864700 2276.000000
229.255585 2368.000000
231.644928 2302.000000
234.032669 2313.000000
236.418839 2339.000000
238.803421 2294.000000
241.186447 2281.000000
243.567932 2406.000000
245.947800 2324.000000
248.326096 2283.000000
250.702866 2292.000000
253.078033 2327.000000
255.451645 2376.000000
257.823730 2324.000000
260.194244 2311.000000
262.563171 2358.000000
264.930542 2295.000000
267.296356 2325.000000
269.660645 2348.000000
272.023346 2343.000000
274.384491 2322.000000
276.744110 2328.000000
279.102142 2296.000000
281.458649 2366.000000
283.813568 2339.000000
286.166962 2334.000000
288.518890 2376.000000
290.869171 2305.000000
293.217896 2361.000000
295.565186 2275.000000
297.910858 2321.000000
300.255035 2364.000000
302.597595 2331.000000
304.938690 2287.000000
307.278229 2315.000000
309.616241 2383.000000
311.952728 2646.000000
314.287659 2427.000000
316.621063 2343.000000
318.952942 2371.000000
321.283295 2383.000000
323.612091 2376.000000
325.939392 2342.000000
328.265167 2371.000000
330.589417 2403.000000
332.912170 2450.000000
335.233398 2453.000000
337.553070 2489.000000
339.871216 2418.000000
342.187866 2350.000000
344.502991 2349.000000
346.816620 2420.000000
349.128784 2323.000000
351.439362 2334.000000
353.748444 2397.000000
356.056030 2346.000000
358.362091 2364.000000
360.666656 2316.000000
362.969757 2353.000000
365.271240 2375.000000
367.571320 2317.000000
369.869873 2349.000000
372.166901 2370.000000
374.462524 2354.000000
376.756531 2290.000000
379.049103 2403.000000
381.340179 2296.000000
383.629730 2294.000000
385.917816 2376.000000
388.204346 2345.000000
390.489502 2302.000000
392.773102 2381.000000
395.055206 2398.000000
397.335785 2414.000000
399.614960 2611.000000
401.892639 2841.000000
404.168823 2864.000000
406.443512 2912.000000
408.716736 2721.000000
410.988434 2923.000000
413.258667 3928.000000
415.527496 4509.000000
417.794739 4505.000000
420.060577 3991.000000
422.324982 2914.000000
424.587799 2436.000000
426.849243 2328.000000
429.109161 2314.000000
431.367615 2292.000000
433.624664 2360.000000
435.880188 2309.000000
438.134308 2354.000000
440.386871 2396.000000
442.638031 2385.000000
444.887756 2285.000000
447.135925 2404.000000
449.382690 2330.000000
451.628021 2329.000000
453.871826 2356.000000
456.114258 2311.000000
458.355194 2302.000000
460.594635 2382.000000
462.832672 2391.000000
465.069305 2385.000000
467.304474 2343.000000
469.538086 2361.000000
471.770386 2376.000000
474.001160 2336.000000
476.230438 2312.000000
478.458435 2340.000000
480.684875 2306.000000
482.909851 2274.000000
485.133545 2344.000000
487.355621 2316.000000
489.576263 2344.000000
491.795624 2309.000000
494.013428 2352.000000
496.229797 2326.000000
498.444855 2346.000000
500.658356 2361.000000
502.870392 2292.000000
505.081146 2366.000000
507.290344 2288.000000
509.498260 2334.000000
511.704590 2303.000000
513.909485 2304.000000
516.113159 2266.000000
518.315247 2340.000000
520.515869 2289.000000
522.715271 2399.000000
524.913086 2289.000000
527.109436 2441.000000
529.304565 2533.000000
531.498169 2679.000000
533.690247 2691.000000
535.881104 2627.000000
538.070496 2443.000000
540.258362 2363.000000
542.445068 2363.000000
544.630127 2343.000000
546.813782 2286.000000
548.996277 2283.000000
551.177185 2395.000000
553.356628 2358.000000
555.534790 2346.000000
557.711487 2401.000000
559.886719 2378.000000
562.060730 2332.000000
564.233276 2381.000000
566.404297 2373.000000
568.574158 2342.000000
570.742432 2381.000000
572.909302 2373.000000
575.074890 2347.000000
577.239014 2402.000000
579.401917 2290.000000
581.563232 2304.000000
583.723206 2395.000000
585.881836 2343.000000
588.039001 2353.000000
590.194763 2318.000000
592.349304 2378.000000
594.502258 2314.000000
596.653931 2311.000000
598.804321 2387.000000
600.953186 2294.000000
603.100708 2340.000000
605.246887 2350.000000
607.391663 2306.000000
609.535034 2332.000000
611.677246 2369.000000
613.817749 2334.000000
615.956970 2334.000000
618.095032 2334.000000
620.231567 2317.000000
622.366699 2250.000000
624.500549 2269.000000
626.632996 2328.000000
628.764099 2357.000000
630.893860 2359.000000
633.022156 2352.000000
635.149109 2347.000000
637.274841 2564.000000
639.399048 2651.000000
641.521973 2642.000000
643.643616 2692.000000
645.763733 2487.000000
647.882690 2334.000000
650.000122 2375.000000
652.116333 2294.000000
654.231140 2298.000000
656.344543 2359.000000
658.456543 2374.000000
660.567444 2326.000000
662.676758 2377.000000
664.784851 2389.000000
666.891541 2422.000000
668.996887 2549.000000
671.100830 2449.000000
673.203613 2723.000000
675.304871 2979.000000
677.404907 3002.000000
679.503601 2951.000000
681.600830 2574.000000
683.696777 2407.000000
685.791565 2443.000000
687.884827 2721.000000
689.976746 2995.000000
692.067444 3256.000000
694.156738 3287.000000
696.244629 2919.000000
698.331360 2699.000000
700.416748 2427.000000
702.500610 2404.000000
704.583374 2303.000000
706.664795 2307.000000
708.744690 2283.000000
710.823486 2323.000000
712.900757 2413.000000
714.976990 2386.000000
717.051697 2286.000000
719.125061 2307.000000
721.197205 2339.000000
723.268005 2343.000000
725.337402 2354.000000
727.405640 2330.000000
729.472412 2315.000000
731.537964 2327.000000
733.602173 2254.000000
735.665100 2370.000000
737.726624 2308.000000
739.787048 2343.000000
741.845947 2279.000000
743.903564 2410.000000
745.960022 2270.000000
748.015076 2400.000000
750.068787 2375.000000
752.121338 2703.000000
754.172485 2334.000000
756.222229 2310.000000
758.270935 2334.000000
760.318115 2319.000000
762.364014 2263.000000
764.408813 2297.000000
766.452148 2285.000000
768.494202 2289.000000
770.535034 2362.000000
772.574463 2334.000000
774.612671 2334.000000
776.649658 2346.000000
778.685303 2298.000000
780.719666 2305.000000
782.752686 2313.000000
784.784485 2378.000000
786.815002 2405.000000
788.844116 2325.000000
790.872009 2335.000000
792.898743 2304.000000
794.924011 2297.000000
796.948120 2347.000000
798.970947 2378.000000
800.992371 2318.000000
803.012634 2326.000000
805.031677 2350.000000
807.049377 2338.000000
809.065674 2314.000000
811.080750 2317.000000
813.094727 2349.000000
815.107361 2317.000000
817.118591 2330.000000
819.128784 2434.000000
821.137573 2323.000000
823.145142 2290.000000
825.151367 2346.000000
827.156311 2345.000000
829.160156 2346.000000
831.162598 2335.000000
833.163757 2300.000000
835.163757 2354.000000
837.162415 2350.000000
839.159851 2353.000000
841.156128 2395.000000
843.150940 2312.000000
845.144531 2408.000000
847.137085 2290.000000
849.128174 2440.000000
851.118042 2332.000000
853.106750 2374.000000
855.094116 2364.000000
857.080139 2380.000000
859.065186 2338.000000
861.048767 2281.000000
863.031189 2321.000000
865.012390 2397.000000
866.992310 2337.000000
868.970825 2377.000000
870.948425 2354.000000
872.924561 2307.000000
874.899414 2311.000000
876.873291 2355.000000
878.845703 2391.000000
880.816833 2308.000000
882.786926 2347.000000
884.755615 2351.000000
886.723083 2276.000000
888.689453 2302.000000
890.654419 2378.000000
892.618347 2330.000000
894.580933 2364.000000
896.542236 2286.000000
898.502441 2352.000000
900.461304 2330.000000
902.418945 2302.000000
904.375427 2326.000000
906.330566 2360.000000
908.284485 2374.000000
910.237366 2337.000000
912.188904 2357.000000
914.139160 2277.000000
916.088257 2282.000000
918.036194 2316.000000
919.982788 2307.000000
921.928345 2335.000000
923.872498 2371.000000
925.815430 2278.000000
927.757324 2322.000000
929.697876 2443.000000
931.637207 2327.000000
933.575378 2367.000000
935.512329 2293.000000
937.448059 2325.000000
939.382568 2339.000000
941.315857 2295.000000
943.247925 2343.000000
945.178833 2371.000000
947.108521 2331.000000
949.037170 2307.000000
950.964355 2351.000000
952.890381 2311.000000
954.815369 2319.000000
956.739014 2275.000000
958.661377 2328.000000
960.582703 2312.000000
962.502747 2342.000000
964.421570 2332.000000
966.339355 2306.000000
968.255798 2333.000000
970.170959 2325.000000
972.085144 2281.000000
973.998047 2317.000000
975.909729 2345.000000
977.820313 2376.000000
979.729553 2340.000000
981.637634 2304.000000
983.544678 2351.000000
985.450378 2371.000000
987.354919 2405.000000
989.258423 2452.000000
991.160522 2386.000000
993.061462 2388.000000
994.961426 2383.000000
996.859985 2291.000000
998.757446 2301.000000
1000.653809 2292.000000
1002.548889 2256.000000
1004.442810 2316.000000
1006.335693 2330.000000
1008.227112 2306.000000
1010.117493 2340.000000
1012.006714 2360.000000
1013.894775 2342.000000
1015.781677 2289.000000
1017.667419 2285.000000
1019.551880 2269.000000
1021.435303 2304.000000
1023.317505 2332.000000
1025.198364 2355.000000
1027.078247 2366.000000
1028.957031 2286.000000
1030.834473 2338.000000
1032.710938 2277.000000
1034.586060 2371.000000
1036.459961 2332.000000
1038.333008 2249.000000
1040.204590 2385.000000
1042.075195 2315.000000
1043.944580 2322.000000
1045.812744 2356.000000
1047.679688 2391.000000
1049.545654 2304.000000
1051.410400 2282.000000
1053.273926 2305.000000
1055.136353 2292.000000
1056.997803 2316.000000
1058.857788 2333.000000
1060.716919 2264.000000
1062.574463 2359.000000
1064.431274 2324.000000
1066.286743 2249.000000
1068.141113 2319.000000
1069.994507 2346.000000
1071.846558 2330.000000
1073.697388 2369.000000
1075.547241 2318.000000
1077.395874 2298.000000
1079.243286 2288.000000
1081.089600 2293.000000
1082.934937 2268.000000
1084.778931 2369.000000
1086.621948 2276.000000
1088.463623 2333.000000
1090.304321 2291.000000
1092.143799 2314.000000
1093.982178 2310.000000
1095.819458 2237.000000
1097.655518 2282.000000
1099.490479 2387.000000
1101.324219 2273.000000
1103.157104 2284.000000
1104.988525 2328.000000
1106.818970 2357.000000
1108.648438 2287.000000
1110.476440 2370.000000
1112.303467 2256.000000
1114.129517 2306.000000
1115.954102 2262.000000
1117.777954 2292.000000
1119.600586 2373.000000
1121.421875 2246.000000
1123.242065 2320.000000
1125.061523 2337.000000
1126.879395 2341.000000
1128.696289 2310.000000
1130.512085 2352.000000
1132.326904 2349.000000
1134.140503 2287.000000
1135.952881 2251.000000
1137.764160 2325.000000
1139.574463 2301.000000
1141.383545 2314.000000
1143.191528 2319.000000
1144.998413 2270.000000
1146.804077 2367.000000
1148.608765 2267.000000
1150.412354 2404.000000
1152.214722 2296.000000
1154.016113 2334.000000
1155.816284 2340.000000
1157.615479 2282.000000
1159.413452 2302.000000
1161.210327 2308.000000
1163.005981 2312.000000
1164.800781 2309.000000
1166.594360 2308.000000
1168.386719 2398.000000
1170.178101 2292.000000
1171.968506 2309.000000
1173.757568 2354.000000
1175.545654 2362.000000
1177.332642 2306.000000
1179.118408 2349.000000
1180.903198 2307.000000
1182.686890 2253.000000
1184.469482 2374.000000
1186.251099 2301.000000
1188.031494 2378.000000
1189.810669 2366.000000
1191.588989 2356.000000
1193.366211 2261.000000
1195.141968 2300.000000
1196.917114 2294.000000
1198.690796 2361.000000
1200.463623 2370.000000
1202.235352 2326.000000
1204.005859 2329.000000
1205.775391 2316.000000
1207.543823 2424.000000
1209.311035 2246.000000
1211.077271 2306.000000
1212.842529 2364.000000
1214.606567 2340.000000
1216.369507 2317.000000
1218.131348 2280.000000
1219.892090 2316.000000
1221.651978 2337.000000
1223.410645 2321.000000
1225.168213 2335.000000
1226.924805 2366.000000
1228.680176 2301.000000
1230.434570 2252.000000
1232.187866 2314.000000
1233.940186 2335.000000
1235.691162 2334.000000
1237.441284 2323.000000
1239.190308 2405.000000
1240.938354 2314.000000
1242.685059 2370.000000
1244.430908 2225.000000
1246.175659 2322.000000
1247.919312 2367.000000
1249.661865 2365.000000
1251.403320 2316.000000
1253.143921 2307.000000
1254.883301 2261.000000
1256.621582 2270.000000
1258.359009 2375.000000
1260.094971 2284.000000
1261.830078 2272.000000
1263.564209 2347.000000
1265.297241 2285.000000
1267.029297 2291.000000
1268.760254 2298.000000
1270.490112 2305.000000
1272.218750 2320.000000
1273.946655 2268.000000
1275.673218 2347.000000
1277.398682 2341.000000
1279.123413 2256.000000
1280.846924 2358.000000
1282.569458 2342.000000
1284.290771 2316.000000
1286.011108 2326.000000
1287.730469 2241.000000
1289.448853 2288.000000
1291.166016 2309.000000
1292.882080 2284.000000
1294.597290 2322.000000
1296.311523 2290.000000
1298.024536 2281.000000
1299.736328 2314.000000
1301.447144 2321.000000
1303.157227 2321.000000
1304.866089 2276.000000
1306.573730 2388.000000
1308.280640 2346.000000
1309.986206 2407.000000
1311.691040 2252.000000
1313.394653 2337.000000
1315.097412 2261.000000
1316.798828 2294.000000
1318.499512 2314.000000
1320.198975 2186.000000
1321.897339 2316.000000
1323.594849 2346.000000
1325.291138 2318.000000
1326.986572 2298.000000
1328.680908 2326.000000
1330.374268 2285.000000
1332.066528 2352.000000
1333.757813 2281.000000
1335.447876 2305.000000
1337.136963 2344.000000
1338.825317 2267.000000
1340.512451 2308.000000
1342.198364 2312.000000
1343.883545 2460.000000
1345.567627 2653.000000
1347.250610 2830.000000
1348.932617 2994.000000
1350.613525 3005.000000
1352.293457 2689.000000
1353.972534 2488.000000
1355.650391 2352.000000
1357.327271 2344.000000
1359.003174 2356.000000
1360.677979 2332.000000
1362.351929 2276.000000
1364.024780 2338.000000
1365.696411 2360.000000
1367.367432 2300.000000
1369.036987 2270.000000
1370.705811 2368.000000
1372.373535 2325.000000
1374.040283 2328.000000
1375.706055 2325.000000
1377.370728 2366.000000
1379.034302 2290.000000
1380.697144 2312.000000
1382.358765 2332.000000
1384.019409 2364.000000
1385.678955 2334.000000
1387.337769 2285.000000
1388.995361 2292.000000
1390.651978 2298.000000
1392.307739 2304.000000
1393.962280 2345.000000
1395.615845 2316.000000
1397.268555 2282.000000
1398.920044 2301.000000
1400.570679 2238.000000
1402.220337 2332.000000
1403.868896 2261.000000
1405.516602 2314.000000
1407.163330 2430.000000
1408.808838 2337.000000
1410.453491 2346.000000
1412.097168 2324.000000
1413.739746 2310.000000
1415.381348 2280.000000
1417.021973 2415.000000
1418.661743 2322.000000
1420.300415 2308.000000
1421.937866 2281.000000
1423.574707 2344.000000
1425.210205 2298.000000
1426.844849 2273.000000
1428.478638 2301.000000
1430.111328 2268.000000
1431.743164 2289.000000
1433.373657 2297.000000
1435.003662 2295.000000
1436.632324 2327.000000
1438.260010 2381.000000
1439.886841 2346.000000
1441.512573 2295.000000
1443.137329 2307.000000
1444.761230 2299.000000
1446.384155 2351.000000
1448.005859 2249.000000
1449.626831 2352.000000
1451.246826 2383.000000
1452.865601 2279.000000
1454.483643 2292.000000
1456.100586 2339.000000
1457.716553 2326.000000
1459.331665 2280.000000
1460.945435 2287.000000
1462.558594 2313.000000
1464.170776 2310.000000
1465.781860 2297.000000
1467.392090 2342.000000
1469.001099 2279.000000
1470.609253 2311.000000
1472.216553 2301.000000
1473.822754 2244.000000
1475.427979 2276.000000
1477.032227 2272.000000
1478.635620 2403.000000
1480.237915 2300.000000
1481.839355 2349.000000
1483.439941 2310.000000
1485.039307 2281.000000
1486.637817 2324.000000
1488.235229 2293.000000
1489.831787 2355.000000
1491.427490 2329.000000
1493.022095 2348.000000
1494.615601 2321.000000
1496.208374 2314.000000
1497.800293 2316.000000
1499.390747 2319.000000
1500.980957 2277.000000
1502.569580 2331.000000
1504.157593 2281.000000
1505.744629 2310.000000
1507.330444 2339.000000
1508.915649 2326.000000
1510.499756 2307.000000
1512.082886 2364.000000
1513.664795 2328.000000
1515.246094 2299.000000
1516.826538 2354.000000
1518.405884 2327.000000
1519.984131 2293.000000
1521.561523 2245.000000
1523.137695 2347.000000
1524.713379 2340.000000
1526.288086 2315.000000
1527.861572 2280.000000
1529.434326 2291.000000
1531.005859 2336.000000
1532.576416 2322.000000
1534.146606 2342.000000
1535.715454 2348.000000
1537.283081 2344.000000
1538.850098 2493.000000
1540.416260 2769.000000
1541.981201 2753.000000
1543.545532 2922.000000
1545.108643 2777.000000
1546.670898 2528.000000
1548.232178 2338.000000
1549.792480 2358.000000
1551.351929 2326.000000
1552.910522 2248.000000
1554.468018 2365.000000
1556.024658 2286.000000
1557.580200 2349.000000
1559.134888 2284.000000
1560.688843 2261.000000
1562.241821 2300.000000
1563.793701 2362.000000
1565.344604 2288.000000
1566.894531 2314.000000
1568.443726 2287.000000
1569.992065 2298.000000
1571.539551 2366.000000
1573.085815 2329.000000
1574.631104 2308.000000
1576.175781 2312.000000
1577.718994 2324.000000
1579.261597 2381.000000
1580.803589 2259.000000
1582.343994 2268.000000
1583.884033 2276.000000
1585.422729 2333.000000
1586.960693 2308.000000
1588.498047 2304.000000
1590.034180 2333.000000
1591.569336 2358.000000
1593.103516 2215.000000
1594.636719 2273.000000
1596.169312 2245.000000
1597.700806 2299.000000
1599.231567 2270.000000
1600.760986 2259.000000
1602.289795 2219.000000
1603.817627 2328.000000
1605.344482 2295.000000
1606.870605 2362.000000
1608.395630 2272.000000
1609.919800 2283.000000
1611.442993 2285.000000
1612.965332 2298.000000
1614.486694 2301.000000
1616.007324 2333.000000
1617.526978 2275.000000
1619.045410 2312.000000
1620.563232 2309.000000
1622.079956 2247.000000
1623.595825 2271.000000
1625.111084 2255.000000
1626.625244 2297.000000
1628.138184 2304.000000
1629.650757 2331.000000
1631.161865 2304.000000
1632.672485 2275.000000
1634.182129 2266.000000
1635.690796 2269.000000
1637.198364 2267.000000
1638.705322 2361.000000
1640.211060 2284.000000
1641.716431 2293.000000
1643.220459 2358.000000
1644.723633 2232.000000
1646.226074 2347.000000
1647.727417 2297.000000
1649.227783 2283.000000
1650.727661 2329.000000
1652.226196 2296.000000
1653.723999 2318.000000
1655.220947 2290.000000
1656.716797 2266.000000
1658.211914 2283.000000
1659.706299 2389.000000
1661.199585 2285.000000
1662.692139 2380.000000
1664.183594 2352.000000
1665.674072 2275.000000
1667.163940 2335.000000
1668.652954 2314.000000
1670.140747 2364.000000
1671.627808 2273.000000
1673.114014 2243.000000
1674.599121 2351.000000
1676.083618 2222.000000
1677.567261 2253.000000
1679.049805 2398.000000
1680.531494 2270.000000
1682.012329 2319.000000
1683.492065 2325.000000
1684.971436 2343.000000
1686.449585 2254.000000
1687.926880 2342.000000
1689.403076 2271.000000
1690.878662 2314.000000
1692.353149 2366.000000
1693.827026 2277.000000
1695.299805 2325.000000
1696.771851 2263.000000
1698.242798 2248.000000
1699.713013 2305.000000
1701.182251 2299.000000
1702.650879 2243.000000
1704.118286 2240.000000
1705.584961 2309.000000
1707.050781 2283.000000
1708.515625 2359.000000
1709.979614 2280.000000
1711.443115 2294.000000
1712.905273 2323.000000
1714.366455 2547.000000
1715.827148 2266.000000
1717.286743 2293.000000
1718.745361 2286.000000
1720.203491 2247.000000
1721.660522 2288.000000
1723.116577 2294.000000
1724.571899 2283.000000
1726.026123 2233.000000
1727.479980 2298.000000
1728.932617 2285.000000
1730.384277 2284.000000
1731.834961 2291.000000
1733.285156 2332.000000
1734.734253 2318.000000
1736.182861 2284.000000
1737.630249 2313.000000
1739.076782 2267.000000
1740.522339 2286.000000
1741.967285 2324.000000
1743.411133 2308.000000
1744.854492 2303.000000
1746.296631 2290.000000
1747.737915 2296.000000
1749.178467 2254.000000
1750.618042 2317.000000
1752.056885 2256.000000
1753.494995 2241.000000
1754.931885 2301.000000
1756.368164 2349.000000
1757.803589 2223.000000
1759.237915 2249.000000
1760.671387 2316.000000
1762.104370 2242.000000
1763.536255 2231.000000
1764.967285 2251.000000
1766.397339 2412.000000
1767.826660 2260.000000
1769.255127 2333.000000
1770.682861 2224.000000
1772.109741 2282.000000
1773.535522 2292.000000
1774.960449 2277.000000
1776.384521 2290.000000
1777.808228 2314.000000
1779.230713 2289.000000
1780.652222 2341.000000
1782.072998 2346.000000
1783.492798 2301.000000
1784.911865 2257.000000
1786.330322 2259.000000
1787.747803 2367.000000
1789.164063 2306.000000
1790.579834 2318.000000
1791.994751 2300.000000
1793.408447 2231.000000
1794.821899 2239.000000
1796.234253 2286.000000
1797.645752 2269.000000
1799.056030 2286.000000
1800.465820 2375.000000
1801.874634 2311.000000
1803.282959 2328.000000
1804.690063 2360.000000
1806.096680 2225.000000
1807.502075 2308.000000
1808.906738 2242.000000
1810.310425 2376.000000
1811.713745 2312.000000
1813.115723 2302.000000
1814.517090 2249.000000
1815.917480 2269.000000
1817.317139 2314.000000
1818.715820 2294.000000
1820.114136 2316.000000
1821.511230 2351.000000
1822.907471 2207.000000
1824.302979 2276.000000
1825.697388 2305.000000
1827.091431 2269.000000
1828.484497 2335.000000
1829.876465 2302.000000
1831.267700 2349.000000
1832.658203 2352.000000
1834.047729 2334.000000
1835.436768 2310.000000
1836.824585 2369.000000
1838.211792 2312.000000
1839.597900 2272.000000
1840.983521 2266.000000
1842.367920 2278.000000
1843.751831 2400.000000
1845.134766 2312.000000
1846.516968 2272.000000
1847.898315 2316.000000
1849.278687 2313.000000
1850.658325 2297.000000
1852.037354 2288.000000
1853.415405 2253.000000
1854.792480 2329.000000
1856.168823 2243.000000
1857.544312 2246.000000
1858.918823 2321.000000
1860.293091 2268.000000
1861.666260 2307.000000
1863.038330 2346.000000
1864.409668 2332.000000
1865.780151 2274.000000
1867.150146 2336.000000
1868.519043 2280.000000
1869.887329 2266.000000
1871.254517 2277.000000
1872.620850 2402.000000
1873.986572 2308.000000
1875.351563 2337.000000
1876.715576 2306.000000
1878.078857 2326.000000
1879.441162 2369.000000
1880.802612 2296.000000
1882.163452 2292.000000
1883.523560 2250.000000
1884.882690 2349.000000
1886.240845 2318.000000
1887.598511 2257.000000
1888.955078 2218.000000
1890.311035 2333.000000
1891.666138 2363.000000
1893.020508 2325.000000
1894.373779 2263.000000
1895.726318 2220.000000
1897.078125 2203.000000
1898.429077 2323.000000
1899.779541 2288.000000
1901.129028 2283.000000
1902.477295 2341.000000
1903.825317 2336.000000
1905.172241 2348.000000
1906.518433 2401.000000
1907.863892 2338.000000
1909.208496 2279.000000
1910.552002 2229.000000
1911.895020 2286.000000
1913.237061 2326.000000
1914.578613 2269.000000
1915.919189 2316.000000
1917.258789 2306.000000
1918.597534 2294.000000
1919.935791 2320.000000
1921.273071 2387.000000
1922.609741 2294.000000
1923.945313 2201.000000
1925.280273 2362.000000
1926.614258 2301.000000
1927.947510 2286.000000
1929.279907 2284.000000
1930.611938 2230.000000
1931.942871 2349.000000
1933.272949 2326.000000
1934.602173 2333.000000
1935.930664 2280.000000
1937.258301 2364.000000
1938.585571 2271.000000
1939.911499 2305.000000
1941.236816 2324.000000
1942.561401 2376.000000
1943.885132 2284.000000
1945.208008 2364.000000
1946.530396 2368.000000
1947.851685 2261.000000
1949.172241 2302.000000
1950.491943 2320.000000
1951.810791 2257.000000
1953.129272 2348.000000
1954.446655 2303.000000
1955.763184 2345.000000
1957.079102 2321.000000
1958.393921 2335.000000
1959.708252 2338.000000
1961.021729 2295.000000
1962.334473 2311.000000
1963.646240 2210.000000
1964.957397 2298.000000
1966.267578 2297.000000
1967.577148 2307.000000
1968.886108 2248.000000
1970.193970 2305.000000
1971.501099 2340.000000
1972.807373 2207.000000
1974.112915 2255.000000
1975.417847 2266.000000
1976.721802 2207.000000
1978.025269 2217.000000
1979.327637 2264.000000
1980.629395 2356.000000
1981.930176 2301.000000
1983.230225 2246.000000
1984.529663 2259.000000
1985.828247 2297.000000
1987.125977 2253.000000
1988.422852 2260.000000
1989.719116 2322.000000
1991.014526 2350.000000
1992.309204 2264.000000
1993.603394 2359.000000
1994.896240 2377.000000
1996.188721 2288.000000
1997.480103 2333.000000
1998.771240 2330.000000
2000.061157 2247.000000
2001.350220 2315.000000
2002.638550 2377.000000
2003.926392 2295.000000
2005.213135 2278.000000
2006.499512 2268.000000
2007.784790 2259.000000
2009.069336 2335.000000
2010.353149 2307.000000
2011.636230 2369.000000
2012.918457 2201.000000
2014.200073 2304.000000
2015.480957 2311.000000
2016.760864 2284.000000
2018.039917 2279.000000
2019.318481 2298.000000
2020.595825 2242.000000
2021.873169 2299.000000
2023.148926 2310.000000
2024.424561 2244.000000
2025.698853 2380.000000
2026.972778 2289.000000
2028.245972 2258.000000
2029.518433 2237.000000
2030.789795 2309.000000
2032.060547 2333.000000
2033.330322 2318.000000
2034.599609 2296.000000
2035.868408 2268.000000
2037.135986 2306.000000
2038.403076 2330.000000
2039.669067 2273.000000
2040.934448 2385.000000
2042.199097 2309.000000
2043.463257 2346.000000
2044.726440 2248.000000
2045.988770 2323.000000
2047.250244 2235.000000
2048.511230 2330.000000
2049.770996 2274.000000
2051.030762 2305.000000
2052.289551 2390.000000
2053.547119 2247.000000
2054.804199 2281.000000
2056.060547 2364.000000
2057.315918 2379.000000
2058.570801 2244.000000
2059.824951 2344.000000
2061.078125 2260.000000
2062.330566 2293.000000
2063.582275 2347.000000
2064.833496 2296.000000
2066.083984 2369.000000
2067.333496 2289.000000
2068.582275 2296.000000
2069.830078 2243.000000
2071.077637 2278.000000
2072.323975 2311.000000
2073.569824 2314.000000
2074.814697 2222.000000
2076.059082 2303.000000
2077.302490 2325.000000
2078.545410 2259.000000
2079.787598 2245.000000
2081.028809 2233.000000
2082.269287 2318.000000
2083.509033 2255.000000
2084.748047 2274.000000
2085.986328 2311.000000
2087.224121 2327.000000
2088.460938 2261.000000
2089.696777 2283.000000
2090.932129 2309.000000
2092.166748 2247.000000
2093.400391 2324.000000
2094.633789 2302.000000
2095.865967 2319.000000
2097.097412 2323.000000
2098.328125 2259.000000
2099.558594 2317.000000
2100.787598 2364.000000
2102.016357 2323.000000
2103.244385 2294.000000
2104.471436 2308.000000
2105.697998 2267.000000
2106.923584 2317.000000
2108.148682 2303.000000
2109.372803 2258.000000
2110.596191 2266.000000
2111.818848 2336.000000
2113.040771 2390.000000
2114.261963 2275.000000
2115.482910 2328.000000
2116.702637 2273.000000
2117.921143 2260.000000
2119.139404 2341.000000
2120.357178 2296.000000
2121.573730 2341.000000
2122.790283 2286.000000
2124.005615 2346.000000
2125.219971 2331.000000
2126.433838 2277.000000
2127.647461 2295.000000
2128.859375 2254.000000
2130.071289 2324.000000
2131.282227 2303.000000
2132.492432 2315.000000
2133.701904 2280.000000
2134.910645 2313.000000
2136.118652 2262.000000
2137.326416 2315.000000
2138.532715 2260.000000
2139.738770 2346.000000
2140.943604 2307.000000
2142.147949 2330.000000
2143.351563 2234.000000
2144.554443 2204.000000
2145.756836 2368.000000
2146.958252 2351.000000
2148.158936 2330.000000
2149.359131 2421.000000
2150.558105 2317.000000
2151.757080 2249.000000
2152.955078 2395.000000
2154.151855 2289.000000
2155.348389 2306.000000
2156.544189 2350.000000
2157.739258 2284.000000
2158.933350 2302.000000
2160.126709 2280.000000
2161.319580 2297.000000
2162.511719 2301.000000
2163.702881 2366.000000
2164.893799 2262.000000
2166.083740 2309.000000
2167.272705 2267.000000
2168.461182 2324.000000
2169.648682 2281.000000
2170.835938 2318.000000
2172.022461 2316.000000
2173.208252 2247.000000
2174.392822 2348.000000
2175.577148 2250.000000
2176.760254 2238.000000
2177.942871 2324.000000
2179.125244 2271.000000
2180.306641 2213.000000
2181.487305 2285.000000
2182.666992 2242.000000
2183.845947 2330.000000
2185.024414 2271.000000
2186.202393 2282.000000
2187.379639 2256.000000
2188.555420 2273.000000
2189.731201 2224.000000
2190.906006 2283.000000
2192.080322 2328.000000
2193.253662 2296.000000
2194.426270 2227.000000
2195.598389 2333.000000
2196.769531 2263.000000
2197.940430 2305.000000
2199.110596 2344.000000
2200.279541 2271.000000
2201.447998 2363.000000
2202.615723 2351.000000
2203.782715 2347.000000
2204.949219 2301.000000
2206.114990 2307.000000
2207.279785 2319.000000
2208.444092 2314.000000
2209.607422 2386.000000
2210.770508 2242.000000
2211.932373 2310.000000
2213.093994 2334.000000
2214.254395 2305.000000
2215.414795 2294.000000
2216.573975 2324.000000
2217.732422 2282.000000
2218.890381 2312.000000
2220.047852 2287.000000
2221.204102 2324.000000
2222.359863 2306.000000
2223.514893 2284.000000
2224.669434 2345.000000
2225.822998 2259.000000
2226.975830 2333.000000
2228.128418 2381.000000
2229.280029 2286.000000
2230.430664 2314.000000
2231.580811 2326.000000
2232.730469 2263.000000
2233.879395 2275.000000
2235.027588 2317.000000
2236.174805 2304.000000
2237.321533 2277.000000
2238.467529 2291.000000
2239.612793 2304.000000
2240.757324 2363.000000
2241.901123 2345.000000
2243.044434 2371.000000
2244.186768 2323.000000
2245.328613 2309.000000
2246.469971 2275.000000
2247.610352 2339.000000
2248.750244 2274.000000
2249.889160 2343.000000
2251.027588 2295.000000
2252.165039 2356.000000
2253.302246 2352.000000
2254.438232 2280.000000
2255.574219 2279.000000
2256.708740 2311.000000
2257.843018 2296.000000
2258.976563 2321.000000
2260.109375 2333.000000
2261.241455 2411.000000
2262.373047 2300.000000
2263.503662 2356.000000
2264.633789 2299.000000
2265.763428 2259.000000
2266.892090 2299.000000
2268.020020 2261.000000
2269.147217 2236.000000
2270.273682 2392.000000
2271.399658 2344.000000
2272.525391 2343.000000
2273.649902 2315.000000
2274.773682 2301.000000
2275.896729 2390.000000
2277.019287 2373.000000
2278.141113 2290.000000
2279.262451 2303.000000
2280.382568 2319.000000
2281.502441 2324.000000
2282.621582 2279.000000
2283.739990 2354.000000
2284.857666 2299.000000
2285.974854 2323.000000
2287.091309 2233.000000
2288.207031 2336.000000
2289.321777 2252.000000
2290.436279 2323.000000
2291.549805 2362.000000
2292.662842 2395.000000
2293.775146 2312.000000
2294.886475 2309.000000
2295.997559 2290.000000
2297.107910 2314.000000
2298.217285 2363.000000
2299.326416 2344.000000
2300.434570 2327.000000
2301.542236 2310.000000
2302.648926 2333.000000
2303.755127 2307.000000
2304.860840 2241.000000
2305.965576 2259.000000
2307.069824 2238.000000
2308.173096 2284.000000
2309.276123 2339.000000
2310.378174 2247.000000
2311.479980 2296.000000
2312.580811 2270.000000
2313.680664 2308.000000
2314.780273 2295.000000
2315.879150 2348.000000
2316.976807 2298.000000
2318.074707 2310.000000
2319.171387 2256.000000
2320.267334 2279.000000
2321.362793 2332.000000
2322.457520 2269.000000
2323.551514 2265.000000
2324.645508 2320.000000
2325.738037 2362.000000
2326.829834 2225.000000
2327.921387 2275.000000
2329.011963 2230.000000
2330.102051 2330.000000
2331.191650 2344.000000
2332.280273 2319.000000
2333.368408 2263.000000
2334.455566 2296.000000
2335.542725 2313.000000
2336.628906 2344.000000
2337.714111 2307.000000
2338.798828 2299.000000
2339.883057 2240.000000
2340.966309 2287.000000
2342.049072 2334.000000
2343.130859 2274.000000
2344.212646 2267.000000
2345.293457 2322.000000
2346.373535 2312.000000
2347.452637 2278.000000
2348.531494 2332.000000
2349.609863 2267.000000
2350.687256 2285.000000
2351.763916 2286.000000
2352.840088 2241.000000
2353.915527 2316.000000
2354.990234 2379.000000
2356.064697 2287.000000
2357.138184 2344.000000
2358.210938 2331.000000
2359.282959 2312.000000
2360.354736 2279.000000
2361.425537 2319.000000
2362.495850 2265.000000
2363.565430 2387.000000
2364.634033 2280.000000
2365.702393 2326.000000
2366.770020 2295.000000
2367.836914 2283.000000
2368.903076 2294.000000
2369.968750 2349.000000
2371.033691 2296.000000
2372.098145 2322.000000
2373.161621 2303.000000
2374.224854 2360.000000
2375.287354 2352.000000
2376.348877 2282.000000
2377.409912 2237.000000
2378.470215 2352.000000
2379.530029 2249.000000
2380.589355 2269.000000
2381.647705 2313.000000
2382.705566 2246.000000
2383.762451 2341.000000
2384.819092 2230.000000
2385.874756 2320.000000
2386.930176 2360.000000
2387.984863 2301.000000
2389.038330 2359.000000
2390.091553 2305.000000
2391.144287 2253.000000
2392.196045 2337.000000
2393.247559 2254.000000
2394.298096 2314.000000
2395.348145 2323.000000
2396.397461 2267.000000
2397.446289 2292.000000
2398.494385 2305.000000
2399.541748 2308.000000
2400.588623 2282.000000
2401.634277 2303.000000
2402.680176 2332.000000
2403.724854 2307.000000
2404.769287 2289.000000
2405.812988 2269.000000
2406.855713 2296.000000
2407.897949 2330.000000
2408.939697 2407.000000
2409.980469 2307.000000
2411.020996 2282.000000
2412.060791 2273.000000
2413.099854 2357.000000
2414.138184 2351.000000
2415.176025 2334.000000
2416.213135 2356.000000
2417.249512 2284.000000
2418.285400 2315.000000
2419.320801 2372.000000
2420.355225 2348.000000
2421.389160 2406.000000
2422.422363 2313.000000
2423.455322 2262.000000
2424.487305 2333.000000
2425.518555 2329.000000
2426.549561 2330.000000
2427.579590 2348.000000
2428.608887 2293.000000
2429.637939 2375.000000
2430.666260 2275.000000
2431.693848 2352.000000
2432.720459 2225.000000
2433.747070 2311.000000
2434.772461 2243.000000
2435.797852 2298.000000
2436.822021 2349.000000
2437.845947 2298.000000
2438.868652 2319.000000
2439.891357 2270.000000
2440.913574 2322.000000
2441.934570 2355.000000
2442.955322 2348.000000
2443.975098 2315.000000
2444.994629 2285.000000
2446.013184 2298.000000
2447.031738 2283.000000
2448.049072 2358.000000
2449.066162 2282.000000
2450.082031 2286.000000
2451.097656 2337.000000
2452.112549 2354.000000
2453.127197 2240.000000
2454.140625 2320.000000
2455.153564 2357.000000
2456.166016 2303.000000
2457.177979 2334.000000
2458.189209 2268.000000
2459.199951 2360.000000
2460.209717 2315.000000
2461.219238 2328.000000
2462.227783 2385.000000
2463.235596 2305.000000
2464.243164 2341.000000
2465.250244 2339.000000
2466.256348 2297.000000
2467.261719 2326.000000
2468.266846 2291.000000
2469.271240 2346.000000
2470.274902 2367.000000
2471.278076 2331.000000
2472.280518 2289.000000
2473.282227 2275.000000
2474.283447 2281.000000
2475.284180 2303.000000
2476.284180 2332.000000
2477.283447 2295.000000
2478.281982 2367.000000
2479.280273 2354.000000
2480.277588 2368.000000
2481.274658 2296.000000
2482.270996 2286.000000
2483.266357 2298.000000
2484.261475 2290.000000
2485.256104 2373.000000
2486.249756 2332.000000
2487.242920 2365.000000
2488.235352 2294.000000
2489.227539 2313.000000
2490.218994 2322.000000
2491.209717 2353.000000
2492.199707 2363.000000
2493.188965 2353.000000
2494.178223 2291.000000
2495.166016 2322.000000
2496.153809 2310.000000
2497.140869 2294.000000
2498.127441 2255.000000
2499.113281 2347.000000
2500.098145 2293.000000
2501.083252 2337.000000
2502.066895 2286.000000
2503.050293 2280.000000
2504.032715 2355.000000
2505.015137 2340.000000
2505.996338 2358.000000
2506.977295 2265.000000
2507.958008 2296.000000
2508.937500 2318.000000
2509.916992 2384.000000
2510.895264 2318.000000
2511.873291 2359.000000
2512.850342 2336.000000
2513.826904 2285.000000
2514.802979 2357.000000
2515.778076 2305.000000
2516.752930 2282.000000
2517.727295 2344.000000
2518.700684 2288.000000
2519.674561 2330.000000
2520.646729 2360.000000
2521.618408 2284.000000
2522.589600 2329.000000
2523.560059 2305.000000
2524.530029 2265.000000
2525.499512 2284.000000
2526.468262 2337.000000
2527.436523 2347.000000
2528.404053 2339.000000
2529.370605 2331.000000
2530.337646 2321.000000
2531.303467 2292.000000
2532.268311 2287.000000
2533.232910 2319.000000
2534.197021 2302.000000
2535.160645 2291.000000
2536.123047 2330.000000
2537.084961 2340.000000
2538.046631 2350.000000
2539.007080 2253.000000
2539.967773 2295.000000
2540.927490 2366.000000
2541.886719 2321.000000
2542.845703 2325.000000
2543.803223 2398.000000
2544.760742 2239.000000
2545.717529 2317.000000
2546.673340 2307.000000
2547.629150 2282.000000
2548.583984 2252.000000
2549.538574 2299.000000
2550.492432 2327.000000
2551.445313 2347.000000
2552.397949 2300.000000
2553.350342 2312.000000
2554.301514 2348.000000
2555.252686 2386.000000
2556.202881 2283.000000
2557.152344 2453.000000
2558.101318 2354.000000
2559.049805 2348.000000
2559.997559 2369.000000
2560.944824 2312.000000
2561.891357 2240.000000
2562.837891 2324.000000
2563.783691 2401.000000
2564.728516 2296.000000
2565.672363 2369.000000
2566.616455 2342.000000
2567.559570 2332.000000
2568.501953 2338.000000
2569.443604 2341.000000
2570.385254 2375.000000
2571.326172 2322.000000
2572.266113 2273.000000
2573.205566 2290.000000
2574.144531 2459.000000
2575.083252 2314.000000
2576.021240 2248.000000
2576.958496 2351.000000
2577.895020 2352.000000
2578.831055 2268.000000
2579.766846 2338.000000
2580.701416 2337.000000
2581.635986 2336.000000
2582.569336 2324.000000
2583.502686 2320.000000
2584.435303 2258.000000
2585.367188 2306.000000
2586.299316 2298.000000
2587.229980 2385.000000
2588.160400 2360.000000
2589.089600 2289.000000
2590.019043 2349.000000
2590.947510 2294.000000
2591.875000 2359.000000
2592.802490 2332.000000
2593.729248 2375.000000
2594.655518 2311.000000
2595.580811 2349.000000
2596.506104 2311.000000
2597.430908 2346.000000
2598.354492 2319.000000
2599.278076 2307.000000
2600.200684 2331.000000
2601.122803 2319.000000
2602.044189 2297.000000
2602.965332 2351.000000
2603.885498 2328.000000
2604.805176 2327.000000
2605.724365 2331.000000
2606.643066 2366.000000
2607.561523 2363.000000
2608.479248 2293.000000
2609.395996 2334.000000
2610.312500 2304.000000
2611.228271 2333.000000
2612.143311 2263.000000
2613.057861 2363.000000
2613.971924 2329.000000
2614.885498 2370.000000
2615.798340 2331.000000
2616.710693 2298.000000
2617.622314 2307.000000
2618.533936 2308.000000
2619.444824 2357.000000
2620.354736 2299.000000
2621.264404 2357.000000
2622.173340 2300.000000
2623.081299 2284.000000
2623.989258 2342.000000
2624.896729 2323.000000
2625.802979 2323.000000
2626.709229 2280.000000
2627.614990 2278.000000
2628.519775 2410.000000
2629.424316 2308.000000
2630.328369 2335.000000
2631.231201 2321.000000
2632.134277 2336.000000
2633.036133 2309.000000
2633.937500 2332.000000
2634.838623 2315.000000
2635.738770 2272.000000
2636.638916 2293.000000
2637.537842 2291.000000
2638.436768 2289.000000
2639.335449 2323.000000
2640.233154 2316.000000
2641.130127 2311.000000
2642.026367 2316.000000
2642.921875 2291.000000
2643.817139 2322.000000
2644.712402 2310.000000
2645.606689 2343.000000
2646.500244 2358.000000
2647.393066 2307.000000
2648.285889 2378.000000
2649.177734 2332.000000
2650.069580 2279.000000
2650.960449 2346.000000
2651.850830 2310.000000
2652.740723 2294.000000
2653.629395 2269.000000
2654.518311 2264.000000
2655.406250 2305.000000
2656.293701 2321.000000
2657.180908 2317.000000
2658.066895 2347.000000
2658.952881 2324.000000
2659.838623 2368.000000
2660.723145 2370.000000
2661.607178 2295.000000
2662.491211 2298.000000
2663.374023 2377.000000
2664.256348 2317.000000
2665.138672 2309.000000
2666.019531 2335.000000
2666.900635 2373.000000
2667.780762 2368.000000
2668.660645 2403.000000
2669.540039 2338.000000
2670.418701 2336.000000
2671.296875 2375.000000
2672.174561 2329.000000
2673.051514 2408.000000
2673.927734 2341.000000
2674.803711 2313.000000
2675.678955 2347.000000
2676.553711 2327.000000
2677.427734 2300.000000
2678.301514 2274.000000
2679.174561 2360.000000
2680.047363 2319.000000
2680.919434 2400.000000
2681.791016 2350.000000
2682.661865 2405.000000
2683.532715 2317.000000
2684.402344 2306.000000
2685.271484 2318.000000
2686.140381 2374.000000
2687.008545 2359.000000
2687.876221 2363.000000
2688.743164 2389.000000
2689.609863 2445.000000
2690.476563 2366.000000
2691.341797 2295.000000
2692.206299 2351.000000
2693.071045 2347.000000
2693.934570 2270.000000
2694.798096 2325.000000
2695.660645 2346.000000
2696.522705 2283.000000
2697.384521 2320.000000
2698.245850 2305.000000
2699.106445 2291.000000
2699.966309 2356.000000
2700.826416 2387.000000
2701.685303 2314.000000
2702.543457 2350.000000
2703.401367 2387.000000
2704.258789 2333.000000
2705.115723 2327.000000
2705.971924 2317.000000
2706.827393 2365.000000
2707.682861 2335.000000
2708.537354 2300.000000
2709.391846 2358.000000
2710.245605 2422.000000
2711.098389 2299.000000
2711.951172 2386.000000
2712.803223 2369.000000
2713.654541 2262.000000
2714.505371 2341.000000
2715.355713 2351.000000
2716.205566 2325.000000
2717.054443 2299.000000
2717.903564 2374.000000
2718.751953 2395.000000
2719.599609 2300.000000
2720.447510 2359.000000
2721.293945 2299.000000
2722.139893 2373.000000
2722.985352 2487.000000
2723.830811 2357.000000
2724.674805 2364.000000
2725.519287 2298.000000
2726.362549 2338.000000
2727.205322 2347.000000
2728.047607 2375.000000
2728.889648 2429.000000
2729.730713 2317.000000
2730.572266 2309.000000
2731.412354 2371.000000
2732.251953 2324.000000
2733.091553 2303.000000
2733.930176 2350.000000
2734.768555 2336.000000
2735.606201 2324.000000
2736.442627 2401.000000
2737.279541 2391.000000
2738.115723 2313.000000
2738.951172 2353.000000
2739.786865 2442.000000
2740.621094 2399.000000
2741.455322 2392.000000
2742.288330 2355.000000
2743.121338 2360.000000
2743.953857 2329.000000
2744.785645 2266.000000
2745.617188 2290.000000
2746.447754 2343.000000
2747.278076 2354.000000
2748.107666 2311.000000
2748.937256 2380.000000
2749.766357 2329.000000
2750.594727 2316.000000
2751.422363 2349.000000
2752.249268 2294.000000
2753.076172 2374.000000
2753.902100 2352.000000
2754.727783 2322.000000
2755.552979 2348.000000
2756.377441 2290.000000
2757.201660 2349.000000
2758.025146 2333.000000
2758.848633 2373.000000
2759.671387 2310.000000
2760.493164 2321.000000
2761.314697 2396.000000
2762.135742 2376.000000
2762.956055 2350.000000
2763.775879 2342.000000
2764.595459 2339.000000
2765.414551 2322.000000
2766.232666 2394.000000
2767.050537 2308.000000
2767.867920 2342.000000
2768.685303 2359.000000
2769.501953 2318.000000
2770.317627 2329.000000
2771.133057 2329.000000
2771.947754 2289.000000
2772.761963 2339.000000
2773.575928 2325.000000
2774.389160 2343.000000
2775.201904 2339.000000
2776.014404 2407.000000
2776.825928 2375.000000
2777.636963 2290.000000
2778.448486 2512.000000
2779.258545 2378.000000
2780.068359 2418.000000
2780.877686 2375.000000
2781.686279 2360.000000
2782.494629 2324.000000
2783.302490 2361.000000
2784.109375 2328.000000
2784.916016 2371.000000
2785.722412 2373.000000
2786.527832 2340.000000
2787.333496 2351.000000
2788.138428 2365.000000
2788.942383 2319.000000
2789.746094 2399.000000
2790.549072 2296.000000
2791.351807 2326.000000
2792.153809 2368.000000
2792.955566 2383.000000
2793.756348 2363.000000
2794.557373 2401.000000
2795.357666 2380.000000
2796.157471 2396.000000
2796.956543 2312.000000
2797.755371 2424.000000
2798.553711 2354.000000
2799.351563 2296.000000
2800.148682 2400.000000
2800.945313 2317.000000
2801.741455 2382.000000
2802.537109 2378.000000
2803.332031 2346.000000
2804.126953 2348.000000
2804.921143 2371.000000
2805.714844 2325.000000
2806.508545 2302.000000
2807.300781 2348.000000
2808.093262 2386.000000
2808.884766 2335.000000
2809.676025 2375.000000
2810.466797 2364.000000
2811.256836 2377.000000
2812.046631 2373.000000
2812.835693 2347.000000
2813.624512 2314.000000
2814.412598 2292.000000
2815.201172 2335.000000
2815.988281 2360.000000
2816.775391 2434.000000
2817.561523 2349.000000
2818.347412 2352.000000
2819.132568 2376.000000
2819.917480 2349.000000
2820.701416 2437.000000
2821.485596 2400.000000
2822.268799 2329.000000
2823.051758 2369.000000
2823.834229 2354.000000
2824.616455 2280.000000
2825.397705 2420.000000
2826.178711 2370.000000
2826.959229 2350.000000
2827.739014 2340.000000
2828.518799 2357.000000
2829.297607 2485.000000
2830.075928 2346.000000
2830.854248 2434.000000
2831.631592 2368.000000
2832.408691 2311.000000
2833.185059 2342.000000
2833.961670 2330.000000
2834.737061 2252.000000
2835.512451 2356.000000
2836.286621 2390.000000
2837.061035 2345.000000
2837.834961 2350.000000
2838.607666 2376.000000
2839.380615 2414.000000
2840.152832 2361.000000
2840.924561 2362.000000
2841.696045 2373.000000
2842.467285 2366.000000
2843.237549 2354.000000
2844.007324 2331.000000
2844.776367 2416.000000
2845.545410 2374.000000
2846.313965 2385.000000
2847.081543 2366.000000
2847.849121 2367.000000
2848.616455 2370.000000
2849.382813 2378.000000
2850.148682 2315.000000
2850.914063 2336.000000
2851.679932 2467.000000
2852.444336 2365.000000
2853.208740 2352.000000
2853.972168 2351.000000
2854.735352 2341.000000
2855.498291 2360.000000
2856.260254 2390.000000
2857.021973 2393.000000
2857.783691 2334.000000
2858.544189 2354.000000
2859.304932 2336.000000
2860.064697 2362.000000
2860.824219 2371.000000
2861.583496 2344.000000
2862.341553 2370.000000
2863.099609 2324.000000
2863.857422 2414.000000
2864.614258 2406.000000
2865.371094 2325.000000
2866.126953 2402.000000
2866.882568 2329.000000
2867.637939 2369.000000
2868.392578 2394.000000
2869.147705 2362.000000
2869.901123 2389.000000
2870.654785 2415.000000
2871.407471 2383.000000
2872.160156 2393.000000
2872.911865 2388.000000
2873.663574 2416.000000
2874.414307 2411.000000
2875.165039 2460.000000
2875.915039 2459.000000
2876.664795 2505.000000
2877.413818 2520.000000
2878.163330 2563.000000
2878.911377 2673.000000
2879.659424 2611.000000
2880.406250 2603.000000
2881.153564 2553.000000
2881.899902 2583.000000
2882.645752 2491.000000
2883.391113 2431.000000
2884.136475 2422.000000
2884.880859 2479.000000
2885.625000 2470.000000
2886.369385 2467.000000
2887.112549 2455.000000
2887.855469 2398.000000
2888.597656 2412.000000
2889.339355 2390.000000
2890.080811 2439.000000
2890.821777 2387.000000
2891.562256 2424.000000
2892.302246 2353.000000
2893.041748 2418.000000
2893.781250 2478.000000
2894.519775 2384.000000
2895.258545 2453.000000
2895.996338 2344.000000
2896.733643 2381.000000
2897.470459 2394.000000
2898.207031 2377.000000
2898.942871 2350.000000
2899.678711 2377.000000
2900.413574 2322.000000
2901.148193 2309.000000
2901.882324 2406.000000
2902.616455 2394.000000
2903.349609 2398.000000
2904.082764 2402.000000
2904.815430 2391.000000
2905.547363 2385.000000
2906.278809 2434.000000
2907.009766 2434.000000
