scanname Scan030
timestamp 2024-03-06 19:05:56
ccdbias 990.087402
ccdgain 4.313516
sigmaread 9.885917
laserwavenum -0.045721
wavenumcorrection -0.898845
scancount 2
totalexposurems 560
singleexposurems 485
measurementstate Unknown
scanmode Auto
snr 95.716629 25.314611 7.203538
replacelist 0
peaks 5
239.027924 0.442990 0.000000 12.941268 0.000354
250.604874 0.451725 0.000000 9.659997 0.000372
365.362762 0.087651 0.000000 0.121647 0.000005
1099.515381 0.095080 0.000000 0.150901 0.000009
1118.695068 0.094776 0.000000 0.027101 0.000007
finalresult GLS_Single 1
UA2ECI	benfentmags-5	4.082230e-001
spectrum 2048
-92.776787 0.073703
-90.172638 0.074073
-87.570259 0.135112
-84.969627 0.139329
-82.370750 0.116863
-79.773621 0.151013
-77.178253 0.117298
-74.584633 0.116901
-71.992752 0.150284
-69.402626 0.153722
-66.814240 0.138394
-64.227608 0.127369
-61.642704 0.174425
-59.059547 0.134445
-56.478134 0.135590
-53.898453 0.154422
-51.320511 0.156885
-48.744305 0.166720
-46.169830 0.140890
-43.597084 3.103927
-41.026077 11.879601
-38.456791 13.946579
-35.889236 12.276114
-33.323402 0.242895
-30.759300 0.168692
-28.196915 0.155371
-25.636259 0.149232
-23.077324 0.142925
-20.520098 0.138216
-17.964590 0.137111
-15.410808 0.136156
-12.858737 0.136142
-10.308372 0.138816
-7.759720 0.147535
-5.212784 0.188988
-2.667557 0.216342
-0.124030 0.223258
2.417792 0.226030
4.957902 0.206421
7.496309 0.167649
10.033022 0.125341
12.568036 0.130484
15.101343 0.175899
17.632956 0.184028
20.162876 0.182228
22.691105 0.179473
25.217634 0.179829
27.742468 0.186810
30.265625 0.197130
32.787090 0.179309
35.306873 0.169113
37.824951 0.185813
40.341358 0.172555
42.856083 0.171150
45.369114 0.163103
47.880478 0.206666
50.390167 0.153610
52.898174 0.153731
55.404510 0.211730
57.909153 0.168496
60.412144 0.197675
62.913460 0.177269
65.413086 0.205232
67.911064 0.164940
70.407372 0.172788
72.902023 0.141399
75.394997 0.156990
77.886299 0.099741
80.375954 0.219981
82.863960 0.194266
85.350273 0.101022
87.834953 0.156270
90.317978 0.136057
92.799347 0.219358
95.279053 0.149826
97.757111 0.097501
100.233521 0.178398
102.708298 0.176910
105.181389 0.108130
107.652855 0.163857
110.122681 0.144001
112.590858 0.160537
115.057411 0.161683
117.522293 0.162206
119.985550 0.145892
122.447174 0.035183
124.907158 0.180271
127.365501 0.170566
129.822220 0.189991
132.277313 0.134327
134.730759 0.183380
137.182571 0.201144
139.632767 0.204525
142.081329 0.184141
144.528275 0.230761
146.973587 0.214405
149.417297 0.219606
151.859360 0.227308
154.299805 0.238841
156.738632 0.226603
159.175873 0.243136
161.611450 0.231571
164.045425 0.240462
166.477814 0.231475
168.908569 0.224620
171.337708 0.214182
173.765259 0.208569
176.191193 0.199326
178.615494 0.198672
181.038223 0.192986
183.459351 0.192937
185.878860 0.192103
188.296783 0.190388
190.713089 0.195069
193.127808 0.199495
195.540924 0.201724
197.952454 0.206730
200.362381 0.212957
202.770706 0.218475
205.177460 0.224134
207.582596 0.232960
209.986145 0.243378
212.388138 0.251126
214.788513 0.264770
217.187302 0.274101
219.584564 0.286307
221.980164 0.300750
224.374252 0.317634
226.766708 0.337176
229.157593 0.355079
231.546936 0.378688
233.934677 0.401019
236.320847 0.422786
238.705429 0.439981
241.088455 0.449584
243.469940 0.452035
245.849808 0.440254
248.228104 0.422405
250.604874 0.397388
252.980042 0.366911
255.353653 0.333201
257.725708 0.302370
260.096222 0.275165
262.465149 0.248753
264.832520 0.228090
267.198334 0.206737
269.562622 0.192632
271.925323 0.180247
274.286469 0.169437
276.646088 0.159297
279.004120 0.150910
281.360626 0.144054
283.715546 0.138090
286.068939 0.133115
288.420868 0.127171
290.771149 0.122863
293.119873 0.118112
295.467163 0.115494
297.812836 0.111103
300.157013 0.110546
302.499573 0.105221
304.840668 0.104924
307.180206 0.102230
309.518219 0.101051
311.854706 0.100891
314.189636 0.098420
316.523041 0.097407
318.854919 0.095957
321.185272 0.096402
323.514069 0.095261
325.841370 0.093757
328.167145 0.093821
330.491394 0.093904
332.814148 0.093468
335.135376 0.091102
337.455048 0.091641
339.773193 0.091903
342.089844 0.091201
344.404968 0.091472
346.718597 0.090097
349.030762 0.089337
351.341339 0.089192
353.650421 0.087926
355.958008 0.087910
358.264069 0.087532
360.568634 0.087018
362.871735 0.087830
365.173218 0.087766
367.473297 0.087900
369.771851 0.087666
372.068878 0.087236
374.364502 0.086459
376.658508 0.086662
378.951080 0.087067
381.242157 0.087574
383.531708 0.085174
385.819794 0.086348
388.106323 0.083432
390.391479 0.083697
392.675079 0.083812
394.957184 0.083225
397.237762 0.083117
399.516937 0.083306
401.794617 0.084744
404.070801 0.083167
406.345490 0.081853
408.618713 0.082876
410.890411 0.083315
413.160645 0.083304
415.429474 0.082270
417.696716 0.082616
419.962555 0.080961
422.226959 0.083238
424.489777 0.083066
426.751221 0.081720
429.011139 0.082240
431.269592 0.083494
433.526642 0.082965
435.782166 0.082075
438.036285 0.082131
440.288849 0.081395
442.540009 0.081979
444.789734 0.081432
447.037903 0.080597
449.284668 0.080815
451.529999 0.081272
453.773804 0.081609
456.016235 0.081802
458.257172 0.081531
460.496613 0.080617
462.734650 0.080537
464.971283 0.080512
467.206451 0.080332
469.440063 0.080149
471.672363 0.079824
473.903137 0.078451
476.132416 0.079618
478.360413 0.078873
480.586853 0.078564
482.811829 0.079334
485.035522 0.077911
487.257599 0.079176
489.478241 0.078182
491.697601 0.078995
493.915405 0.078664
496.131775 0.079281
498.346832 0.077841
500.560333 0.076675
502.772369 0.077084
504.983124 0.077632
507.192322 0.077167
509.400238 0.077803
511.606567 0.077972
513.811523 0.077618
516.015198 0.077711
518.217285 0.077989
520.417908 0.078082
522.617310 0.076729
524.815125 0.077534
527.011475 0.076917
529.206604 0.078308
531.400208 0.078003
533.592285 0.076454
535.783142 0.077295
537.972534 0.076711
540.160400 0.077399
542.347107 0.077312
544.532166 0.077264
546.715820 0.077351
548.898315 0.077177
551.079224 0.077470
553.258667 0.078066
555.436829 0.078318
557.613525 0.077755
559.788757 0.078395
561.962769 0.078008
564.135315 0.077682
566.306335 0.077830
568.476196 0.077630
570.644470 0.077474
572.811340 0.078917
574.976929 0.078530
577.141052 0.077907
579.303955 0.078315
581.465271 0.078023
583.625244 0.078216
585.783875 0.077123
587.941040 0.078728
590.096802 0.079267
592.251343 0.078686
594.404297 0.079129
596.555969 0.079451
598.706360 0.078552
600.855225 0.078561
603.002747 0.078456
605.148926 0.078142
607.293701 0.078170
609.437073 0.079034
611.579285 0.078535
613.719788 0.079206
615.859009 0.078576
617.997070 0.078662
620.133606 0.078773
622.268738 0.079080
624.402588 0.078870
626.535034 0.078386
628.666138 0.078437
630.795898 0.078607
632.924194 0.080148
635.051147 0.079817
637.176880 0.079378
639.301086 0.079654
641.424011 0.078861
643.545654 0.078538
645.665771 0.079013
647.784729 0.080399
649.902161 0.079452
652.018372 0.079590
654.133179 0.080317
656.246582 0.079403
658.358582 0.079873
660.469482 0.080433
662.578796 0.079479
664.686890 0.079201
666.793579 0.080290
668.898926 0.079970
671.002869 0.079822
673.105652 0.080381
675.206909 0.079487
677.306946 0.079779
679.405640 0.080088
681.502869 0.081759
683.598816 0.080582
685.693604 0.079239
687.786865 0.079020
689.878784 0.079793
691.969482 0.079845
694.058777 0.079981
696.146667 0.080083
698.233398 0.080420
700.318787 0.080208
702.402649 0.080341
704.485413 0.080599
706.566833 0.081196
708.646729 0.080652
710.725525 0.080731
712.802795 0.080612
714.879028 0.081641
716.953735 0.081318
719.027100 0.081168
721.099243 0.081991
723.170044 0.080863
725.239441 0.081135
727.307678 0.081646
729.374451 0.082329
731.440002 0.082406
733.504211 0.081149
735.567139 0.081623
737.628662 0.082550
739.689087 0.082058
741.747986 0.082150
743.805603 0.081619
745.862061 0.082251
747.917114 0.083582
749.970825 0.081714
752.023376 0.082631
754.074524 0.082295
756.124268 0.083007
758.172974 0.082964
760.220154 0.082455
762.266052 0.082568
764.310852 0.080917
766.354187 0.081754
768.396240 0.083655
770.437073 0.082943
772.476501 0.083140
774.514709 0.083792
776.551697 0.083229
778.587341 0.083086
780.621704 0.082574
782.654724 0.084210
784.686523 0.082869
786.717041 0.083703
788.746155 0.081895
790.774048 0.083500
792.800781 0.083762
794.826050 0.083149
796.850159 0.083921
798.872986 0.084343
800.894409 0.084911
802.914673 0.082894
804.933716 0.084874
806.951416 0.083014
808.967712 0.083353
810.982788 0.084870
812.996765 0.083452
815.009399 0.083480
817.020630 0.084179
819.030823 0.083954
821.039612 0.084274
823.047180 0.085085
825.053406 0.085143
827.058350 0.084319
829.062195 0.085275
831.064636 0.084591
833.065796 0.085343
835.065796 0.085106
837.064453 0.085464
839.061890 0.084978
841.058167 0.085548
843.052979 0.085511
845.046570 0.086499
847.039124 0.087336
849.030212 0.086240
851.020081 0.085430
853.008789 0.087119
854.996155 0.086467
856.982178 0.085738
858.967224 0.087142
860.950806 0.086887
862.933228 0.085717
864.914429 0.086246
866.894348 0.086527
868.872864 0.085580
870.850464 0.085993
872.826599 0.085838
874.801453 0.086769
876.775330 0.084856
878.747742 0.086360
880.718872 0.085155
882.688965 0.085164
884.657654 0.085456
886.625122 0.086248
888.591492 0.086703
890.556458 0.087818
892.520386 0.085761
894.482971 0.086581
896.444275 0.087760
898.404480 0.087069
900.363342 0.086916
902.320984 0.086696
904.277466 0.085311
906.232605 0.086722
908.186523 0.086176
910.139404 0.087266
912.090942 0.085839
914.041199 0.087616
915.990295 0.086582
917.938232 0.087892
919.884827 0.086537
921.830383 0.087479
923.774536 0.087359
925.717468 0.087421
927.659363 0.089315
929.599915 0.087449
931.539246 0.086411
933.477417 0.087679
935.414368 0.087961
937.350098 0.086773
939.284607 0.088073
941.217896 0.087119
943.149963 0.088488
945.080872 0.086522
947.010559 0.087017
948.939209 0.085268
950.866394 0.087230
952.792419 0.087772
954.717407 0.088301
956.641052 0.086970
958.563416 0.087854
960.484741 0.086928
962.404785 0.087819
964.323608 0.088519
966.241394 0.087740
968.157837 0.087660
970.072998 0.088029
971.987183 0.086982
973.900085 0.089346
975.811768 0.086461
977.722351 0.088367
979.631592 0.088239
981.539673 0.089071
983.446716 0.087713
985.352417 0.089982
987.256958 0.088780
989.160461 0.089261
991.062561 0.089072
992.963501 0.089530
994.863464 0.088742
996.762024 0.088734
998.659485 0.091093
1000.555847 0.091950
1002.450928 0.091289
1004.344849 0.089149
1006.237732 0.090519
1008.129150 0.089874
1010.019531 0.088472
1011.908752 0.089473
1013.796814 0.089195
1015.683716 0.089505
1017.569458 0.088932
1019.453918 0.089193
1021.337341 0.089891
1023.219543 0.089725
1025.100342 0.089953
1026.980225 0.089076
1028.859009 0.090977
1030.736450 0.090613
1032.612915 0.091159
1034.488037 0.090540
1036.361938 0.089833
1038.234985 0.090766
1040.106567 0.090846
1041.977173 0.090385
1043.846558 0.091501
1045.714722 0.090942
1047.581665 0.092056
1049.447632 0.090910
1051.312378 0.089826
1053.175903 0.091716
1055.038330 0.089825
1056.899780 0.092325
1058.759766 0.091703
1060.618896 0.089938
1062.476440 0.092038
1064.333252 0.091379
1066.188721 0.090974
1068.043091 0.091367
1069.896484 0.092900
1071.748535 0.091266
1073.599365 0.091627
1075.449219 0.092833
1077.297852 0.091210
1079.145264 0.091277
1080.991577 0.092404
1082.836914 0.092752
1084.680908 0.093530
1086.523926 0.092868
1088.365601 0.094000
1090.206299 0.094730
1092.045776 0.094301
1093.884155 0.094489
1095.721436 0.095398
1097.557495 0.094619
1099.392456 0.095555
1101.226196 0.095078
1103.059082 0.095573
1104.890503 0.093740
1106.720947 0.094384
1108.550415 0.095152
1110.378418 0.094364
1112.205444 0.093229
1114.031494 0.093935
1115.856079 0.094518
1117.679932 0.093007
1119.502563 0.094017
1121.323853 0.095925
1123.144043 0.094705
1124.963501 0.095669
1126.781372 0.095062
1128.598267 0.094704
1130.414063 0.093967
1132.228882 0.093431
1134.042480 0.091723
1135.854858 0.093589
1137.666138 0.092263
1139.476440 0.091105
1141.285522 0.092341
1143.093506 0.092713
1144.900391 0.092454
1146.706055 0.091643
1148.510742 0.091973
1150.314331 0.093155
1152.116699 0.093560
1153.918091 0.093735
1155.718262 0.092983
1157.517456 0.090458
1159.315430 0.092206
1161.112305 0.092421
1162.907959 0.092353
1164.702759 0.092964
1166.496338 0.093630
1168.288696 0.091508
1170.080078 0.092429
1171.870483 0.092383
1173.659546 0.093259
1175.447632 0.092203
1177.234619 0.091810
1179.020386 0.093711
1180.805176 0.092799
1182.588867 0.091347
1184.371460 0.092381
1186.153076 0.091494
1187.933472 0.093763
1189.712646 0.093141
1191.490967 0.090969
1193.268188 0.093394
1195.043945 0.092287
1196.819092 0.093501
1198.592773 0.094727
1200.365601 0.093787
1202.137329 0.093662
1203.907837 0.094716
1205.677368 0.093131
1207.445801 0.092975
1209.213013 0.093332
1210.979248 0.094097
1212.744507 0.094940
1214.508545 0.094376
1216.271484 0.094289
1218.033325 0.095189
1219.794067 0.092456
1221.553955 0.092659
1223.312622 0.093629
1225.070190 0.093798
1226.826782 0.093839
1228.582153 0.093006
1230.336548 0.094173
1232.089844 0.093110
1233.842163 0.093573
1235.593140 0.093726
1237.343262 0.094354
1239.092285 0.094070
1240.840332 0.094672
1242.587036 0.094894
1244.332886 0.094731
1246.077637 0.094149
1247.821289 0.095319
1249.563843 0.092565
1251.305298 0.095341
1253.045898 0.093617
1254.785278 0.094496
1256.523560 0.096027
1258.260986 0.096711
1259.996948 0.095063
1261.732056 0.095018
1263.466187 0.094512
1265.199219 0.095393
1266.931274 0.094979
1268.662231 0.095178
1270.392090 0.093541
1272.120728 0.094229
1273.848633 0.094544
1275.575195 0.094803
1277.300659 0.096332
1279.025391 0.093614
1280.748901 0.095378
1282.471436 0.096510
1284.192749 0.096140
1285.913086 0.095783
1287.632446 0.096062
1289.350830 0.095800
1291.067993 0.095945
1292.784058 0.096010
1294.499268 0.097104
1296.213501 0.095316
1297.926514 0.098432
1299.638306 0.096027
1301.349121 0.097662
1303.059204 0.095959
1304.768066 0.097001
1306.475708 0.095099
1308.182617 0.095482
1309.888184 0.096521
1311.593018 0.094270
1313.296631 0.094791
1314.999390 0.094415
1316.700806 0.096742
1318.401489 0.096183
1320.100952 0.096003
1321.799316 0.095875
1323.496826 0.097847
1325.193115 0.097370
1326.888550 0.097332
1328.582886 0.096924
1330.276245 0.096349
1331.968506 0.097145
1333.659790 0.098187
1335.349854 0.097078
1337.038940 0.097769
1338.727295 0.096767
1340.414429 0.097436
1342.100342 0.097236
1343.785522 0.095614
1345.469604 0.097580
1347.152588 0.097745
1348.834595 0.099652
1350.515503 0.096550
1352.195435 0.098358
1353.874512 0.097821
1355.552368 0.096871
1357.229248 0.098018
1358.905151 0.097400
1360.579956 0.097429
1362.253906 0.098342
1363.926758 0.098534
1365.598389 0.099965
1367.269409 0.097584
1368.938965 0.097953
1370.607788 0.099617
1372.275513 0.101303
1373.942261 0.097817
1375.608032 0.099671
1377.272705 0.099735
1378.936279 0.100974
1380.599121 0.099439
1382.260742 0.100203
1383.921387 0.098290
1385.580933 0.099615
1387.239746 0.099272
1388.897339 0.099291
1390.553955 0.097943
1392.209717 0.100919
1393.864258 0.098370
1395.517822 0.098587
1397.170532 0.099895
1398.822021 0.098138
1400.472656 0.098387
1402.122314 0.098355
1403.770874 0.098639
1405.418579 0.097875
1407.065308 0.099476
1408.710815 0.099499
1410.355469 0.100081
1411.999146 0.098020
1413.641724 0.100921
1415.283325 0.098467
1416.923950 0.099768
1418.563721 0.099753
1420.202393 0.097784
1421.839844 0.098515
1423.476685 0.097204
1425.112183 0.097696
1426.746826 0.099800
1428.380615 0.098194
1430.013306 0.098991
1431.645142 0.100078
1433.275635 0.097764
1434.905640 0.100100
1436.534302 0.099781
1438.161987 0.098864
1439.788818 0.099448
1441.414551 0.098890
1443.039307 0.098363
1444.663208 0.100846
1446.286133 0.099548
1447.907837 0.098306
1449.528809 0.099356
1451.148804 0.099287
1452.767578 0.100548
1454.385620 0.099912
1456.002563 0.100440
1457.618530 0.101188
1459.233643 0.099962
1460.847412 0.099813
1462.460571 0.100809
1464.072754 0.100208
1465.683838 0.101465
1467.294067 0.101113
1468.903076 0.100534
1470.511230 0.098818
1472.118530 0.101045
1473.724731 0.098568
1475.329956 0.100422
1476.934204 0.100508
1478.537598 0.100720
1480.139893 0.099052
1481.741333 0.098273
1483.341919 0.099348
1484.941284 0.099115
1486.539795 0.097946
1488.137207 0.098805
1489.733765 0.099145
1491.329468 0.098721
1492.924072 0.098201
1494.517578 0.097848
1496.110352 0.096490
1497.702271 0.100041
1499.292725 0.097612
1500.882935 0.097518
1502.471558 0.098576
1504.059570 0.098009
1505.646606 0.097311
1507.232422 0.097067
1508.817627 0.096878
1510.401733 0.097948
1511.984863 0.098061
1513.566772 0.097833
1515.148071 0.097954
1516.728516 0.098226
1518.307861 0.096659
1519.886108 0.097479
1521.463501 0.099316
1523.039673 0.099974
1524.615356 0.096820
1526.190063 0.096871
1527.763550 0.096861
1529.336304 0.098315
1530.907837 0.099200
1532.478394 0.097228
1534.048584 0.098296
1535.617432 0.095198
1537.185059 0.097119
1538.752075 0.098096
1540.318237 0.098330
1541.883179 0.097557
1543.447510 0.097799
1545.010620 0.097812
1546.572876 0.096753
1548.134155 0.098915
1549.694458 0.098191
1551.253906 0.097194
1552.812500 0.098089
1554.369995 0.099163
1555.926636 0.097028
1557.482178 0.096643
1559.036865 0.097681
1560.590820 0.097318
1562.143799 0.098506
1563.695679 0.097730
1565.246582 0.096410
1566.796509 0.098064
1568.345703 0.098329
1569.894043 0.096791
1571.441528 0.099496
1572.987793 0.100335
1574.533081 0.099006
1576.077759 0.098306
1577.620972 0.096846
1579.163574 0.099286
1580.705566 0.098061
1582.245972 0.098349
1583.786011 0.097969
1585.324707 0.098446
1586.862671 0.100089
1588.400024 0.098558
1589.936157 0.098494
1591.471313 0.097138
1593.005493 0.098667
1594.538696 0.097435
1596.071289 0.099537
1597.602783 0.099441
1599.133545 0.099762
1600.662964 0.097344
1602.191772 0.098192
1603.719604 0.099196
1605.246460 0.098746
1606.772583 0.097877
1608.297607 0.099816
1609.821777 0.096487
1611.344971 0.097100
1612.867310 0.100195
1614.388672 0.096861
1615.909302 0.098785
1617.428955 0.096651
1618.947388 0.096067
1620.465210 0.097993
1621.981934 0.095944
1623.497803 0.099280
1625.013062 0.097293
1626.527222 0.096049
1628.040161 0.098231
1629.552734 0.099427
1631.063843 0.096522
1632.574463 0.097361
1634.084106 0.099121
1635.592773 0.096951
1637.100342 0.096099
1638.607300 0.095235
1640.113037 0.097075
1641.618408 0.098839
1643.122437 0.097895
1644.625610 0.097114
1646.128052 0.095839
1647.629395 0.097701
1649.129761 0.096769
1650.629639 0.097890
1652.128174 0.097112
1653.625977 0.095281
1655.122925 0.095167
1656.618774 0.097237
1658.113892 0.096224
1659.608276 0.097514
1661.101563 0.095851
1662.594116 0.098050
1664.085571 0.097000
1665.576050 0.094967
1667.065918 0.096895
1668.554932 0.097397
1670.042725 0.097053
1671.529785 0.095105
1673.015991 0.095258
1674.501099 0.096586
1675.985596 0.096089
1677.469238 0.098194
1678.951782 0.098381
1680.433472 0.096879
1681.914307 0.096384
1683.394043 0.095344
1684.873413 0.096099
1686.351563 0.094340
1687.828857 0.096114
1689.305054 0.098278
1690.780640 0.096519
1692.255127 0.097968
1693.729004 0.096279
1695.201782 0.096493
1696.673828 0.095982
1698.144775 0.096771
1699.614990 0.096796
1701.084229 0.095270
1702.552856 0.096728
1704.020264 0.095551
1705.486938 0.097761
1706.952759 0.095442
1708.417603 0.097477
1709.881592 0.095595
1711.345093 0.096607
1712.807251 0.094739
1714.268433 0.097103
1715.729126 0.093636
1717.188721 0.095840
1718.647339 0.096981
1720.105469 0.095271
1721.562500 0.094209
1723.018555 0.094763
1724.473877 0.095887
1725.928101 0.097176
1727.381958 0.096798
1728.834595 0.096007
1730.286255 0.096220
1731.736938 0.094084
1733.187134 0.096882
1734.636230 0.095219
1736.084839 0.096596
1737.532227 0.098322
1738.978760 0.094075
1740.424316 0.094509
1741.869263 0.096651
1743.313110 0.095881
1744.756470 0.095508
1746.198608 0.095946
1747.639893 0.095153
1749.080444 0.094760
1750.520020 0.096119
1751.958862 0.095953
1753.396973 0.095230
1754.833862 0.094725
1756.270142 0.097149
1757.705566 0.094748
1759.139893 0.092767
1760.573364 0.097617
1762.006348 0.095894
1763.438232 0.094921
1764.869263 0.096770
1766.299316 0.096590
1767.728638 0.095729
1769.157104 0.094861
1770.584839 0.097539
1772.011719 0.097043
1773.437500 0.096251
1774.862427 0.096026
1776.286499 0.097723
1777.710205 0.095852
1779.132690 0.096518
1780.554199 0.097408
1781.974976 0.094445
1783.394775 0.097973
1784.813843 0.094556
1786.232300 0.097178
1787.649780 0.093986
1789.066040 0.094414
1790.481812 0.094039
1791.896729 0.097896
1793.310425 0.095518
1794.723877 0.096219
1796.136230 0.097100
1797.547729 0.094895
1798.958008 0.094442
1800.367798 0.094977
1801.776611 0.093727
1803.184937 0.095781
1804.592041 0.094394
1805.998657 0.096105
1807.404053 0.095735
1808.808716 0.094938
1810.212402 0.095997
1811.615723 0.095462
1813.017700 0.096469
1814.419067 0.096627
1815.819458 0.094418
1817.219116 0.095782
1818.617798 0.095240
1820.016113 0.097133
1821.413208 0.096809
1822.809448 0.094909
1824.204956 0.095543
1825.599365 0.095477
1826.993408 0.092560
1828.386475 0.093833
1829.778442 0.094646
1831.169678 0.096460
1832.560181 0.097816
1833.949707 0.096108
1835.338745 0.096241
1836.726563 0.096937
1838.113770 0.096392
1839.499878 0.097081
1840.885498 0.095972
1842.269897 0.094929
1843.653809 0.096294
1845.036743 0.096070
1846.418945 0.096113
1847.800293 0.096477
1849.180664 0.096564
1850.560303 0.095838
1851.939331 0.092546
1853.317383 0.095002
1854.694458 0.095677
1856.070801 0.096748
1857.446289 0.095192
1858.820801 0.095798
1860.195068 0.096463
1861.568237 0.097963
1862.940308 0.094894
1864.311646 0.097492
1865.682129 0.096217
1867.052124 0.097527
1868.421021 0.096440
1869.789307 0.096146
1871.156494 0.091854
1872.522827 0.094914
1873.888550 0.094476
1875.253540 0.097384
1876.617554 0.095106
1877.980835 0.095364
1879.343140 0.094066
1880.704590 0.094963
1882.065430 0.094181
1883.425537 0.095730
1884.784668 0.094992
1886.142822 0.094180
1887.500488 0.098245
1888.857056 0.096008
1890.213013 0.097306
1891.568115 0.093402
1892.922485 0.095612
1894.275757 0.096153
1895.628296 0.097729
1896.980103 0.097239
1898.331055 0.095486
1899.681519 0.094940
1901.031006 0.096274
1902.379272 0.095862
1903.727295 0.095366
1905.074219 0.097476
1906.420410 0.094117
1907.765869 0.097467
1909.110474 0.095502
1910.453979 0.096961
1911.796997 0.094302
1913.139038 0.095287
1914.480591 0.095600
1915.821167 0.094473
1917.160767 0.097568
1918.499512 0.093675
1919.837769 0.094394
1921.175049 0.094150
1922.511719 0.097312
1923.847290 0.096779
1925.182251 0.094833
1926.516235 0.094329
1927.849487 0.093557
1929.181885 0.095038
1930.513916 0.094213
1931.844849 0.097750
1933.174927 0.093588
1934.504150 0.095707
1935.832642 0.097923
1937.160278 0.098163
1938.487549 0.097618
1939.813477 0.095075
1941.138794 0.094876
1942.463379 0.095804
1943.787109 0.094989
1945.109985 0.099776
1946.432373 0.094769
1947.753662 0.094845
1949.074219 0.097130
1950.393921 0.096566
1951.712769 0.096742
1953.031250 0.095723
1954.348633 0.097309
1955.665161 0.097498
1956.981079 0.093920
1958.295898 0.095036
1959.610229 0.097978
1960.923706 0.095946
1962.236450 0.096612
1963.548218 0.096573
1964.859375 0.097211
1966.169556 0.098080
1967.479126 0.098055
1968.788086 0.093027
1970.095947 0.097216
1971.403076 0.094986
1972.709351 0.096243
1974.014893 0.094310
1975.319824 0.096523
1976.623779 0.093857
1977.927246 0.095784
1979.229614 0.096673
1980.531372 0.094570
1981.832153 0.095591
1983.132202 0.096974
1984.431641 0.098674
1985.730225 0.097470
1987.027954 0.095760
1988.324829 0.093160
1989.621094 0.096584
1990.916504 0.098345
1992.211182 0.098359
1993.505371 0.095437
1994.798218 0.100922
1996.090698 0.094069
1997.382080 0.094506
1998.673218 0.097795
1999.963135 0.095782
2001.252197 0.094193
2002.540527 0.096467
2003.828369 0.095101
2005.115112 0.096376
2006.401489 0.097372
2007.686768 0.093487
2008.971313 0.097446
2010.255127 0.098775
2011.538208 0.093934
2012.820435 0.096240
2014.102051 0.095256
2015.382935 0.099217
2016.662842 0.096146
2017.941895 0.098252
2019.220459 0.094829
2020.497803 0.095325
2021.775146 0.095439
2023.050903 0.092038
2024.326538 0.097012
2025.600830 0.098296
2026.874756 0.096380
2028.147949 0.095869
2029.420410 0.096503
2030.691772 0.096728
2031.962524 0.094391
2033.232300 0.095387
2034.501587 0.095204
2035.770386 0.095332
2037.037964 0.095838
2038.305054 0.096745
2039.571045 0.094036
2040.836426 0.098344
2042.101074 0.095014
2043.365234 0.095031
2044.628418 0.093156
2045.890747 0.097851
2047.152222 0.097686
2048.413086 0.096534
2049.673096 0.093034
2050.932861 0.093861
2052.191650 0.097434
2053.449219 0.095395
2054.706299 0.093809
2055.962646 0.098260
2057.218018 0.097381
2058.472900 0.093145
2059.727051 0.092335
2060.980225 0.098932
2062.232666 0.096160
2063.484375 0.095999
2064.735596 0.094879
2065.986084 0.093602
2067.235596 0.094100
2068.484375 0.093976
2069.732178 0.094922
2070.979736 0.095151
2072.226074 0.097670
2073.471924 0.095139
2074.716797 0.094927
2075.961182 0.090338
2077.204590 0.095274
2078.447510 0.092792
2079.689697 0.094971
2080.930908 0.097042
2082.171387 0.093780
2083.411133 0.094247
2084.650146 0.096603
2085.888428 0.094542
2087.126221 0.094922
2088.363037 0.094031
2089.598877 0.095808
2090.834229 0.092949
2092.068848 0.098007
2093.302490 0.093165
2094.535889 0.095952
2095.768066 0.095109
2096.999512 0.095363
2098.230225 0.095360
2099.460693 0.096363
2100.689697 0.098385
2101.918457 0.090245
2103.146484 0.094951
2104.373535 0.096543
2105.600098 0.094254
2106.825684 0.093474
2108.050781 0.095043
2109.274902 0.095547
2110.498291 0.093630
2111.720947 0.096746
2112.942871 0.093101
2114.164063 0.097610
2115.385010 0.095647
2116.604736 0.095798
2117.823242 0.093848
2119.041504 0.098362
2120.259277 0.096126
2121.475830 0.095363
2122.692383 0.095186
2123.907715 0.095098
2125.122070 0.094134
2126.335938 0.098338
2127.549561 0.093327
2128.761475 0.092335
2129.973389 0.098327
2131.184326 0.093017
2132.394531 0.095415
2133.604004 0.095052
2134.812744 0.094885
2136.020752 0.099709
2137.228516 0.096870
2138.434814 0.094742
2139.640869 0.090905
2140.845703 0.096982
2142.050049 0.094176
2143.253662 0.095417
2144.456543 0.097502
2145.658936 0.098053
2146.860352 0.096271
2148.061035 0.093552
2149.261230 0.095983
2150.460205 0.096726
2151.659180 0.098917
2152.857178 0.093566
2154.053955 0.094621
2155.250488 0.094072
2156.446289 0.096816
2157.641357 0.098254
2158.835449 0.095210
2160.028809 0.094554
2161.221680 0.092584
2162.413818 0.096982
2163.604980 0.096975
2164.795898 0.100557
2165.985840 0.093880
2167.174805 0.095126
2168.363281 0.094569
2169.550781 0.095894
2170.738037 0.094176
2171.924561 0.095962
2173.110352 0.098861
2174.294922 0.094749
2175.479248 0.095273
2176.662354 0.095632
2177.844971 0.093688
2179.027344 0.098244
2180.208740 0.093720
2181.389404 0.099621
2182.569092 0.093186
2183.748047 0.095542
2184.926514 0.095144
2186.104492 0.094224
2187.281738 0.097158
2188.457520 0.095297
2189.633301 0.097608
2190.808105 0.093840
2191.982422 0.097535
2193.155762 0.097896
2194.328369 0.094233
2195.500488 0.095450
2196.671631 0.096681
2197.842529 0.099264
2199.012695 0.092400
2200.181641 0.097039
2201.350098 0.097093
2202.517822 0.095223
2203.684814 0.097949
2204.851318 0.095250
2206.017090 0.100408
2207.181885 0.095929
2208.346191 0.094834
2209.509521 0.092956
2210.672607 0.097293
2211.834473 0.096790
2212.996094 0.097904
2214.156494 0.097040
2215.316895 0.095826
2216.476074 0.092276
2217.634521 0.096207
2218.792480 0.093056
2219.949951 0.098320
2221.106201 0.096677
2222.261963 0.095303
2223.416992 0.097969
2224.571533 0.100390
2225.725098 0.093063
2226.877930 0.099819
2228.030518 0.099499
2229.182129 0.096164
2230.332764 0.097083
2231.482910 0.094422
2232.632568 0.096801
2233.781494 0.098838
2234.929688 0.096051
2236.076904 0.093133
2237.223633 0.093588
2238.369629 0.097291
2239.514893 0.096490
2240.659424 0.094115
2241.803223 0.095196
2242.946533 0.096624
2244.088867 0.096938
2245.230713 0.097007
2246.372070 0.098923
2247.512451 0.095150
2248.652344 0.094294
2249.791260 0.093125
2250.929688 0.094634
2252.067139 0.097149
2253.204346 0.098482
2254.340332 0.096924
2255.476318 0.098178
2256.610840 0.096412
2257.745117 0.098961
2258.878662 0.097466
2260.011475 0.097057
2261.143555 0.097757
2262.275146 0.099060
2263.405762 0.097256
2264.535889 0.097787
2265.665527 0.101004
2266.794189 0.094528
2267.922119 0.094801
2269.049316 0.097655
2270.175781 0.099859
2271.301758 0.096311
2272.427490 0.098030
2273.552002 0.092562
2274.675781 0.096748
2275.798828 0.097404
2276.921387 0.095571
2278.043213 0.094303
2279.164551 0.092610
2280.284668 0.095774
2281.404541 0.097159
2282.523682 0.099985
2283.642090 0.093753
2284.759766 0.100088
2285.876953 0.095589
2286.993408 0.095513
2288.109131 0.093353
2289.223877 0.097731
2290.338379 0.099218
2291.451904 0.096164
2292.564941 0.094838
2293.677246 0.097714
2294.788574 0.094766
2295.899658 0.097304
2297.010010 0.096587
2298.119385 0.100187
2299.228516 0.096535
2300.336670 0.097575
2301.444336 0.090220
2302.551025 0.099949
2303.657227 0.096002
2304.762939 0.096081
2305.867676 0.102818
2306.971924 0.097877
2308.075195 0.095185
2309.178223 0.095022
2310.280273 0.099132
2311.382080 0.100687
2312.482910 0.096046
2313.582764 0.099150
2314.682373 0.090258
2315.781250 0.097053
2316.878906 0.094542
2317.976807 0.098577
2319.073486 0.099054
2320.169434 0.099462
2321.264893 0.098852
2322.359619 0.093495
2323.453613 0.097735
2324.547607 0.093717
2325.640137 0.094251
2326.731934 0.092942
2327.823486 0.097785
2328.914063 0.099067
2330.004150 0.095571
2331.093750 0.096189
2332.182373 0.095231
2333.270508 0.097610
2334.357666 0.097217
2335.444824 0.099599
2336.531006 0.094442
2337.616211 0.096850
2338.700928 0.096345
2339.785156 0.095923
2340.868408 0.091788
2341.951172 0.094706
2343.032959 0.097801
2344.114746 0.094807
2345.195557 0.104308
2346.275635 0.096515
2347.354736 0.096359
2348.433594 0.094904
2349.511963 0.095796
2350.589355 0.090206
2351.666016 0.098431
2352.742188 0.093448
2353.817627 0.096853
2354.892334 0.099320
2355.966797 0.097207
2357.040283 0.099596
2358.113037 0.094215
2359.185059 0.097023
2360.256836 0.097993
2361.327637 0.092863
2362.397949 0.091162
2363.467529 0.097558
2364.536133 0.099792
2365.604492 0.100155
2366.672119 0.096739
2367.739014 0.097516
2368.805176 0.095728
2369.870850 0.097770
2370.935791 0.095160
2372.000244 0.090839
2373.063721 0.094722
2374.126953 0.100428
2375.189453 0.095645
2376.250977 0.095356
2377.312012 0.093203
2378.372314 0.095215
2379.432129 0.098513
2380.491455 0.094567
2381.549805 0.095810
2382.607666 0.097390
2383.664551 0.097611
2384.721191 0.094040
2385.776855 0.096957
2386.832275 0.098302
2387.886963 0.096353
2388.940430 0.097144
2389.993652 0.095392
2391.046387 0.094916
2392.098145 0.098439
2393.149658 0.096201
2394.200195 0.097537
2395.250244 0.089922
2396.299561 0.097387
2397.348389 0.100610
2398.396484 0.096447
2399.443848 0.096523
2400.490723 0.094870
2401.536377 0.097477
2402.582275 0.096632
2403.626953 0.096069
2404.671387 0.095380
2405.715088 0.098187
2406.757813 0.094390
2407.800049 0.094781
2408.841797 0.095712
2409.882568 0.094650
2410.923096 0.095552
2411.962891 0.094196
2413.001953 0.097514
2414.040283 0.095371
2415.078125 0.096156
2416.115234 0.099652
2417.151611 0.097631
2418.187500 0.098355
2419.222900 0.093271
2420.257324 0.097105
2421.291260 0.096348
2422.324463 0.097370
2423.357422 0.093847
2424.389404 0.097159
2425.420654 0.100943
2426.451660 0.095988
2427.481689 0.096047
2428.510986 0.099972
2429.540039 0.095062
2430.568359 0.092491
2431.595947 0.097897
2432.622559 0.098843
2433.649170 0.097751
2434.674561 0.094606
2435.699951 0.094410
2436.724121 0.097554
2437.748047 0.100770
2438.770752 0.099574
2439.793457 0.093587
2440.815674 0.100204
2441.836670 0.098424
2442.857422 0.096442
2443.877197 0.097706
2444.896729 0.095471
2445.915283 0.093424
2446.933838 0.093380
2447.951172 0.096441
2448.968262 0.095117
2449.984131 0.095963
2450.999756 0.092803
2452.014648 0.092800
2453.029297 0.096554
2454.042725 0.095512
2455.055664 0.096897
2456.068115 0.099719
2457.080078 0.090007
2458.091309 0.099902
2459.102051 0.096338
2460.111816 0.094622
2461.121338 0.096372
2462.129883 0.093321
2463.137695 0.094355
2464.145264 0.093513
2465.152344 0.099497
2466.158447 0.097667
2467.163818 0.100871
2468.168945 0.099421
2469.173340 0.095368
2470.177002 0.098021
2471.180176 0.094615
2472.182617 0.096502
2473.184326 0.097963
2474.185547 0.095623
2475.186279 0.094467
2476.186279 0.096849
2477.185547 0.098664
2478.184082 0.094972
2479.182373 0.094681
2480.179688 0.095917
2481.176758 0.098708
2482.173096 0.100426
2483.168457 0.098037
2484.163574 0.095247
2485.158203 0.095141
2486.151855 0.094820
2487.145020 0.099681
2488.137451 0.098863
2489.129639 0.102203
2490.121094 0.095984
2491.111816 0.095923
2492.101807 0.099188
2493.091064 0.091724
2494.080322 0.098834
2495.068115 0.095981
2496.055908 0.098686
2497.042969 0.099753
2498.029541 0.099649
2499.015381 0.094170
2500.000244 0.095816
2500.985352 0.092089
2501.968994 0.097271
2502.952393 0.094648
2503.934814 0.103664
2504.917236 0.096654
2505.898438 0.093860
2506.879395 0.097204
2507.860107 0.094370
2508.839600 0.096709
2509.819092 0.095844
2510.797363 0.101338
2511.775391 0.094123
2512.752441 0.096532
2513.729004 0.096721
2514.705078 0.095052
2515.680176 0.093862
2516.655029 0.098199
2517.629395 0.093480
2518.602783 0.099310
2519.576660 0.093851
2520.548828 0.098581
2521.520508 0.099078
2522.491699 0.098233
2523.462158 0.099630
2524.432129 0.096545
2525.401611 0.097946
2526.370361 0.099162
2527.338623 0.098131
2528.306152 0.100184
2529.272705 0.101089
2530.239746 0.095255
2531.205566 0.098915
2532.170410 0.103468
2533.135010 0.092776
2534.099121 0.097331
2535.062744 0.096622
2536.025146 0.095966
2536.987061 0.099690
2537.948730 0.099985
2538.909180 0.100474
2539.869873 0.095060
2540.829590 0.099036
2541.788818 0.091789
2542.747803 0.092167
2543.705322 0.094598
2544.662842 0.098906
2545.619629 0.096109
2546.575439 0.098247
2547.531250 0.095089
2548.486084 0.100374
2549.440674 0.103858
2550.394531 0.093239
2551.347412 0.092724
2552.300049 0.099186
2553.252441 0.102478
2554.203613 0.093780
2555.154785 0.106240
2556.104980 0.102010
2557.054443 0.099007
2558.003418 0.096315
2558.951904 0.097874
2559.899658 0.096045
2560.846924 0.096981
2561.793457 0.096432
2562.739990 0.095533
2563.685791 0.096576
2564.630615 0.096089
2565.574463 0.096506
2566.518555 0.093179
2567.461670 0.101816
2568.404053 0.097791
2569.345703 0.098044
2570.287354 0.098853
2571.228271 0.104818
2572.168213 0.101419
2573.107666 0.098835
2574.046631 0.095138
2574.985352 0.097269
2575.923340 0.101073
2576.860596 0.095449
2577.797119 0.097939
2578.733154 0.095009
2579.668945 0.095933
2580.603516 0.102473
2581.538086 0.098470
2582.471436 0.098063
2583.404785 0.092315
2584.337402 0.092940
2585.269287 0.106636
2586.201416 0.099793
2587.132080 0.105267
2588.062500 0.096460
2588.991699 0.099358
2589.921143 0.101851
2590.849609 0.097986
2591.777100 0.096828
2592.704590 0.095759
2593.631348 0.096616
2594.557617 0.102955
2595.482910 0.100899
2596.408203 0.099473
2597.333008 0.104889
2598.256592 0.096283
2599.180176 0.097592
2600.102783 0.102153
2601.024902 0.106058
2601.946289 0.096777
2602.867432 0.095015
2603.787598 0.100903
2604.707275 0.095644
2605.626465 0.089929
2606.545166 0.099637
2607.463623 0.098612
2608.381348 0.100615
2609.298096 0.098147
2610.214600 0.093318
2611.130371 0.097388
2612.045410 0.101388
2612.959961 0.097775
2613.874023 0.091791
2614.787598 0.099916
2615.700439 0.099341
2616.612793 0.100154
2617.524414 0.091407
2618.436035 0.090071
2619.346924 0.096950
2620.256836 0.094189
2621.166504 0.092823
2622.075439 0.096076
2622.983398 0.092384
2623.891357 0.089599
2624.798828 0.098229
2625.705078 0.103066
2626.611328 0.100011
2627.517090 0.098943
2628.421875 0.094543
2629.326416 0.092170
2630.230469 0.098448
2631.133301 0.096781
2632.036377 0.097235
2632.938232 0.101046
2633.839600 0.095892
2634.740723 0.095855
2635.640869 0.090578
2636.541016 0.101531
2637.439941 0.099039
2638.338867 0.096529
2639.237549 0.091240
2640.135254 0.095691
2641.032227 0.095378
2641.928467 0.102199
2642.823975 0.101501
2643.719238 0.093665
2644.614502 0.103358
2645.508789 0.098069
2646.402344 0.106494
2647.295166 0.098090
2648.187988 0.099962
2649.079834 0.103950
2649.971680 0.100389
2650.862549 0.096864
2651.752930 0.102219
2652.642822 0.106985
2653.531494 0.103657
2654.420410 0.098369
2655.308350 0.091140
2656.195801 0.093224
2657.083008 0.101759
2657.968994 0.097301
2658.854980 0.102103
2659.740723 0.094936
2660.625244 0.096258
2661.509277 0.098863
2662.393311 0.099980
2663.276123 0.096651
2664.158447 0.103501
2665.040771 0.093336
2665.921631 0.109590
2666.802734 0.097413
2667.682861 0.101104
2668.562744 0.096455
2669.442139 0.097938
2670.320801 0.093108
2671.198975 0.094987
2672.076660 0.109787
2672.953613 0.100478
2673.829834 0.104871
2674.705811 0.100772
2675.581055 0.096151
2676.455811 0.099334
2677.329834 0.094620
2678.203613 0.102474
2679.076660 0.094797
2679.949463 0.100118
2680.821533 0.093110
2681.693115 0.099862
2682.563965 0.091120
2683.434814 0.092933
2684.304443 0.100384
2685.173584 0.097677
2686.042480 0.104856
2686.910645 0.094171
2687.778320 0.095958
2688.645264 0.098292
2689.511963 0.096663
2690.378662 0.092754
2691.243896 0.098955
2692.108398 0.098404
2692.973145 0.108399
2693.836670 0.093370
2694.700195 0.088116
2695.562744 0.100004
2696.424805 0.098516
2697.286621 0.088626
2698.147949 0.093577
2699.008545 0.099547
2699.868408 0.091461
2700.728516 0.096574
2701.587402 0.090065
2702.445557 0.098675
2703.303467 0.093269
2704.160889 0.103845
2705.017822 0.096974
2705.874023 0.094709
2706.729492 0.098204
2707.584961 0.099097
2708.439453 0.099791
2709.293945 0.106985
2710.147705 0.096182
2711.000488 0.095248
2711.853271 0.098651
2712.705322 0.095011
2713.556641 0.095396
2714.407471 0.095210
2715.257813 0.099249
2716.107666 0.095517
2716.956543 0.106623
2717.805664 0.094881
2718.654053 0.097431
2719.501709 0.092507
2720.349609 0.097239
2721.196045 0.086148
2722.041992 0.096706
2722.887451 0.088391
2723.732910 0.098563
2724.576904 0.091864
2725.421387 0.100702
2726.264648 0.096504
2727.107422 0.096976
2727.949707 0.095482
2728.791748 0.100021
2729.632813 0.095927
2730.474365 0.101054
2731.314453 0.103650
2732.154053 0.090223
2732.993652 0.089255
2733.832275 0.099496
2734.670654 0.103491
2735.508301 0.099735
2736.344727 0.100102
2737.181641 0.099484
2738.017822 0.091462
2738.853271 0.101399
2739.688965 0.093523
2740.523193 0.098376
2741.357422 0.093312
2742.190430 0.101643
2743.023438 0.094630
2743.855957 0.088719
2744.687744 0.097639
2745.519287 0.091763
2746.349854 0.104093
2747.180176 0.099479
2748.009766 0.095773
2748.839355 0.104446
2749.668457 0.100550
2750.496826 0.099400
2751.324463 0.101098
2752.151367 0.095218
2752.978271 0.100384
2753.804199 0.105532
2754.629883 0.101628
2755.455078 0.103814
2756.279541 0.094338
2757.103760 0.091499
2757.927246 0.090635
2758.750732 0.102100
2759.573486 0.088565
2760.395264 0.106281
2761.216797 0.105474
2762.037842 0.098699
2762.858154 0.099471
2763.677979 0.111730
2764.497559 0.109889
2765.316650 0.103249
2766.134766 0.089900
2766.952637 0.100153
2767.770020 0.106911
2768.587402 0.098389
2769.404053 0.096116
2770.219727 0.111838
2771.035156 0.096936
2771.849854 0.107152
2772.664063 0.095474
2773.478027 0.095517
2774.291260 0.111139
2775.104004 0.102286
2775.916504 0.093207
2776.728027 0.089467
2777.539063 0.101895
2778.350586 0.101929
2779.160645 0.109845
2779.970459 0.096645
2780.779785 0.106411
2781.588379 0.090355
2782.396729 0.095367
2783.204590 0.113152
2784.011475 0.085463
2784.818115 0.098986
2785.624512 0.100883
2786.429932 0.091853
2787.235596 0.108591
2788.040527 0.098412
2788.844482 0.094455
2789.648193 0.095053
2790.451172 0.100928
2791.253906 0.100904
2792.055908 0.099203
2792.857666 0.113517
2793.658447 0.090719
2794.459473 0.106031
2795.259766 0.107728
2796.059570 0.106654
2796.858643 0.111947
2797.657471 0.097666
2798.455811 0.090450
2799.253662 0.098407
2800.050781 0.102968
2800.847412 0.104883
2801.643555 0.094893
2802.439209 0.097706
2803.234131 0.113145
2804.029053 0.102138
2804.823242 0.102130
2805.616943 0.097672
2806.410645 0.100681
2807.202881 0.109711
2807.995361 0.100813
2808.786865 0.101770
2809.578125 0.094626
2810.368896 0.104724
2811.158936 0.090768
2811.948730 0.093181
2812.737793 0.103200
2813.526611 0.112979
2814.314697 0.097790
2815.103271 0.083867
2815.890381 0.097800
2816.677490 0.098233
2817.463623 0.091123
2818.249512 0.098088
2819.034668 0.096348
2819.819580 0.103348
2820.603516 0.096776
2821.387695 0.108936
2822.170898 0.089567
2822.953857 0.081282
2823.736328 0.091717
2824.518555 0.106457
2825.299805 0.104826
2826.080811 0.096744
2826.861328 0.092927
2827.641113 0.102752
2828.420898 0.100884
2829.199707 0.096162
2829.978027 0.095079
2830.756348 0.100259
2831.533691 0.096807
2832.310791 0.104792
2833.087158 0.098205
2833.863770 0.096935
2834.639160 0.107368
2835.414551 0.110801
2836.188721 0.108445
2836.963135 0.113278
2837.737061 0.092865
2838.509766 0.103105
2839.282715 0.105605
2840.054932 0.095516
2840.826660 0.091681
2841.598145 0.094713
2842.369385 0.099754
2843.139648 0.085012
2843.909424 0.119164
2844.678467 0.099823
2845.447510 0.104804
2846.216064 0.090076
2846.983643 0.103711
2847.751221 0.113000
2848.518555 0.100721
2849.284912 0.114030
2850.050781 0.086568
2850.816162 0.106739
2851.582031 0.091727
2852.346436 0.099781
2853.110840 0.097336
2853.874268 0.110735
2854.637451 0.102572
2855.400391 0.105152
2856.162354 0.096168
2856.924072 0.109064
2857.685791 0.116761
2858.446289 0.111975
2859.207031 0.089848
2859.966797 0.097007
2860.726318 0.106831
2861.485596 0.108020
2862.243652 0.095291
2863.001709 0.111492
2863.759521 0.103791
2864.516357 0.093674
2865.273193 0.115144
2866.029053 0.103808
2866.784668 0.099890
2867.540039 0.107203
2868.294678 0.099382
2869.049805 0.103457
2869.803223 0.111726
2870.556885 0.109971
2871.309570 0.101295
2872.062256 0.101868
2872.813965 0.102619
2873.565674 0.102751
2874.316406 0.093938
2875.067139 0.120016
2875.817139 0.090571
2876.566895 0.109977
2877.315918 0.105615
2878.065430 0.094002
2878.813477 0.100446
2879.561523 0.111148
2880.308350 0.111563
2881.055664 0.103532
2881.802002 0.116563
2882.547852 0.102846
2883.293213 0.100774
2884.038574 0.104583
2884.782959 0.103479
2885.527100 0.116307
2886.271484 0.109929
2887.014648 0.119415
2887.757568 0.103570
2888.499756 0.117689
2889.241455 0.114549
2889.982910 0.099901
2890.723877 0.102780
2891.464355 0.105213
2892.204346 0.109182
2892.943848 0.099586
2893.683350 0.104086
2894.421875 0.108774
2895.160645 0.121730
2895.898438 0.104954
2896.635742 0.118906
2897.372559 0.104392
2898.109131 0.108197
2898.844971 0.117097
2899.580811 0.107180
2900.315674 0.118934
2901.050293 0.101507
2901.784424 0.099557
2902.518555 0.099000
2903.251709 0.113641
2903.984863 0.102690
2904.717529 0.111350
2905.449463 0.094433
2906.180908 0.103628
2906.911865 0.103612
spectrumdark 2048
-92.776787 2410.000000
-90.172638 2410.000000
-87.570259 2383.000000
-84.969627 2384.000000
-82.370750 2384.000000
-79.773621 2395.000000
-77.178253 2357.000000
-74.584633 2371.000000
-71.992752 2302.000000
-69.402626 2349.000000
-66.814240 2447.000000
-64.227608 2370.000000
-61.642704 2371.000000
-59.059547 2352.000000
-56.478134 2383.000000
-53.898453 2415.000000
-51.320511 2357.000000
-48.744305 2374.000000
-46.169830 2373.000000
-43.597084 2379.000000
-41.026077 2392.000000
-38.456791 2370.000000
-35.889236 2394.000000
-33.323402 2368.000000
-30.759300 2366.000000
-28.196915 2401.000000
-25.636259 2408.000000
-23.077324 2365.000000
-20.520098 2421.000000
-17.964590 2338.000000
-15.410808 2426.000000
-12.858737 2394.000000
-10.308372 2415.000000
-7.759720 2386.000000
-5.212784 2405.000000
-2.667557 2332.000000
-0.124030 2374.000000
2.417792 2414.000000
4.957902 2442.000000
7.496309 2379.000000
10.033022 2413.000000
12.568036 2377.000000
15.101343 2417.000000
17.632956 2400.000000
20.162876 2348.000000
22.691105 2455.000000
25.217634 2372.000000
27.742468 2412.000000
30.265625 2365.000000
32.787090 2400.000000
35.306873 2411.000000
37.824951 2369.000000
40.341358 2413.000000
42.856083 2422.000000
45.369114 2413.000000
47.880478 2359.000000
50.390167 2362.000000
52.898174 2444.000000
55.404510 2357.000000
57.909153 2371.000000
60.412144 2438.000000
62.913460 2381.000000
65.413086 2393.000000
67.911064 2314.000000
70.407372 2356.000000
72.902023 2432.000000
75.394997 2407.000000
77.886299 2395.000000
80.375954 2350.000000
82.863960 2385.000000
85.350273 2386.000000
87.834953 2396.000000
90.317978 2327.000000
92.799347 2349.000000
95.279053 2378.000000
97.757111 2378.000000
100.233521 2404.000000
102.708298 2415.000000
105.181389 2350.000000
107.652855 2333.000000
110.122681 2414.000000
112.590858 2398.000000
115.057411 2383.000000
117.522293 2409.000000
119.985550 2383.000000
122.447174 2421.000000
124.907158 2326.000000
127.365501 2346.000000
129.822220 2351.000000
132.277313 2420.000000
134.730759 2356.000000
137.182571 2370.000000
139.632767 2333.000000
142.081329 2420.000000
144.528275 2425.000000
146.973587 2397.000000
149.417297 2454.000000
151.859360 2360.000000
154.299805 2410.000000
156.738632 2466.000000
159.175873 2404.000000
161.611450 2348.000000
164.045425 2417.000000
166.477814 2368.000000
168.908569 2425.000000
171.337708 2409.000000
173.765259 2380.000000
176.191193 2354.000000
178.615494 2350.000000
181.038223 2347.000000
183.459351 2395.000000
185.878860 2350.000000
188.296783 2413.000000
190.713089 2394.000000
193.127808 2448.000000
195.540924 2339.000000
197.952454 2386.000000
200.362381 2423.000000
202.770706 2437.000000
205.177460 2461.000000
207.582596 2372.000000
209.986145 2425.000000
212.388138 2423.000000
214.788513 2376.000000
217.187302 2411.000000
219.584564 2385.000000
221.980164 2350.000000
224.374252 2400.000000
226.766708 2321.000000
229.157593 2375.000000
231.546936 2339.000000
233.934677 2397.000000
236.320847 2421.000000
238.705429 2307.000000
241.088455 2346.000000
243.469940 2466.000000
245.849808 2431.000000
248.228104 2351.000000
250.604874 2342.000000
252.980042 2377.000000
255.353653 2412.000000
257.725708 2362.000000
260.096222 2382.000000
262.465149 2421.000000
264.832520 2371.000000
267.198334 2400.000000
269.562622 2396.000000
271.925323 2368.000000
274.286469 2382.000000
276.646088 2435.000000
279.004120 2377.000000
281.360626 2382.000000
283.715546 2409.000000
286.068939 2358.000000
288.420868 2443.000000
290.771149 2346.000000
293.119873 2425.000000
295.467163 2326.000000
297.812836 2365.000000
300.157013 2435.000000
302.499573 2370.000000
304.840668 2334.000000
307.180206 2350.000000
309.518219 2470.000000
311.854706 3511.000000
314.189636 2484.000000
316.523041 2378.000000
318.854919 2465.000000
321.185272 2405.000000
323.514069 2459.000000
325.841370 2413.000000
328.167145 2413.000000
330.491394 2483.000000
332.814148 2527.000000
335.135376 2482.000000
337.455048 2522.000000
339.773193 2523.000000
342.089844 2411.000000
344.404968 2398.000000
346.718597 2452.000000
349.030762 2361.000000
351.341339 2375.000000
353.650421 2484.000000
355.958008 2390.000000
358.264069 2426.000000
360.568634 2392.000000
362.871735 2406.000000
365.173218 2446.000000
367.473297 2364.000000
369.771851 2389.000000
372.068878 2396.000000
374.364502 2396.000000
376.658508 2354.000000
378.951080 2449.000000
381.242157 2347.000000
383.531708 2373.000000
385.819794 2390.000000
388.106323 2458.000000
390.391479 2362.000000
392.675079 2438.000000
394.957184 2422.000000
397.237762 2485.000000
399.516937 2693.000000
401.794617 2926.000000
404.070801 2981.000000
406.345490 3042.000000
408.618713 2803.000000
410.890411 3039.000000
413.160645 4086.000000
415.429474 4715.000000
417.696716 4753.000000
419.962555 4154.000000
422.226959 3011.000000
424.489777 2473.000000
426.751221 2423.000000
429.011139 2395.000000
431.269592 2349.000000
433.526642 2391.000000
435.782166 2366.000000
438.036285 2446.000000
440.288849 2460.000000
442.540009 2478.000000
444.789734 2350.000000
447.037903 2436.000000
449.284668 2386.000000
451.529999 2394.000000
453.773804 2385.000000
456.016235 2313.000000
458.257172 2386.000000
460.496613 2446.000000
462.734650 2445.000000
464.971283 2451.000000
467.206451 2355.000000
469.440063 2453.000000
471.672363 2430.000000
473.903137 2400.000000
476.132416 2383.000000
478.360413 2403.000000
480.586853 2387.000000
482.811829 2324.000000
485.035522 2372.000000
487.257599 2398.000000
489.478241 2427.000000
491.697601 2368.000000
493.915405 2390.000000
496.131775 2361.000000
498.346832 2404.000000
500.560333 2434.000000
502.772369 2341.000000
504.983124 2424.000000
507.192322 2330.000000
509.400238 2400.000000
511.606567 2325.000000
513.811523 2354.000000
516.015198 2308.000000
518.217285 2376.000000
520.417908 2373.000000
522.617310 2463.000000
524.815125 2357.000000
527.011475 2477.000000
529.206604 2597.000000
531.400208 2736.000000
533.592285 2814.000000
535.783142 2712.000000
537.972534 2490.000000
540.160400 2412.000000
542.347107 2416.000000
544.532166 2377.000000
546.715820 2370.000000
548.898315 2348.000000
551.079224 2412.000000
553.258667 2416.000000
555.436829 2384.000000
557.613525 2449.000000
559.788757 2446.000000
561.962769 2384.000000
564.135315 2457.000000
566.306335 2433.000000
568.476196 2404.000000
570.644470 2449.000000
572.811340 2421.000000
574.976929 2399.000000
577.141052 2434.000000
579.303955 2336.000000
581.465271 2404.000000
583.625244 2447.000000
585.783875 2406.000000
587.941040 2404.000000
590.096802 2337.000000
592.251343 2474.000000
594.404297 2402.000000
596.555969 2349.000000
598.706360 2417.000000
600.855225 2402.000000
603.002747 2389.000000
605.148926 2425.000000
607.293701 2400.000000
609.437073 2379.000000
611.579285 2410.000000
613.719788 2376.000000
615.859009 2395.000000
617.997070 2413.000000
620.133606 2371.000000
622.268738 2365.000000
624.402588 2360.000000
626.535034 2406.000000
628.666138 2452.000000
630.795898 2416.000000
632.924194 2436.000000
635.051147 2454.000000
637.176880 2641.000000
639.301086 2720.000000
641.424011 2668.000000
643.545654 2782.000000
645.665771 2580.000000
647.784729 2364.000000
649.902161 2417.000000
652.018372 2353.000000
654.133179 2364.000000
656.246582 2392.000000
658.358582 2426.000000
660.469482 2362.000000
662.578796 2463.000000
664.686890 2454.000000
666.793579 2456.000000
668.898926 2546.000000
671.002869 2425.000000
673.105652 2359.000000
675.206909 2401.000000
677.306946 2369.000000
679.405640 2405.000000
681.502869 2347.000000
683.598816 2387.000000
685.693604 2487.000000
687.786865 2783.000000
689.878784 3052.000000
691.969482 3151.000000
694.058777 3063.000000
696.146667 2644.000000
698.233398 2499.000000
700.318787 2417.000000
702.402649 2443.000000
704.485413 2360.000000
706.566833 2369.000000
708.646729 2371.000000
710.725525 2380.000000
712.802795 2459.000000
714.879028 2436.000000
716.953735 2304.000000
719.027100 2379.000000
721.099243 2424.000000
723.170044 2375.000000
725.239441 2462.000000
727.307678 2373.000000
729.374451 2374.000000
731.440002 2373.000000
733.504211 2306.000000
735.567139 2401.000000
737.628662 2296.000000
739.689087 2409.000000
741.747986 2327.000000
743.805603 2345.000000
745.862061 2308.000000
747.917114 2429.000000
749.970825 2450.000000
752.023376 2883.000000
754.074524 2344.000000
756.124268 2392.000000
758.172974 2386.000000
760.220154 2409.000000
762.266052 2306.000000
764.310852 2405.000000
766.354187 2321.000000
768.396240 2320.000000
770.437073 2380.000000
772.476501 2373.000000
774.514709 2367.000000
776.551697 2444.000000
778.587341 2330.000000
780.621704 2393.000000
782.654724 2367.000000
784.686523 2462.000000
786.717041 2450.000000
788.746155 2333.000000
790.774048 2415.000000
792.800781 2355.000000
794.826050 2344.000000
796.850159 2393.000000
798.872986 2404.000000
800.894409 2368.000000
802.914673 2378.000000
804.933716 2378.000000
806.951416 2402.000000
808.967712 2394.000000
810.982788 2361.000000
812.996765 2458.000000
815.009399 2389.000000
817.020630 2400.000000
819.030823 2472.000000
821.039612 2379.000000
823.047180 2349.000000
825.053406 2387.000000
827.058350 2393.000000
829.062195 2429.000000
831.064636 2404.000000
833.065796 2322.000000
835.065796 2387.000000
837.064453 2428.000000
839.061890 2403.000000
841.058167 2416.000000
843.052979 2389.000000
845.046570 2491.000000
847.039124 2369.000000
849.030212 2499.000000
851.020081 2381.000000
853.008789 2411.000000
854.996155 2443.000000
856.982178 2423.000000
858.967224 2395.000000
860.950806 2338.000000
862.933228 2347.000000
864.914429 2468.000000
866.894348 2372.000000
868.872864 2463.000000
870.850464 2441.000000
872.826599 2359.000000
874.801453 2372.000000
876.775330 2402.000000
878.747742 2408.000000
880.718872 2310.000000
882.688965 2426.000000
884.657654 2413.000000
886.625122 2324.000000
888.591492 2321.000000
890.556458 2401.000000
892.520386 2381.000000
894.482971 2440.000000
896.444275 2344.000000
898.404480 2402.000000
900.363342 2355.000000
902.320984 2355.000000
904.277466 2401.000000
906.232605 2432.000000
908.186523 2448.000000
910.139404 2399.000000
912.090942 2423.000000
914.041199 2326.000000
915.990295 2397.000000
917.938232 2370.000000
919.884827 2371.000000
921.830383 2440.000000
923.774536 2400.000000
925.717468 2347.000000
927.659363 2342.000000
929.599915 2512.000000
931.539246 2393.000000
933.477417 2405.000000
935.414368 2330.000000
937.350098 2372.000000
939.284607 2380.000000
941.217896 2371.000000
943.149963 2394.000000
945.080872 2414.000000
947.010559 2377.000000
948.939209 2393.000000
950.866394 2375.000000
952.792419 2346.000000
954.717407 2373.000000
956.641052 2367.000000
958.563416 2431.000000
960.484741 2420.000000
962.404785 2361.000000
964.323608 2396.000000
966.241394 2364.000000
968.157837 2400.000000
970.072998 2370.000000
971.987183 2318.000000
973.900085 2373.000000
975.811768 2370.000000
977.722351 2416.000000
979.631592 2392.000000
981.539673 2321.000000
983.446716 2376.000000
985.352417 2390.000000
987.256958 2461.000000
989.160461 2481.000000
991.062561 2462.000000
992.963501 2477.000000
994.863464 2408.000000
996.762024 2367.000000
998.659485 2330.000000
1000.555847 2336.000000
1002.450928 2324.000000
1004.344849 2421.000000
1006.237732 2387.000000
1008.129150 2318.000000
1010.019531 2398.000000
1011.908752 2405.000000
1013.796814 2372.000000
1015.683716 2316.000000
1017.569458 2361.000000
1019.453918 2380.000000
1021.337341 2363.000000
1023.219543 2409.000000
1025.100342 2422.000000
1026.980225 2439.000000
1028.859009 2394.000000
1030.736450 2380.000000
1032.612915 2335.000000
1034.488037 2441.000000
1036.361938 2431.000000
1038.234985 2277.000000
1040.106567 2466.000000
1041.977173 2383.000000
1043.846558 2380.000000
1045.714722 2358.000000
1047.581665 2475.000000
1049.447632 2366.000000
1051.312378 2371.000000
1053.175903 2332.000000
1055.038330 2350.000000
1056.899780 2319.000000
1058.759766 2381.000000
1060.618896 2320.000000
1062.476440 2377.000000
1064.333252 2400.000000
1066.188721 2334.000000
1068.043091 2370.000000
1069.896484 2397.000000
1071.748535 2378.000000
1073.599365 2425.000000
1075.449219 2377.000000
1077.297852 2340.000000
1079.145264 2330.000000
1080.991577 2330.000000
1082.836914 2299.000000
1084.680908 2423.000000
1086.523926 2378.000000
1088.365601 2422.000000
1090.206299 2353.000000
1092.045776 2354.000000
1093.884155 2387.000000
1095.721436 2301.000000
1097.557495 2329.000000
1099.392456 2447.000000
1101.226196 2305.000000
1103.059082 2374.000000
1104.890503 2370.000000
1106.720947 2399.000000
1108.550415 2355.000000
1110.378418 2412.000000
1112.205444 2281.000000
1114.031494 2357.000000
1115.856079 2331.000000
1117.679932 2403.000000
1119.502563 2436.000000
1121.323853 2324.000000
1123.144043 2383.000000
1124.963501 2376.000000
1126.781372 2380.000000
1128.598267 2362.000000
1130.414063 2389.000000
1132.228882 2428.000000
1134.042480 2346.000000
1135.854858 2278.000000
1137.666138 2380.000000
1139.476440 2359.000000
1141.285522 2373.000000
1143.093506 2373.000000
1144.900391 2340.000000
1146.706055 2410.000000
1148.510742 2367.000000
1150.314331 2452.000000
1152.116699 2367.000000
1153.918091 2394.000000
1155.718262 2414.000000
1157.517456 2370.000000
1159.315430 2385.000000
1161.112305 2363.000000
1162.907959 2405.000000
1164.702759 2329.000000
1166.496338 2389.000000
1168.288696 2460.000000
1170.080078 2355.000000
1171.870483 2387.000000
1173.659546 2388.000000
1175.447632 2398.000000
1177.234619 2349.000000
1179.020386 2388.000000
1180.805176 2342.000000
1182.588867 2325.000000
1184.371460 2425.000000
1186.153076 2395.000000
1187.933472 2444.000000
1189.712646 2393.000000
1191.490967 2423.000000
1193.268188 2295.000000
1195.043945 2399.000000
1196.819092 2344.000000
1198.592773 2343.000000
1200.365601 2431.000000
1202.137329 2352.000000
1203.907837 2376.000000
1205.677368 2380.000000
1207.445801 2519.000000
1209.213013 2295.000000
1210.979248 2369.000000
1212.744507 2413.000000
1214.508545 2378.000000
1216.271484 2354.000000
1218.033325 2315.000000
1219.794067 2390.000000
1221.553955 2395.000000
1223.312622 2353.000000
1225.070190 2398.000000
1226.826782 2400.000000
1228.582153 2392.000000
1230.336548 2311.000000
1232.089844 2362.000000
1233.842163 2389.000000
1235.593140 2362.000000
1237.343262 2381.000000
1239.092285 2446.000000
1240.840332 2388.000000
1242.587036 2398.000000
1244.332886 2321.000000
1246.077637 2366.000000
1247.821289 2404.000000
1249.563843 2389.000000
1251.305298 2389.000000
1253.045898 2367.000000
1254.785278 2318.000000
1256.523560 2304.000000
1258.260986 2347.000000
1259.996948 2346.000000
1261.732056 2367.000000
1263.466187 2353.000000
1265.199219 2353.000000
1266.931274 2374.000000
1268.662231 2357.000000
1270.392090 2399.000000
1272.120728 2356.000000
1273.848633 2336.000000
1275.575195 2401.000000
1277.300659 2379.000000
1279.025391 2312.000000
1280.748901 2394.000000
1282.471436 2417.000000
1284.192749 2342.000000
1285.913086 2350.000000
1287.632446 2324.000000
1289.350830 2306.000000
1291.067993 2352.000000
1292.784058 2357.000000
1294.499268 2361.000000
1296.213501 2349.000000
1297.926514 2329.000000
1299.638306 2389.000000
1301.349121 2404.000000
1303.059204 2403.000000
1304.768066 2334.000000
1306.475708 2439.000000
1308.182617 2398.000000
1309.888184 2434.000000
1311.593018 2340.000000
1313.296631 2389.000000
1314.999390 2348.000000
1316.700806 2354.000000
1318.401489 2354.000000
1320.100952 2261.000000
1321.799316 2368.000000
1323.496826 2410.000000
1325.193115 2388.000000
1326.888550 2376.000000
1328.582886 2390.000000
1330.276245 2374.000000
1331.968506 2412.000000
1333.659790 2356.000000
1335.349854 2337.000000
1337.038940 2369.000000
1338.727295 2341.000000
1340.414429 2358.000000
1342.100342 2366.000000
1343.785522 2559.000000
1345.469604 2719.000000
1347.152588 2950.000000
1348.834595 3102.000000
1350.515503 3097.000000
1352.195435 2774.000000
1353.874512 2548.000000
1355.552368 2392.000000
1357.229248 2352.000000
1358.905151 2360.000000
1360.579956 2380.000000
1362.253906 2345.000000
1363.926758 2406.000000
1365.598389 2360.000000
1367.269409 2365.000000
1368.938965 2300.000000
1370.607788 2436.000000
1372.275513 2381.000000
1373.942261 2406.000000
1375.608032 2374.000000
1377.272705 2410.000000
1378.936279 2301.000000
1380.599121 2355.000000
1382.260742 2402.000000
1383.921387 2449.000000
1385.580933 2388.000000
1387.239746 2359.000000
1388.897339 2347.000000
1390.553955 2380.000000
1392.209717 2342.000000
1393.864258 2417.000000
1395.517822 2426.000000
1397.170532 2312.000000
1398.822021 2341.000000
1400.472656 2304.000000
1402.122314 2394.000000
1403.770874 2316.000000
1405.418579 2360.000000
1407.065308 2472.000000
1408.710815 2421.000000
1410.355469 2382.000000
1411.999146 2402.000000
1413.641724 2348.000000
1415.283325 2322.000000
1416.923950 2482.000000
1418.563721 2340.000000
1420.202393 2397.000000
1421.839844 2353.000000
1423.476685 2388.000000
1425.112183 2378.000000
1426.746826 2329.000000
1428.380615 2367.000000
1430.013306 2367.000000
1431.645142 2353.000000
1433.275635 2365.000000
1434.905640 2350.000000
1436.534302 2427.000000
1438.161987 2427.000000
1439.788818 2455.000000
1441.414551 2367.000000
1443.039307 2373.000000
1444.663208 2331.000000
1446.286133 2371.000000
1447.907837 2355.000000
1449.528809 2418.000000
1451.148804 2439.000000
1452.767578 2331.000000
1454.385620 2392.000000
1456.002563 2399.000000
1457.618530 2401.000000
1459.233643 2342.000000
1460.847412 2362.000000
1462.460571 2358.000000
1464.072754 2328.000000
1465.683838 2362.000000
1467.294067 2349.000000
1468.903076 2313.000000
1470.511230 2353.000000
1472.118530 2336.000000
1473.724731 2300.000000
1475.329956 2343.000000
1476.934204 2307.000000
1478.537598 2779.000000
1480.139893 2376.000000
1481.741333 2366.000000
1483.341919 2396.000000
1484.941284 2347.000000
1486.539795 2351.000000
1488.137207 2337.000000
1489.733765 2417.000000
1491.329468 2382.000000
1492.924072 2360.000000
1494.517578 2395.000000
1496.110352 2355.000000
1497.702271 2355.000000
1499.292725 2373.000000
1500.882935 2329.000000
1502.471558 2331.000000
1504.059570 2323.000000
1505.646606 2371.000000
1507.232422 2330.000000
1508.817627 2382.000000
1510.401733 2346.000000
1511.984863 2376.000000
1513.566772 2396.000000
1515.148071 2341.000000
1516.728516 2417.000000
1518.307861 2409.000000
1519.886108 2357.000000
1521.463501 2301.000000
1523.039673 2387.000000
1524.615356 2382.000000
1526.190063 2342.000000
1527.763550 2348.000000
1529.336304 2343.000000
1530.907837 2398.000000
1532.478394 2406.000000
1534.048584 2364.000000
1535.617432 2413.000000
1537.185059 2423.000000
1538.752075 2565.000000
1540.318237 2834.000000
1541.883179 2834.000000
1543.447510 3058.000000
1545.010620 2879.000000
1546.572876 2578.000000
1548.134155 2390.000000
1549.694458 2429.000000
1551.253906 2384.000000
1552.812500 2284.000000
1554.369995 2406.000000
1555.926636 2341.000000
1557.482178 2367.000000
1559.036865 2329.000000
1560.590820 2308.000000
1562.143799 2378.000000
1563.695679 2391.000000
1565.246582 2396.000000
1566.796509 2400.000000
1568.345703 2298.000000
1569.894043 2384.000000
1571.441528 2388.000000
1572.987793 2344.000000
1574.533081 2369.000000
1576.077759 2333.000000
1577.620972 2381.000000
1579.163574 2417.000000
1580.705566 2341.000000
1582.245972 2367.000000
1583.786011 2352.000000
1585.324707 2343.000000
1586.862671 2359.000000
1588.400024 2335.000000
1589.936157 2355.000000
1591.471313 2389.000000
1593.005493 2259.000000
1594.538696 2314.000000
1596.071289 2312.000000
1597.602783 2346.000000
1599.133545 2320.000000
1600.662964 2320.000000
1602.191772 2253.000000
1603.719604 2382.000000
1605.246460 2354.000000
1606.772583 2413.000000
1608.297607 2332.000000
1609.821777 2348.000000
1611.344971 2369.000000
1612.867310 2353.000000
1614.388672 2343.000000
1615.909302 2354.000000
1617.428955 2336.000000
1618.947388 2388.000000
1620.465210 2351.000000
1621.981934 2298.000000
1623.497803 2333.000000
1625.013062 2330.000000
1626.527222 2345.000000
1628.040161 2334.000000
1629.552734 2365.000000
1631.063843 2394.000000
1632.574463 2298.000000
1634.084106 2303.000000
1635.592773 2314.000000
1637.100342 2324.000000
1638.607300 2429.000000
1640.113037 2341.000000
1641.618408 2372.000000
1643.122437 2361.000000
1644.625610 2254.000000
1646.128052 2394.000000
1647.629395 2383.000000
1649.129761 2349.000000
1650.629639 2359.000000
1652.128174 2336.000000
1653.625977 2369.000000
1655.122925 2323.000000
1656.618774 2294.000000
1658.113892 2390.000000
1659.608276 2457.000000
1661.101563 2331.000000
1662.594116 2422.000000
1664.085571 2418.000000
1665.576050 2309.000000
1667.065918 2367.000000
1668.554932 2350.000000
1670.042725 2401.000000
1671.529785 2392.000000
1673.015991 2322.000000
1674.501099 2403.000000
1675.985596 2289.000000
1677.469238 2283.000000
1678.951782 2469.000000
1680.433472 2320.000000
1681.914307 2379.000000
1683.394043 2419.000000
1684.873413 2411.000000
1686.351563 2344.000000
1687.828857 2324.000000
1689.305054 2307.000000
1690.780640 2363.000000
1692.255127 2355.000000
1693.729004 2353.000000
1695.201782 2353.000000
1696.673828 2332.000000
1698.144775 2324.000000
1699.614990 2375.000000
1701.084229 2380.000000
1702.552856 2283.000000
1704.020264 2338.000000
1705.486938 2336.000000
1706.952759 2400.000000
1708.417603 2404.000000
1709.881592 2328.000000
1711.345093 2281.000000
1712.807251 2405.000000
1714.268433 2433.000000
1715.729126 2342.000000
1717.188721 2349.000000
1718.647339 2332.000000
1720.105469 2307.000000
1721.562500 2352.000000
1723.018555 2358.000000
1724.473877 2343.000000
1725.928101 2249.000000
1727.381958 2319.000000
1728.834595 2362.000000
1730.286255 2400.000000
1731.736938 2378.000000
1733.187134 2384.000000
1734.636230 2406.000000
1736.084839 2301.000000
1737.532227 2378.000000
1738.978760 2345.000000
1740.424316 2329.000000
1741.869263 2344.000000
1743.313110 2367.000000
1744.756470 2329.000000
1746.198608 2374.000000
1747.639893 2326.000000
1749.080444 2360.000000
1750.520020 2375.000000
1751.958862 2358.000000
1753.396973 2317.000000
1754.833862 2405.000000
1756.270142 2385.000000
1757.705566 2315.000000
1759.139893 2317.000000
1760.573364 2384.000000
1762.006348 2312.000000
1763.438232 2342.000000
1764.869263 2256.000000
1766.299316 2478.000000
1767.728638 2338.000000
1769.157104 2410.000000
1770.584839 2274.000000
1772.011719 2329.000000
1773.437500 2402.000000
1774.862427 2345.000000
1776.286499 2310.000000
1777.710205 2376.000000
1779.132690 2372.000000
1780.554199 2377.000000
1781.974976 2404.000000
1783.394775 2360.000000
1784.813843 2317.000000
1786.232300 2313.000000
1787.649780 2416.000000
1789.066040 2370.000000
1790.481812 2354.000000
1791.896729 2335.000000
1793.310425 2243.000000
1794.723877 2341.000000
1796.136230 2337.000000
1797.547729 2341.000000
1798.958008 2339.000000
1800.367798 2419.000000
1801.776611 2375.000000
1803.184937 2383.000000
1804.592041 2399.000000
1805.998657 2267.000000
1807.404053 2354.000000
1808.808716 2307.000000
1810.212402 2392.000000
1811.615723 2354.000000
1813.017700 2363.000000
1814.419067 2314.000000
1815.819458 2347.000000
1817.219116 2389.000000
1818.617798 2304.000000
1820.016113 2340.000000
1821.413208 2384.000000
1822.809448 2306.000000
1824.204956 2340.000000
1825.599365 2380.000000
1826.993408 2365.000000
1828.386475 2401.000000
1829.778442 2377.000000
1831.169678 2368.000000
1832.560181 2366.000000
1833.949707 2400.000000
1835.338745 2339.000000
1836.726563 2431.000000
1838.113770 2325.000000
1839.499878 2324.000000
1840.885498 2270.000000
1842.269897 2367.000000
1843.653809 2439.000000
1845.036743 2348.000000
1846.418945 2293.000000
1847.800293 2338.000000
1849.180664 2364.000000
1850.560303 2370.000000
1851.939331 2373.000000
1853.317383 2310.000000
1854.694458 2376.000000
1856.070801 2309.000000
1857.446289 2342.000000
1858.820801 2358.000000
1860.195068 2313.000000
1861.568237 2329.000000
1862.940308 2375.000000
1864.311646 2382.000000
1865.682129 2309.000000
1867.052124 2411.000000
1868.421021 2312.000000
1869.789307 2302.000000
1871.156494 2338.000000
1872.522827 2467.000000
1873.888550 2368.000000
1875.253540 2394.000000
1876.617554 2384.000000
1877.980835 2381.000000
1879.343140 2452.000000
1880.704590 2393.000000
1882.065430 2365.000000
1883.425537 2302.000000
1884.784668 2395.000000
1886.142822 2394.000000
1887.500488 2290.000000
1888.857056 2275.000000
1890.213013 2389.000000
1891.568115 2426.000000
1892.922485 2361.000000
1894.275757 2360.000000
1895.628296 2291.000000
1896.980103 2264.000000
1898.331055 2364.000000
1899.681519 2340.000000
1901.031006 2377.000000
1902.379272 2418.000000
1903.727295 2388.000000
1905.074219 2357.000000
1906.420410 2441.000000
1907.765869 2378.000000
1909.110474 2373.000000
1910.453979 2305.000000
1911.796997 2359.000000
1913.139038 2339.000000
1914.480591 2340.000000
1915.821167 2370.000000
1917.160767 2359.000000
1918.499512 2335.000000
1919.837769 2398.000000
1921.175049 2453.000000
1922.511719 2338.000000
1923.847290 2267.000000
1925.182251 2459.000000
1926.516235 2345.000000
1927.849487 2359.000000
1929.181885 2360.000000
1930.513916 2287.000000
1931.844849 2375.000000
1933.174927 2370.000000
1934.504150 2364.000000
1935.832642 2365.000000
1937.160278 2396.000000
1938.487549 2327.000000
1939.813477 2414.000000
1941.138794 2412.000000
1942.463379 2408.000000
1943.787109 2357.000000
1945.109985 2423.000000
1946.432373 2413.000000
1947.753662 2353.000000
1949.074219 2341.000000
1950.393921 2376.000000
1951.712769 2316.000000
1953.031250 2379.000000
1954.348633 2323.000000
1955.665161 2388.000000
1956.981079 2402.000000
1958.295898 2412.000000
1959.610229 2395.000000
1960.923706 2359.000000
1962.236450 2354.000000
1963.548218 2246.000000
1964.859375 2352.000000
1966.169556 2346.000000
1967.479126 2352.000000
1968.788086 2365.000000
1970.095947 2344.000000
1971.403076 2397.000000
1972.709351 2273.000000
1974.014893 2290.000000
1975.319824 2339.000000
1976.623779 2290.000000
1977.927246 2315.000000
1979.229614 2332.000000
1980.531372 2421.000000
1981.832153 2342.000000
1983.132202 2310.000000
1984.431641 2275.000000
1985.730225 2333.000000
1987.027954 2327.000000
1988.324829 2333.000000
1989.621094 2413.000000
1990.916504 2343.000000
1992.211182 2326.000000
1993.505371 2388.000000
1994.798218 2399.000000
1996.090698 2382.000000
1997.382080 2390.000000
1998.673218 2385.000000
1999.963135 2308.000000
2001.252197 2347.000000
2002.540527 2425.000000
2003.828369 2369.000000
2005.115112 2330.000000
2006.401489 2321.000000
2007.686768 2302.000000
2008.971313 2374.000000
2010.255127 2336.000000
2011.538208 2412.000000
2012.820435 2275.000000
2014.102051 2424.000000
2015.382935 2340.000000
2016.662842 2336.000000
2017.941895 2301.000000
2019.220459 2327.000000
2020.497803 2277.000000
2021.775146 2336.000000
2023.050903 2346.000000
2024.326538 2287.000000
2025.600830 2378.000000
2026.874756 2351.000000
2028.147949 2313.000000
2029.420410 2298.000000
2030.691772 2338.000000
2031.962524 2393.000000
2033.232300 2387.000000
2034.501587 2379.000000
2035.770386 2346.000000
2037.037964 2345.000000
2038.305054 2358.000000
2039.571045 2302.000000
2040.836426 2431.000000
2042.101074 2360.000000
2043.365234 2412.000000
2044.628418 2308.000000
2045.890747 2374.000000
2047.152222 2294.000000
2048.413086 2350.000000
2049.673096 2337.000000
2050.932861 2333.000000
2052.191650 2433.000000
2053.449219 2333.000000
2054.706299 2353.000000
2055.962646 2418.000000
2057.218018 2407.000000
2058.472900 2238.000000
2059.727051 2391.000000
2060.980225 2343.000000
2062.232666 2330.000000
2063.484375 2416.000000
2064.735596 2364.000000
2065.986084 2379.000000
2067.235596 2368.000000
2068.484375 2381.000000
2069.732178 2301.000000
2070.979736 2320.000000
2072.226074 2308.000000
2073.471924 2349.000000
2074.716797 2254.000000
2075.961182 2374.000000
2077.204590 2353.000000
2078.447510 2358.000000
2079.689697 2282.000000
2080.930908 2288.000000
2082.171387 2357.000000
2083.411133 2351.000000
2084.650146 2349.000000
2085.888428 2410.000000
2087.126221 2377.000000
2088.363037 2308.000000
2089.598877 2358.000000
2090.834229 2346.000000
2092.068848 2297.000000
2093.302490 2386.000000
2094.535889 2368.000000
2095.768066 2345.000000
2096.999512 2389.000000
2098.230225 2322.000000
2099.460693 2350.000000
2100.689697 2390.000000
2101.918457 2408.000000
2103.146484 2348.000000
2104.373535 2329.000000
2105.600098 2324.000000
2106.825684 2372.000000
2108.050781 2390.000000
2109.274902 2308.000000
2110.498291 2340.000000
2111.720947 2372.000000
2112.942871 2441.000000
2114.164063 2357.000000
2115.385010 2393.000000
2116.604736 2337.000000
2117.823242 2288.000000
2119.041504 2351.000000
2120.259277 2347.000000
2121.475830 2368.000000
2122.692383 2338.000000
2123.907715 2437.000000
2125.122070 2390.000000
2126.335938 2327.000000
2127.549561 2362.000000
2128.761475 2286.000000
2129.973389 2431.000000
2131.184326 2370.000000
2132.394531 2392.000000
2133.604004 2333.000000
2134.812744 2365.000000
2136.020752 2310.000000
2137.228516 2329.000000
2138.434814 2321.000000
2139.640869 2416.000000
2140.845703 2335.000000
2142.050049 2357.000000
2143.253662 2263.000000
2144.456543 2264.000000
2145.658936 2412.000000
2146.860352 2384.000000
2148.061035 2462.000000
2149.261230 2495.000000
2150.460205 2381.000000
2151.659180 2292.000000
2152.857178 2449.000000
2154.053955 2404.000000
2155.250488 2388.000000
2156.446289 2366.000000
2157.641357 2320.000000
2158.835449 2316.000000
2160.028809 2369.000000
2161.221680 2328.000000
2162.413818 2330.000000
2163.604980 2420.000000
2164.795898 2281.000000
2165.985840 2358.000000
2167.174805 2333.000000
2168.363281 2376.000000
2169.550781 2336.000000
2170.738037 2378.000000
2171.924561 2369.000000
2173.110352 2299.000000
2174.294922 2368.000000
2175.479248 2349.000000
2176.662354 2325.000000
2177.844971 2352.000000
2179.027344 2320.000000
2180.208740 2294.000000
2181.389404 2342.000000
2182.569092 2307.000000
2183.748047 2320.000000
2184.926514 2296.000000
2186.104492 2313.000000
2187.281738 2330.000000
2188.457520 2342.000000
2189.633301 2316.000000
2190.808105 2356.000000
2191.982422 2334.000000
2193.155762 2330.000000
2194.328369 2305.000000
2195.500488 2382.000000
2196.671631 2293.000000
2197.842529 2345.000000
2199.012695 2468.000000
2200.181641 2367.000000
2201.350098 2420.000000
2202.517822 2427.000000
2203.684814 2387.000000
2204.851318 2373.000000
2206.017090 2366.000000
2207.181885 2341.000000
2208.346191 2399.000000
2209.509521 2470.000000
2210.672607 2311.000000
2211.834473 2390.000000
2212.996094 2364.000000
2214.156494 2371.000000
2215.316895 2357.000000
2216.476074 2368.000000
2217.634521 2385.000000
2218.792480 2361.000000
2219.949951 2338.000000
2221.106201 2351.000000
2222.261963 2377.000000
2223.416992 2335.000000
2224.571533 2383.000000
2225.725098 2372.000000
2226.877930 2380.000000
2228.030518 2415.000000
2229.182129 2327.000000
2230.332764 2370.000000
2231.482910 2376.000000
2232.632568 2318.000000
2233.781494 2315.000000
2234.929688 2416.000000
2236.076904 2373.000000
2237.223633 2352.000000
2238.369629 2352.000000
2239.514893 2358.000000
2240.659424 2416.000000
2241.803223 2406.000000
2242.946533 2433.000000
2244.088867 2357.000000
2245.230713 2328.000000
2246.372070 2330.000000
2247.512451 2386.000000
2248.652344 2396.000000
2249.791260 2407.000000
2250.929688 2365.000000
2252.067139 2421.000000
2253.204346 2434.000000
2254.340332 2353.000000
2255.476318 2315.000000
2256.610840 2371.000000
2257.745117 2304.000000
2258.878662 2389.000000
2260.011475 2395.000000
2261.143555 2424.000000
2262.275146 2354.000000
2263.405762 2361.000000
2264.535889 2335.000000
2265.665527 2276.000000
2266.794189 2325.000000
2267.922119 2337.000000
2269.049316 2282.000000
2270.175781 2443.000000
2271.301758 2398.000000
2272.427490 2391.000000
2273.552002 2395.000000
2274.675781 2354.000000
2275.798828 2447.000000
2276.921387 2449.000000
2278.043213 2339.000000
2279.164551 2374.000000
2280.284668 2384.000000
2281.404541 2387.000000
2282.523682 2323.000000
2283.642090 2387.000000
2284.759766 2332.000000
2285.876953 2349.000000
2286.993408 2324.000000
2288.109131 2355.000000
2289.223877 2295.000000
2290.338379 2364.000000
2291.451904 2426.000000
2292.564941 2432.000000
2293.677246 2358.000000
2294.788574 2347.000000
2295.899658 2373.000000
2297.010010 2394.000000
2298.119385 2402.000000
2299.228516 2413.000000
2300.336670 2359.000000
2301.444336 2371.000000
2302.551025 2389.000000
2303.657227 2386.000000
2304.762939 2288.000000
2305.867676 2288.000000
2306.971924 2290.000000
2308.075195 2338.000000
2309.178223 2409.000000
2310.280273 2269.000000
2311.382080 2381.000000
2312.482910 2329.000000
2313.582764 2368.000000
2314.682373 2367.000000
2315.781250 2380.000000
2316.878906 2391.000000
2317.976807 2379.000000
2319.073486 2276.000000
2320.169434 2399.000000
2321.264893 2405.000000
2322.359619 2315.000000
2323.453613 2298.000000
2324.547607 2377.000000
2325.640137 2415.000000
2326.731934 2255.000000
2327.823486 2360.000000
2328.914063 2278.000000
2330.004150 2414.000000
2331.093750 2416.000000
2332.182373 2384.000000
2333.270508 2324.000000
2334.357666 2364.000000
2335.444824 2380.000000
2336.531006 2397.000000
2337.616211 2349.000000
2338.700928 2373.000000
2339.785156 2302.000000
2340.868408 2429.000000
2341.951172 2386.000000
2343.032959 2324.000000
2344.114746 2332.000000
2345.195557 2317.000000
2346.275635 2394.000000
2347.354736 2349.000000
2348.433594 2386.000000
2349.511963 2333.000000
2350.589355 2363.000000
2351.666016 2365.000000
2352.742188 2346.000000
2353.817627 2360.000000
2354.892334 2415.000000
2355.966797 2346.000000
2357.040283 2392.000000
2358.113037 2433.000000
2359.185059 2392.000000
2360.256836 2318.000000
2361.327637 2409.000000
2362.397949 2358.000000
2363.467529 2415.000000
2364.536133 2346.000000
2365.604492 2349.000000
2366.672119 2331.000000
2367.739014 2321.000000
2368.805176 2387.000000
2369.870850 2393.000000
2370.935791 2355.000000
2372.000244 2388.000000
2373.063721 2383.000000
2374.126953 2418.000000
2375.189453 2396.000000
2376.250977 2362.000000
2377.312012 2337.000000
2378.372314 2375.000000
2379.432129 2274.000000
2380.491455 2317.000000
2381.549805 2366.000000
2382.607666 2326.000000
2383.664551 2411.000000
2384.721191 2297.000000
2385.776855 2380.000000
2386.832275 2389.000000
2387.886963 2384.000000
2388.940430 2440.000000
2389.993652 2374.000000
2391.046387 2312.000000
2392.098145 2359.000000
2393.149658 2313.000000
2394.200195 2393.000000
2395.250244 2404.000000
2396.299561 2340.000000
2397.348389 2310.000000
2398.396484 2342.000000
2399.443848 2347.000000
2400.490723 2374.000000
2401.536377 2332.000000
2402.582275 2369.000000
2403.626953 2357.000000
2404.671387 2363.000000
2405.715088 2317.000000
2406.757813 2388.000000
2407.800049 2383.000000
2408.841797 2495.000000
2409.882568 2359.000000
2410.923096 2362.000000
2411.962891 2333.000000
2413.001953 2412.000000
2414.040283 2448.000000
2415.078125 2415.000000
2416.115234 2396.000000
2417.151611 2322.000000
2418.187500 2380.000000
2419.222900 2457.000000
2420.257324 2447.000000
2421.291260 2454.000000
2422.324463 2373.000000
2423.357422 2297.000000
2424.389404 2382.000000
2425.420654 2354.000000
2426.451660 2421.000000
2427.481689 2400.000000
2428.510986 2379.000000
2429.540039 2406.000000
2430.568359 2333.000000
2431.595947 2358.000000
2432.622559 2320.000000
2433.649170 2352.000000
2434.674561 2301.000000
2435.699951 2375.000000
2436.724121 2388.000000
2437.748047 2332.000000
2438.770752 2377.000000
2439.793457 2346.000000
2440.815674 2343.000000
2441.836670 2385.000000
2442.857422 2386.000000
2443.877197 2351.000000
2444.896729 2404.000000
2445.915283 2391.000000
2446.933838 2383.000000
2447.951172 2437.000000
2448.968262 2386.000000
2449.984131 2337.000000
2450.999756 2407.000000
2452.014648 2415.000000
2453.029297 2295.000000
2454.042725 2380.000000
2455.055664 2391.000000
2456.068115 2348.000000
2457.080078 2444.000000
2458.091309 2275.000000
2459.102051 2434.000000
2460.111816 2415.000000
2461.121338 2376.000000
2462.129883 2424.000000
2463.137695 2391.000000
2464.145264 2393.000000
2465.152344 2372.000000
2466.158447 2356.000000
2467.163818 2370.000000
2468.168945 2352.000000
2469.173340 2431.000000
2470.177002 2404.000000
2471.180176 2365.000000
2472.182617 2360.000000
2473.184326 2345.000000
2474.185547 2371.000000
2475.186279 2401.000000
2476.186279 2384.000000
2477.185547 2348.000000
2478.184082 2410.000000
2479.182373 2422.000000
2480.179688 2443.000000
2481.176758 2328.000000
2482.173096 2344.000000
2483.168457 2394.000000
2484.163574 2356.000000
2485.158203 2411.000000
2486.151855 2444.000000
2487.145020 2438.000000
2488.137451 2390.000000
2489.129639 2341.000000
2490.121094 2352.000000
2491.111816 2432.000000
2492.101807 2397.000000
2493.091064 2438.000000
2494.080322 2367.000000
2495.068115 2409.000000
2496.055908 2377.000000
2497.042969 2343.000000
2498.029541 2282.000000
2499.015381 2426.000000
2500.000244 2382.000000
2500.985352 2416.000000
2501.968994 2368.000000
2502.952393 2322.000000
2503.934814 2380.000000
2504.917236 2389.000000
2505.898438 2396.000000
2506.879395 2334.000000
2507.860107 2353.000000
2508.839600 2382.000000
2509.819092 2451.000000
2510.797363 2381.000000
2511.775391 2378.000000
2512.752441 2431.000000
2513.729004 2358.000000
2514.705078 2424.000000
2515.680176 2355.000000
2516.655029 2321.000000
2517.629395 2388.000000
2518.602783 2332.000000
2519.576660 2416.000000
2520.548828 2403.000000
2521.520508 2383.000000
2522.491699 2332.000000
2523.462158 2385.000000
2524.432129 2417.000000
2525.401611 2346.000000
2526.370361 2367.000000
2527.338623 2409.000000
2528.306152 2376.000000
2529.272705 2408.000000
2530.239746 2401.000000
2531.205566 2344.000000
2532.170410 2351.000000
2533.135010 2413.000000
2534.099121 2325.000000
2535.062744 2362.000000
2536.025146 2357.000000
2536.987061 2416.000000
2537.948730 2386.000000
2538.909180 2279.000000
2539.869873 2341.000000
2540.829590 2407.000000
2541.788818 2401.000000
2542.747803 2401.000000
2543.705322 2439.000000
2544.662842 2328.000000
2545.619629 2388.000000
2546.575439 2363.000000
2547.531250 2315.000000
2548.486084 2291.000000
2549.440674 2397.000000
2550.394531 2382.000000
2551.347412 2420.000000
2552.300049 2363.000000
2553.252441 2376.000000
2554.203613 2419.000000
2555.154785 2393.000000
2556.104980 2353.000000
2557.054443 2492.000000
2558.003418 2402.000000
2558.951904 2419.000000
2559.899658 2419.000000
2560.846924 2392.000000
2561.793457 2285.000000
2562.739990 2382.000000
2563.685791 2467.000000
2564.630615 2352.000000
2565.574463 2461.000000
2566.518555 2410.000000
2567.461670 2401.000000
2568.404053 2399.000000
2569.345703 2380.000000
2570.287354 2418.000000
2571.228271 2368.000000
2572.168213 2331.000000
2573.107666 2351.000000
2574.046631 2540.000000
2574.985352 2361.000000
2575.923340 2280.000000
2576.860596 2442.000000
2577.797119 2392.000000
2578.733154 2357.000000
2579.668945 2399.000000
2580.603516 2398.000000
2581.538086 2361.000000
2582.471436 2382.000000
2583.404785 2379.000000
2584.337402 2327.000000
2585.269287 2365.000000
2586.201416 2375.000000
2587.132080 2434.000000
2588.062500 2419.000000
2588.991699 2360.000000
2589.921143 2426.000000
2590.849609 2346.000000
2591.777100 2417.000000
2592.704590 2440.000000
2593.631348 2458.000000
2594.557617 2357.000000
2595.482910 2381.000000
2596.408203 2399.000000
2597.333008 2393.000000
2598.256592 2386.000000
2599.180176 2383.000000
2600.102783 2387.000000
2601.024902 2336.000000
2601.946289 2338.000000
2602.867432 2416.000000
2603.787598 2408.000000
2604.707275 2339.000000
2605.626465 2396.000000
2606.545166 2421.000000
2607.463623 2420.000000
2608.381348 2369.000000
2609.298096 2412.000000
2610.214600 2376.000000
2611.130371 2398.000000
2612.045410 2362.000000
2612.959961 2396.000000
2613.874023 2358.000000
2614.787598 2429.000000
2615.700439 2366.000000
2616.612793 2370.000000
2617.524414 2388.000000
2618.436035 2405.000000
2619.346924 2443.000000
2620.256836 2357.000000
2621.166504 2409.000000
2622.075439 2376.000000
2622.983398 2336.000000
2623.891357 2435.000000
2624.798828 2384.000000
2625.705078 2326.000000
2626.611328 2357.000000
2627.517090 2325.000000
2628.421875 2484.000000
2629.326416 2370.000000
2630.230469 2401.000000
2631.133301 2367.000000
2632.036377 2376.000000
2632.938232 2385.000000
2633.839600 2401.000000
2634.740723 2340.000000
2635.640869 2403.000000
2636.541016 2345.000000
2637.439941 2367.000000
2638.338867 2363.000000
2639.237549 2413.000000
2640.135254 2371.000000
2641.032227 2392.000000
2641.928467 2360.000000
2642.823975 2328.000000
2643.719238 2419.000000
2644.614502 2394.000000
2645.508789 2414.000000
2646.402344 2414.000000
2647.295166 2372.000000
2648.187988 2434.000000
2649.079834 2385.000000
2649.971680 2337.000000
2650.862549 2400.000000
2651.752930 2353.000000
2652.642822 2378.000000
2653.531494 2355.000000
2654.420410 2331.000000
2655.308350 2389.000000
2656.195801 2380.000000
2657.083008 2365.000000
2657.968994 2400.000000
2658.854980 2375.000000
2659.740723 2416.000000
2660.625244 2473.000000
2661.509277 2380.000000
2662.393311 2361.000000
2663.276123 2435.000000
2664.158447 2362.000000
2665.040771 2363.000000
2665.921631 2398.000000
2666.802734 2446.000000
2667.682861 2411.000000
2668.562744 2482.000000
2669.442139 2424.000000
2670.320801 2421.000000
2671.198975 2437.000000
2672.076660 2347.000000
2672.953613 2473.000000
2673.829834 2346.000000
2674.705811 2363.000000
2675.581055 2436.000000
2676.455811 2387.000000
2677.329834 2374.000000
2678.203613 2334.000000
2679.076660 2464.000000
2679.949463 2368.000000
2680.821533 2455.000000
2681.693115 2426.000000
2682.563965 2505.000000
2683.434814 2397.000000
2684.304443 2365.000000
2685.173584 2390.000000
2686.042480 2417.000000
2686.910645 2392.000000
2687.778320 2426.000000
2688.645264 2463.000000
2689.511963 2557.000000
2690.378662 2406.000000
2691.243896 2369.000000
2692.108398 2380.000000
2692.973145 2359.000000
2693.836670 2382.000000
2694.700195 2421.000000
2695.562744 2431.000000
2696.424805 2333.000000
2697.286621 2403.000000
2698.147949 2392.000000
2699.008545 2367.000000
2699.868408 2427.000000
2700.728516 2450.000000
2701.587402 2411.000000
2702.445557 2408.000000
2703.303467 2446.000000
2704.160889 2398.000000
2705.017822 2421.000000
2705.874023 2391.000000
2706.729492 2410.000000
2707.584961 2392.000000
2708.439453 2369.000000
2709.293945 2374.000000
2710.147705 2439.000000
2711.000488 2396.000000
2711.853271 2434.000000
2712.705322 2450.000000
2713.556641 2334.000000
2714.407471 2411.000000
2715.257813 2438.000000
2716.107666 2425.000000
2716.956543 2346.000000
2717.805664 2429.000000
2718.654053 2456.000000
2719.501709 2372.000000
2720.349609 2446.000000
2721.196045 2413.000000
2722.041992 2468.000000
2722.887451 2605.000000
2723.732910 2417.000000
2724.576904 2416.000000
2725.421387 2371.000000
2726.264648 2444.000000
2727.107422 2427.000000
2727.949707 2427.000000
2728.791748 2438.000000
2729.632813 2350.000000
2730.474365 2385.000000
2731.314453 2439.000000
2732.154053 2408.000000
2732.993652 2393.000000
2733.832275 2397.000000
2734.670654 2404.000000
2735.508301 2392.000000
2736.344727 2433.000000
2737.181641 2471.000000
2738.017822 2404.000000
2738.853271 2390.000000
2739.688965 2477.000000
2740.523193 2458.000000
2741.357422 2462.000000
2742.190430 2382.000000
2743.023438 2400.000000
2743.855957 2415.000000
2744.687744 2345.000000
2745.519287 2374.000000
2746.349854 2410.000000
2747.180176 2433.000000
2748.009766 2387.000000
2748.839355 2415.000000
2749.668457 2393.000000
2750.496826 2389.000000
2751.324463 2410.000000
2752.151367 2350.000000
2752.978271 2383.000000
2753.804199 2407.000000
2754.629883 2351.000000
2755.455078 2397.000000
2756.279541 2353.000000
2757.103760 2446.000000
2757.927246 2416.000000
2758.750732 2419.000000
2759.573486 2410.000000
2760.395264 2375.000000
2761.216797 2397.000000
2762.037842 2454.000000
2762.858154 2459.000000
2763.677979 2365.000000
2764.497559 2367.000000
2765.316650 2382.000000
2766.134766 2485.000000
2766.952637 2323.000000
2767.770020 2391.000000
2768.587402 2370.000000
2769.404053 2386.000000
2770.219727 2390.000000
2771.035156 2447.000000
2771.849854 2322.000000
2772.664063 2398.000000
2773.478027 2376.000000
2774.291260 2389.000000
2775.104004 2395.000000
2775.916504 2469.000000
2776.728027 2444.000000
2777.539063 2341.000000
2778.350586 2607.000000
2779.160645 2439.000000
2779.970459 2443.000000
2780.779785 2436.000000
2781.588379 2476.000000
2782.396729 2443.000000
2783.204590 2395.000000
2784.011475 2403.000000
2784.818115 2476.000000
2785.624512 2445.000000
2786.429932 2408.000000
2787.235596 2411.000000
2788.040527 2418.000000
2788.844482 2396.000000
2789.648193 2459.000000
2790.451172 2362.000000
2791.253906 2395.000000
2792.055908 2409.000000
2792.857666 2438.000000
2793.658447 2435.000000
2794.459473 2440.000000
2795.259766 2427.000000
2796.059570 2416.000000
2796.858643 2394.000000
2797.657471 2522.000000
2798.455811 2425.000000
2799.253662 2399.000000
2800.050781 2449.000000
2800.847412 2361.000000
2801.643555 2465.000000
2802.439209 2466.000000
2803.234131 2382.000000
2804.029053 2386.000000
2804.823242 2428.000000
2805.616943 2395.000000
2806.410645 2420.000000
2807.202881 2349.000000
2807.995361 2441.000000
2808.786865 2406.000000
2809.578125 2444.000000
2810.368896 2413.000000
2811.158936 2507.000000
2811.948730 2467.000000
2812.737793 2437.000000
2813.526611 2352.000000
2814.314697 2343.000000
2815.103271 2426.000000
2815.890381 2438.000000
2816.677490 2487.000000
2817.463623 2426.000000
2818.249512 2403.000000
2819.034668 2510.000000
2819.819580 2413.000000
2820.603516 2480.000000
2821.387695 2441.000000
2822.170898 2411.000000
2822.953857 2492.000000
2823.736328 2455.000000
2824.518555 2309.000000
2825.299805 2471.000000
2826.080811 2451.000000
2826.861328 2450.000000
2827.641113 2404.000000
2828.420898 2431.000000
2829.199707 2608.000000
2829.978027 2415.000000
2830.756348 2508.000000
2831.533691 2445.000000
2832.310791 2396.000000
2833.087158 2418.000000
2833.863770 2402.000000
2834.639160 2324.000000
2835.414551 2418.000000
2836.188721 2445.000000
2836.963135 2372.000000
2837.737061 2421.000000
2838.509766 2429.000000
2839.282715 2461.000000
2840.054932 2415.000000
2840.826660 2452.000000
2841.598145 2452.000000
2842.369385 2435.000000
2843.139648 2455.000000
2843.909424 2355.000000
2844.678467 2490.000000
2845.447510 2466.000000
2846.216064 2479.000000
2846.983643 2416.000000
2847.751221 2403.000000
2848.518555 2421.000000
2849.284912 2445.000000
2850.050781 2379.000000
2850.816162 2388.000000
2851.582031 2547.000000
2852.346436 2419.000000
2853.110840 2468.000000
2853.874268 2415.000000
2854.637451 2397.000000
2855.400391 2447.000000
2856.162354 2451.000000
2856.924072 2454.000000
2857.685791 2352.000000
2858.446289 2410.000000
2859.207031 2431.000000
2859.966797 2494.000000
2860.726318 2440.000000
2861.485596 2392.000000
2862.243652 2461.000000
2863.001709 2399.000000
2863.759521 2460.000000
2864.516357 2497.000000
2865.273193 2388.000000
2866.029053 2450.000000
2866.784668 2390.000000
2867.540039 2445.000000
2868.294678 2423.000000
2869.049805 2457.000000
2869.803223 2477.000000
2870.556885 2508.000000
2871.309570 2450.000000
2872.062256 2431.000000
2872.813965 2459.000000
2873.565674 2459.000000
2874.316406 2508.000000
2875.067139 2526.000000
2875.817139 2547.000000
2876.566895 2586.000000
2877.315918 2602.000000
2878.065430 2636.000000
2878.813477 2742.000000
2879.561523 2696.000000
2880.308350 2698.000000
2881.055664 2621.000000
2881.802002 2705.000000
2882.547852 2596.000000
2883.293213 2510.000000
2884.038574 2481.000000
2884.782959 2520.000000
2885.527100 2502.000000
2886.271484 2532.000000
2887.014648 2497.000000
2887.757568 2527.000000
2888.499756 2445.000000
2889.241455 2489.000000
2889.982910 2509.000000
2890.723877 2466.000000
2891.464355 2472.000000
2892.204346 2398.000000
2892.943848 2496.000000
2893.683350 2516.000000
2894.421875 2449.000000
2895.160645 2484.000000
2895.898438 2456.000000
2896.635742 2421.000000
2897.372559 2424.000000
2898.109131 2438.000000
2898.844971 2445.000000
2899.580811 2433.000000
2900.315674 2427.000000
2901.050293 2401.000000
2901.784424 2485.000000
2902.518555 2480.000000
2903.251709 2443.000000
2903.984863 2447.000000
2904.717529 2458.000000
2905.449463 2464.000000
2906.180908 2498.000000
2906.911865 2498.000000
