scanname Scan090
timestamp 2024-03-06 22:34:59
ccdbias 984.762695
ccdgain 4.313516
sigmaread 9.885917
laserwavenum 0.093998
wavenumcorrection -0.759126
scancount 2
totalexposurems 2104
singleexposurems 2029
measurementstate Unknown
scanmode Auto
snr 64.643456 17.385624 5.046979
replacelist 0
peaks 7
240.964355 0.361441 0.000000 9.753974 0.000361
378.959412 0.070639 0.000000 0.269230 0.000007
433.042511 0.068693 0.000000 0.535207 0.000033
852.683716 0.069385 0.000000 0.110686 0.000007
1031.375122 0.072663 0.000000 0.184006 0.000016
1096.589966 0.074935 0.000000 0.159529 0.000013
1335.627563 0.077407 0.000000 0.139253 0.000034
finalresult GLS_Single 1
UA2ECI	benfentmags-5	2.945264e-001
spectrum 2048
-92.916504 13.345680
-90.312355 13.412753
-87.709976 41.643391
-85.109344 51.469883
-82.510468 54.268795
-79.913338 53.495674
-77.317970 54.416725
-74.724350 55.248890
-72.132469 53.874767
-69.542343 51.054348
-66.953957 49.117054
-64.367325 46.958241
-61.782425 43.866962
-59.199268 40.893753
-56.617855 37.952545
-54.038174 34.804745
-51.460232 31.380680
-48.884026 28.979042
-46.309551 25.973158
-43.736805 22.927687
-41.165798 20.136278
-38.596512 18.172203
-36.028957 15.269969
-33.463123 0.281584
-30.899019 0.183089
-28.336634 0.163317
-25.775978 0.152994
-23.217043 0.144127
-20.659817 0.136636
-18.104309 0.134794
-15.550527 0.132627
-12.998456 0.132642
-10.448092 0.134038
-7.899439 0.139876
-5.352503 0.156722
-2.807276 0.184281
-0.263749 0.204258
2.278073 0.206030
4.818183 0.188110
7.356590 0.164196
9.893303 0.278710
12.428317 0.350183
14.961624 0.470745
17.493237 0.472762
20.023157 0.472334
22.551386 0.458556
25.077915 0.472914
27.602749 0.467484
30.125906 0.438107
32.647373 0.472685
35.167152 0.448959
37.685230 0.496041
40.201637 0.482176
42.716362 0.460523
45.229393 0.478237
47.740757 0.435675
50.250446 0.435085
52.758453 0.493221
55.264790 0.415965
57.769432 0.465842
60.272423 0.454762
62.773739 0.360446
65.273369 0.328623
67.771347 0.470337
70.267654 0.409521
72.762306 0.300645
75.255280 0.381907
77.746582 0.317086
80.236237 0.383044
82.724243 0.383755
85.210556 0.361724
87.695236 0.289512
90.178261 0.285228
92.659630 0.252436
95.139336 0.313921
97.617393 0.326810
100.093803 0.338776
102.568581 0.223845
105.041672 0.214488
107.513138 0.434578
109.982964 0.339041
112.451141 0.255399
114.917694 0.259060
117.382576 0.313477
119.845833 0.284106
122.307457 0.244429
124.767441 0.257280
127.225784 0.234739
129.682495 0.274431
132.137589 0.241177
134.591034 0.316747
137.042847 0.264860
139.493042 0.233584
141.941605 0.151701
144.388550 0.183130
146.833862 0.208854
149.277573 0.222393
151.719635 0.212483
154.160080 0.195448
156.598907 0.185032
159.036148 0.200690
161.471725 0.183703
163.905701 0.185865
166.338089 0.181674
168.768845 0.178713
171.197983 0.170412
173.625534 0.165764
176.051468 0.157530
178.475769 0.153851
180.898499 0.151418
183.319626 0.150347
185.739136 0.151156
188.157059 0.149327
190.573364 0.151662
192.988083 0.151755
195.401199 0.154787
197.812729 0.160089
200.222656 0.164545
202.630981 0.167344
205.037735 0.172553
207.442871 0.179508
209.846420 0.186179
212.248413 0.193755
214.648788 0.203445
217.047577 0.210585
219.444839 0.220332
221.840439 0.230923
224.234528 0.242053
226.626984 0.258808
229.017868 0.272600
231.407211 0.291458
233.794952 0.311831
236.181122 0.330728
238.565704 0.349583
240.948730 0.361505
243.330215 0.368266
245.710083 0.361043
248.088379 0.348403
250.465149 0.330094
252.840317 0.306384
255.213928 0.278445
257.585999 0.252330
259.956512 0.229999
262.325439 0.207728
264.692810 0.192404
267.058624 0.178001
269.422913 0.161515
271.785614 0.149700
274.146759 0.139698
276.506378 0.131110
278.864410 0.123648
281.220917 0.119567
283.575836 0.111954
285.929230 0.108328
288.281158 0.105753
290.631439 0.100205
292.980164 0.096417
295.327454 0.093908
297.673126 0.092222
300.017303 0.089380
302.359863 0.087223
304.700958 0.085166
307.040497 0.083838
309.378510 0.082379
311.714996 0.080839
314.049927 0.080105
316.383331 0.079517
318.715210 0.079331
321.045563 0.077895
323.374359 0.077244
325.701660 0.077751
328.027435 0.076086
330.351685 0.075087
332.674438 0.074995
334.995667 0.076022
337.315338 0.074247
339.633484 0.073474
341.950134 0.074088
344.265259 0.073672
346.578888 0.072589
348.891052 0.073560
351.201630 0.071581
353.510712 0.072330
355.818298 0.072115
358.124359 0.071280
360.428925 0.071508
362.732025 0.071077
365.033508 0.072419
367.333588 0.071736
369.632141 0.071528
371.929169 0.070275
374.224792 0.071057
376.518799 0.071752
378.811371 0.070372
381.102448 0.070222
383.391998 0.070159
385.680084 0.071044
387.966614 0.070284
390.251770 0.068993
392.535370 0.068279
394.817474 0.067862
397.098053 0.069043
399.377228 0.069054
401.654907 0.064807
403.931091 0.066109
406.205780 0.066973
408.479004 0.067626
410.750702 0.065867
413.020935 0.062717
415.289764 0.060807
417.557007 0.059375
419.822845 0.063041
422.087250 0.066035
424.350067 0.068321
426.611511 0.066562
428.871429 0.068077
431.129883 0.067501
433.386932 0.068089
435.642456 0.067654
437.896576 0.068415
440.149139 0.067717
442.400299 0.067296
444.650024 0.067652
446.898193 0.067258
449.144958 0.066384
451.390289 0.067390
453.634094 0.066439
455.876526 0.066427
458.117462 0.067018
460.356903 0.066912
462.594940 0.067773
464.831573 0.066799
467.066742 0.064723
469.300354 0.065865
471.532654 0.065548
473.763428 0.065469
475.992706 0.065448
478.220703 0.064952
480.447144 0.063777
482.672119 0.065341
484.895813 0.066301
487.117889 0.065967
489.338531 0.063781
491.557892 0.064589
493.775696 0.063553
495.992065 0.064117
498.207123 0.064311
500.420624 0.064380
502.632660 0.065922
504.843414 0.064371
507.052612 0.064300
509.260529 0.065387
511.466858 0.062715
513.671814 0.063715
515.875488 0.064567
518.077576 0.064108
520.278198 0.064653
522.477600 0.064896
524.675415 0.065023
526.871765 0.065308
529.066895 0.063493
531.260498 0.061625
533.452576 0.063709
535.643433 0.062953
537.832825 0.063830
540.020691 0.062153
542.207397 0.062925
544.392456 0.064162
546.576111 0.062089
548.758606 0.063528
550.939514 0.063445
553.118958 0.064956
555.297119 0.064203
557.473816 0.062894
559.649048 0.063345
561.823059 0.064883
563.995605 0.064173
566.166626 0.064010
568.336487 0.064375
570.504761 0.063162
572.671631 0.064193
574.837219 0.064797
577.001343 0.065222
579.164246 0.065265
581.325562 0.064726
583.485535 0.064293
585.644165 0.064824
587.801331 0.064821
589.957092 0.063259
592.111633 0.063496
594.264587 0.063992
596.416260 0.064373
598.566650 0.064123
600.715515 0.065255
602.863037 0.064311
605.009216 0.066727
607.153992 0.064840
609.297363 0.063762
611.439575 0.064951
613.580078 0.064667
615.719299 0.065142
617.857361 0.064827
619.993896 0.064461
622.129028 0.064675
624.262878 0.064278
626.395325 0.065060
628.526428 0.064763
630.656189 0.064820
632.784485 0.064664
634.911438 0.064354
637.037170 0.063301
639.161377 0.064178
641.284302 0.064302
643.405945 0.061553
645.526062 0.063538
647.645020 0.063964
649.762451 0.065831
651.878662 0.064334
653.993469 0.065667
656.106873 0.065063
658.218872 0.066536
660.329773 0.065513
662.439087 0.066876
664.547180 0.065339
666.653870 0.064699
668.759216 0.065682
670.863159 0.065207
672.965942 0.065207
675.067200 0.064318
677.167236 0.065660
679.265930 0.064756
681.363159 0.065367
683.459106 0.064193
685.553894 0.066102
687.647156 0.063506
689.739075 0.063807
691.829773 0.061825
693.919067 0.064840
696.006958 0.064090
698.093689 0.064799
700.179077 0.065046
702.262939 0.063750
704.345703 0.064789
706.427124 0.065301
708.507019 0.065782
710.585815 0.066186
712.663086 0.065284
714.739319 0.066861
716.814026 0.064828
718.887390 0.066023
720.959534 0.066190
723.030334 0.065403
725.099731 0.067437
727.167969 0.065232
729.234741 0.066998
731.300293 0.066551
733.364502 0.066830
735.427429 0.067566
737.488953 0.065259
739.549377 0.067510
741.608276 0.066522
743.665894 0.065982
745.722351 0.066090
747.777405 0.066917
749.831116 0.067261
751.883667 0.067156
753.934814 0.066655
755.984558 0.066614
758.033264 0.067403
760.080444 0.068365
762.126343 0.066482
764.171143 0.068055
766.214478 0.066879
768.256531 0.067706
770.297363 0.066100
772.336792 0.068150
774.375000 0.066683
776.411987 0.065348
778.447632 0.067724
780.481995 0.067132
782.515015 0.067651
784.546814 0.067406
786.577332 0.067632
788.606445 0.068264
790.634338 0.068497
792.661072 0.067697
794.686340 0.065724
796.710449 0.067993
798.733276 0.067081
800.754700 0.068122
802.774963 0.066818
804.794006 0.069069
806.811707 0.067479
808.828003 0.067769
810.843079 0.067042
812.857056 0.067589
814.869690 0.066500
816.880920 0.067899
818.891113 0.066966
820.899902 0.069328
822.907471 0.068358
824.913696 0.067745
826.918640 0.068059
828.922485 0.067303
830.924927 0.066499
832.926086 0.066522
834.926086 0.067342
836.924744 0.067617
838.922180 0.068828
840.918457 0.067332
842.913269 0.069046
844.906860 0.068394
846.899414 0.070076
848.890503 0.069842
850.880371 0.068580
852.869080 0.069217
854.856445 0.069597
856.842468 0.069874
858.827515 0.068802
860.811096 0.068650
862.793518 0.069111
864.774719 0.067679
866.754639 0.068493
868.733154 0.068453
870.710754 0.069182
872.686890 0.069352
874.661743 0.068710
876.635620 0.068738
878.608032 0.068081
880.579163 0.067709
882.549255 0.069584
884.517944 0.068463
886.485413 0.068572
888.451782 0.070009
890.416748 0.069052
892.380676 0.067432
894.343262 0.069694
896.304565 0.068715
898.264771 0.068184
900.223633 0.069378
902.181274 0.069570
904.137756 0.069929
906.092896 0.069292
908.046814 0.070002
909.999695 0.068213
911.951233 0.068045
913.901489 0.069484
915.850586 0.069609
917.798523 0.069653
919.745117 0.070261
921.690674 0.070919
923.634827 0.069023
925.577759 0.070128
927.519653 0.068946
929.460205 0.069460
931.399536 0.069325
933.337708 0.069393
935.274658 0.069239
937.210388 0.069171
939.144897 0.069606
941.078186 0.070261
943.010254 0.068880
944.941162 0.069147
946.870850 0.069314
948.799500 0.069627
950.726685 0.069831
952.652710 0.067780
954.577698 0.069193
956.501343 0.070719
958.423706 0.069683
960.345032 0.068870
962.265076 0.070415
964.183899 0.069785
966.101685 0.070157
968.018127 0.069255
969.933289 0.070213
971.847473 0.070214
973.760376 0.070079
975.672058 0.070542
977.582642 0.068415
979.491882 0.070455
981.399963 0.067936
983.307007 0.069355
985.212708 0.069971
987.117249 0.069040
989.020752 0.070020
990.922852 0.070163
992.823792 0.071825
994.723755 0.070730
996.622314 0.070501
998.519775 0.070307
1000.416138 0.072333
1002.311218 0.073249
1004.205139 0.072261
1006.098022 0.071262
1007.989441 0.072288
1009.879822 0.070726
1011.769043 0.070647
1013.657104 0.071902
1015.544006 0.071536
1017.429749 0.070555
1019.314209 0.071123
1021.197632 0.069735
1023.079834 0.072282
1024.960693 0.072230
1026.840576 0.072181
1028.719360 0.070945
1030.596802 0.073119
1032.473267 0.072803
1034.348389 0.073180
1036.222290 0.072056
1038.095337 0.071480
1039.966919 0.071678
1041.837524 0.072154
1043.706909 0.069936
1045.575073 0.068694
1047.442017 0.071120
1049.307983 0.071720
1051.172729 0.070573
1053.036255 0.071122
1054.898682 0.072551
1056.760132 0.070793
1058.620117 0.072434
1060.479248 0.073063
1062.336792 0.073291
1064.193604 0.072119
1066.049072 0.070942
1067.903442 0.071174
1069.756836 0.072339
1071.608887 0.070280
1073.459717 0.073289
1075.309570 0.071447
1077.158203 0.071453
1079.005615 0.071312
1080.851929 0.070762
1082.697266 0.072447
1084.541260 0.073435
1086.384277 0.075546
1088.225952 0.073881
1090.066650 0.073259
1091.906128 0.074447
1093.744507 0.074562
1095.581787 0.075277
1097.417847 0.074850
1099.252808 0.074570
1101.086548 0.074525
1102.919434 0.075323
1104.750854 0.073688
1106.581299 0.073775
1108.410767 0.073099
1110.238770 0.073318
1112.065796 0.072825
1113.891846 0.074596
1115.716431 0.073538
1117.540283 0.075325
1119.362915 0.075046
1121.184204 0.073173
1123.004395 0.073815
1124.823853 0.072912
1126.641724 0.073251
1128.458618 0.073572
1130.274414 0.074319
1132.089233 0.073133
1133.902832 0.072485
1135.715210 0.073703
1137.526489 0.073108
1139.336792 0.073491
1141.145874 0.072343
1142.953857 0.071238
1144.760742 0.072162
1146.566406 0.072010
1148.371094 0.073835
1150.174683 0.073974
1151.977051 0.071800
1153.778442 0.073009
1155.578613 0.072678
1157.377808 0.072323
1159.175781 0.073364
1160.972656 0.071840
1162.768311 0.072341
1164.563110 0.072992
1166.356689 0.071839
1168.149048 0.071430
1169.940430 0.072905
1171.730835 0.074105
1173.519897 0.072503
1175.307983 0.072319
1177.094971 0.073036
1178.880737 0.073650
1180.665527 0.070429
1182.449219 0.071870
1184.231812 0.074320
1186.013428 0.072311
1187.793823 0.072778
1189.572998 0.072984
1191.351318 0.071820
1193.128540 0.072957
1194.904297 0.070470
1196.679443 0.071389
1198.453125 0.071567
1200.225952 0.072589
1201.997681 0.071055
1203.768188 0.072128
1205.537720 0.072382
1207.306152 0.073297
1209.073364 0.072675
1210.839600 0.070755
1212.604858 0.072477
1214.368896 0.073634
1216.131836 0.072574
1217.893677 0.073780
1219.654419 0.072484
1221.414307 0.073062
1223.172974 0.073412
1224.930542 0.073463
1226.687134 0.072589
1228.442505 0.074223
1230.196899 0.074035
1231.950195 0.072892
1233.702515 0.072368
1235.453491 0.071931
1237.203613 0.071648
1238.952637 0.075008
1240.700684 0.072469
1242.447388 0.072939
1244.193237 0.073664
1245.937988 0.073455
1247.681641 0.074905
1249.424194 0.073227
1251.165649 0.072883
1252.906250 0.073265
1254.645630 0.074529
1256.383911 0.073852
1258.121338 0.074034
1259.857300 0.074053
1261.592407 0.073922
1263.326538 0.073309
1265.059570 0.073823
1266.791626 0.074295
1268.522583 0.073465
1270.252441 0.073786
1271.981079 0.072974
1273.708984 0.073947
1275.435547 0.073280
1277.161011 0.072806
1278.885742 0.075490
1280.609253 0.072822
1282.331787 0.074855
1284.053101 0.071740
1285.773438 0.074037
1287.492798 0.075338
1289.211182 0.072521
1290.928345 0.075008
1292.644409 0.073700
1294.359619 0.076253
1296.073853 0.074439
1297.786865 0.075082
1299.498657 0.076431
1301.209473 0.076118
1302.919556 0.076215
1304.628418 0.074011
1306.336060 0.075486
1308.042969 0.073121
1309.748535 0.074292
1311.453369 0.076761
1313.156982 0.077710
1314.859741 0.075478
1316.561157 0.076500
1318.261841 0.075148
1319.961304 0.074853
1321.659668 0.074845
1323.357178 0.075516
1325.053467 0.076846
1326.748901 0.074796
1328.443237 0.076812
1330.136597 0.074924
1331.828857 0.076919
1333.520142 0.077461
1335.210205 0.076720
1336.899292 0.076484
1338.587646 0.078144
1340.274780 0.076819
1341.960693 0.076447
1343.645874 0.076281
1345.329956 0.073198
1347.012939 0.072666
1348.694946 0.071752
1350.375854 0.073494
1352.055786 0.074240
1353.734863 0.077203
1355.412720 0.074051
1357.089600 0.075054
1358.765503 0.075787
1360.440308 0.077855
1362.114258 0.077254
1363.787109 0.074887
1365.458740 0.076305
1367.129761 0.075700
1368.799316 0.076539
1370.468140 0.078520
1372.135864 0.078948
1373.802612 0.078144
1375.468384 0.076694
1377.133057 0.077798
1378.796631 0.076274
1380.459473 0.076616
1382.121094 0.077994
1383.781738 0.079417
1385.441284 0.078881
1387.100098 0.076222
1388.757690 0.078345
1390.414307 0.075535
1392.070068 0.077753
1393.724609 0.075686
1395.378174 0.077910
1397.030884 0.077394
1398.682373 0.077142
1400.333008 0.077238
1401.982666 0.077857
1403.631226 0.078587
1405.278931 0.078146
1406.925659 0.075128
1408.571167 0.076612
1410.215820 0.078458
1411.859497 0.076954
1413.502075 0.076060
1415.143677 0.076109
1416.784302 0.076830
1418.424072 0.076815
1420.062744 0.075538
1421.700195 0.076837
1423.337036 0.075918
1424.972534 0.075543
1426.607178 0.076415
1428.240967 0.075473
1429.873657 0.076550
1431.505493 0.076703
1433.135986 0.076434
1434.765991 0.076819
1436.394653 0.073663
1438.022339 0.075156
1439.649170 0.076636
1441.274902 0.078062
1442.899658 0.076259
1444.523560 0.076125
1446.146484 0.076082
1447.768188 0.074740
1449.389160 0.075698
1451.009155 0.075955
1452.627930 0.076338
1454.245972 0.075923
1455.862915 0.075884
1457.478882 0.076941
1459.093994 0.075916
1460.707764 0.078511
1462.320923 0.076094
1463.933105 0.076581
1465.544189 0.077250
1467.154419 0.075181
1468.763428 0.076323
1470.371582 0.077967
1471.978882 0.077880
1473.585083 0.076038
1475.190308 0.074975
1476.794556 0.075865
1478.397949 0.076649
1480.000244 0.075511
1481.601685 0.076036
1483.202271 0.076831
1484.801636 0.074081
1486.400146 0.073140
1487.997559 0.075557
1489.594116 0.075756
1491.189819 0.075459
1492.784424 0.076283
1494.377930 0.076477
1495.970703 0.073400
1497.562622 0.077504
1499.153076 0.075844
1500.743286 0.075716
1502.331909 0.075244
1503.919922 0.073970
1505.506958 0.075123
1507.092773 0.073163
1508.677979 0.076081
1510.262085 0.075943
1511.845215 0.074592
1513.427124 0.074552
1515.008423 0.073825
1516.588867 0.075335
1518.168213 0.076425
1519.746460 0.072544
1521.323853 0.075425
1522.900024 0.074469
1524.475708 0.075664
1526.050415 0.074749
1527.623901 0.077334
1529.196655 0.073984
1530.768188 0.073971
1532.338745 0.073745
1533.908936 0.075142
1535.477783 0.074174
1537.045410 0.076307
1538.612427 0.075946
1540.178589 0.072650
1541.743530 0.072771
1543.307861 0.076464
1544.870972 0.069826
1546.433228 0.074942
1547.994507 0.074821
1549.554810 0.075024
1551.114258 0.077486
1552.672852 0.075271
1554.230347 0.075620
1555.786987 0.073980
1557.342529 0.075730
1558.897217 0.075458
1560.451172 0.074443
1562.004150 0.073232
1563.556030 0.074492
1565.106934 0.075208
1566.656860 0.075329
1568.206055 0.074623
1569.754395 0.075395
1571.301880 0.075176
1572.848145 0.075790
1574.393433 0.074786
1575.938110 0.074934
1577.481323 0.074369
1579.023926 0.076633
1580.565918 0.073268
1582.106323 0.074735
1583.646362 0.075962
1585.185059 0.074717
1586.723022 0.075508
1588.260376 0.076429
1589.796509 0.077581
1591.331665 0.074490
1592.865845 0.072869
1594.399048 0.076683
1595.931641 0.074340
1597.463135 0.072757
1598.993896 0.074539
1600.523315 0.073731
1602.052124 0.076441
1603.579956 0.074420
1605.106812 0.075433
1606.632935 0.074526
1608.157959 0.073170
1609.682129 0.073384
1611.205322 0.073709
1612.727661 0.074807
1614.249023 0.075182
1615.769653 0.074812
1617.289307 0.073002
1618.807739 0.073417
1620.325562 0.074471
1621.842285 0.074484
1623.358154 0.074009
1624.873413 0.076862
1626.387573 0.073029
1627.900513 0.075181
1629.413086 0.072712
1630.924194 0.073994
1632.434814 0.076093
1633.944458 0.073202
1635.453125 0.075556
1636.960693 0.076557
1638.467651 0.073903
1639.973389 0.074891
1641.478760 0.071769
1642.982788 0.074826
1644.485962 0.072281
1645.988403 0.076340
1647.489746 0.073582
1648.990112 0.072053
1650.489990 0.073609
1651.988525 0.071852
1653.486328 0.071843
1654.983276 0.073249
1656.479126 0.072720
1657.974243 0.072826
1659.468628 0.073411
1660.961914 0.071855
1662.454468 0.072348
1663.945923 0.073184
1665.436401 0.073015
1666.926270 0.072420
1668.415283 0.072178
1669.903076 0.072848
1671.390137 0.073422
1672.876343 0.071587
1674.361450 0.075314
1675.845947 0.073702
1677.329590 0.072151
1678.812134 0.072218
1680.293823 0.072019
1681.774658 0.070700
1683.254395 0.073654
1684.733765 0.070901
1686.211914 0.073955
1687.689209 0.072732
1689.165405 0.070319
1690.640991 0.071986
1692.115479 0.073459
1693.589355 0.072882
1695.062134 0.073887
1696.534180 0.073490
1698.005127 0.073148
1699.475342 0.075266
1700.944580 0.072515
1702.413208 0.074065
1703.880615 0.074401
1705.347290 0.072362
1706.813110 0.071752
1708.277954 0.068137
1709.741943 0.073212
1711.205444 0.074177
1712.667603 0.071045
1714.128784 0.074894
1715.589478 0.072386
1717.049072 0.074526
1718.507690 0.069836
1719.965820 0.072873
1721.422852 0.073118
1722.878906 0.074382
1724.334229 0.070893
1725.788452 0.072046
1727.242310 0.073038
1728.694946 0.072960
1730.146606 0.073597
1731.597290 0.074676
1733.047485 0.072707
1734.496582 0.074003
1735.945190 0.071323
1737.392578 0.072415
1738.839111 0.070602
1740.284668 0.072430
1741.729614 0.071895
1743.173462 0.073120
1744.616821 0.074987
1746.058960 0.070439
1747.500244 0.073733
1748.940796 0.071291
1750.380371 0.071452
1751.819214 0.073319
1753.257324 0.072921
1754.694214 0.074262
1756.130493 0.072824
1757.565918 0.073718
1759.000244 0.073935
1760.433716 0.072342
1761.866699 0.070860
1763.298584 0.073435
1764.729614 0.071260
1766.159668 0.071135
1767.588989 0.070805
1769.017456 0.072357
1770.445190 0.071122
1771.872070 0.070368
1773.297852 0.070085
1774.722778 0.070951
1776.146851 0.070711
1777.570557 0.072623
1778.993042 0.072806
1780.414551 0.069298
1781.835327 0.070139
1783.255127 0.073009
1784.674194 0.072886
1786.092651 0.072195
1787.510132 0.070901
1788.926392 0.071557
1790.342163 0.071591
1791.757080 0.070218
1793.170776 0.071984
1794.584229 0.072901
1795.996582 0.074359
1797.408081 0.072103
1798.818359 0.069545
1800.228149 0.071253
1801.636963 0.072394
1803.045288 0.072670
1804.452393 0.070275
1805.859009 0.071389
1807.264404 0.073540
1808.669067 0.070180
1810.072754 0.070350
1811.476074 0.070082
1812.878052 0.073142
1814.279419 0.070331
1815.679810 0.071725
1817.079468 0.073079
1818.478149 0.073388
1819.876465 0.070965
1821.273560 0.070249
1822.669800 0.073050
1824.065308 0.073560
1825.459717 0.071295
1826.853760 0.070781
1828.246826 0.075164
1829.638794 0.072943
1831.030029 0.072489
1832.420532 0.073784
1833.810059 0.071370
1835.199097 0.071933
1836.586914 0.070303
1837.974121 0.069454
1839.360229 0.070204
1840.745850 0.070015
1842.130249 0.071586
1843.514160 0.073286
1844.897095 0.070784
1846.279297 0.070796
1847.660645 0.071017
1849.041016 0.069844
1850.420654 0.072554
1851.799683 0.073463
1853.177734 0.069089
1854.554810 0.070354
1855.931152 0.069372
1857.306641 0.071372
1858.681152 0.071254
1860.055420 0.067909
1861.428589 0.070940
1862.800659 0.071574
1864.171997 0.071463
1865.542480 0.073735
1866.912476 0.070311
1868.281372 0.067725
1869.649658 0.069866
1871.016846 0.073927
1872.383179 0.070641
1873.748901 0.071933
1875.113892 0.073561
1876.477905 0.071095
1877.841187 0.073192
1879.203491 0.071542
1880.564941 0.069238
1881.925781 0.071392
1883.285889 0.073029
1884.645020 0.069183
1886.003174 0.070172
1887.360840 0.073306
1888.717407 0.072082
1890.073364 0.072914
1891.428467 0.072169
1892.782837 0.069912
1894.136108 0.070139
1895.488647 0.068040
1896.840454 0.073097
1898.191406 0.067126
1899.541870 0.068341
1900.891357 0.070181
1902.239624 0.069992
1903.587646 0.070835
1904.934570 0.072700
1906.280762 0.067797
1907.626221 0.071100
1908.970825 0.073229
1910.314331 0.072244
1911.657349 0.071091
1912.999390 0.069233
1914.340942 0.070195
1915.681519 0.072756
1917.021118 0.074279
1918.359863 0.067522
1919.698120 0.070181
1921.035400 0.071973
1922.372070 0.070550
1923.707642 0.070702
1925.042603 0.071790
1926.376587 0.069534
1927.709839 0.072412
1929.042236 0.072358
1930.374268 0.070581
1931.705200 0.067389
1933.035278 0.069570
1934.364502 0.069506
1935.692993 0.071460
1937.020630 0.071148
1938.347900 0.068756
1939.673828 0.071683
1940.999146 0.068258
1942.323730 0.070982
1943.647461 0.073235
1944.970337 0.069456
1946.292725 0.071934
1947.614014 0.069080
1948.934570 0.073115
1950.254272 0.069864
1951.573120 0.069549
1952.891602 0.067829
1954.208984 0.071851
1955.525513 0.072193
1956.841431 0.069612
1958.156250 0.070686
1959.470581 0.069862
1960.784058 0.074414
1962.096802 0.068406
1963.408569 0.073780
1964.719727 0.070358
1966.029907 0.070050
1967.339478 0.069272
1968.648438 0.071980
1969.956299 0.067593
1971.263428 0.068888
1972.569702 0.067705
1973.875244 0.071111
1975.180176 0.068401
1976.484131 0.069535
1977.787598 0.066448
1979.089966 0.067323
1980.391724 0.066594
1981.692505 0.071816
1982.992554 0.067469
1984.291992 0.070425
1985.590576 0.068509
1986.888306 0.071313
1988.185181 0.065271
1989.481445 0.068628
1990.776855 0.065994
1992.071533 0.070313
1993.365723 0.068318
1994.658569 0.069733
1995.951050 0.069970
1997.242432 0.066174
1998.533569 0.069353
1999.823486 0.069803
2001.112549 0.070275
2002.400879 0.068267
2003.688721 0.067159
2004.975464 0.072245
2006.261841 0.069230
2007.547119 0.069438
2008.831665 0.068936
2010.115479 0.067376
2011.398560 0.069637
2012.680786 0.069661
2013.962402 0.070286
2015.243286 0.068256
2016.523193 0.070460
2017.802246 0.071027
2019.080811 0.067541
2020.358154 0.068549
2021.635498 0.065431
2022.911255 0.070955
2024.186890 0.069759
2025.461182 0.069484
2026.735107 0.072093
2028.008301 0.071581
2029.280762 0.065395
2030.552124 0.070553
2031.822876 0.068863
2033.092651 0.068606
2034.361938 0.069720
2035.630737 0.067946
2036.898315 0.068166
2038.165405 0.069640
2039.431396 0.069678
2040.696777 0.068616
2041.961426 0.066967
2043.225586 0.069468
2044.488770 0.066826
2045.751099 0.073836
2047.012573 0.067539
2048.273438 0.068862
2049.533203 0.067893
2050.792969 0.068084
2052.051758 0.067963
2053.309326 0.070344
2054.566406 0.067763
2055.822754 0.067771
2057.078125 0.067339
2058.333008 0.072845
2059.587158 0.067332
2060.840332 0.067830
2062.092773 0.066908
2063.344482 0.066711
2064.595703 0.066590
2065.846191 0.067872
2067.095703 0.070309
2068.344482 0.067133
2069.592285 0.071457
2070.839844 0.070502
2072.086182 0.071501
2073.332031 0.071261
2074.576904 0.070210
2075.821289 0.066599
2077.064697 0.068841
2078.307617 0.065045
2079.549805 0.070802
2080.791016 0.069209
2082.031494 0.071125
2083.271240 0.070242
2084.510254 0.067767
2085.748535 0.067086
2086.986328 0.066747
2088.223145 0.069252
2089.458984 0.073694
2090.694336 0.064382
2091.928955 0.067617
2093.162598 0.065639
2094.395996 0.072183
2095.628174 0.068956
2096.859619 0.067732
2098.090332 0.068146
2099.320801 0.068712
2100.549805 0.068614
2101.778564 0.069661
2103.006592 0.068974
2104.233643 0.064700
2105.460205 0.069521
2106.685791 0.066227
2107.910889 0.068768
2109.135010 0.068724
2110.358398 0.066347
2111.581055 0.069850
2112.802979 0.066581
2114.024170 0.064868
2115.245117 0.068399
2116.464844 0.067537
2117.683350 0.067372
2118.901611 0.068706
2120.119385 0.069709
2121.335938 0.069750
2122.552490 0.068809
2123.767822 0.069308
2124.982178 0.065744
2126.196045 0.068738
2127.409668 0.067584
2128.621582 0.066446
2129.833496 0.066766
2131.044434 0.068197
2132.254639 0.074251
2133.464111 0.070289
2134.672852 0.068757
2135.880859 0.069533
2137.088623 0.070015
2138.294922 0.070289
2139.500977 0.068630
2140.705811 0.067893
2141.910156 0.067070
2143.113770 0.066311
2144.316650 0.067843
2145.519043 0.065632
2146.720459 0.069478
2147.921143 0.069325
2149.121338 0.066529
2150.320313 0.069990
2151.519287 0.069126
2152.717285 0.068733
2153.914063 0.069598
2155.110596 0.069371
2156.306396 0.067937
2157.501465 0.067284
2158.695557 0.065192
2159.888916 0.069102
2161.081787 0.065011
2162.273926 0.066553
2163.465088 0.068489
2164.656006 0.069064
2165.845947 0.066023
2167.034912 0.068814
2168.223389 0.066302
2169.410889 0.068078
2170.598145 0.067556
2171.784668 0.064767
2172.970459 0.067726
2174.155029 0.070376
2175.339355 0.066208
2176.522461 0.069640
2177.705078 0.066999
2178.887451 0.068518
2180.068848 0.064840
2181.249512 0.068470
2182.429199 0.065926
2183.608154 0.069072
2184.786621 0.064733
2185.964600 0.067846
2187.141846 0.071867
2188.317627 0.066472
2189.493408 0.068740
2190.668213 0.069959
2191.842529 0.071142
2193.015869 0.069559
2194.188477 0.069584
2195.360596 0.068330
2196.531738 0.062949
2197.702637 0.070619
2198.872803 0.064766
2200.041748 0.069531
2201.210205 0.067965
2202.377930 0.067940
2203.544922 0.069289
2204.711426 0.065480
2205.877197 0.069636
2207.041992 0.062111
2208.206299 0.069399
2209.369629 0.070166
2210.532715 0.061588
2211.694580 0.071378
2212.856201 0.064472
2214.016602 0.061183
2215.177002 0.065951
2216.336182 0.066458
2217.494629 0.066037
2218.652588 0.066488
2219.810059 0.066282
2220.966309 0.068740
2222.122070 0.068541
2223.277100 0.067095
2224.431641 0.066569
2225.585205 0.069028
2226.738037 0.066703
2227.890625 0.066669
2229.042236 0.069152
2230.192871 0.071438
2231.343018 0.065154
2232.492676 0.067904
2233.641602 0.061877
2234.789795 0.071385
2235.937012 0.070641
2237.083740 0.065843
2238.229736 0.064332
2239.375000 0.066849
2240.519531 0.068934
2241.663330 0.066749
2242.806641 0.065746
2243.948975 0.066863
2245.090820 0.068202
2246.232178 0.064639
2247.372559 0.064218
2248.512451 0.062363
2249.651367 0.064432
2250.789795 0.068720
2251.927246 0.062474
2253.064453 0.070739
2254.200439 0.070922
2255.336426 0.069259
2256.470947 0.064935
2257.605225 0.066244
2258.738770 0.064165
2259.871582 0.067659
2261.003662 0.063668
2262.135254 0.063025
2263.265869 0.067428
2264.395996 0.070673
2265.525635 0.063276
2266.654297 0.064305
2267.782227 0.068575
2268.909424 0.069243
2270.035889 0.065706
2271.161865 0.066586
2272.287598 0.066862
2273.412109 0.063567
2274.535889 0.065515
2275.658936 0.061526
2276.781494 0.070881
2277.903320 0.063241
2279.024658 0.062240
2280.144775 0.070164
2281.264648 0.067488
2282.383789 0.065573
2283.502197 0.061874
2284.619873 0.065776
2285.737061 0.069248
2286.853516 0.066964
2287.969238 0.065588
2289.083984 0.062605
2290.198486 0.066298
2291.312012 0.062282
2292.425049 0.065574
2293.537354 0.065508
2294.648682 0.069996
2295.759766 0.062086
2296.870117 0.072263
2297.979492 0.068323
2299.088623 0.067058
2300.196777 0.065635
2301.304443 0.068888
2302.411133 0.066820
2303.517334 0.062826
2304.623047 0.069635
2305.727783 0.062437
2306.832031 0.066760
2307.935303 0.065182
2309.038330 0.059227
2310.140381 0.066439
2311.242188 0.069856
2312.343018 0.071015
2313.442871 0.065042
2314.542480 0.062897
2315.641357 0.061916
2316.739014 0.065846
2317.836914 0.064501
2318.933594 0.067722
2320.029541 0.065257
2321.125000 0.067110
2322.219727 0.065114
2323.313721 0.067613
2324.407715 0.070773
2325.500244 0.066355
2326.592041 0.064251
2327.683594 0.065783
2328.774170 0.070186
2329.864258 0.066400
2330.953857 0.064073
2332.042480 0.066159
2333.130615 0.068376
2334.217773 0.073258
2335.304932 0.064475
2336.391113 0.072704
2337.476318 0.058418
2338.561035 0.067214
2339.645264 0.065365
2340.728516 0.069209
2341.811279 0.071378
2342.893066 0.068362
2343.974854 0.064907
2345.055664 0.067455
2346.135742 0.068172
2347.214844 0.067195
2348.293701 0.064468
2349.372070 0.066749
2350.449463 0.066906
2351.526123 0.058992
2352.602295 0.066881
2353.677734 0.066618
2354.752441 0.064436
2355.826904 0.064776
2356.900391 0.069356
2357.973145 0.064390
2359.045166 0.066639
2360.116943 0.063617
2361.187744 0.065300
2362.258057 0.067653
2363.327637 0.063229
2364.396240 0.062546
2365.464600 0.068807
2366.532227 0.065619
2367.599121 0.062574
2368.665283 0.065188
2369.730957 0.070182
2370.795898 0.061155
2371.860352 0.060258
2372.923828 0.066233
2373.987061 0.059839
2375.049561 0.060383
2376.111084 0.067548
2377.172119 0.070361
2378.232422 0.058453
2379.292236 0.060984
2380.351563 0.072446
2381.409912 0.062987
2382.467773 0.068843
2383.524658 0.067359
2384.581299 0.064411
2385.636963 0.067344
2386.692383 0.061600
2387.747070 0.061307
2388.800537 0.069718
2389.853760 0.061996
2390.906494 0.068181
2391.958252 0.062971
2393.009766 0.067972
2394.060303 0.065550
2395.110352 0.058834
2396.159668 0.063283
2397.208496 0.061634
2398.256592 0.066220
2399.303955 0.065311
2400.350830 0.061884
2401.396484 0.064954
2402.442383 0.067966
2403.487061 0.065926
2404.531494 0.070703
2405.575195 0.068490
2406.617920 0.068505
2407.660156 0.066839
2408.701904 0.062628
2409.742676 0.067514
2410.783203 0.069527
2411.822998 0.067122
2412.862061 0.068344
2413.900391 0.063612
2414.938232 0.068941
2415.975342 0.063717
2417.011719 0.067967
2418.047607 0.068166
2419.083008 0.067571
2420.117432 0.065220
2421.151367 0.062201
2422.184570 0.058188
2423.217529 0.059364
2424.249512 0.066570
2425.280762 0.062953
2426.311768 0.066689
2427.341797 0.063114
2428.371094 0.068387
2429.400146 0.067016
2430.428467 0.065420
2431.456055 0.059891
2432.482666 0.064056
2433.509277 0.068865
2434.534668 0.068389
2435.560059 0.060707
2436.584229 0.066769
2437.608154 0.064481
2438.630859 0.061705
2439.653564 0.065014
2440.675781 0.057200
2441.696777 0.064298
2442.717529 0.068604
2443.737305 0.064894
2444.756836 0.064908
2445.775391 0.065187
2446.793945 0.061556
2447.811279 0.064957
2448.828369 0.066373
2449.844238 0.067143
2450.859863 0.066972
2451.874756 0.059962
2452.889404 0.066277
2453.902832 0.066993
2454.915771 0.067362
2455.928223 0.066479
2456.940186 0.060247
2457.951416 0.066111
2458.962158 0.061820
2459.971924 0.065459
2460.981445 0.060469
2461.989990 0.062424
2462.997803 0.068899
2464.005371 0.062483
2465.012451 0.069775
2466.018555 0.071982
2467.023926 0.062107
2468.029053 0.060223
2469.033447 0.066398
2470.037109 0.064571
2471.040283 0.068975
2472.042725 0.063623
2473.044434 0.068107
2474.045654 0.065241
2475.046387 0.060309
2476.046387 0.063849
2477.045654 0.058963
2478.044189 0.064739
2479.042480 0.068976
2480.039795 0.064850
2481.036865 0.063486
2482.033203 0.068447
2483.028564 0.067517
2484.023682 0.059626
2485.018311 0.064134
2486.011963 0.062208
2487.005127 0.066716
2487.997559 0.055752
2488.989746 0.065832
2489.981201 0.063043
2490.971924 0.064214
2491.961914 0.068757
2492.951172 0.058506
2493.940430 0.060848
2494.928223 0.067337
2495.916016 0.066564
2496.903076 0.060060
2497.889648 0.064568
2498.875488 0.065966
2499.860352 0.060602
2500.845459 0.065073
2501.829102 0.062767
2502.812500 0.067740
2503.794922 0.060549
2504.777344 0.063573
2505.758545 0.058516
2506.739502 0.064133
2507.720215 0.062716
2508.699707 0.065619
2509.679199 0.069576
2510.657471 0.063915
2511.635498 0.063776
2512.612549 0.060096
2513.589111 0.060792
2514.565186 0.060659
2515.540283 0.062222
2516.515137 0.071053
2517.489502 0.065377
2518.462891 0.064951
2519.436768 0.064338
2520.408936 0.065799
2521.380615 0.065934
2522.351807 0.062760
2523.322266 0.063744
2524.292236 0.066367
2525.261719 0.059215
2526.230469 0.067171
2527.198730 0.062856
2528.166260 0.060843
2529.132813 0.067036
2530.099854 0.066476
2531.065674 0.056694
2532.030518 0.069778
2532.995117 0.062169
2533.959229 0.066411
2534.922852 0.067539
2535.885254 0.059465
2536.847168 0.067668
2537.808838 0.056113
2538.769287 0.062082
2539.729980 0.060404
2540.689697 0.066473
2541.648926 0.065581
2542.607910 0.060991
2543.565430 0.059341
2544.522949 0.064139
2545.479736 0.065239
2546.435547 0.062532
2547.391357 0.061237
2548.346191 0.062606
2549.300781 0.059092
2550.254639 0.061132
2551.207520 0.065771
2552.160156 0.071419
2553.112549 0.068794
2554.063721 0.069684
2555.014893 0.062807
2555.965088 0.059353
2556.914551 0.062207
2557.863525 0.057972
2558.812012 0.057751
2559.759766 0.063285
2560.707031 0.062411
2561.653564 0.068709
2562.600098 0.063160
2563.545898 0.065003
2564.490723 0.072799
2565.434570 0.070683
2566.378662 0.067169
2567.321777 0.055184
2568.264160 0.061170
2569.205811 0.059123
2570.147461 0.068147
2571.088379 0.069112
2572.028320 0.057760
2572.967773 0.063167
2573.906738 0.057137
2574.845459 0.062306
2575.783447 0.064431
2576.720703 0.069541
2577.657227 0.062523
2578.593262 0.058129
2579.529053 0.066005
2580.463623 0.060633
2581.398193 0.067157
2582.331543 0.068589
2583.264893 0.061405
2584.197510 0.068045
2585.129395 0.055589
2586.061523 0.064742
2586.992188 0.070911
2587.922607 0.066187
2588.851807 0.062116
2589.781250 0.069500
2590.709717 0.060468
2591.637207 0.063458
2592.564697 0.061745
2593.491455 0.061121
2594.417725 0.069137
2595.343018 0.056798
2596.268311 0.062940
2597.193115 0.060797
2598.116699 0.062172
2599.040283 0.070689
2599.962891 0.071865
2600.885010 0.055871
2601.806396 0.065492
2602.727539 0.060148
2603.647705 0.069371
2604.567383 0.066657
2605.486572 0.066744
2606.405273 0.062185
2607.323730 0.053480
2608.241455 0.060538
2609.158203 0.068233
2610.074707 0.064704
2610.990479 0.064351
2611.905518 0.062360
2612.820068 0.060893
2613.734131 0.062827
2614.647705 0.061832
2615.560547 0.065106
2616.472900 0.065100
2617.384521 0.049481
2618.296143 0.069114
2619.207031 0.068207
2620.116943 0.069182
2621.026611 0.058014
2621.935547 0.058278
2622.843506 0.059966
2623.751465 0.065107
2624.658936 0.073595
2625.565186 0.072437
2626.471436 0.074122
2627.377197 0.063287
2628.281982 0.064468
2629.186523 0.058302
2630.090576 0.059939
2630.993408 0.061150
2631.896484 0.063164
2632.798340 0.058097
2633.699707 0.065338
2634.600830 0.067302
2635.500977 0.057497
2636.401123 0.057456
2637.300049 0.065501
2638.198975 0.057097
2639.097656 0.064359
2639.995361 0.066444
2640.892334 0.063745
2641.788574 0.052061
2642.684082 0.066273
2643.579346 0.060738
2644.474609 0.063235
2645.368896 0.063664
2646.262451 0.066256
2647.155273 0.061508
2648.048096 0.063995
2648.939941 0.070329
2649.831787 0.065733
2650.722656 0.071433
2651.613037 0.054691
2652.502930 0.062530
2653.391602 0.052481
2654.280518 0.062230
2655.168457 0.061519
2656.055908 0.065355
2656.943115 0.063967
2657.829102 0.051513
2658.715088 0.061163
2659.600830 0.050357
2660.485352 0.061255
2661.369385 0.059153
2662.253418 0.056022
2663.136230 0.065203
2664.018555 0.069111
2664.900879 0.065402
2665.781738 0.059593
2666.662842 0.058917
2667.542969 0.054198
2668.422852 0.059994
2669.302246 0.066291
2670.180908 0.059748
2671.059082 0.069580
2671.936768 0.057150
2672.813721 0.058013
2673.689941 0.058466
2674.565918 0.058588
2675.441162 0.071402
2676.315918 0.063918
2677.189941 0.059137
2678.063721 0.065840
2678.936768 0.065331
2679.809570 0.063526
2680.681641 0.060606
2681.553223 0.071500
2682.424072 0.064021
2683.294922 0.060083
2684.164551 0.065787
2685.033691 0.066141
2685.902588 0.053285
2686.770752 0.072479
2687.638428 0.058334
2688.505371 0.056044
2689.372070 0.075240
2690.238770 0.059502
2691.104004 0.065677
2691.968506 0.064069
2692.833252 0.064006
2693.696777 0.061479
2694.560303 0.064427
2695.422852 0.062684
2696.284912 0.058965
2697.146729 0.061159
2698.008057 0.063677
2698.868652 0.061359
2699.728516 0.080471
2700.588623 0.059846
2701.447510 0.066798
2702.305664 0.053551
2703.163574 0.062305
2704.020996 0.057607
2704.877930 0.064712
2705.734131 0.062504
2706.589600 0.056664
2707.445068 0.067470
2708.299561 0.051239
2709.154053 0.059758
2710.007813 0.069197
2710.860596 0.064598
2711.713379 0.054655
2712.565430 0.055569
2713.416748 0.064182
2714.267578 0.062756
2715.117920 0.062178
2715.967773 0.051493
2716.816650 0.067994
2717.665771 0.054837
2718.514160 0.068241
2719.361816 0.064834
2720.209717 0.065686
2721.056152 0.054912
2721.902100 0.065068
2722.747559 0.047978
2723.593018 0.059699
2724.437012 0.052123
2725.281494 0.059178
2726.124756 0.040327
2726.967529 0.053608
2727.809814 0.065456
2728.651855 0.061413
2729.492920 0.059929
2730.334473 0.052540
2731.174561 0.064001
2732.014160 0.049341
2732.853760 0.054038
2733.692383 0.070896
2734.530762 0.070333
2735.368408 0.066221
2736.204834 0.055500
2737.041748 0.072754
2737.877930 0.054475
2738.713379 0.051603
2739.549072 0.051085
2740.383301 0.055324
2741.217529 0.062880
2742.050537 0.059292
2742.883545 0.050228
2743.716064 0.063660
2744.547852 0.068874
2745.379395 0.050034
2746.209961 0.063148
2747.040283 0.061485
2747.869873 0.058779
2748.699463 0.068877
2749.528564 0.053682
2750.356934 0.058934
2751.184570 0.050757
2752.011475 0.051975
2752.838379 0.058402
2753.664307 0.067081
2754.489990 0.056878
2755.315186 0.061325
2756.139648 0.058360
2756.963867 0.061909
2757.787354 0.074578
2758.610840 0.072567
2759.433594 0.056799
2760.255371 0.050600
2761.076904 0.061829
2761.897949 0.067081
2762.718262 0.049521
2763.538086 0.073552
2764.357666 0.050266
2765.176758 0.056852
2765.994873 0.052496
2766.812744 0.056446
2767.630127 0.057993
2768.447510 0.046196
2769.264160 0.060073
2770.079834 0.068271
2770.895264 0.072475
2771.709961 0.062923
2772.524170 0.055999
2773.338135 0.053371
2774.151367 0.063079
2774.964111 0.065556
2775.776611 0.056347
2776.588135 0.053680
2777.399170 0.061848
2778.210693 0.052387
2779.020752 0.041550
2779.830566 0.051560
2780.639893 0.064521
2781.448486 0.063851
2782.256836 0.059452
2783.064697 0.051410
2783.871582 0.066118
2784.678223 0.059489
2785.484619 0.063844
2786.290039 0.041751
2787.095703 0.069350
2787.900635 0.065608
2788.704590 0.061335
2789.508301 0.052230
2790.311279 0.058523
2791.114014 0.065276
2791.916016 0.048605
2792.717773 0.063589
2793.518555 0.058569
2794.319580 0.065556
2795.119873 0.077762
2795.919678 0.061122
2796.718750 0.055356
2797.517578 0.049448
2798.315918 0.047320
2799.113770 0.073497
2799.910889 0.050253
2800.707520 0.059933
2801.503662 0.046463
2802.299316 0.062934
2803.094238 0.063781
2803.889160 0.054621
2804.683350 0.045309
2805.477051 0.065360
2806.270752 0.073735
2807.062988 0.065287
2807.855469 0.067618
2808.646973 0.084232
2809.438232 0.050417
2810.229004 0.076731
2811.019043 0.038972
2811.808838 0.053826
2812.597900 0.048279
2813.386719 0.065369
2814.174805 0.070885
2814.963379 0.050632
2815.750488 0.069820
2816.537598 0.057412
2817.323730 0.047960
2818.109619 0.065481
2818.894775 0.068358
2819.679688 0.062552
2820.463623 0.063509
2821.247803 0.060795
2822.031006 0.050191
2822.813965 0.052154
2823.596436 0.056527
2824.378662 0.049347
2825.159912 0.065378
2825.940918 0.050583
2826.721436 0.070592
2827.501221 0.055243
2828.281006 0.058202
2829.059814 0.050568
2829.838135 0.070131
2830.616455 0.037839
2831.393799 0.067572
2832.170898 0.077419
2832.947266 0.067033
2833.723877 0.069870
2834.499268 0.064145
2835.274658 0.054022
2836.048828 0.058627
2836.823242 0.052515
2837.597168 0.064923
2838.369873 0.058408
2839.142822 0.044827
2839.915039 0.056704
2840.686768 0.061305
2841.458252 0.053884
2842.229492 0.055481
2842.999756 0.057051
2843.769531 0.043024
2844.538574 0.062246
2845.307617 0.064159
2846.076172 0.063170
2846.843750 0.052739
2847.611328 0.050123
2848.378662 0.068646
2849.145020 0.061979
2849.910889 0.060116
2850.676270 0.065918
2851.442139 0.038270
2852.206543 0.052020
2852.970947 0.056881
2853.734375 0.056280
2854.497559 0.044003
2855.260498 0.042907
2856.022461 0.043877
2856.784180 0.054682
2857.545898 0.061374
2858.306396 0.051796
2859.067139 0.072477
2859.826904 0.047313
2860.586426 0.038983
2861.345703 0.068848
2862.103760 0.059074
2862.861816 0.058415
2863.619629 0.038474
2864.376465 0.063245
2865.133301 0.071665
2865.889160 0.034402
2866.644775 0.055562
2867.400146 0.067611
2868.154785 0.058712
2868.909912 0.043286
2869.663330 0.059422
2870.416992 0.057649
2871.169678 0.056170
2871.922363 0.068229
2872.674072 0.096864
2873.425781 0.052176
2874.176514 0.069404
2874.927246 0.059525
2875.677246 0.049140
2876.427002 0.055149
2877.176025 0.056796
2877.925537 0.032075
2878.673584 0.041509
2879.421631 0.032340
2880.168457 0.056722
2880.915771 0.027608
2881.662109 0.059535
2882.407959 0.033237
2883.153320 0.053536
2883.898682 0.051973
2884.643066 0.064674
2885.387207 0.053047
2886.131592 0.054964
2886.874756 0.074927
2887.617676 0.045732
2888.359863 0.065758
2889.101563 0.063714
2889.843018 0.056599
2890.583984 0.048327
2891.324463 0.071382
2892.064453 0.050522
2892.803955 0.060426
2893.543457 0.055736
2894.281982 0.057744
2895.020752 0.047154
2895.758545 0.062369
2896.495850 0.076248
2897.232666 0.067568
2897.969238 0.065191
2898.705078 0.070947
2899.440918 0.064936
2900.175781 0.057526
2900.910400 0.058207
2901.644531 0.082072
2902.378662 0.047520
2903.111816 0.065145
2903.844971 0.080477
2904.577637 0.045635
2905.309570 0.083777
2906.041016 0.070188
2906.771973 0.070177
spectrumdark 2048
-92.916504 3549.000000
-90.312355 3549.000000
-87.709976 3484.000000
-85.109344 3462.000000
-82.510468 3501.000000
-79.913338 3509.000000
-77.317970 3387.000000
-74.724350 3430.000000
-72.132469 3245.000000
-69.542343 3407.000000
-66.953957 3803.000000
-64.367325 3370.000000
-61.782425 3472.000000
-59.199268 3359.000000
-56.617855 3480.000000
-54.038174 3622.000000
-51.460232 3505.000000
-48.884026 3341.000000
-46.309551 3364.000000
-43.736805 3533.000000
-41.165798 3544.000000
-38.596512 3578.000000
-36.028957 3452.000000
-33.463123 3549.000000
-30.899019 3330.000000
-28.336634 3496.000000
-25.775978 3680.000000
-23.217043 3424.000000
-20.659817 3744.000000
-18.104309 3505.000000
-15.550527 3689.000000
-12.998456 3445.000000
-10.448092 3577.000000
-7.899439 3626.000000
-5.352503 3650.000000
-2.807276 3342.000000
-0.263749 3442.000000
2.278073 3472.000000
4.818183 3629.000000
7.356590 3420.000000
9.893303 3616.000000
12.428317 3338.000000
14.961624 3461.000000
17.493237 3478.000000
20.023157 3365.000000
22.551386 3837.000000
25.077915 3454.000000
27.602749 3499.000000
30.125906 3492.000000
32.647373 3518.000000
35.167152 3543.000000
37.685230 3438.000000
40.201637 3660.000000
42.716362 3557.000000
45.229393 3513.000000
47.740757 3463.000000
50.250446 3392.000000
52.758453 3722.000000
55.264790 3483.000000
57.769432 3452.000000
60.272423 3758.000000
62.773739 3497.000000
65.273369 3614.000000
67.771347 3291.000000
70.267654 3449.000000
72.762306 3748.000000
75.255280 3679.000000
77.746582 3510.000000
80.236237 3464.000000
82.724243 3464.000000
85.210556 3437.000000
87.695236 3580.000000
90.178261 3357.000000
92.659630 3425.000000
95.139336 3444.000000
97.617393 3454.000000
100.093803 3529.000000
102.568581 3502.000000
105.041672 3443.000000
107.513138 3420.000000
109.982964 3597.000000
112.451141 3507.000000
114.917694 3448.000000
117.382576 3538.000000
119.845833 3517.000000
122.307457 3388.000000
124.767441 3323.000000
127.225784 3373.000000
129.682495 3373.000000
132.137589 3664.000000
134.591034 3341.000000
137.042847 3500.000000
139.493042 3348.000000
141.941605 3567.000000
144.388550 3650.000000
146.833862 3579.000000
149.277573 3717.000000
151.719635 3385.000000
154.160080 3698.000000
156.598907 3673.000000
159.036148 3619.000000
161.471725 3359.000000
163.905701 3679.000000
166.338089 3396.000000
168.768845 3615.000000
171.197983 3578.000000
173.625534 3531.000000
176.051468 3455.000000
178.475769 3534.000000
180.898499 3386.000000
183.319626 3565.000000
185.739136 3495.000000
188.157059 3487.000000
190.573364 3680.000000
192.988083 3769.000000
195.401199 3372.000000
197.812729 3506.000000
200.222656 3535.000000
202.630981 3597.000000
205.037735 3806.000000
207.442871 3536.000000
209.846420 3714.000000
212.248413 3691.000000
214.648788 3424.000000
217.047577 3513.000000
219.444839 3574.000000
221.840439 3485.000000
224.234528 3602.000000
226.626984 3280.000000
229.017868 3606.000000
231.407211 3442.000000
233.794952 3503.000000
236.181122 3561.000000
238.565704 3358.000000
240.948730 3357.000000
243.330215 3812.000000
245.710083 3559.000000
248.088379 3400.000000
250.465149 3318.000000
252.840317 3520.000000
255.213928 3598.000000
257.585999 3442.000000
259.956512 3393.000000
262.325439 3733.000000
264.692810 3386.000000
267.058624 3409.000000
269.422913 3473.000000
271.785614 3575.000000
274.146759 3463.000000
276.506378 3608.000000
278.864410 3459.000000
281.220917 3592.000000
283.575836 3484.000000
285.929230 3559.000000
288.281158 3680.000000
290.631439 3464.000000
292.980164 3696.000000
295.327454 3361.000000
297.673126 3648.000000
300.017303 3693.000000
302.359863 3533.000000
304.700958 3385.000000
307.040497 3527.000000
309.378510 3821.000000
311.714996 4927.000000
314.049927 3847.000000
316.383331 3631.000000
318.715210 3780.000000
321.045563 3730.000000
323.374359 3819.000000
325.701660 3675.000000
328.027435 3775.000000
330.351685 3958.000000
332.674438 4178.000000
334.995667 4159.000000
337.315338 4155.000000
339.633484 4108.000000
341.950134 3545.000000
344.265259 3568.000000
346.578888 3778.000000
348.891052 3427.000000
351.201630 3530.000000
353.510712 3875.000000
355.818298 3557.000000
358.124359 3709.000000
360.428925 3496.000000
362.732025 3662.000000
365.033508 3680.000000
367.333588 3547.000000
369.632141 3603.000000
371.929169 3613.000000
374.224792 3572.000000
376.518799 3397.000000
378.811371 3863.000000
381.102448 3419.000000
383.391998 3390.000000
385.680084 3696.000000
387.966614 3663.000000
390.251770 3434.000000
392.535370 3743.000000
394.817474 3720.000000
397.098053 4008.000000
399.377228 4946.000000
401.654907 6094.000000
403.931091 6212.000000
406.205780 6333.000000
408.479004 5434.000000
410.750702 6621.000000
413.020935 11408.000000
415.289764 14113.000000
417.557007 14439.000000
419.822845 11420.000000
422.087250 6471.000000
424.350067 4030.000000
426.611511 3587.000000
428.871429 3564.000000
431.129883 3388.000000
433.386932 3510.000000
435.642456 3569.000000
437.896576 3739.000000
440.149139 3746.000000
442.400299 3701.000000
444.650024 3428.000000
446.898193 3674.000000
449.144958 3456.000000
451.390289 3498.000000
453.634094 3540.000000
455.876526 3440.000000
458.117462 3502.000000
460.356903 3690.000000
462.594940 3693.000000
464.831573 3730.000000
467.066742 3481.000000
469.300354 3673.000000
471.532654 3717.000000
473.763428 3576.000000
475.992706 3429.000000
478.220703 3536.000000
480.447144 3464.000000
482.672119 3298.000000
484.895813 3486.000000
487.117889 3618.000000
489.338531 3650.000000
491.557892 3601.000000
493.775696 3605.000000
495.992065 3458.000000
498.207123 3580.000000
500.420624 3685.000000
502.632660 3378.000000
504.843414 3594.000000
507.052612 3381.000000
509.260529 3592.000000
511.466858 3440.000000
513.671814 3485.000000
515.875488 3292.000000
518.077576 3419.000000
520.278198 3485.000000
522.477600 3737.000000
524.675415 3590.000000
526.871765 3890.000000
529.066895 4723.000000
531.260498 5275.000000
533.452576 5292.000000
535.643433 4957.000000
537.832825 4009.000000
540.020691 3752.000000
542.207397 3591.000000
544.392456 3649.000000
546.576111 3607.000000
548.758606 3436.000000
550.939514 3753.000000
553.118958 3651.000000
555.297119 3523.000000
557.473816 3779.000000
559.649048 3701.000000
561.823059 3528.000000
563.995605 3783.000000
566.166626 3707.000000
568.336487 3619.000000
570.504761 3779.000000
572.671631 3714.000000
574.837219 3624.000000
577.001343 3700.000000
579.164246 3394.000000
581.325562 3500.000000
583.485535 3825.000000
585.644165 3481.000000
587.801331 3606.000000
589.957092 3462.000000
592.111633 3790.000000
594.264587 3604.000000
596.416260 3575.000000
598.566650 3609.000000
600.715515 3517.000000
602.863037 3605.000000
605.009216 3634.000000
607.153992 3590.000000
609.297363 3546.000000
611.439575 3587.000000
613.580078 3547.000000
615.719299 3592.000000
617.857361 3580.000000
619.993896 3536.000000
622.129028 3355.000000
624.262878 3543.000000
626.395325 3512.000000
628.526428 3757.000000
630.656189 3513.000000
632.784485 3704.000000
634.911438 3843.000000
637.037170 4728.000000
639.161377 5067.000000
641.284302 5031.000000
643.405945 5360.000000
645.526062 4275.000000
647.645020 3597.000000
649.762451 3531.000000
651.878662 3416.000000
653.993469 3466.000000
656.106873 3518.000000
658.218872 3720.000000
660.329773 3482.000000
662.439087 3854.000000
664.547180 3877.000000
666.653870 3989.000000
668.759216 4248.000000
670.863159 3781.000000
672.965942 3537.000000
675.067200 3659.000000
677.167236 3428.000000
679.265930 3665.000000
681.363159 3510.000000
683.459106 3603.000000
685.553894 3995.000000
687.647156 5417.000000
689.739075 6647.000000
691.829773 6938.000000
693.919067 6654.000000
696.006958 4931.000000
698.093689 4031.000000
700.179077 3611.000000
702.262939 3700.000000
704.345703 3513.000000
706.427124 3427.000000
708.507019 3556.000000
710.585815 3503.000000
712.663086 3777.000000
714.739319 3700.000000
716.814026 3430.000000
718.887390 3630.000000
720.959534 3590.000000
723.030334 3471.000000
725.099731 3573.000000
727.167969 3509.000000
729.234741 3553.000000
731.300293 3508.000000
733.364502 3435.000000
735.427429 3578.000000
737.488953 3439.000000
739.549377 3624.000000
741.608276 3413.000000
743.665894 4075.000000
745.722351 3320.000000
747.777405 3808.000000
749.831116 3696.000000
751.883667 5147.000000
753.934814 3418.000000
755.984558 3537.000000
758.033264 3564.000000
760.080444 3596.000000
762.126343 3298.000000
764.171143 3501.000000
766.214478 3378.000000
768.256531 3478.000000
770.297363 3525.000000
772.336792 3494.000000
774.375000 3555.000000
776.411987 3738.000000
778.447632 3353.000000
780.481995 3592.000000
782.515015 3540.000000
784.546814 3718.000000
786.577332 3748.000000
788.606445 3535.000000
790.634338 3672.000000
792.661072 3557.000000
794.686340 3452.000000
796.710449 3658.000000
798.733276 3771.000000
800.754700 3446.000000
802.774963 3531.000000
804.794006 3581.000000
806.811707 3533.000000
808.828003 3643.000000
810.843079 3573.000000
812.857056 3599.000000
814.869690 3444.000000
816.880920 3647.000000
818.891113 3799.000000
820.899902 3487.000000
822.907471 3359.000000
824.913696 3552.000000
826.918640 3679.000000
828.922485 3600.000000
830.924927 3634.000000
832.926086 3431.000000
834.926086 3664.000000
836.924744 3684.000000
838.922180 3622.000000
840.918457 3682.000000
842.913269 3559.000000
844.906860 3896.000000
846.899414 3622.000000
848.890503 3986.000000
850.880371 3600.000000
852.869080 3627.000000
854.856445 3573.000000
856.842468 3653.000000
858.827515 3608.000000
860.811096 3428.000000
862.793518 3544.000000
864.774719 3886.000000
866.754639 3543.000000
868.733154 3781.000000
870.710754 3633.000000
872.686890 3472.000000
874.661743 3645.000000
876.635620 3626.000000
878.608032 3718.000000
880.579163 3447.000000
882.549255 3545.000000
884.517944 3616.000000
886.485413 3373.000000
888.451782 3433.000000
890.416748 3708.000000
892.380676 3582.000000
894.343262 3705.000000
896.304565 3392.000000
898.264771 3646.000000
900.223633 3609.000000
902.181274 3465.000000
904.137756 3523.000000
906.092896 3640.000000
908.046814 3649.000000
909.999695 3603.000000
911.951233 3694.000000
913.901489 3303.000000
915.850586 3472.000000
917.798523 3491.000000
919.745117 3504.000000
921.690674 3634.000000
923.634827 3648.000000
925.577759 3500.000000
927.519653 3554.000000
929.460205 3917.000000
931.399536 3513.000000
933.337708 3668.000000
935.274658 3398.000000
937.210388 3488.000000
939.144897 3566.000000
941.078186 3558.000000
943.010254 3557.000000
944.941162 3672.000000
946.870850 3534.000000
948.799500 3422.000000
950.726685 3737.000000
952.652710 3707.000000
954.577698 3580.000000
956.501343 3474.000000
958.423706 3644.000000
960.345032 3604.000000
962.265076 3439.000000
964.183899 3638.000000
966.101685 3557.000000
968.018127 3701.000000
969.933289 3498.000000
971.847473 3331.000000
973.760376 3517.000000
975.672058 3486.000000
977.582642 3690.000000
979.491882 3548.000000
981.399963 3492.000000
983.307007 3534.000000
985.212708 3738.000000
987.117249 4036.000000
989.020752 4118.000000
990.922852 4189.000000
992.823792 4074.000000
994.723755 3714.000000
996.622314 3521.000000
998.519775 3393.000000
1000.416138 3403.000000
1002.311218 3289.000000
1004.205139 3585.000000
1006.098022 3699.000000
1007.989441 3507.000000
1009.879822 3582.000000
1011.769043 3631.000000
1013.657104 3490.000000
1015.544006 3343.000000
1017.429749 3491.000000
1019.314209 3553.000000
1021.197632 3500.000000
1023.079834 3501.000000
1024.960693 3579.000000
1026.840576 3646.000000
1028.719360 3451.000000
1030.596802 3465.000000
1032.473267 3318.000000
1034.348389 3731.000000
1036.222290 3669.000000
1038.095337 3259.000000
1039.966919 3779.000000
1041.837524 3525.000000
1043.706909 3530.000000
1045.575073 3582.000000
1047.442017 3770.000000
1049.307983 3479.000000
1051.172729 3415.000000
1053.036255 3433.000000
1054.898682 3524.000000
1056.760132 3397.000000
1058.620117 3458.000000
1060.479248 3296.000000
1062.336792 3628.000000
1064.193604 3569.000000
1066.049072 3495.000000
1067.903442 3626.000000
1069.756836 3570.000000
1071.608887 3640.000000
1073.459717 3530.000000
1075.309570 3547.000000
1077.158203 3373.000000
1079.005615 3418.000000
1080.851929 3468.000000
1082.697266 3392.000000
1084.541260 3667.000000
1086.384277 3579.000000
1088.225952 3653.000000
1090.066650 3525.000000
1091.906128 3429.000000
1093.744507 3459.000000
1095.581787 3324.000000
1097.417847 3428.000000
1099.252808 3674.000000
1101.086548 3422.000000
1102.919434 3419.000000
1104.750854 3498.000000
1106.581299 3704.000000
1108.410767 3461.000000
1110.238770 3629.000000
1112.065796 3239.000000
1113.891846 3429.000000
1115.716431 3433.000000
1117.540283 3419.000000
1119.362915 3679.000000
1121.184204 3436.000000
1123.004395 3510.000000
1124.823853 3623.000000
1126.641724 3558.000000
1128.458618 3516.000000
1130.274414 3554.000000
1132.089233 3661.000000
1133.902832 3455.000000
1135.715210 3377.000000
1137.526489 3486.000000
1139.336792 3512.000000
1141.145874 3523.000000
1142.953857 3476.000000
1144.760742 3380.000000
1146.566406 3649.000000
1148.371094 3441.000000
1150.174683 3828.000000
1151.977051 3517.000000
1153.778442 3558.000000
1155.578613 3655.000000
1157.377808 3392.000000
1159.175781 3565.000000
1160.972656 3572.000000
1162.768311 3753.000000
1164.563110 3494.000000
1166.356689 3702.000000
1168.149048 3735.000000
1169.940430 3477.000000
1171.730835 3490.000000
1173.519897 3609.000000
1175.307983 3641.000000
1177.094971 3443.000000
1178.880737 3616.000000
1180.665527 3498.000000
1182.449219 3427.000000
1184.231812 3662.000000
1186.013428 3483.000000
1187.793823 3713.000000
1189.572998 3608.000000
1191.351318 3670.000000
1193.128540 3270.000000
1194.904297 3638.000000
1196.679443 3403.000000
1198.453125 3590.000000
1200.225952 3665.000000
1201.997681 3501.000000
1203.768188 3681.000000
1205.537720 3499.000000
1207.306152 3990.000000
1209.073364 3327.000000
1210.839600 3515.000000
1212.604858 3723.000000
1214.368896 3590.000000
1216.131836 3561.000000
1217.893677 3508.000000
1219.654419 3539.000000
1221.414307 3500.000000
1223.172974 3358.000000
1224.930542 3519.000000
1226.687134 3585.000000
1228.442505 3402.000000
1230.196899 3332.000000
1231.950195 3582.000000
1233.702515 3580.000000
1235.453491 3480.000000
1237.203613 3642.000000
1238.952637 3800.000000
1240.700684 3609.000000
1242.447388 3562.000000
1244.193237 3325.000000
1245.937988 3378.000000
1247.681641 3609.000000
1249.424194 3530.000000
1251.165649 3482.000000
1252.906250 3510.000000
1254.645630 3461.000000
1256.383911 3407.000000
1258.121338 3578.000000
1259.857300 3462.000000
1261.592407 3477.000000
1263.326538 3543.000000
1265.059570 3380.000000
1266.791626 3657.000000
1268.522583 3438.000000
1270.252441 3531.000000
1271.981079 3451.000000
1273.708984 3420.000000
1275.435547 3531.000000
1277.161011 3525.000000
1278.885742 3450.000000
1280.609253 3659.000000
1282.331787 3713.000000
1284.053101 3451.000000
1285.773438 3455.000000
1287.492798 3418.000000
1289.211182 3395.000000
1290.928345 3496.000000
1292.644409 3442.000000
1294.359619 3511.000000
1296.073853 3468.000000
1297.786865 3455.000000
1299.498657 3498.000000
1301.209473 3596.000000
1302.919556 3499.000000
1304.628418 3313.000000
1306.336060 3775.000000
1308.042969 3605.000000
1309.748535 3706.000000
1311.453369 3387.000000
1313.156982 3502.000000
1314.859741 3467.000000
1316.561157 3411.000000
1318.261841 3437.000000
1319.961304 3292.000000
1321.659668 3517.000000
1323.357178 3594.000000
1325.053467 3523.000000
1326.748901 3484.000000
1328.443237 3585.000000
1330.136597 3459.000000
1331.828857 3565.000000
1333.520142 3451.000000
1335.210205 3321.000000
1336.899292 3588.000000
1338.587646 3455.000000
1340.274780 3484.000000
1341.960693 3428.000000
1343.645874 4219.000000
1345.329956 5241.000000
1347.012939 6207.000000
1348.694946 6824.000000
1350.375854 6770.000000
1352.055786 5251.000000
1353.734863 4223.000000
1355.412720 3678.000000
1357.089600 3616.000000
1358.765503 3582.000000
1360.440308 3527.000000
1362.114258 3482.000000
1363.787109 3669.000000
1365.458740 3549.000000
1367.129761 3557.000000
1368.799316 3359.000000
1370.468140 3750.000000
1372.135864 3606.000000
1373.802612 3588.000000
1375.468384 3435.000000
1377.133057 3583.000000
1378.796631 3290.000000
1380.459473 3512.000000
1382.121094 3561.000000
1383.781738 3664.000000
1385.441284 3463.000000
1387.100098 3420.000000
1388.757690 3429.000000
1390.414307 3459.000000
1392.070068 3488.000000
1393.724609 3612.000000
1395.378174 3554.000000
1397.030884 3476.000000
1398.682373 3394.000000
1400.333008 3310.000000
1401.982666 3513.000000
1403.631226 3350.000000
1405.278931 3449.000000
1406.925659 3900.000000
1408.571167 3721.000000
1410.215820 3672.000000
1411.859497 3680.000000
1413.502075 3463.000000
1415.143677 3374.000000
1416.784302 3891.000000
1418.424072 3438.000000
1420.062744 3630.000000
1421.700195 3275.000000
1423.337036 3477.000000
1424.972534 3500.000000
1426.607178 3472.000000
1428.240967 3405.000000
1429.873657 3355.000000
1431.505493 3371.000000
1433.135986 3489.000000
1434.765991 3461.000000
1436.394653 3675.000000
1438.022339 3723.000000
1439.649170 3679.000000
1441.274902 3411.000000
1442.899658 3492.000000
1444.523560 3411.000000
1446.146484 3532.000000
1447.768188 3310.000000
1449.389160 3624.000000
1451.009155 3714.000000
1452.627930 3452.000000
1454.245972 3517.000000
1455.862915 3590.000000
1457.478882 3489.000000
1459.093994 3401.000000
1460.707764 3502.000000
1462.320923 3474.000000
1463.933105 3466.000000
1465.544189 3492.000000
1467.154419 3724.000000
1468.763428 3313.000000
1470.371582 3453.000000
1471.978882 3341.000000
1473.585083 3284.000000
1475.190308 3426.000000
1476.794556 3364.000000
1478.397949 3795.000000
1480.000244 3515.000000
1481.601685 3477.000000
1483.202271 3581.000000
1484.801636 3358.000000
1486.400146 3471.000000
1487.997559 3403.000000
1489.594116 3672.000000
1491.189819 3559.000000
1492.784424 3473.000000
1494.377930 3491.000000
1495.970703 3639.000000
1497.562622 3490.000000
1499.153076 3464.000000
1500.743286 3467.000000
1502.331909 3614.000000
1503.919922 3368.000000
1505.506958 3477.000000
1507.092773 3524.000000
1508.677979 3563.000000
1510.262085 3490.000000
1511.845215 3633.000000
1513.427124 3579.000000
1515.008423 3346.000000
1516.588867 3563.000000
1518.168213 3600.000000
1519.746460 3495.000000
1521.323853 3382.000000
1522.900024 3465.000000
1524.475708 3491.000000
1526.050415 3421.000000
1527.623901 3352.000000
1529.196655 3381.000000
1530.768188 3582.000000
1532.338745 3659.000000
1533.908936 3502.000000
1535.477783 3657.000000
1537.045410 3715.000000
1538.612427 4436.000000
1540.178589 5570.000000
1541.743530 5809.000000
1543.307861 6370.000000
1544.870972 5723.000000
1546.433228 4481.000000
1547.994507 3841.000000
1549.554810 3735.000000
1551.114258 3476.000000
1552.672852 3368.000000
1554.230347 3699.000000
1555.786987 3431.000000
1557.342529 3438.000000
1558.897217 3382.000000
1560.451172 3325.000000
1562.004150 3487.000000
1563.556030 3643.000000
1565.106934 3478.000000
1566.656860 3581.000000
1568.206055 3340.000000
1569.754395 3486.000000
1571.301880 3674.000000
1572.848145 3516.000000
1574.393433 3543.000000
1575.938110 3441.000000
1577.481323 3426.000000
1579.023926 3613.000000
1580.565918 3486.000000
1582.106323 3470.000000
1583.646362 3432.000000
1585.185059 3517.000000
1586.723022 3483.000000
1588.260376 3417.000000
1589.796509 3509.000000
1591.331665 3505.000000
1592.865845 3444.000000
1594.399048 3278.000000
1595.931641 3439.000000
1597.463135 3496.000000
1598.993896 3383.000000
1600.523315 3372.000000
1602.052124 3257.000000
1603.579956 3523.000000
1605.106812 3429.000000
1606.632935 3567.000000
1608.157959 3533.000000
1609.682129 3555.000000
1611.205322 3387.000000
1612.727661 3478.000000
1614.249023 3388.000000
1615.769653 3683.000000
1617.289307 3491.000000
1618.807739 3680.000000
1620.325562 3557.000000
1621.842285 3409.000000
1623.358154 3339.000000
1624.873413 3320.000000
1626.387573 3420.000000
1627.900513 3394.000000
1629.413086 3527.000000
1630.924194 3506.000000
1632.434814 3426.000000
1633.944458 3440.000000
1635.453125 3452.000000
1636.960693 3279.000000
1638.467651 3682.000000
1639.973389 3389.000000
1641.478760 3538.000000
1642.982788 3457.000000
1644.485962 3306.000000
1645.988403 3589.000000
1647.489746 3458.000000
1648.990112 3509.000000
1650.489990 3551.000000
1651.988525 3488.000000
1653.486328 3586.000000
1654.983276 3278.000000
1656.479126 3418.000000
1657.974243 3519.000000
1659.468628 3693.000000
1660.961914 3557.000000
1662.454468 3685.000000
1663.945923 3673.000000
1665.436401 3339.000000
1666.926270 3426.000000
1668.415283 3443.000000
1669.903076 3599.000000
1671.390137 3580.000000
1672.876343 3315.000000
1674.361450 3558.000000
1675.845947 3256.000000
1677.329590 3318.000000
1678.812134 3842.000000
1680.293823 3419.000000
1681.774658 3582.000000
1683.254395 3641.000000
1684.733765 3597.000000
1686.211914 3441.000000
1687.689209 3414.000000
1689.165405 3393.000000
1690.640991 3435.000000
1692.115479 3586.000000
1693.589355 3431.000000
1695.062134 3522.000000
1696.534180 3415.000000
1698.005127 3492.000000
1699.475342 3497.000000
1700.944580 3436.000000
1702.413208 3297.000000
1703.880615 3327.000000
1705.347290 3489.000000
1706.813110 3512.000000
1708.277954 3665.000000
1709.741943 3402.000000
1711.205444 3308.000000
1712.667603 3551.000000
1714.128784 3794.000000
1715.589478 3336.000000
1717.049072 3468.000000
1718.507690 3346.000000
1719.965820 3223.000000
1721.422852 3405.000000
1722.878906 3405.000000
1724.334229 3425.000000
1725.788452 3218.000000
1727.242310 3358.000000
1728.694946 3403.000000
1730.146606 3555.000000
1731.597290 3474.000000
1733.047485 3530.000000
1734.496582 3565.000000
1735.945190 3411.000000
1737.392578 3644.000000
1738.839111 3408.000000
1740.284668 3438.000000
1741.729614 3483.000000
1743.173462 3438.000000
1744.616821 3397.000000
1746.058960 3521.000000
1747.500244 3496.000000
1748.940796 3456.000000
1750.380371 3489.000000
1751.819214 3502.000000
1753.257324 3302.000000
1754.694214 3549.000000
1756.130493 3597.000000
1757.565918 3271.000000
1759.000244 3290.000000
1760.433716 3550.000000
1761.866699 3359.000000
1763.298584 3362.000000
1764.729614 3263.000000
1766.159668 3802.000000
1767.588989 3458.000000
1769.017456 3679.000000
1770.445190 3309.000000
1771.872070 3447.000000
1773.297852 3461.000000
1774.722778 3533.000000
1776.146851 3419.000000
1777.570557 3562.000000
1778.993042 3499.000000
1780.414551 3608.000000
1781.835327 3647.000000
1783.255127 3431.000000
1784.674194 3398.000000
1786.092651 3410.000000
1787.510132 3597.000000
1788.926392 3490.000000
1790.342163 3587.000000
1791.757080 3504.000000
1793.170776 3241.000000
1794.584229 3411.000000
1795.996582 3420.000000
1797.408081 3318.000000
1798.818359 3413.000000
1800.228149 3707.000000
1801.636963 3418.000000
1803.045288 3645.000000
1804.452393 3552.000000
1805.859009 3343.000000
1807.264404 3412.000000
1808.669067 3381.000000
1810.072754 3648.000000
1811.476074 3529.000000
1812.878052 3551.000000
1814.279419 3345.000000
1815.679810 3535.000000
1817.079468 3500.000000
1818.478149 3394.000000
1819.876465 3491.000000
1821.273560 3448.000000
1822.669800 3355.000000
1824.065308 3417.000000
1825.459717 3717.000000
1826.853760 3463.000000
1828.246826 3606.000000
1829.638794 3524.000000
1831.030029 3491.000000
1832.420532 3482.000000
1833.810059 3595.000000
1835.199097 3382.000000
1836.586914 3646.000000
1837.974121 3420.000000
1839.360229 3576.000000
1840.745850 3343.000000
1842.130249 3514.000000
1843.514160 3749.000000
1844.897095 3449.000000
1846.279297 3401.000000
1847.660645 3412.000000
1849.041016 3392.000000
1850.420654 3564.000000
1851.799683 3490.000000
1853.177734 3380.000000
1854.554810 3453.000000
1855.931152 3396.000000
1857.306641 3437.000000
1858.681152 3516.000000
1860.055420 3465.000000
1861.428589 3458.000000
1862.800659 3480.000000
1864.171997 3567.000000
1865.542480 3413.000000
1866.912476 3700.000000
1868.281372 3322.000000
1869.649658 3477.000000
1871.016846 3376.000000
1872.383179 3844.000000
1873.748901 3449.000000
1875.113892 3633.000000
1876.477905 3484.000000
1877.841187 3656.000000
1879.203491 3666.000000
1880.564941 3515.000000
1881.925781 3458.000000
1883.285889 3316.000000
1884.645020 3665.000000
1886.003174 3582.000000
1887.360840 3402.000000
1888.717407 3326.000000
1890.073364 3524.000000
1891.428467 3719.000000
1892.782837 3528.000000
1894.136108 3513.000000
1895.488647 3425.000000
1896.840454 3266.000000
1898.191406 3606.000000
1899.541870 3504.000000
1900.891357 3540.000000
1902.239624 3654.000000
1903.587646 3545.000000
1904.934570 3570.000000
1906.280762 3692.000000
1907.626221 3594.000000
1908.970825 3485.000000
1910.314331 3398.000000
1911.657349 3528.000000
1912.999390 3433.000000
1914.340942 3505.000000
1915.681519 3472.000000
1917.021118 3437.000000
1918.359863 3444.000000
1919.698120 3520.000000
1921.035400 3791.000000
1922.372070 3464.000000
1923.707642 3250.000000
1925.042603 3652.000000
1926.376587 3474.000000
1927.709839 3411.000000
1929.042236 3537.000000
1930.374268 3186.000000
1931.705200 3681.000000
1933.035278 3429.000000
1934.364502 3404.000000
1935.692993 3407.000000
1937.020630 3642.000000
1938.347900 3368.000000
1939.673828 3571.000000
1940.999146 3522.000000
1942.323730 3611.000000
1943.647461 3521.000000
1944.970337 3720.000000
1946.292725 3684.000000
1947.614014 3456.000000
1948.934570 3514.000000
1950.254272 3655.000000
1951.573120 3438.000000
1952.891602 3516.000000
1954.208984 3388.000000
1955.525513 3540.000000
1956.841431 3532.000000
1958.156250 3574.000000
1959.470581 3688.000000
1960.784058 3469.000000
1962.096802 3601.000000
1963.408569 3200.000000
1964.719727 3364.000000
1966.029907 3476.000000
1967.339478 3526.000000
1968.648438 3395.000000
1969.956299 3448.000000
1971.263428 3544.000000
1972.569702 3310.000000
1973.875244 3320.000000
1975.180176 3439.000000
1976.484131 3245.000000
1977.787598 3366.000000
1979.089966 3409.000000
1980.391724 3709.000000
1981.692505 3494.000000
1982.992554 3508.000000
1984.291992 3377.000000
1985.590576 3412.000000
1986.888306 3254.000000
1988.185181 3489.000000
1989.481445 3622.000000
1990.776855 3578.000000
1992.071533 3509.000000
1993.365723 3561.000000
1994.658569 3635.000000
1995.951050 3561.000000
1997.242432 3577.000000
1998.533569 3611.000000
1999.823486 3355.000000
2001.112549 3548.000000
2002.400879 3695.000000
2003.688721 3675.000000
2004.975464 3400.000000
2006.261841 3319.000000
2007.547119 3342.000000
2008.831665 3563.000000
2010.115479 3579.000000
2011.398560 3637.000000
2012.680786 3274.000000
2013.962402 3617.000000
2015.243286 3499.000000
2016.523193 3395.000000
2017.802246 3459.000000
2019.080811 3353.000000
2020.358154 3328.000000
2021.635498 3543.000000
2022.911255 3335.000000
2024.186890 3255.000000
2025.461182 3658.000000
2026.735107 3428.000000
2028.008301 3430.000000
2029.280762 3391.000000
2030.552124 3411.000000
2031.822876 3585.000000
2033.092651 3593.000000
2034.361938 3534.000000
2035.630737 3420.000000
2036.898315 3495.000000
2038.165405 3531.000000
2039.431396 3444.000000
2040.696777 3698.000000
2041.961426 3506.000000
2043.225586 3651.000000
2044.488770 3318.000000
2045.751099 3505.000000
2047.012573 3374.000000
2048.273438 3557.000000
2049.533203 3536.000000
2050.792969 3361.000000
2052.051758 3775.000000
2053.309326 3441.000000
2054.566406 3466.000000
2055.822754 3646.000000
2057.078125 3679.000000
2058.333008 3256.000000
2059.587158 3578.000000
2060.840332 3418.000000
2062.092773 3493.000000
2063.344482 3575.000000
2064.595703 3397.000000
2065.846191 3525.000000
2067.095703 3389.000000
2068.344482 3428.000000
2069.592285 3334.000000
2070.839844 3407.000000
2072.086182 3424.000000
2073.332031 3382.000000
2074.576904 3172.000000
2075.821289 3464.000000
2077.064697 3531.000000
2078.307617 3512.000000
2079.549805 3277.000000
2080.791016 3365.000000
2082.031494 3549.000000
2083.271240 3358.000000
2084.510254 3532.000000
2085.748535 3495.000000
2086.986328 3662.000000
2088.223145 3423.000000
2089.458984 3345.000000
2090.694336 3454.000000
2091.928955 3463.000000
2093.162598 3590.000000
2094.395996 3415.000000
2095.628174 3506.000000
2096.859619 3645.000000
2098.090332 3348.000000
2099.320801 3500.000000
2100.549805 3735.000000
2101.778564 3429.000000
2103.006592 3442.000000
2104.233643 3421.000000
2105.460205 3353.000000
2106.685791 3568.000000
2107.910889 3554.000000
2109.135010 3337.000000
2110.358398 3427.000000
2111.581055 3483.000000
2112.802979 3816.000000
2114.024170 3489.000000
2115.245117 3559.000000
2116.464844 3367.000000
2117.683350 3555.000000
2118.901611 3532.000000
2120.119385 3450.000000
2121.335938 3427.000000
2122.552490 3435.000000
2123.767822 3630.000000
2124.982178 3516.000000
2126.196045 3449.000000
2127.409668 3563.000000
2128.621582 3298.000000
2129.833496 3781.000000
2131.044434 3586.000000
2132.254639 3531.000000
2133.464111 3427.000000
2134.672852 3541.000000
2135.880859 3448.000000
2137.088623 3565.000000
2138.294922 3435.000000
2139.500977 3587.000000
2140.705811 3378.000000
2141.910156 3536.000000
2143.113770 3227.000000
2144.316650 3235.000000
2145.519043 3743.000000
2146.720459 3538.000000
2147.921143 3618.000000
2149.121338 3803.000000
2150.320313 3462.000000
2151.519287 3327.000000
2152.717285 3746.000000
2153.914063 3634.000000
2155.110596 3523.000000
2156.306396 3545.000000
2157.501465 3475.000000
2158.695557 3437.000000
2159.888916 3452.000000
2161.081787 3463.000000
2162.273926 3484.000000
2163.465088 3699.000000
2164.656006 3402.000000
2165.845947 3498.000000
2167.034912 3458.000000
2168.223389 3545.000000
2169.410889 3451.000000
2170.598145 3498.000000
2171.784668 3541.000000
2172.970459 3484.000000
2174.155029 3479.000000
2175.339355 3522.000000
2176.522461 3436.000000
2177.705078 3379.000000
2178.887451 3409.000000
2180.068848 3424.000000
2181.249512 3490.000000
2182.429199 3409.000000
2183.608154 3528.000000
2184.786621 3351.000000
2185.964600 3346.000000
2187.141846 3361.000000
2188.317627 3454.000000
2189.493408 3244.000000
2190.668213 3484.000000
2191.842529 3540.000000
2193.015869 3399.000000
2194.188477 3412.000000
2195.360596 3532.000000
2196.531738 3413.000000
2197.702637 3465.000000
2198.872803 3695.000000
2200.041748 3469.000000
2201.210205 3634.000000
2202.377930 3715.000000
2203.544922 3592.000000
2204.711426 3650.000000
2205.877197 3691.000000
2207.041992 3605.000000
2208.206299 3599.000000
2209.369629 3793.000000
2210.532715 3465.000000
2211.694580 3502.000000
2212.856201 3563.000000
2214.016602 3534.000000
2215.177002 3442.000000
2216.336182 3592.000000
2217.494629 3510.000000
2218.652588 3560.000000
2219.810059 3538.000000
2220.966309 3440.000000
2222.122070 3557.000000
2223.277100 3340.000000
2224.431641 3590.000000
2225.585205 3352.000000
2226.738037 3681.000000
2227.890625 3819.000000
2229.042236 3397.000000
2230.192871 3425.000000
2231.343018 3568.000000
2232.492676 3435.000000
2233.641602 3499.000000
2234.789795 3587.000000
2235.937012 3450.000000
2237.083740 3506.000000
2238.229736 3562.000000
2239.375000 3555.000000
2240.519531 3630.000000
2241.663330 3553.000000
2242.806641 3737.000000
2243.948975 3534.000000
2245.090820 3491.000000
2246.232178 3545.000000
2247.372559 3548.000000
2248.512451 3607.000000
2249.651367 3561.000000
2250.789795 3643.000000
2251.927246 3691.000000
2253.064453 3725.000000
2254.200439 3519.000000
2255.336426 3438.000000
2256.470947 3534.000000
2257.605225 3418.000000
2258.738770 3763.000000
2259.871582 3568.000000
2261.003662 3701.000000
2262.135254 3430.000000
2263.265869 3617.000000
2264.395996 3399.000000
2265.525635 3466.000000
2266.654297 3359.000000
2267.782227 3394.000000
2268.909424 3442.000000
2270.035889 3826.000000
2271.161865 3609.000000
2272.287598 3562.000000
2273.412109 3617.000000
2274.535889 3558.000000
2275.658936 3864.000000
2276.781494 3738.000000
2277.903320 3497.000000
2279.024658 3543.000000
2280.144775 3485.000000
2281.264648 3566.000000
2282.383789 3486.000000
2283.502197 3759.000000
2284.619873 3458.000000
2285.737061 3522.000000
2286.853516 3434.000000
2287.969238 3576.000000
2289.083984 3331.000000
2290.198486 3526.000000
2291.312012 3685.000000
2292.425049 3686.000000
2293.537354 3550.000000
2294.648682 3540.000000
2295.759766 3550.000000
2296.870117 3566.000000
2297.979492 3572.000000
2299.088623 3617.000000
2300.196777 3606.000000
2301.304443 3557.000000
2302.411133 3621.000000
2303.517334 3580.000000
2304.623047 3383.000000
2305.727783 3480.000000
2306.832031 3387.000000
2307.935303 3450.000000
2309.038330 3560.000000
2310.140381 3383.000000
2311.242188 3549.000000
2312.343018 3372.000000
2313.442871 3557.000000
2314.542480 3441.000000
2315.641357 3654.000000
2316.739014 3638.000000
2317.836914 3469.000000
2318.933594 3371.000000
2320.029541 3526.000000
2321.125000 3689.000000
2322.219727 3421.000000
2323.313721 3382.000000
2324.407715 3459.000000
2325.500244 3637.000000
2326.592041 3215.000000
2327.683594 3511.000000
2328.774170 3332.000000
2329.864258 3650.000000
2330.953857 3667.000000
2332.042480 3495.000000
2333.130615 3332.000000
2334.217773 3466.000000
2335.304932 3517.000000
2336.391113 3490.000000
2337.476318 3583.000000
2338.561035 3512.000000
2339.645264 3412.000000
2340.728516 3634.000000
2341.811279 3541.000000
2342.893066 3440.000000
2343.974854 3466.000000
2345.055664 3488.000000
2346.135742 3657.000000
2347.214844 3466.000000
2348.293701 3733.000000
2349.372070 3438.000000
2350.449463 3418.000000
2351.526123 3456.000000
2352.602295 3389.000000
2353.677734 3607.000000
2354.752441 3677.000000
2355.826904 3433.000000
2356.900391 3597.000000
2357.973145 3658.000000
2359.045166 3532.000000
2360.116943 3543.000000
2361.187744 3658.000000
2362.258057 3439.000000
2363.327637 3721.000000
2364.396240 3521.000000
2365.464600 3551.000000
2366.532227 3453.000000
2367.599121 3399.000000
2368.665283 3478.000000
2369.730957 3631.000000
2370.795898 3467.000000
2371.860352 3592.000000
2372.923828 3530.000000
2373.987061 3709.000000
2375.049561 3675.000000
2376.111084 3594.000000
2377.172119 3433.000000
2378.232422 3661.000000
2379.292236 3435.000000
2380.351563 3402.000000
2381.409912 3546.000000
2382.467773 3360.000000
2383.524658 3671.000000
2384.581299 3398.000000
2385.636963 3650.000000
2386.692383 3688.000000
2387.747070 3522.000000
2388.800537 3719.000000
2389.853760 3697.000000
2390.906494 3425.000000
2391.958252 3568.000000
2393.009766 3462.000000
2394.060303 3618.000000
2395.110352 3588.000000
2396.159668 3547.000000
2397.208496 3461.000000
2398.256592 3514.000000
2399.303955 3509.000000
2400.350830 3586.000000
2401.396484 3527.000000
2402.442383 3451.000000
2403.487061 3653.000000
2404.531494 3408.000000
2405.575195 3416.000000
2406.617920 3571.000000
2407.660156 3560.000000
2408.701904 3918.000000
2409.742676 3506.000000
2410.783203 3492.000000
2411.822998 3502.000000
2412.862061 3700.000000
2413.900391 3748.000000
2414.938232 3577.000000
2415.975342 3769.000000
2417.011719 3473.000000
2418.047607 3549.000000
2419.083008 3741.000000
2420.117432 3695.000000
2421.151367 3867.000000
2422.184570 3534.000000
2423.217529 3364.000000
2424.249512 3571.000000
2425.280762 3515.000000
2426.311768 3604.000000
2427.341797 3618.000000
2428.371094 3530.000000
2429.400146 3615.000000
2430.428467 3400.000000
2431.456055 3604.000000
2432.482666 3384.000000
2433.509277 3426.000000
2434.534668 3420.000000
2435.560059 3556.000000
2436.584229 3652.000000
2437.608154 3444.000000
2438.630859 3590.000000
2439.653564 3446.000000
2440.675781 3585.000000
2441.696777 3637.000000
2442.717529 3545.000000
2443.737305 3526.000000
2444.756836 3590.000000
2445.775391 3578.000000
2446.793945 3543.000000
2447.811279 3802.000000
2448.828369 3576.000000
2449.844238 3426.000000
2450.859863 3629.000000
2451.874756 3642.000000
2452.889404 3402.000000
2453.902832 3473.000000
2454.915771 3553.000000
2455.928223 3620.000000
2456.940186 3733.000000
2457.951416 3429.000000
2458.962158 3688.000000
2459.971924 3619.000000
2460.981445 3541.000000
2461.989990 3678.000000
2462.997803 3563.000000
2464.005371 3585.000000
2465.012451 3558.000000
2466.018555 3434.000000
2467.023926 3610.000000
2468.029053 3519.000000
2469.033447 3570.000000
2470.037109 3730.000000
2471.040283 3473.000000
2472.042725 3485.000000
2473.044434 3458.000000
2474.045654 3549.000000
2475.046387 3697.000000
2476.046387 3651.000000
2477.045654 3503.000000
2478.044189 3637.000000
2479.042480 3642.000000
2480.039795 3788.000000
2481.036865 3443.000000
2482.033203 3391.000000
2483.028564 3627.000000
2484.023682 3433.000000
2485.018311 3700.000000
2486.011963 3750.000000
2487.005127 3847.000000
2487.997559 3651.000000
2488.989746 3531.000000
2489.981201 3525.000000
2490.971924 3705.000000
2491.961914 3675.000000
2492.951172 3758.000000
2493.940430 3583.000000
2494.928223 3647.000000
2495.916016 3603.000000
2496.903076 3494.000000
2497.889648 3453.000000
2498.875488 3624.000000
2499.860352 3563.000000
2500.845459 3590.000000
2501.829102 3573.000000
2502.812500 3470.000000
2503.794922 3638.000000
2504.777344 3599.000000
2505.758545 3661.000000
2506.739502 3371.000000
2507.720215 3436.000000
2508.699707 3604.000000
2509.679199 3767.000000
2510.657471 3552.000000
2511.635498 3623.000000
2512.612549 3762.000000
2513.589111 3637.000000
2514.565186 3716.000000
2515.540283 3553.000000
2516.515137 3476.000000
2517.489502 3684.000000
2518.462891 3498.000000
2519.436768 3593.000000
2520.408936 3659.000000
2521.380615 3534.000000
2522.351807 3820.000000
2523.322266 3641.000000
2524.292236 3539.000000
2525.261719 3544.000000
2526.230469 3514.000000
2527.198730 3625.000000
2528.166260 3596.000000
2529.132813 3703.000000
2530.099854 3640.000000
2531.065674 3433.000000
2532.030518 3571.000000
2532.995117 3610.000000
2533.959229 3450.000000
2534.922852 3545.000000
2535.885254 3539.000000
2536.847168 3890.000000
2537.808838 3698.000000
2538.769287 3409.000000
2539.729980 3479.000000
2540.689697 3660.000000
2541.648926 3577.000000
2542.607910 3641.000000
2543.565430 3879.000000
2544.522949 3530.000000
2545.479736 3553.000000
2546.435547 3491.000000
2547.391357 3423.000000
2548.346191 3366.000000
2549.300781 3681.000000
2550.254639 3475.000000
2551.207520 3607.000000
2552.160156 3439.000000
2553.112549 3688.000000
2554.063721 3663.000000
2555.014893 3708.000000
2555.965088 3639.000000
2556.914551 3959.000000
2557.863525 3676.000000
2558.812012 3742.000000
2559.759766 3698.000000
2560.707031 3668.000000
2561.653564 3378.000000
2562.600098 3545.000000
2563.545898 3901.000000
2564.490723 3500.000000
2565.434570 3812.000000
2566.378662 3756.000000
2567.321777 3687.000000
2568.264160 3768.000000
2569.205811 3665.000000
2570.147461 3654.000000
2571.088379 3505.000000
2572.028320 3615.000000
2572.967773 3689.000000
2573.906738 3916.000000
2574.845459 3488.000000
2575.783447 3412.000000
2576.720703 3742.000000
2577.657227 3643.000000
2578.593262 3610.000000
2579.529053 3593.000000
2580.463623 3624.000000
2581.398193 3612.000000
2582.331543 3539.000000
2583.264893 3548.000000
2584.197510 3414.000000
2585.129395 3641.000000
2586.061523 3609.000000
2586.992188 3799.000000
2587.922607 3669.000000
2588.851807 3545.000000
2589.781250 3807.000000
2590.709717 3468.000000
2591.637207 3791.000000
2592.564697 3668.000000
2593.491455 3920.000000
2594.417725 3522.000000
2595.343018 3717.000000
2596.268311 3615.000000
2597.193115 3664.000000
2598.116699 3529.000000
2599.040283 3581.000000
2599.962891 3552.000000
2600.885010 3524.000000
2601.806396 3509.000000
2602.727539 3723.000000
2603.647705 3602.000000
2604.567383 3465.000000
2605.486572 3564.000000
2606.405273 3760.000000
2607.323730 3779.000000
2608.241455 3537.000000
2609.158203 3635.000000
2610.074707 3582.000000
2610.990479 3718.000000
2611.905518 3546.000000
2612.820068 3751.000000
2613.734131 3588.000000
2614.647705 3805.000000
2615.560547 3617.000000
2616.472900 3586.000000
2617.384521 3583.000000
2618.296143 3616.000000
2619.207031 3691.000000
2620.116943 3503.000000
2621.026611 3701.000000
2621.935547 3604.000000
2622.843506 3505.000000
2623.751465 3703.000000
2624.658936 3551.000000
2625.565186 3532.000000
2626.471436 3553.000000
2627.377197 3494.000000
2628.281982 3934.000000
2629.186523 3579.000000
2630.090576 3657.000000
2630.993408 3599.000000
2631.896484 3646.000000
2632.798340 3637.000000
2633.699707 3639.000000
2634.600830 3426.000000
2635.500977 3612.000000
2636.401123 3573.000000
2637.300049 3515.000000
2638.198975 3531.000000
2639.097656 3697.000000
2639.995361 3462.000000
2640.892334 3499.000000
2641.788574 3622.000000
2642.684082 3487.000000
2643.579346 3608.000000
2644.474609 3776.000000
2645.368896 3652.000000
2646.262451 3789.000000
2647.155273 3607.000000
2648.048096 3790.000000
2648.939941 3644.000000
2649.831787 3529.000000
2650.722656 3562.000000
2651.613037 3507.000000
2652.502930 3656.000000
2653.391602 3577.000000
2654.280518 3403.000000
2655.168457 3525.000000
2656.055908 3546.000000
2656.943115 3545.000000
2657.829102 3611.000000
2658.715088 3683.000000
2659.600830 3770.000000
2660.485352 3804.000000
2661.369385 3534.000000
2662.253418 3638.000000
2663.136230 3767.000000
2664.018555 3518.000000
2664.900879 3593.000000
2665.781738 3657.000000
2666.662842 3732.000000
2667.542969 3667.000000
2668.422852 3872.000000
2669.302246 3627.000000
2670.180908 3743.000000
2671.059082 3722.000000
2671.936768 3588.000000
2672.813721 3961.000000
2673.689941 3699.000000
2674.565918 3558.000000
2675.441162 3644.000000
2676.315918 3734.000000
2677.189941 3479.000000
2678.063721 3512.000000
2678.936768 3825.000000
2679.809570 3536.000000
2680.681641 3821.000000
2681.553223 3755.000000
2682.424072 3870.000000
2683.294922 3551.000000
2684.164551 3533.000000
2685.033691 3595.000000
2685.902588 3823.000000
2686.770752 3660.000000
2687.638428 3876.000000
2688.505371 3879.000000
2689.372070 4127.000000
2690.238770 3594.000000
2691.104004 3526.000000
2691.968506 3612.000000
2692.833252 3602.000000
2693.696777 3604.000000
2694.560303 3621.000000
2695.422852 3645.000000
2696.284912 3484.000000
2697.146729 3585.000000
2698.008057 3533.000000
2698.868652 3483.000000
2699.728516 3663.000000
2700.588623 3834.000000
2701.447510 3563.000000
2702.305664 3670.000000
2703.163574 3763.000000
2704.020996 3775.000000
2704.877930 3689.000000
2705.734131 3574.000000
2706.589600 3798.000000
2707.445068 3710.000000
2708.299561 3576.000000
2709.154053 3688.000000
2710.007813 3781.000000
2710.860596 3593.000000
2711.713379 3844.000000
2712.565430 3965.000000
2713.416748 3445.000000
2714.267578 3636.000000
2715.117920 3747.000000
2715.967773 3726.000000
2716.816650 3547.000000
2717.665771 3751.000000
2718.514160 3817.000000
2719.361816 3580.000000
2720.209717 3706.000000
2721.056152 3696.000000
2721.902100 3864.000000
2722.747559 4435.000000
2723.593018 3640.000000
2724.437012 3777.000000
2725.281494 3562.000000
2726.124756 3773.000000
2726.967529 3723.000000
2727.809814 3814.000000
2728.651855 3819.000000
2729.492920 3545.000000
2730.334473 3572.000000
2731.174561 3806.000000
2732.014160 3702.000000
2732.853760 3714.000000
2733.692383 3647.000000
2734.530762 3761.000000
2735.368408 3588.000000
2736.204834 3684.000000
2737.041748 3885.000000
2737.877930 3567.000000
2738.713379 3735.000000
2739.549072 4076.000000
2740.383301 3873.000000
2741.217529 3839.000000
2742.050537 3674.000000
2742.883545 3755.000000
2743.716064 3614.000000
2744.547852 3416.000000
2745.379395 3500.000000
2746.209961 3666.000000
2747.040283 3759.000000
2747.869873 3685.000000
2748.699463 3662.000000
2749.528564 3656.000000
2750.356934 3570.000000
2751.184570 3700.000000
2752.011475 3552.000000
2752.838379 3606.000000
2753.664307 3672.000000
2754.489990 3513.000000
2755.315186 3665.000000
2756.139648 3462.000000
2756.963867 3721.000000
2757.787354 3590.000000
2758.610840 3743.000000
2759.433594 3604.000000
2760.255371 3588.000000
2761.076904 3672.000000
2761.897949 3765.000000
2762.718262 3860.000000
2763.538086 3625.000000
2764.357666 3693.000000
2765.176758 3646.000000
2765.994873 3851.000000
2766.812744 3369.000000
2767.630127 3715.000000
2768.447510 3654.000000
2769.264160 3613.000000
2770.079834 3643.000000
2770.895264 3770.000000
2771.709961 3535.000000
2772.524170 3689.000000
2773.338135 3578.000000
2774.151367 3687.000000
2774.964111 3622.000000
2775.776611 3791.000000
2776.588135 3775.000000
2777.399170 3501.000000
2778.210693 3847.000000
2779.020752 3830.000000
2779.830566 3767.000000
2780.639893 3791.000000
2781.448486 3772.000000
2782.256836 3708.000000
2783.064697 3657.000000
2783.871582 3627.000000
2784.678223 3911.000000
2785.484619 3829.000000
2786.290039 3674.000000
2787.095703 3736.000000
2787.900635 3782.000000
2788.704590 3562.000000
2789.508301 3771.000000
2790.311279 3457.000000
2791.114014 3590.000000
2791.916016 3738.000000
2792.717773 3852.000000
2793.518555 3762.000000
2794.319580 3831.000000
2795.119873 3736.000000
2795.919678 3745.000000
2796.718750 3674.000000
2797.517578 3997.000000
2798.315918 3694.000000
2799.113770 3582.000000
2799.910889 3886.000000
2800.707520 3509.000000
2801.503662 3792.000000
2802.299316 3868.000000
2803.094238 3656.000000
2803.889160 3653.000000
2804.683350 3847.000000
2805.477051 3569.000000
2806.270752 3697.000000
2807.062988 3573.000000
2807.855469 3779.000000
2808.646973 3571.000000
2809.438232 3790.000000
2810.229004 3598.000000
2811.019043 3899.000000
2811.808838 3902.000000
2812.597900 3776.000000
2813.386719 3489.000000
2814.174805 3481.000000
2814.963379 3622.000000
2815.750488 3654.000000
2816.537598 3981.000000
2817.323730 3707.000000
2818.109619 3626.000000
2818.894775 3905.000000
2819.679688 3705.000000
2820.463623 3939.000000
2821.247803 3839.000000
2822.031006 3725.000000
2822.813965 3843.000000
2823.596436 3826.000000
2824.378662 3374.000000
2825.159912 3868.000000
2825.940918 3811.000000
2826.721436 3719.000000
2827.501221 3681.000000
2828.281006 3666.000000
2829.059814 4325.000000
2829.838135 3715.000000
2830.616455 4079.000000
2831.393799 3867.000000
2832.170898 3617.000000
2832.947266 3586.000000
2833.723877 3644.000000
2834.499268 3419.000000
2835.274658 3834.000000
2836.048828 3859.000000
2836.823242 3628.000000
2837.597168 3710.000000
2838.369873 3776.000000
2839.142822 3893.000000
2839.915039 3743.000000
2840.686768 3813.000000
2841.458252 3790.000000
2842.229492 3712.000000
2842.999756 3771.000000
2843.769531 3642.000000
2844.538574 3910.000000
2845.307617 3916.000000
2846.076172 3801.000000
2846.843750 3759.000000
2847.611328 3744.000000
2848.378662 3762.000000
2849.145020 3814.000000
2849.910889 3503.000000
2850.676270 3671.000000
2851.442139 4225.000000
2852.206543 3725.000000
2852.970947 3857.000000
2853.734375 3778.000000
2854.497559 3735.000000
2855.260498 3812.000000
2856.022461 3840.000000
2856.784180 3851.000000
2857.545898 3574.000000
2858.306396 3811.000000
2859.067139 3702.000000
2859.826904 3985.000000
2860.586426 3915.000000
2861.345703 3672.000000
2862.103760 3806.000000
2862.861816 3685.000000
2863.619629 3880.000000
2864.376465 3952.000000
2865.133301 3686.000000
2865.889160 3893.000000
2866.644775 3586.000000
2867.400146 3790.000000
2868.154785 3801.000000
2868.909912 3885.000000
2869.663330 3935.000000
2870.416992 3994.000000
2871.169678 3850.000000
2871.922363 3792.000000
2872.674072 3730.000000
2873.425781 4007.000000
2874.176514 4026.000000
2874.927246 4304.000000
2875.677246 4314.000000
2876.427002 4446.000000
2877.176025 4703.000000
2877.925537 4806.000000
2878.673584 5205.000000
2879.421631 5036.000000
2880.168457 4944.000000
2880.915771 4671.000000
2881.662109 4921.000000
2882.407959 4598.000000
2883.153320 4133.000000
2883.898682 4045.000000
2884.643066 4111.000000
2885.387207 4219.000000
2886.131592 4257.000000
2886.874756 4122.000000
2887.617676 4104.000000
2888.359863 3872.000000
2889.101563 3990.000000
2889.843018 4132.000000
2890.583984 3858.000000
2891.324463 3874.000000
2892.064453 3709.000000
2892.803955 4026.000000
2893.543457 4172.000000
2894.281982 3893.000000
2895.020752 4074.000000
2895.758545 3735.000000
2896.495850 3805.000000
2897.232666 3777.000000
2897.969238 3799.000000
2898.705078 3733.000000
2899.440918 3806.000000
2900.175781 3678.000000
2900.910400 3739.000000
2901.644531 3915.000000
2902.378662 3887.000000
2903.111816 3846.000000
2903.844971 3730.000000
2904.577637 3890.000000
2905.309570 3870.000000
2906.041016 3952.000000
2906.771973 3952.000000
