scanname Scan037
timestamp 2024-03-06 20:58:48
ccdbias 994.305176
ccdgain 4.313516
sigmaread 9.885917
laserwavenum -0.008358
wavenumcorrection -0.861481
scancount 2
totalexposurems 2612
singleexposurems 2537
measurementstate Unknown
scanmode Auto
snr 82.678566 19.925768 5.777476
replacelist 1
1129 6337.000000 5001.000000
peaks 3
241.096176 0.468132 0.000000 7.725234 0.000463
250.567505 0.462808 0.000000 6.737238 0.000572
1000.192078 0.104729 0.000000 0.253642 0.000015
finalresult GLS_Single 1
U4Z0X7	benfentmags-4	8.739816e-002
spectrum 2048
-92.814148 64.468185
-90.209999 64.792183
-87.607620 66.577034
-85.006989 65.827431
-82.408112 66.838959
-79.810982 61.958580
-77.215614 59.361996
-74.621994 58.832302
-72.030113 56.674919
-69.439987 52.792751
-66.851601 50.223217
-64.264969 47.818214
-61.680069 44.311657
-59.096912 41.198658
-56.515499 38.019970
-53.935818 34.808826
-51.357876 31.306204
-48.781670 28.886421
-46.207195 25.897179
-43.634449 22.842978
-41.063442 20.053610
-38.494156 18.112349
-35.926601 15.220695
-33.360767 0.280569
-30.796665 0.182626
-28.234280 0.162658
-25.673624 0.152499
-23.114689 0.143922
-20.557463 0.136292
-18.001955 0.134707
-15.448171 0.132168
-12.896100 0.133257
-10.345736 0.135186
-7.797083 0.143433
-5.250147 0.167080
-2.704921 0.206415
-0.161393 0.217292
2.380429 0.221732
4.920539 0.202098
7.458945 0.172208
9.995659 0.294487
12.530673 0.530626
15.063980 0.742918
17.595591 0.743468
20.125511 0.772463
22.653740 0.760710
25.180269 0.757246
27.705103 0.731342
30.228260 0.744311
32.749729 0.744315
35.269508 0.723246
37.787586 0.756719
40.303993 0.720204
42.818718 0.742336
45.331749 0.700381
47.843113 0.714156
50.352802 0.671936
52.860809 0.672574
55.367146 0.679223
57.871788 0.639294
60.374779 0.698885
62.876095 0.655894
65.375725 0.596810
67.873703 0.633989
70.370010 0.589112
72.864662 0.628747
75.357635 0.680792
77.848938 0.565694
80.338593 0.592257
82.826599 0.477704
85.312912 0.490446
87.797592 0.529675
90.280617 0.518000
92.761986 0.530985
95.241692 0.442343
97.719749 0.424312
100.196159 0.511768
102.670937 0.554197
105.144028 0.519379
107.615494 0.568157
110.085320 0.546840
112.553497 0.423233
115.020050 0.496072
117.484932 0.340815
119.948189 0.424240
122.409813 0.412937
124.869797 0.364042
127.328140 0.319177
129.784851 0.352377
132.239944 0.444194
134.693390 0.307022
137.145203 0.409784
139.595398 0.352052
142.043961 0.353016
144.490906 0.310418
146.936218 0.298363
149.379929 0.302098
151.821991 0.302777
154.262436 0.264948
156.701263 0.282031
159.138504 0.274249
161.574081 0.272757
164.008057 0.268289
166.440445 0.254398
168.871201 0.243572
171.300339 0.238374
173.727890 0.228199
176.153824 0.216879
178.578125 0.211478
181.000854 0.204778
183.421982 0.202804
185.841492 0.203798
188.259415 0.204530
190.675720 0.205466
193.090439 0.208233
195.503555 0.211416
197.915085 0.216092
200.325012 0.222336
202.733337 0.230965
205.140091 0.236566
207.545227 0.245720
209.948776 0.255802
212.350769 0.264178
214.751144 0.276671
217.149933 0.285270
219.547195 0.299324
221.942795 0.313213
224.336884 0.327721
226.729340 0.351510
229.120224 0.387527
231.509567 0.422906
233.897308 0.442083
236.283478 0.454611
238.668060 0.466475
241.051086 0.469476
243.432571 0.462256
245.812439 0.457513
248.190735 0.447257
250.567505 0.428567
252.942673 0.405134
255.316284 0.370445
257.688354 0.337866
260.058868 0.304715
262.427795 0.276223
264.795166 0.253242
267.160980 0.230753
269.525269 0.211396
271.887970 0.196970
274.249115 0.185448
276.608734 0.175304
278.966766 0.167324
281.323273 0.156914
283.678192 0.151699
286.031586 0.144674
288.383514 0.140016
290.733795 0.135479
293.082520 0.132280
295.429810 0.125979
297.775482 0.123875
300.119659 0.120670
302.462219 0.118916
304.803314 0.117479
307.142853 0.114916
309.480865 0.113098
311.817352 0.110195
314.152283 0.110083
316.485687 0.110082
318.817566 0.108182
321.147919 0.108523
323.476715 0.106397
325.804016 0.107455
328.129791 0.105328
330.454041 0.105901
332.776794 0.104072
335.098022 0.104821
337.417694 0.103786
339.735840 0.103544
342.052490 0.103043
344.367615 0.103365
346.681244 0.101477
348.993408 0.101959
351.303986 0.101347
353.613068 0.102159
355.920654 0.099503
358.226715 0.100983
360.531281 0.099590
362.834381 0.099734
365.135864 0.097872
367.435944 0.099039
369.734497 0.098440
372.031525 0.098846
374.327148 0.098078
376.621155 0.099494
378.913727 0.099641
381.204803 0.097336
383.494354 0.099084
385.782440 0.097487
388.068970 0.095418
390.354126 0.095798
392.637726 0.095482
394.919830 0.095875
397.200409 0.096058
399.479584 0.097332
401.757263 0.093712
404.033447 0.096310
406.308136 0.097203
408.581360 0.096702
410.853058 0.097491
413.123291 0.096351
415.392120 0.095759
417.659363 0.097179
419.925201 0.095601
422.189606 0.093457
424.452423 0.094911
426.713867 0.093655
428.973785 0.093712
431.232239 0.094922
433.489288 0.096257
435.744812 0.094758
437.998932 0.095955
440.251495 0.095118
442.502655 0.094342
444.752380 0.094786
447.000549 0.093369
449.247314 0.094113
451.492645 0.093532
453.736450 0.092555
455.978882 0.093796
458.219818 0.094144
460.459259 0.095366
462.697296 0.091278
464.933929 0.092259
467.169098 0.092718
469.402710 0.091893
471.635010 0.090453
473.865784 0.091249
476.095062 0.092198
478.323059 0.091326
480.549500 0.092841
482.774475 0.092044
484.998169 0.090539
487.220245 0.092183
489.440887 0.091046
491.660248 0.090356
493.878052 0.091940
496.094421 0.089920
498.309479 0.088999
500.522980 0.091159
502.735016 0.090864
504.945770 0.089762
507.154968 0.091950
509.362885 0.091054
511.569214 0.090946
513.774170 0.091900
515.977844 0.091155
518.179932 0.090807
520.380554 0.092240
522.579956 0.091659
524.777771 0.089855
526.974121 0.089530
529.169250 0.090139
531.362854 0.090974
533.554932 0.090064
535.745789 0.089043
537.935181 0.090072
540.123047 0.089598
542.309753 0.091363
544.494812 0.090893
546.678467 0.090721
548.860962 0.090585
551.041870 0.089616
553.221313 0.091047
555.399475 0.090968
557.576172 0.090911
559.751404 0.091412
561.925415 0.091343
564.097961 0.089627
566.268982 0.091763
568.438843 0.090740
570.607117 0.090333
572.773987 0.090768
574.939575 0.090144
577.103699 0.090835
579.266602 0.090751
581.427917 0.091191
583.587891 0.091752
585.746521 0.090182
587.903687 0.091505
590.059448 0.090536
592.213989 0.091919
594.366943 0.091869
596.518616 0.092442
598.669006 0.091299
600.817871 0.091577
602.965393 0.090856
605.111572 0.091413
607.256348 0.090498
609.399719 0.091825
611.541931 0.093302
613.682434 0.091600
615.821655 0.091264
617.959717 0.091524
620.096252 0.091994
622.231384 0.092752
624.365234 0.093103
626.497681 0.091762
628.628784 0.092503
630.758545 0.093067
632.886841 0.092497
635.013794 0.092546
637.139526 0.091913
639.263733 0.091307
641.386658 0.092365
643.508301 0.092074
645.628418 0.090272
647.747375 0.092559
649.864807 0.091612
651.981018 0.092969
654.095825 0.093770
656.209229 0.093243
658.321228 0.092910
660.432129 0.093082
662.541443 0.094037
664.649536 0.093346
666.756226 0.092141
668.861572 0.094073
670.965515 0.093148
673.068298 0.092386
675.169556 0.092072
677.269592 0.092068
679.368286 0.094646
681.465515 0.093813
683.561462 0.094615
685.656250 0.092829
687.749512 0.093189
689.841431 0.095997
691.932129 0.094620
694.021423 0.093202
696.109314 0.093650
698.196045 0.092972
700.281433 0.093885
702.365295 0.095213
704.448059 0.094201
706.529480 0.093682
708.609375 0.093325
710.688171 0.093908
712.765442 0.095028
714.841675 0.094813
716.916382 0.094592
718.989746 0.094549
721.061890 0.095181
723.132690 0.094643
725.202087 0.093626
727.270325 0.094247
729.337097 0.094560
731.402649 0.094502
733.466858 0.096320
735.529785 0.092929
737.591309 0.093698
739.651733 0.094602
741.710632 0.095349
743.768250 0.095741
745.824707 0.095690
747.879761 0.096485
749.933472 0.096933
751.986023 0.095308
754.037170 0.095940
756.086914 0.097797
758.135620 0.096680
760.182800 0.096630
762.228699 0.096384
764.273499 0.094908
766.316833 0.097451
768.358887 0.095813
770.399719 0.096970
772.439148 0.097374
774.477356 0.095364
776.514343 0.096574
778.549988 0.094828
780.584351 0.097188
782.617371 0.095208
784.649170 0.095392
786.679688 0.095579
788.708801 0.095458
790.736694 0.096695
792.763428 0.100577
794.788696 0.096859
796.812805 0.097400
798.835632 0.096833
800.857056 0.096338
802.877319 0.096824
804.896362 0.098265
806.914063 0.097277
808.930359 0.095612
810.945435 0.097275
812.959412 0.097449
814.972046 0.096655
816.983276 0.096510
818.993469 0.096047
821.002258 0.097288
823.009827 0.096833
825.016052 0.097339
827.020996 0.098944
829.024841 0.096879
831.027283 0.096922
833.028442 0.098773
835.028442 0.097315
837.027100 0.096532
839.024536 0.098148
841.020813 0.099137
843.015625 0.099168
845.009216 0.099891
847.001770 0.097866
848.992859 0.098733
850.982727 0.098971
852.971436 0.098565
854.958801 0.098856
856.944824 0.098581
858.929871 0.100543
860.913452 0.099503
862.895874 0.098312
864.877075 0.099803
866.856995 0.100464
868.835510 0.099749
870.813110 0.098813
872.789246 0.099240
874.764099 0.098523
876.737976 0.099794
878.710388 0.097625
880.681519 0.100436
882.651611 0.099362
884.620300 0.098915
886.587769 0.100039
888.554138 0.098667
890.519104 0.100773
892.483032 0.099984
894.445618 0.100186
896.406921 0.099047
898.367126 0.098559
900.325989 0.098405
902.283630 0.100982
904.240112 0.101265
906.195251 0.099015
908.149170 0.099968
910.102051 0.099159
912.053589 0.098458
914.003845 0.100708
915.952942 0.101683
917.900879 0.100950
919.847473 0.100870
921.793030 0.100887
923.737183 0.102483
925.680115 0.101707
927.622009 0.101656
929.562561 0.101192
931.501892 0.099480
933.440063 0.101481
935.377014 0.100397
937.312744 0.100279
939.247253 0.099118
941.180542 0.100407
943.112610 0.100520
945.043518 0.099168
946.973206 0.099214
948.901855 0.100286
950.829041 0.100718
952.755066 0.100522
954.680054 0.098789
956.603699 0.100353
958.526062 0.101639
960.447388 0.100768
962.367432 0.100838
964.286255 0.100956
966.204041 0.100422
968.120483 0.100470
970.035645 0.101416
971.949829 0.102110
973.862732 0.103889
975.774414 0.100858
977.684998 0.099427
979.594238 0.099555
981.502319 0.101286
983.409363 0.100796
985.315063 0.101058
987.219604 0.103727
989.123108 0.104599
991.025208 0.100739
992.926147 0.102416
994.826111 0.104707
996.724670 0.104794
998.622131 0.104504
1000.518494 0.105844
1002.413574 0.105279
1004.307495 0.102928
1006.200378 0.106467
1008.091797 0.102776
1009.982178 0.103240
1011.871399 0.102468
1013.759460 0.102504
1015.646362 0.100839
1017.532104 0.102601
1019.416565 0.103070
1021.299988 0.102635
1023.182190 0.102184
1025.062988 0.102174
1026.942871 0.102893
1028.821655 0.103906
1030.699097 0.104744
1032.575562 0.104285
1034.450684 0.104023
1036.324585 0.103846
1038.197632 0.102858
1040.069214 0.104635
1041.939819 0.104545
1043.809204 0.105655
1045.677368 0.104892
1047.544312 0.104068
1049.410278 0.103084
1051.275024 0.104291
1053.138550 0.101830
1055.000977 0.104033
1056.862427 0.103039
1058.722412 0.104625
1060.581543 0.103723
1062.439087 0.105452
1064.295898 0.104289
1066.151367 0.104980
1068.005737 0.104711
1069.859131 0.104790
1071.711182 0.104680
1073.562012 0.106180
1075.411865 0.104542
1077.260498 0.105463
1079.107910 0.105962
1080.954224 0.104537
1082.799561 0.105020
1084.643555 0.106850
1086.486572 0.105430
1088.328247 0.106338
1090.168945 0.106102
1092.008423 0.108656
1093.846802 0.107483
1095.684082 0.108862
1097.520142 0.109179
1099.355103 0.107641
1101.188843 0.106211
1103.021729 0.105473
1104.853149 0.107379
1106.683594 0.105667
1108.513062 0.106608
1110.341064 0.106992
1112.168091 0.105463
1113.994141 0.105994
1115.818726 0.107894
1117.642578 0.108820
1119.465210 0.107712
1121.286499 0.106061
1123.106689 0.107705
1124.926147 0.108947
1126.744019 0.106464
1128.560913 0.105335
1130.376709 0.107872
1132.191528 0.107165
1134.005127 0.105170
1135.817505 0.106658
1137.628784 0.106304
1139.439087 0.105443
1141.248169 0.105665
1143.056152 0.105989
1144.863037 0.103545
1146.668701 0.106971
1148.473389 0.104906
1150.276978 0.106145
1152.079346 0.105378
1153.880737 0.108403
1155.680908 0.108146
1157.480103 0.106280
1159.278076 0.108565
1161.074951 0.102756
1162.870605 0.104417
1164.665405 0.106826
1166.458984 0.106494
1168.251343 0.106463
1170.042725 0.104345
1171.833130 0.107363
1173.622192 0.103847
1175.410278 0.108766
1177.197266 0.105779
1178.983032 0.104273
1180.767822 0.106791
1182.551514 0.105186
1184.334106 0.106674
1186.115723 0.107015
1187.896118 0.104972
1189.675293 0.106752
1191.453613 0.105027
1193.230835 0.106710
1195.006592 0.107593
1196.781738 0.107276
1198.555420 0.105625
1200.328247 0.108214
1202.099976 0.106616
1203.870483 0.106890
1205.640015 0.107009
1207.408447 0.107282
1209.175659 0.106188
1210.941895 0.108006
1212.707153 0.107130
1214.471191 0.106881
1216.234131 0.105637
1217.995972 0.108003
1219.756714 0.106438
1221.516602 0.108933
1223.275269 0.107349
1225.032837 0.106551
1226.789429 0.108553
1228.544800 0.106735
1230.299194 0.105950
1232.052490 0.106353
1233.804810 0.106049
1235.555786 0.109316
1237.305908 0.108161
1239.054932 0.107993
1240.802979 0.107750
1242.549683 0.106698
1244.295532 0.104574
1246.040283 0.107345
1247.783936 0.109491
1249.526489 0.108730
1251.267944 0.109010
1253.008545 0.109465
1254.747925 0.107440
1256.486206 0.108523
1258.223633 0.107189
1259.959595 0.106889
1261.694702 0.107994
1263.428833 0.109573
1265.161865 0.105834
1266.893921 0.106676
1268.624878 0.106618
1270.354736 0.107537
1272.083374 0.107087
1273.811279 0.107798
1275.537842 0.106489
1277.263306 0.108754
1278.988037 0.109153
1280.711548 0.107052
1282.434082 0.107073
1284.155396 0.110268
1285.875732 0.108370
1287.595093 0.109301
1289.313477 0.109021
1291.030640 0.107902
1292.746704 0.109026
1294.461914 0.109768
1296.176147 0.110204
1297.889160 0.110059
1299.600952 0.109639
1301.311768 0.110401
1303.021851 0.109799
1304.730713 0.111489
1306.438354 0.108927
1308.145264 0.111104
1309.850830 0.109873
1311.555664 0.109236
1313.259277 0.109691
1314.962036 0.111364
1316.663452 0.111168
1318.364136 0.110247
1320.063599 0.110811
1321.761963 0.112675
1323.459473 0.113163
1325.155762 0.112595
1326.851196 0.110384
1328.545532 0.110842
1330.238892 0.109380
1331.931152 0.112007
1333.622437 0.111712
1335.312500 0.111288
1337.001587 0.110448
1338.689941 0.111584
1340.377075 0.112632
1342.062988 0.111546
1343.748169 0.110568
1345.432251 0.114083
1347.115234 0.115038
1348.797241 0.115657
1350.478149 0.112289
1352.158081 0.112469
1353.837158 0.112006
1355.515015 0.110455
1357.191895 0.110186
1358.867798 0.113008
1360.542603 0.111514
1362.216553 0.112176
1363.889404 0.111149
1365.561035 0.113367
1367.232056 0.112521
1368.901611 0.113766
1370.570435 0.112369
1372.238159 0.112376
1373.904907 0.111821
1375.570679 0.114205
1377.235352 0.112248
1378.898926 0.112379
1380.561768 0.110444
1382.223389 0.112225
1383.884033 0.115461
1385.543579 0.113438
1387.202393 0.113679
1388.859985 0.113019
1390.516602 0.113540
1392.172363 0.112199
1393.826904 0.114160
1395.480469 0.112460
1397.133179 0.111952
1398.784668 0.114987
1400.435303 0.113342
1402.084961 0.114902
1403.733521 0.112927
1405.381226 0.115557
1407.027954 0.113199
1408.673462 0.112783
1410.318115 0.113428
1411.961792 0.111911
1413.604370 0.111844
1415.245972 0.113570
1416.886597 0.112371
1418.526367 0.110870
1420.165039 0.111664
1421.802490 0.112033
1423.439331 0.112638
1425.074829 0.111037
1426.709473 0.111806
1428.343262 0.113716
1429.975952 0.114757
1431.607788 0.109934
1433.238281 0.113327
1434.868286 0.111505
1436.496948 0.110550
1438.124634 0.110829
1439.751465 0.114619
1441.377197 0.113548
1443.001953 0.111217
1444.625854 0.112269
1446.248779 0.113606
1447.870483 0.112349
1449.491455 0.112915
1451.111450 0.111656
1452.730225 0.108384
1454.348267 0.111697
1455.965210 0.112451
1457.581177 0.113367
1459.196289 0.111633
1460.810059 0.113966
1462.423218 0.111289
1464.035400 0.113396
1465.646484 0.112606
1467.256714 0.112373
1468.865723 0.113534
1470.473877 0.112926
1472.081177 0.112813
1473.687378 0.112507
1475.292603 0.113174
1476.896851 0.111549
1478.500244 0.113295
1480.102539 0.112243
1481.703979 0.112974
1483.304565 0.112955
1484.903931 0.112130
1486.502441 0.112449
1488.099854 0.113677
1489.696411 0.112550
1491.292114 0.112376
1492.886719 0.111621
1494.480225 0.109093
1496.072998 0.111835
1497.664917 0.112284
1499.255371 0.110822
1500.845581 0.109639
1502.434204 0.112535
1504.022217 0.111172
1505.609253 0.109320
1507.195068 0.112054
1508.780273 0.109024
1510.364380 0.111687
1511.947510 0.111288
1513.529419 0.110146
1515.110718 0.112479
1516.691162 0.112724
1518.270508 0.111319
1519.848755 0.111418
1521.426147 0.113360
1523.002319 0.112148
1524.578003 0.110588
1526.152710 0.111083
1527.726196 0.110187
1529.298950 0.110976
1530.870483 0.110851
1532.441040 0.112521
1534.011230 0.111474
1535.580078 0.113106
1537.147705 0.110660
1538.714722 0.110961
1540.280884 0.111811
1541.845825 0.112178
1543.410156 0.113747
1544.973267 0.114119
1546.535522 0.112674
1548.096802 0.110242
1549.657104 0.112122
1551.216553 0.110957
1552.775146 0.111018
1554.332642 0.111103
1555.889282 0.114322
1557.444824 0.112981
1558.999512 0.111635
1560.553467 0.111911
1562.106445 0.110311
1563.658325 0.112093
1565.209229 0.109765
1566.759155 0.111452
1568.308350 0.111120
1569.856689 0.111538
1571.404175 0.111502
1572.950439 0.111421
1574.495728 0.109329
1576.040405 0.112478
1577.583618 0.110659
1579.126221 0.106786
1580.668213 0.112264
1582.208618 0.111918
1583.748657 0.112631
1585.287354 0.112416
1586.825317 0.109458
1588.362671 0.112783
1589.898804 0.111011
1591.433960 0.113022
1592.968140 0.112361
1594.501343 0.112423
1596.033936 0.111027
1597.565430 0.112314
1599.096191 0.113866
1600.625610 0.113159
1602.154419 0.110363
1603.682251 0.113674
1605.209106 0.110403
1606.735229 0.111708
1608.260254 0.110525
1609.784424 0.109546
1611.307617 0.110499
1612.829956 0.108421
1614.351318 0.113129
1615.871948 0.112218
1617.391602 0.112374
1618.910034 0.111386
1620.427856 0.111443
1621.944580 0.113882
1623.460449 0.110144
1624.975708 0.112896
1626.489868 0.111265
1628.002808 0.110329
1629.515381 0.112359
1631.026489 0.110811
1632.537109 0.110011
1634.046753 0.106756
1635.555420 0.110057
1637.062988 0.109884
1638.569946 0.108864
1640.075684 0.110029
1641.581055 0.109931
1643.085083 0.110950
1644.588257 0.110358
1646.090698 0.107624
1647.592041 0.108435
1649.092407 0.109359
1650.592285 0.110629
1652.090820 0.108893
1653.588623 0.109044
1655.085571 0.112310
1656.581421 0.108281
1658.076538 0.108623
1659.570923 0.106782
1661.064209 0.111194
1662.556763 0.108871
1664.048218 0.109626
1665.538696 0.107482
1667.028564 0.107928
1668.517578 0.108334
1670.005371 0.109138
1671.492432 0.109729
1672.978638 0.108596
1674.463745 0.109336
1675.948242 0.111183
1677.431885 0.109326
1678.914429 0.109516
1680.396118 0.107597
1681.876953 0.109295
1683.356689 0.109213
1684.836060 0.110210
1686.314209 0.107871
1687.791504 0.108469
1689.267700 0.106336
1690.743286 0.108558
1692.217773 0.108048
1693.691650 0.109376
1695.164429 0.111717
1696.636475 0.108758
1698.107422 0.109330
1699.577637 0.105978
1701.046875 0.110166
1702.515503 0.108846
1703.982910 0.109007
1705.449585 0.107075
1706.915405 0.107090
1708.380249 0.109882
1709.844238 0.107833
1711.307739 0.111031
1712.769897 0.109192
1714.231079 0.105836
1715.691772 0.107074
1717.151367 0.108973
1718.609985 0.107644
1720.068115 0.110083
1721.525146 0.107072
1722.981201 0.107967
1724.436523 0.107935
1725.890747 0.107746
1727.344604 0.108407
1728.797241 0.108287
1730.248901 0.108108
1731.699585 0.109597
1733.149780 0.108284
1734.598877 0.110914
1736.047485 0.108200
1737.494873 0.106716
1738.941406 0.108363
1740.386963 0.108208
1741.831909 0.106693
1743.275757 0.107207
1744.719116 0.108931
1746.161255 0.110027
1747.602539 0.108904
1749.043091 0.107954
1750.482666 0.107012
1751.921509 0.110276
1753.359619 0.107259
1754.796509 0.104324
1756.232788 0.108358
1757.668213 0.106352
1759.102539 0.108661
1760.536011 0.107000
1761.968994 0.108278
1763.400879 0.106368
1764.831909 0.106584
1766.261963 0.109069
1767.691284 0.107371
1769.119751 0.107029
1770.547485 0.106588
1771.974365 0.106893
1773.400146 0.108470
1774.825073 0.109200
1776.249146 0.106455
1777.672852 0.107021
1779.095337 0.107830
1780.516846 0.107871
1781.937622 0.108887
1783.357422 0.108397
1784.776489 0.109329
1786.194946 0.108273
1787.612427 0.107782
1789.028687 0.106589
1790.444458 0.109922
1791.859375 0.105130
1793.273071 0.105587
1794.686523 0.106521
1796.098877 0.108273
1797.510376 0.107919
1798.920654 0.105948
1800.330444 0.107586
1801.739258 0.106865
1803.147583 0.109593
1804.554688 0.107042
1805.961304 0.109074
1807.366699 0.106145
1808.771362 0.108085
1810.175049 0.106926
1811.578369 0.108133
1812.980347 0.106313
1814.381714 0.105180
1815.782104 0.106300
1817.181763 0.109142
1818.580444 0.109462
1819.978760 0.106507
1821.375854 0.106598
1822.772095 0.104392
1824.167603 0.106374
1825.562012 0.105488
1826.956055 0.104018
1828.349121 0.108996
1829.741089 0.105416
1831.132324 0.106722
1832.522827 0.109028
1833.912354 0.104972
1835.301392 0.106700
1836.689209 0.104874
1838.076416 0.107960
1839.462524 0.106081
1840.848145 0.108740
1842.232544 0.106895
1843.616455 0.105708
1844.999390 0.107445
1846.381592 0.105581
1847.762939 0.104752
1849.143311 0.108191
1850.522949 0.105456
1851.901978 0.107155
1853.280029 0.109380
1854.657104 0.104497
1856.033447 0.108868
1857.408936 0.107932
1858.783447 0.109387
1860.157715 0.108500
1861.530884 0.107368
1862.902954 0.106808
1864.274292 0.105050
1865.644775 0.104929
1867.014771 0.104915
1868.383667 0.108224
1869.751953 0.110590
1871.119141 0.104787
1872.485474 0.107222
1873.851196 0.107985
1875.216187 0.105539
1876.580200 0.107069
1877.943481 0.105551
1879.305786 0.106096
1880.667236 0.105969
1882.028076 0.106875
1883.388184 0.104254
1884.747314 0.106673
1886.105469 0.104525
1887.463135 0.105420
1888.819702 0.108123
1890.175659 0.107866
1891.530762 0.102308
1892.885132 0.109409
1894.238403 0.110181
1895.590942 0.106658
1896.942749 0.109467
1898.293701 0.106294
1899.644165 0.106218
1900.993652 0.105767
1902.341919 0.107535
1903.689941 0.108060
1905.036865 0.105434
1906.383057 0.105871
1907.728516 0.104650
1909.073120 0.107003
1910.416626 0.107912
1911.759644 0.105590
1913.101685 0.109999
1914.443237 0.105862
1915.783813 0.106675
1917.123413 0.106574
1918.462158 0.107936
1919.800415 0.105135
1921.137695 0.102132
1922.474365 0.104829
1923.809937 0.107664
1925.144897 0.106602
1926.478882 0.104435
1927.812134 0.107743
1929.144531 0.106152
1930.476563 0.106096
1931.807495 0.105768
1933.137573 0.104965
1934.466797 0.108604
1935.795288 0.107031
1937.122925 0.103475
1938.450195 0.106144
1939.776123 0.105766
1941.101440 0.102866
1942.426025 0.105807
1943.749756 0.105912
1945.072632 0.104991
1946.395020 0.102504
1947.716309 0.106265
1949.036865 0.105367
1950.356567 0.106433
1951.675415 0.109332
1952.993896 0.106835
1954.311279 0.103883
1955.627808 0.108522
1956.943726 0.103204
1958.258545 0.104398
1959.572876 0.107255
1960.886353 0.107186
1962.199097 0.104055
1963.510864 0.103646
1964.822021 0.104944
1966.132202 0.106598
1967.441772 0.106930
1968.750732 0.105232
1970.058594 0.103295
1971.365723 0.107432
1972.671997 0.103135
1973.977539 0.107350
1975.282471 0.106190
1976.586426 0.104106
1977.889893 0.104781
1979.192261 0.102209
1980.494019 0.107898
1981.794800 0.116861
1983.094849 0.106121
1984.394287 0.102032
1985.692871 0.104660
1986.990601 0.107687
1988.287476 0.102802
1989.583740 0.106925
1990.879150 0.101575
1992.173828 0.106763
1993.468018 0.104659
1994.760864 0.107535
1996.053345 0.104114
1997.344727 0.105002
1998.635864 0.101886
1999.925781 0.104557
2001.214844 0.108051
2002.503174 0.104240
2003.791016 0.100983
2005.077759 0.104190
2006.364136 0.102668
2007.649414 0.105906
2008.933960 0.105325
2010.217773 0.103401
2011.500854 0.101770
2012.783081 0.103602
2014.064697 0.104956
2015.345581 0.103854
2016.625488 0.105290
2017.904541 0.103125
2019.183105 0.105885
2020.460449 0.103075
2021.737793 0.104244
2023.013550 0.103543
2024.289185 0.106622
2025.563477 0.103183
2026.837402 0.107349
2028.110596 0.102955
2029.383057 0.102294
2030.654419 0.099710
2031.925171 0.102008
2033.194946 0.106555
2034.464233 0.105719
2035.733032 0.104668
2037.000610 0.106065
2038.267700 0.101905
2039.533691 0.105954
2040.799072 0.099338
2042.063721 0.104205
2043.327881 0.103412
2044.591064 0.105057
2045.853394 0.101433
2047.114868 0.103186
2048.375732 0.101571
2049.635742 0.102422
2050.895508 0.106830
2052.154297 0.103040
2053.411865 0.106024
2054.668945 0.105843
2055.925293 0.103074
2057.180664 0.106292
2058.435547 0.104715
2059.689697 0.105450
2060.942871 0.106893
2062.195313 0.104989
2063.447021 0.101847
2064.698242 0.101131
2065.948730 0.101596
2067.198242 0.104000
2068.447021 0.102712
2069.694824 0.105009
2070.942383 0.106601
2072.188721 0.104146
2073.434570 0.104106
2074.679443 0.100947
2075.923828 0.104784
2077.167236 0.102015
2078.410156 0.100529
2079.652344 0.101000
2080.893555 0.101324
2082.134033 0.099511
2083.373779 0.103054
2084.612793 0.102242
2085.851074 0.103766
2087.088867 0.100848
2088.325684 0.103337
2089.561523 0.101971
2090.796875 0.098792
2092.031494 0.103217
2093.265137 0.104458
2094.498535 0.108520
2095.730713 0.102692
2096.962158 0.104647
2098.192871 0.103546
2099.423340 0.103207
2100.652344 0.104785
2101.881104 0.098658
2103.109131 0.100382
2104.336182 0.104771
2105.562744 0.101747
2106.788330 0.107746
2108.013428 0.106061
2109.237549 0.103114
2110.460938 0.101860
2111.683594 0.098824
2112.905518 0.100237
2114.126709 0.097946
2115.347656 0.101987
2116.567383 0.101194
2117.785889 0.102974
2119.004150 0.100965
2120.221924 0.101978
2121.438477 0.101080
2122.655029 0.101723
2123.870361 0.102754
2125.084717 0.105930
2126.298584 0.102732
2127.512207 0.104833
2128.724121 0.103790
2129.936035 0.099562
2131.146973 0.100641
2132.357178 0.104808
2133.566650 0.107105
2134.775391 0.104630
2135.983398 0.097610
2137.191162 0.103284
2138.397461 0.101368
2139.603516 0.100116
2140.808350 0.101750
2142.012695 0.102205
2143.216309 0.103211
2144.419189 0.108281
2145.621582 0.104075
2146.822998 0.103517
2148.023682 0.101669
2149.223877 0.097507
2150.422852 0.103211
2151.621826 0.101425
2152.819824 0.100617
2154.016602 0.100216
2155.213135 0.101998
2156.408936 0.101170
2157.604004 0.103599
2158.798096 0.104233
2159.991455 0.101562
2161.184326 0.100795
2162.376465 0.105125
2163.567627 0.104204
2164.758545 0.100986
2165.948486 0.103452
2167.137451 0.100462
2168.325928 0.102445
2169.513428 0.099981
2170.700684 0.103070
2171.887207 0.101567
2173.072998 0.100026
2174.257568 0.103097
2175.441895 0.101209
2176.625000 0.100659
2177.807617 0.096523
2178.989990 0.099847
2180.171387 0.103905
2181.352051 0.103172
2182.531738 0.103652
2183.710693 0.100521
2184.889160 0.102715
2186.067139 0.101072
2187.244385 0.099699
2188.420166 0.106099
2189.595947 0.102786
2190.770752 0.105392
2191.945068 0.100540
2193.118408 0.103681
2194.291016 0.106326
2195.463135 0.108415
2196.634277 0.102458
2197.805176 0.099397
2198.975342 0.100172
2200.144287 0.101612
2201.312744 0.105738
2202.480469 0.097229
2203.647461 0.103801
2204.813965 0.104029
2205.979736 0.096960
2207.144531 0.099524
2208.308838 0.098487
2209.472168 0.103587
2210.635254 0.100810
2211.797119 0.096790
2212.958740 0.096110
2214.119141 0.104972
2215.279541 0.103028
2216.438721 0.100525
2217.597168 0.103665
2218.755127 0.096753
2219.912598 0.101330
2221.068848 0.101477
2222.224609 0.101977
2223.379639 0.106256
2224.534180 0.102801
2225.687744 0.103039
2226.840576 0.101839
2227.993164 0.103071
2229.144775 0.105889
2230.295410 0.106717
2231.445557 0.106088
2232.595215 0.099671
2233.744141 0.100696
2234.892334 0.103265
2236.039551 0.103313
2237.186279 0.102560
2238.332275 0.099704
2239.477539 0.100169
2240.622070 0.096897
2241.765869 0.104282
2242.909180 0.106706
2244.051514 0.104072
2245.193359 0.099902
2246.334717 0.098066
2247.475098 0.101565
2248.614990 0.102009
2249.753906 0.101754
2250.892334 0.101997
2252.029785 0.100044
2253.166992 0.104002
2254.302979 0.101233
2255.438965 0.103888
2256.573486 0.098393
2257.707764 0.102719
2258.841309 0.103373
2259.974121 0.104295
2261.106201 0.102120
2262.237793 0.104621
2263.368408 0.103991
2264.498535 0.099194
2265.628174 0.102118
2266.756836 0.104775
2267.884766 0.099705
2269.011963 0.101448
2270.138428 0.101492
2271.264404 0.103000
2272.390137 0.101221
2273.514648 0.102302
2274.638428 0.105374
2275.761475 0.101036
2276.884033 0.099649
2278.005859 0.104285
2279.127197 0.099584
2280.247314 0.103037
2281.367188 0.099401
2282.486328 0.102708
2283.604736 0.099707
2284.722412 0.097316
2285.839600 0.098499
2286.956055 0.099175
2288.071777 0.101233
2289.186523 0.106663
2290.301025 0.097389
2291.414551 0.097244
2292.527588 0.097703
2293.639893 0.102795
2294.751221 0.098528
2295.862305 0.100692
2296.972656 0.096429
2298.082031 0.100504
2299.191162 0.102653
2300.299316 0.094780
2301.406982 0.106980
2302.513672 0.100832
2303.619873 0.096963
2304.725586 0.098669
2305.830322 0.096412
2306.934570 0.104909
2308.037842 0.108206
2309.140869 0.103991
2310.242920 0.100670
2311.344727 0.096630
2312.445557 0.101427
2313.545410 0.097033
2314.645020 0.100376
2315.743896 0.102977
2316.841553 0.095518
2317.939453 0.105635
2319.036133 0.099951
2320.132080 0.102616
2321.227539 0.100302
2322.322266 0.098603
2323.416260 0.098221
2324.510254 0.098080
2325.602783 0.105942
2326.694580 0.105145
2327.786133 0.100129
2328.876709 0.098906
2329.966797 0.101050
2331.056396 0.103533
2332.145020 0.097660
2333.233154 0.107761
2334.320313 0.098841
2335.407471 0.104722
2336.493652 0.101769
2337.578857 0.101318
2338.663574 0.102285
2339.747803 0.092328
2340.831055 0.100214
2341.913818 0.102755
2342.995605 0.101512
2344.077393 0.099008
2345.158203 0.095835
2346.238281 0.106431
2347.317383 0.102822
2348.396240 0.095322
2349.474609 0.098209
2350.552002 0.094034
2351.628662 0.101676
2352.704834 0.106099
2353.780273 0.097611
2354.854980 0.097119
2355.929443 0.093613
2357.002930 0.103473
2358.075684 0.096542
2359.147705 0.104274
2360.219482 0.097297
2361.290283 0.099211
2362.360596 0.100479
2363.430176 0.102637
2364.498779 0.100846
2365.567139 0.095904
2366.634766 0.101185
2367.701660 0.097605
2368.767822 0.100729
2369.833496 0.096782
2370.898438 0.106165
2371.962891 0.097624
2373.026367 0.101164
2374.089600 0.093890
2375.152100 0.099116
2376.213623 0.098477
2377.274658 0.093387
2378.334961 0.099167
2379.394775 0.096489
2380.454102 0.102032
2381.512451 0.099569
2382.570313 0.103081
2383.627197 0.098890
2384.683838 0.095880
2385.739502 0.098433
2386.794922 0.097380
2387.849609 0.101624
2388.903076 0.100560
2389.956299 0.095023
2391.009033 0.092233
2392.060791 0.098902
2393.112305 0.092115
2394.162842 0.099947
2395.212891 0.103006
2396.262207 0.100825
2397.311035 0.097813
2398.359131 0.096261
2399.406494 0.094287
2400.453369 0.095427
2401.499023 0.099714
2402.544922 0.098296
2403.589600 0.102726
2404.634033 0.102126
2405.677734 0.099301
2406.720459 0.093558
2407.762695 0.101094
2408.804443 0.096085
2409.845215 0.097354
2410.885742 0.101941
2411.925537 0.094760
2412.964600 0.101761
2414.002930 0.096411
2415.040771 0.102510
2416.077881 0.098040
2417.114258 0.095519
2418.150146 0.096432
2419.185547 0.098565
2420.219971 0.100777
2421.253906 0.097606
2422.287109 0.098150
2423.320068 0.094239
2424.352051 0.098434
2425.383301 0.106666
2426.414307 0.094804
2427.444336 0.100864
2428.473633 0.098398
2429.502686 0.103132
2430.531006 0.097199
2431.558594 0.097897
2432.585205 0.094605
2433.611816 0.100150
2434.637207 0.108426
2435.662598 0.091365
2436.686768 0.101632
2437.710693 0.096670
2438.733398 0.103186
2439.756104 0.099281
2440.778320 0.096162
2441.799316 0.099256
2442.820068 0.099882
2443.839844 0.101352
2444.859375 0.099777
2445.877930 0.100667
2446.896484 0.091077
2447.913818 0.099684
2448.930908 0.088323
2449.946777 0.096903
2450.962402 0.091449
2451.977295 0.100387
2452.991943 0.094057
2454.005371 0.092712
2455.018311 0.101976
2456.030762 0.099302
2457.042725 0.096146
2458.053955 0.091507
2459.064697 0.093200
2460.074463 0.092839
2461.083984 0.099731
2462.092529 0.100047
2463.100342 0.096775
2464.107910 0.105610
2465.114990 0.098970
2466.121094 0.097244
2467.126465 0.097808
2468.131592 0.097942
2469.135986 0.099069
2470.139648 0.095904
2471.142822 0.104681
2472.145264 0.092979
2473.146973 0.098494
2474.148193 0.093918
2475.148926 0.089983
2476.148926 0.093839
2477.148193 0.095989
2478.146729 0.097963
2479.145020 0.094145
2480.142334 0.097438
2481.139404 0.094360
2482.135742 0.089474
2483.131104 0.095183
2484.126221 0.101663
2485.120850 0.103729
2486.114502 0.094820
2487.107666 0.099009
2488.100098 0.103604
2489.092285 0.097558
2490.083740 0.099506
2491.074463 0.088876
2492.064453 0.096214
2493.053711 0.102414
2494.042969 0.097333
2495.030762 0.101987
2496.018555 0.085698
2497.005615 0.099059
2497.992188 0.093006
2498.978027 0.092538
2499.962891 0.096518
2500.947998 0.095260
2501.931641 0.095740
2502.915039 0.094884
2503.897461 0.098010
2504.879883 0.106190
2505.861084 0.093626
2506.842041 0.097440
2507.822754 0.100416
2508.802246 0.106201
2509.781738 0.099985
2510.760010 0.096467
2511.738037 0.097917
2512.715088 0.097361
2513.691650 0.095293
2514.667725 0.092343
2515.642822 0.093274
2516.617676 0.097255
2517.592041 0.102181
2518.565430 0.097662
2519.539307 0.101407
2520.511475 0.098581
2521.483154 0.095303
2522.454346 0.089573
2523.424805 0.101991
2524.394775 0.092301
2525.364258 0.089470
2526.333008 0.098336
2527.301270 0.088898
2528.268799 0.100893
2529.235352 0.093945
2530.202393 0.102390
2531.168213 0.101785
2532.133057 0.100231
2533.097656 0.097558
2534.061768 0.097211
2535.025391 0.089171
2535.987793 0.095241
2536.949707 0.096548
2537.911377 0.100469
2538.871826 0.099137
2539.832520 0.094449
2540.792236 0.097567
2541.751465 0.094127
2542.710449 0.091301
2543.667969 0.084418
2544.625488 0.102295
2545.582275 0.100733
2546.538086 0.097370
2547.493896 0.096484
2548.448730 0.092565
2549.403320 0.105265
2550.357178 0.090156
2551.310059 0.109618
2552.262695 0.100090
2553.215088 0.097037
2554.166260 0.092348
2555.117432 0.092066
2556.067627 0.101618
2557.017090 0.092590
2557.966064 0.095530
2558.914551 0.092481
2559.862305 0.103545
2560.809570 0.094605
2561.756104 0.090463
2562.702637 0.105046
2563.648438 0.090341
2564.593262 0.102610
2565.537109 0.100367
2566.481201 0.100687
2567.424316 0.098475
2568.366699 0.093767
2569.308350 0.091984
2570.250000 0.092658
2571.190918 0.097650
2572.130859 0.103318
2573.070313 0.092436
2574.009277 0.096088
2574.947998 0.093596
2575.885986 0.096169
2576.823242 0.093131
2577.759766 0.091946
2578.695801 0.090484
2579.631592 0.088554
2580.566162 0.106177
2581.500732 0.098058
2582.434082 0.086356
2583.367432 0.091487
2584.300049 0.091419
2585.231934 0.097555
2586.164063 0.092096
2587.094727 0.098945
2588.025146 0.091644
2588.954346 0.094823
2589.883789 0.094448
2590.812256 0.099361
2591.739746 0.094230
2592.667236 0.096988
2593.593994 0.091956
2594.520264 0.093137
2595.445557 0.101855
2596.370850 0.093590
2597.295654 0.096262
2598.219238 0.094083
2599.142822 0.093062
2600.065430 0.100226
2600.987549 0.098295
2601.908936 0.097612
2602.830078 0.095015
2603.750244 0.090953
2604.669922 0.091303
2605.589111 0.087540
2606.507813 0.086211
2607.426270 0.102291
2608.343994 0.099627
2609.260742 0.099144
2610.177246 0.091017
2611.093018 0.094228
2612.008057 0.093611
2612.922607 0.087651
2613.836670 0.094961
2614.750244 0.093979
2615.663086 0.089539
2616.575439 0.097208
2617.487061 0.101925
2618.398682 0.101367
2619.309570 0.091141
2620.219482 0.094489
2621.129150 0.107891
2622.038086 0.097883
2622.946045 0.102734
2623.854004 0.106940
2624.761475 0.089713
2625.667725 0.096634
2626.573975 0.095542
2627.479736 0.095084
2628.384521 0.097782
2629.289063 0.100831
2630.193115 0.097361
2631.095947 0.091491
2631.999023 0.098947
2632.900879 0.097454
2633.802246 0.101533
2634.703369 0.093502
2635.603516 0.106803
2636.503662 0.102161
2637.402588 0.096520
2638.301514 0.093059
2639.200195 0.088078
2640.097900 0.103162
2640.994873 0.093153
2641.891113 0.090185
2642.786621 0.093297
2643.681885 0.092386
2644.577148 0.091321
2645.471436 0.098551
2646.364990 0.099061
2647.257813 0.099870
2648.150635 0.093967
2649.042480 0.097941
2649.934326 0.100389
2650.825195 0.104639
2651.715576 0.087407
2652.605469 0.100309
2653.494141 0.105939
2654.383057 0.099342
2655.270996 0.110669
2656.158447 0.086379
2657.045654 0.093742
2657.931641 0.091905
2658.817627 0.094540
2659.703369 0.082883
2660.587891 0.104348
2661.471924 0.097215
2662.355957 0.095022
2663.238770 0.097804
2664.121094 0.101351
2665.003418 0.098186
2665.884277 0.088884
2666.765381 0.100426
2667.645508 0.097789
2668.525391 0.091649
2669.404785 0.095772
2670.283447 0.087963
2671.161621 0.096648
2672.039307 0.097589
2672.916260 0.084930
2673.792480 0.087281
2674.668457 0.104455
2675.543701 0.082272
2676.418457 0.103887
2677.292480 0.087861
2678.166260 0.102980
2679.039307 0.086715
2679.912109 0.090462
2680.784180 0.099373
2681.655762 0.104788
2682.526611 0.093152
2683.397461 0.094124
2684.267090 0.095101
2685.136230 0.085574
2686.005127 0.087380
2686.873291 0.093483
2687.740967 0.102861
2688.607910 0.097258
2689.474609 0.101191
2690.341309 0.102029
2691.206543 0.082932
2692.071045 0.090794
2692.935791 0.095741
2693.799316 0.095142
2694.662842 0.077348
2695.525391 0.086598
2696.387451 0.092348
2697.249268 0.085880
2698.110596 0.099668
2698.971191 0.099547
2699.831055 0.083637
2700.691162 0.082218
2701.550049 0.101511
2702.408203 0.095118
2703.266113 0.079675
2704.123535 0.084706
2704.980469 0.090142
2705.836670 0.089183
2706.692139 0.081358
2707.547607 0.097947
2708.402100 0.091155
2709.256592 0.089251
2710.110352 0.099651
2710.963135 0.093502
2711.815918 0.090704
2712.667969 0.083548
2713.519287 0.102029
2714.370117 0.074487
2715.220459 0.076692
2716.070313 0.101806
2716.919189 0.096769
2717.768311 0.091922
2718.616699 0.079483
2719.464355 0.082426
2720.312256 0.097438
2721.158691 0.098284
2722.004639 0.099492
2722.850098 0.080826
2723.695557 0.086944
2724.539551 0.090666
2725.384033 0.105718
2726.227295 0.103325
2727.070068 0.091957
2727.912354 0.098885
2728.754395 0.070415
2729.595459 0.088285
2730.437012 0.087970
2731.277100 0.090367
2732.116699 0.084785
2732.956299 0.094921
2733.794922 0.086002
2734.633301 0.092036
2735.470947 0.097716
2736.307373 0.081131
2737.144287 0.084411
2737.980469 0.085431
2738.815918 0.092363
2739.651611 0.076226
2740.485840 0.091737
2741.320068 0.088878
2742.153076 0.095795
2742.986084 0.090813
2743.818604 0.095995
2744.650391 0.095005
2745.481934 0.094396
2746.312500 0.090852
2747.142822 0.104995
2747.972412 0.085497
2748.802002 0.099923
2749.631104 0.076393
2750.459473 0.103550
2751.287109 0.096314
2752.114014 0.094178
2752.940918 0.106827
2753.766846 0.091949
2754.592529 0.101628
2755.417725 0.101302
2756.242188 0.100823
2757.066406 0.081845
2757.889893 0.092114
2758.713379 0.087966
2759.536133 0.087933
2760.357910 0.075582
2761.179443 0.086647
2762.000488 0.083958
2762.820801 0.089609
2763.640625 0.083042
2764.460205 0.089217
2765.279297 0.094754
2766.097412 0.085088
2766.915283 0.092246
2767.732666 0.096286
2768.550049 0.066851
2769.366699 0.087662
2770.182373 0.097690
2770.997803 0.094671
2771.812500 0.099172
2772.626709 0.091802
2773.440674 0.096205
2774.253906 0.083874
2775.066650 0.083688
2775.879150 0.083581
2776.690674 0.100532
2777.501709 0.090047
2778.313232 0.082491
2779.123291 0.088831
2779.933105 0.096885
2780.742432 0.076318
2781.551025 0.087464
2782.359375 0.088572
2783.167236 0.089783
2783.974121 0.088157
2784.780762 0.096304
2785.587158 0.096497
2786.392578 0.085222
2787.198242 0.070337
2788.003174 0.093972
2788.807129 0.084396
2789.610840 0.075003
2790.413818 0.090761
2791.216553 0.089194
2792.018555 0.090230
2792.820313 0.097868
2793.621094 0.097199
2794.422119 0.076233
2795.222412 0.095098
2796.022217 0.107396
2796.821289 0.075620
2797.620117 0.077739
2798.418457 0.092175
2799.216309 0.109013
2800.013428 0.089666
2800.810059 0.096041
2801.606201 0.088747
2802.401855 0.085952
2803.196777 0.077222
2803.991699 0.093810
2804.785889 0.091598
2805.579590 0.107219
2806.373291 0.096027
2807.165527 0.108238
2807.958008 0.079913
2808.749512 0.105723
2809.540771 0.103319
2810.331543 0.083729
2811.121582 0.092025
2811.911377 0.096481
2812.700439 0.096303
2813.489258 0.076177
2814.277344 0.085114
2815.065918 0.113467
2815.853027 0.092570
2816.640137 0.074004
2817.426270 0.110574
2818.212158 0.087665
2818.997314 0.086928
2819.782227 0.093829
2820.566162 0.065159
2821.350342 0.099033
2822.133545 0.093172
2822.916504 0.105694
2823.698975 0.086730
2824.481201 0.098140
2825.262451 0.100688
2826.043457 0.092045
2826.823975 0.096788
2827.603760 0.086732
2828.383545 0.083978
2829.162354 0.067147
2829.940674 0.086209
2830.718994 0.084240
2831.496338 0.089636
2832.273438 0.095115
2833.049805 0.089101
2833.826416 0.094449
2834.601807 0.078461
2835.377197 0.108321
2836.151367 0.088353
2836.925781 0.095681
2837.699707 0.074785
2838.472412 0.107493
2839.245361 0.087179
2840.017578 0.094140
2840.789307 0.093890
2841.560791 0.081381
2842.332031 0.083222
2843.102295 0.095180
2843.872070 0.073876
2844.641113 0.077449
2845.410156 0.097546
2846.178711 0.094755
2846.946289 0.101353
2847.713867 0.087494
2848.481201 0.100421
2849.247559 0.071908
2850.013428 0.107608
2850.778809 0.082246
2851.544678 0.106002
2852.309082 0.102519
2853.073486 0.069960
2853.836914 0.081530
2854.600098 0.093468
2855.363037 0.103641
2856.125000 0.093163
2856.886719 0.068803
2857.648438 0.098498
2858.408936 0.092514
2859.169678 0.096137
2859.929443 0.065763
2860.688965 0.110104
2861.448242 0.077751
2862.206299 0.124086
2862.964355 0.097556
2863.722168 0.088282
2864.479004 0.079354
2865.235840 0.105248
2865.991699 0.108637
2866.747314 0.090782
2867.502686 0.091366
2868.257324 0.079200
2869.012451 0.092405
2869.765869 0.100275
2870.519531 0.088979
2871.272217 0.095930
2872.024902 0.098377
2872.776611 0.122120
2873.528320 0.111394
2874.279053 0.080380
2875.029785 0.100389
2875.779785 0.100528
2876.529541 0.112863
2877.278564 0.092852
2878.028076 0.128935
2878.776123 0.101714
2879.524170 0.098903
2880.270996 0.097774
2881.018311 0.100708
2881.764648 0.101522
2882.510498 0.124795
2883.255859 0.087862
2884.001221 0.115743
2884.745605 0.083430
2885.489746 0.068532
2886.234131 0.095605
2886.977295 0.092655
2887.720215 0.101889
2888.462402 0.083967
2889.204102 0.065408
2889.945557 0.091036
2890.686523 0.095633
2891.427002 0.102506
2892.166992 0.098671
2892.906494 0.081019
2893.645996 0.099721
2894.384521 0.098702
2895.123291 0.091632
2895.861084 0.083829
2896.598389 0.056430
2897.335205 0.106419
2898.071777 0.120484
2898.807617 0.081279
2899.543457 0.097753
2900.278320 0.113993
2901.012939 0.092279
2901.747070 0.088138
2902.481201 0.066960
2903.214355 0.095545
2903.947510 0.105239
2904.680176 0.089445
2905.412109 0.076796
2906.143555 0.058796
2906.874512 0.058787
spectrumdark 2048
-92.814148 3951.000000
-90.209999 3951.000000
-87.607620 3835.000000
-85.006989 3834.000000
-82.408112 3828.000000
-79.810982 3953.000000
-77.215614 3759.000000
-74.621994 3802.000000
-72.030113 3529.000000
-69.439987 3756.000000
-66.851601 4275.000000
-64.264969 3732.000000
-61.680069 3909.000000
-59.096912 3714.000000
-56.515499 3869.000000
-53.935818 3999.000000
-51.357876 3837.000000
-48.781670 3731.000000
-46.207195 3725.000000
-43.634449 3904.000000
-41.063442 3958.000000
-38.494156 4016.000000
-35.926601 3847.000000
-33.360767 3930.000000
-30.796665 3622.000000
-28.234280 3889.000000
-25.673624 4065.000000
-23.114689 3763.000000
-20.557463 4217.000000
-18.001955 3849.000000
-15.448171 4252.000000
-12.896100 3836.000000
-10.345736 4091.000000
-7.797083 3975.000000
-5.250147 4066.000000
-2.704921 3702.000000
-0.161393 3785.000000
2.380429 3811.000000
4.920539 4042.000000
7.458945 3796.000000
9.995659 4028.000000
12.530673 3763.000000
15.063980 3887.000000
17.595591 3849.000000
20.125511 3725.000000
22.653740 4229.000000
25.180269 3831.000000
27.705103 3942.000000
30.228260 3843.000000
32.749729 3891.000000
35.269508 3983.000000
37.787586 3776.000000
40.303993 4076.000000
42.818718 3950.000000
45.331749 3967.000000
47.843113 3830.000000
50.352802 3776.000000
52.860809 4224.000000
55.367146 3841.000000
57.871788 3880.000000
60.374779 4232.000000
62.876095 3840.000000
65.375725 4009.000000
67.873703 3608.000000
70.370010 3754.000000
72.864662 4145.000000
75.357635 4117.000000
77.848938 3911.000000
80.338593 3888.000000
82.826599 3834.000000
85.312912 3798.000000
87.797592 3999.000000
90.280617 3698.000000
92.761986 3801.000000
95.241692 3896.000000
97.719749 3813.000000
100.196159 3967.000000
102.670937 3906.000000
105.144028 3755.000000
107.615494 3814.000000
110.085320 3982.000000
112.553497 3923.000000
115.020050 3828.000000
117.484932 3967.000000
119.948189 3881.000000
122.409813 3750.000000
124.869797 3671.000000
127.328140 3768.000000
129.784851 3728.000000
132.239944 4091.000000
134.693390 3693.000000
137.145203 3911.000000
139.595398 3728.000000
142.043961 3961.000000
144.490906 4043.000000
146.936218 3964.000000
149.379929 4140.000000
151.821991 3733.000000
154.262436 4155.000000
156.701263 4098.000000
159.138504 4066.000000
161.574081 3670.000000
164.008057 4030.000000
166.440445 3743.000000
168.871201 4038.000000
171.300339 3946.000000
173.727890 3876.000000
176.153824 3844.000000
178.578125 3891.000000
181.000854 3713.000000
183.421982 4016.000000
185.841492 3840.000000
188.259415 3817.000000
190.675720 4094.000000
193.090439 4267.000000
195.503555 3720.000000
197.915085 3865.000000
200.325012 3887.000000
202.733337 4005.000000
205.140091 4266.000000
207.545227 3953.000000
209.948776 4111.000000
212.350769 4059.000000
214.751144 3768.000000
217.149933 3857.000000
219.547195 3955.000000
221.942795 3836.000000
224.336884 4023.000000
226.729340 3658.000000
229.120224 4072.000000
231.509567 3787.000000
233.897308 3856.000000
236.283478 3934.000000
238.668060 3716.000000
241.051086 3761.000000
243.432571 4232.000000
245.812439 3958.000000
248.190735 3778.000000
250.567505 3700.000000
252.942673 3875.000000
255.316284 4032.000000
257.688354 3825.000000
260.058868 3752.000000
262.427795 4137.000000
264.795166 3779.000000
267.160980 3857.000000
269.525269 3846.000000
271.887970 3936.000000
274.249115 3811.000000
276.608734 3983.000000
278.966766 3803.000000
281.323273 3957.000000
283.678192 3930.000000
286.031586 3983.000000
288.383514 4139.000000
290.733795 3823.000000
293.082520 4107.000000
295.429810 3709.000000
297.775482 4043.000000
300.119659 4090.000000
302.462219 3907.000000
304.803314 3735.000000
307.142853 3834.000000
309.480865 4175.000000
311.817352 5626.000000
314.152283 4240.000000
316.485687 3998.000000
318.817566 4176.000000
321.147919 4047.000000
323.476715 4265.000000
325.804016 4109.000000
328.129791 4193.000000
330.454041 4309.000000
332.776794 4578.000000
335.098022 4540.000000
337.417694 4660.000000
339.735840 4527.000000
342.052490 3928.000000
344.367615 4021.000000
346.681244 4212.000000
348.993408 3805.000000
351.303986 3930.000000
353.613068 4269.000000
355.920654 3978.000000
358.226715 4118.000000
360.531281 3826.000000
362.834381 4057.000000
365.135864 4126.000000
367.435944 3953.000000
369.734497 4045.000000
372.031525 4016.000000
374.327148 3939.000000
376.621155 3785.000000
378.913727 4279.000000
381.204803 3790.000000
383.494354 3736.000000
385.782440 4112.000000
388.068970 4163.000000
390.354126 3836.000000
392.637726 4142.000000
394.919830 4069.000000
397.200409 4301.000000
399.479584 5272.000000
401.757263 6488.000000
404.033447 6669.000000
406.308136 6811.000000
408.581360 5744.000000
410.853058 6722.000000
413.123291 11509.000000
415.392120 14456.000000
417.659363 14758.000000
419.925201 12028.000000
422.189606 7064.000000
424.452423 4459.000000
426.713867 3973.000000
428.973785 3930.000000
431.232239 3742.000000
433.489288 3870.000000
435.744812 3923.000000
437.998932 4170.000000
440.251495 4228.000000
442.502655 4145.000000
444.752380 3741.000000
447.000549 4090.000000
449.247314 3817.000000
451.492645 3900.000000
453.736450 3927.000000
455.978882 3775.000000
458.219818 3898.000000
460.459259 4048.000000
462.697296 4162.000000
464.933929 4140.000000
467.169098 3864.000000
469.402710 4145.000000
471.635010 4082.000000
473.865784 3940.000000
476.095062 3849.000000
478.323059 3868.000000
480.549500 3835.000000
482.774475 3668.000000
484.998169 3848.000000
487.220245 4027.000000
489.440887 4036.000000
491.660248 3995.000000
493.878052 3913.000000
496.094421 3834.000000
498.309479 3990.000000
500.522980 4138.000000
502.735016 3778.000000
504.945770 3899.000000
507.154968 3692.000000
509.362885 4029.000000
511.569214 3792.000000
513.774170 3916.000000
515.977844 3643.000000
518.179932 3788.000000
520.380554 3870.000000
522.579956 4173.000000
524.777771 4053.000000
526.974121 4326.000000
529.169250 5105.000000
531.362854 5550.000000
533.554932 5804.000000
535.745789 5502.000000
537.935181 4432.000000
540.123047 4142.000000
542.309753 3965.000000
544.494812 4030.000000
546.678467 4025.000000
548.860962 3786.000000
551.041870 4190.000000
553.221313 4055.000000
555.399475 3906.000000
557.576172 4162.000000
559.751404 4082.000000
561.925415 3908.000000
564.097961 4223.000000
566.268982 4084.000000
568.438843 4018.000000
570.607117 4188.000000
572.773987 4118.000000
574.939575 4046.000000
577.103699 4161.000000
579.266602 3749.000000
581.427917 3910.000000
583.587891 4362.000000
585.746521 3905.000000
587.903687 3948.000000
590.059448 3802.000000
592.213989 4217.000000
594.366943 3992.000000
596.518616 3955.000000
598.669006 4073.000000
600.817871 3913.000000
602.965393 4003.000000
605.111572 4125.000000
607.256348 4048.000000
609.399719 3899.000000
611.541931 3963.000000
613.682434 3976.000000
615.821655 4067.000000
617.959717 3944.000000
620.096252 3894.000000
622.231384 3747.000000
624.365234 3938.000000
626.497681 3930.000000
628.628784 4225.000000
630.758545 3945.000000
632.886841 4115.000000
635.013794 4189.000000
637.139526 5045.000000
639.263733 5470.000000
641.386658 5331.000000
643.508301 5831.000000
645.628418 4779.000000
647.747375 3951.000000
649.864807 3966.000000
651.981018 3766.000000
654.095825 3804.000000
656.209229 3863.000000
658.321228 4147.000000
660.432129 3850.000000
662.541443 4226.000000
664.649536 4242.000000
666.756226 4376.000000
668.861572 4751.000000
670.965515 4096.000000
673.068298 3908.000000
675.169556 4038.000000
677.269592 3824.000000
679.368286 4004.000000
681.465515 3913.000000
683.561462 3917.000000
685.656250 4349.000000
687.749512 5658.000000
689.841431 6928.000000
691.932129 7195.000000
694.021423 7063.000000
696.109314 5371.000000
698.196045 4434.000000
700.281433 3960.000000
702.365295 4039.000000
704.448059 3806.000000
706.529480 3798.000000
708.609375 3940.000000
710.688171 3857.000000
712.765442 4186.000000
714.841675 4152.000000
716.916382 3709.000000
718.989746 4016.000000
721.061890 3991.000000
723.132690 3821.000000
725.202087 4058.000000
727.270325 3879.000000
729.337097 3953.000000
731.402649 3864.000000
733.466858 3764.000000
735.529785 4044.000000
737.591309 3835.000000
739.651733 4028.000000
741.710632 3750.000000
743.768250 4572.000000
745.824707 3689.000000
747.879761 4227.000000
749.933472 4140.000000
751.986023 5825.000000
754.037170 3770.000000
756.086914 3928.000000
758.135620 3927.000000
760.182800 4004.000000
762.228699 3631.000000
764.273499 3877.000000
766.316833 3754.000000
768.358887 3860.000000
770.399719 3877.000000
772.439148 3875.000000
774.477356 3955.000000
776.514343 4153.000000
778.549988 3738.000000
780.584351 4018.000000
782.617371 3947.000000
784.649170 4156.000000
786.679688 4224.000000
788.708801 3960.000000
790.736694 4154.000000
792.763428 3940.000000
794.788696 3758.000000
796.812805 4141.000000
798.835632 4261.000000
800.857056 3832.000000
802.877319 3900.000000
804.896362 3949.000000
806.914063 3970.000000
808.930359 4083.000000
810.945435 4041.000000
812.959412 4029.000000
814.972046 3820.000000
816.983276 4057.000000
818.993469 4239.000000
821.002258 3847.000000
823.009827 3752.000000
825.016052 4002.000000
827.020996 4128.000000
829.024841 3972.000000
831.027283 4010.000000
833.028442 3797.000000
835.028442 4094.000000
837.027100 4220.000000
839.024536 4013.000000
841.020813 4074.000000
843.015625 3914.000000
845.009216 4353.000000
847.001770 4029.000000
848.992859 4487.000000
850.982727 4029.000000
852.971436 4053.000000
854.958801 4014.000000
856.944824 4115.000000
858.929871 3960.000000
860.913452 3755.000000
862.895874 3974.000000
864.877075 4314.000000
866.856995 3922.000000
868.835510 4193.000000
870.813110 4099.000000
872.789246 3856.000000
874.764099 4097.000000
876.737976 4045.000000
878.710388 4146.000000
880.681519 3775.000000
882.651611 3962.000000
884.620300 4058.000000
886.587769 3691.000000
888.554138 3873.000000
890.519104 4122.000000
892.483032 3969.000000
894.445618 4106.000000
896.406921 3755.000000
898.367126 4120.000000
900.325989 4029.000000
902.283630 3776.000000
904.240112 3892.000000
906.195251 4074.000000
908.149170 4154.000000
910.102051 4039.000000
912.053589 4102.000000
914.003845 3650.000000
915.952942 3833.000000
917.900879 3869.000000
919.847473 3895.000000
921.793030 4053.000000
923.737183 4046.000000
925.680115 3864.000000
927.622009 3931.000000
929.562561 4399.000000
931.501892 3904.000000
933.440063 4069.000000
935.377014 3736.000000
937.312744 3867.000000
939.247253 3947.000000
941.180542 3993.000000
943.112610 3939.000000
945.043518 4066.000000
946.973206 3907.000000
948.901855 3830.000000
950.829041 4172.000000
952.755066 4071.000000
954.680054 3998.000000
956.603699 3828.000000
958.526062 3994.000000
960.447388 4006.000000
962.367432 3824.000000
964.286255 4033.000000
966.204041 3949.000000
968.120483 4097.000000
970.035645 3896.000000
971.949829 3657.000000
973.862732 3823.000000
975.774414 3875.000000
977.684998 4066.000000
979.594238 3989.000000
981.502319 3780.000000
983.409363 3892.000000
985.315063 4138.000000
987.219604 4385.000000
989.123108 4451.000000
991.025208 4629.000000
992.926147 4453.000000
994.826111 4074.000000
996.724670 3863.000000
998.622131 3799.000000
1000.518494 3739.000000
1002.413574 3691.000000
1004.307495 4025.000000
1006.200378 3987.000000
1008.091797 3991.000000
1009.982178 3935.000000
1011.871399 4046.000000
1013.759460 3868.000000
1015.646362 3806.000000
1017.532104 3856.000000
1019.416565 3939.000000
1021.299988 3821.000000
1023.182190 3949.000000
1025.062988 4017.000000
1026.942871 4064.000000
1028.821655 3843.000000
1030.699097 3835.000000
1032.575562 3668.000000
1034.450684 4234.000000
1036.324585 4088.000000
1038.197632 3639.000000
1040.069214 4227.000000
1041.939819 3908.000000
1043.809204 3888.000000
1045.677368 3936.000000
1047.544312 4267.000000
1049.410278 3871.000000
1051.275024 3777.000000
1053.138550 3756.000000
1055.000977 3876.000000
1056.862427 3754.000000
1058.722412 3836.000000
1060.581543 3690.000000
1062.439087 4010.000000
1064.295898 3966.000000
1066.151367 3789.000000
1068.005737 4073.000000
1069.859131 3969.000000
1071.711182 4062.000000
1073.562012 3969.000000
1075.411865 3920.000000
1077.260498 3715.000000
1079.107910 3739.000000
1080.954224 3788.000000
1082.799561 3715.000000
1084.643555 4114.000000
1086.486572 4051.000000
1088.328247 3983.000000
1090.168945 3928.000000
1092.008423 3847.000000
1093.846802 3840.000000
1095.684082 3739.000000
1097.520142 3780.000000
1099.355103 4122.000000
1101.188843 3867.000000
1103.021729 3816.000000
1104.853149 3868.000000
1106.683594 4157.000000
1108.513062 3840.000000
1110.341064 4088.000000
1112.168091 3572.000000
1113.994141 3861.000000
1115.818726 3791.000000
1117.642578 3864.000000
1119.465210 4082.000000
1121.286499 3797.000000
1123.106689 3867.000000
1124.926147 3987.000000
1126.744019 3965.000000
1128.560913 3934.000000
1130.376709 3935.000000
1132.191528 4104.000000
1134.005127 3863.000000
1135.817505 3695.000000
1137.628784 3893.000000
1139.439087 3923.000000
1141.248169 3950.000000
1143.056152 3843.000000
1144.863037 3747.000000
1146.668701 4027.000000
1148.473389 3847.000000
1150.276978 4365.000000
1152.079346 3946.000000
1153.880737 3967.000000
1155.680908 4003.000000
1157.480103 3760.000000
1159.278076 3980.000000
1161.074951 4004.000000
1162.870605 4234.000000
1164.665405 3788.000000
1166.458984 4085.000000
1168.251343 4205.000000
1170.042725 3885.000000
1171.833130 3878.000000
1173.622192 4017.000000
1175.410278 4000.000000
1177.197266 3772.000000
1178.983032 4084.000000
1180.767822 3805.000000
1182.551514 3787.000000
1184.334106 4129.000000
1186.115723 3893.000000
1187.896118 4182.000000
1189.675293 3964.000000
1191.453613 4046.000000
1193.230835 3619.000000
1195.006592 4031.000000
1196.781738 3682.000000
1198.555420 4004.000000
1200.328247 4042.000000
1202.099976 3860.000000
1203.870483 4134.000000
1205.640015 3844.000000
1207.408447 4484.000000
1209.175659 3732.000000
1210.941895 3889.000000
1212.707153 4157.000000
1214.471191 4049.000000
1216.234131 3997.000000
1217.995972 3912.000000
1219.756714 3947.000000
1221.516602 3839.000000
1223.275269 3742.000000
1225.032837 3924.000000
1226.789429 3982.000000
1228.544800 3795.000000
1230.299194 3703.000000
1232.052490 3930.000000
1233.804810 3969.000000
1235.555786 3813.000000
1237.305908 4011.000000
1239.054932 4262.000000
1240.802979 4021.000000
1242.549683 3943.000000
1244.295532 3702.000000
1246.040283 3731.000000
1247.783936 4025.000000
1249.526489 3952.000000
1251.267944 3823.000000
1253.008545 3925.000000
1254.747925 3843.000000
1256.486206 3776.000000
1258.223633 4048.000000
1259.959595 3872.000000
1261.694702 3834.000000
1263.428833 3899.000000
1265.161865 3749.000000
1266.893921 4102.000000
1268.624878 3813.000000
1270.354736 3917.000000
1272.083374 3855.000000
1273.811279 3790.000000
1275.537842 3985.000000
1277.263306 3924.000000
1278.988037 3803.000000
1280.711548 4030.000000
1282.434082 4232.000000
1284.155396 3782.000000
1285.875732 3837.000000
1287.595093 3824.000000
1289.313477 3773.000000
1291.030640 3950.000000
1292.746704 3814.000000
1294.461914 3936.000000
1296.176147 3861.000000
1297.889160 3855.000000
1299.600952 3898.000000
1301.311768 4041.000000
1303.021851 3885.000000
1304.730713 3598.000000
1306.438354 4234.000000
1308.145264 3994.000000
1309.850830 4138.000000
1311.555664 3763.000000
1313.259277 3937.000000
1314.962036 3841.000000
1316.663452 3789.000000
1318.364136 3830.000000
1320.063599 3627.000000
1321.761963 3874.000000
1323.459473 3974.000000
1325.155762 3907.000000
1326.851196 3838.000000
1328.545532 4071.000000
1330.238892 3833.000000
1331.931152 3921.000000
1333.622437 3835.000000
1335.312500 3705.000000
1337.001587 4023.000000
1338.689941 3864.000000
1340.377075 3880.000000
1342.062988 3771.000000
1343.748169 4559.000000
1345.432251 5567.000000
1347.115234 6501.000000
1348.797241 7077.000000
1350.478149 7227.000000
1352.158081 5763.000000
1353.837158 4630.000000
1355.515015 4040.000000
1357.191895 4020.000000
1358.867798 3971.000000
1360.542603 3924.000000
1362.216553 3941.000000
1363.889404 4077.000000
1365.561035 3928.000000
1367.232056 3938.000000
1368.901611 3661.000000
1370.570435 4243.000000
1372.238159 4027.000000
1373.904907 4040.000000
1375.570679 3820.000000
1377.235352 4070.000000
1378.898926 3631.000000
1380.561768 3998.000000
1382.223389 4020.000000
1383.884033 4088.000000
1385.543579 3957.000000
1387.202393 3787.000000
1388.859985 3813.000000
1390.516602 3814.000000
1392.172363 3912.000000
1393.826904 3992.000000
1395.480469 4006.000000
1397.133179 3898.000000
1398.784668 3754.000000
1400.435303 3621.000000
1402.084961 3900.000000
1403.733521 3805.000000
1405.381226 3822.000000
1407.027954 4386.000000
1408.673462 4183.000000
1410.318115 4093.000000
1411.961792 4127.000000
1413.604370 3828.000000
1415.245972 3701.000000
1416.886597 4415.000000
1418.526367 3852.000000
1420.165039 4066.000000
1421.802490 3645.000000
1423.439331 3846.000000
1425.074829 3900.000000
1426.709473 3832.000000
1428.343262 3729.000000
1429.975952 3675.000000
1431.607788 3784.000000
1433.238281 3897.000000
1434.868286 3893.000000
1436.496948 4076.000000
1438.124634 4135.000000
1439.751465 4121.000000
1441.377197 3819.000000
1443.001953 3915.000000
1444.625854 3746.000000
1446.248779 3947.000000
1447.870483 3623.000000
1449.491455 4043.000000
1451.111450 4216.000000
1452.730225 3898.000000
1454.348267 3971.000000
1455.965210 4003.000000
1457.581177 3891.000000
1459.196289 3741.000000
1460.810059 3949.000000
1462.423218 3870.000000
1464.035400 3835.000000
1465.646484 3879.000000
1467.256714 4016.000000
1468.865723 3708.000000
1470.473877 3804.000000
1472.081177 3730.000000
1473.687378 3579.000000
1475.292603 3777.000000
1476.896851 3748.000000
1478.500244 4300.000000
1480.102539 3884.000000
1481.703979 3879.000000
1483.304565 3959.000000
1484.903931 3720.000000
1486.502441 3852.000000
1488.099854 3828.000000
1489.696411 4063.000000
1491.292114 3954.000000
1492.886719 3876.000000
1494.480225 3998.000000
1496.072998 4017.000000
1497.664917 3883.000000
1499.255371 3893.000000
1500.845581 3906.000000
1502.434204 3997.000000
1504.022217 3758.000000
1505.609253 3879.000000
1507.195068 3895.000000
1508.780273 3972.000000
1510.364380 3859.000000
1511.947510 4073.000000
1513.529419 3995.000000
1515.110718 3690.000000
1516.691162 3933.000000
1518.270508 4031.000000
1519.848755 3920.000000
1521.426147 3702.000000
1523.002319 3804.000000
1524.578003 3926.000000
1526.152710 3800.000000
1527.726196 3718.000000
1529.298950 3701.000000
1530.870483 3964.000000
1532.441040 4072.000000
1534.011230 3893.000000
1535.580078 4069.000000
1537.147705 4035.000000
1538.714722 4768.000000
1540.280884 5897.000000
1541.845825 6144.000000
1543.410156 6868.000000
1544.973267 6006.000000
1546.535522 4929.000000
1548.096802 4202.000000
1549.657104 4105.000000
1551.216553 3840.000000
1552.775146 3757.000000
1554.332642 4107.000000
1555.889282 3773.000000
1557.444824 3844.000000
1558.999512 3757.000000
1560.553467 3623.000000
1562.106445 3846.000000
1563.658325 4015.000000
1565.209229 3841.000000
1566.759155 3966.000000
1568.308350 3792.000000
1569.856689 3865.000000
1571.404175 4092.000000
1572.950439 3975.000000
1574.495728 3982.000000
1576.040405 3769.000000
1577.583618 3815.000000
1579.126221 4117.000000
1580.668213 3875.000000
1582.208618 3893.000000
1583.748657 3811.000000
1585.287354 3896.000000
1586.825317 3911.000000
1588.362671 3760.000000
1589.898804 3914.000000
1591.433960 3914.000000
1592.968140 3893.000000
1594.501343 3627.000000
1596.033936 3852.000000
1597.565430 3786.000000
1599.096191 3682.000000
1600.625610 3720.000000
1602.154419 3659.000000
1603.682251 3913.000000
1605.209106 3864.000000
1606.735229 3985.000000
1608.260254 3888.000000
1609.784424 3958.000000
1611.307617 3772.000000
1612.829956 3892.000000
1614.351318 3735.000000
1615.871948 4129.000000
1617.391602 3861.000000
1618.910034 4080.000000
1620.427856 3950.000000
1621.944580 3816.000000
1623.460449 3706.000000
1624.975708 3691.000000
1626.489868 3758.000000
1628.002808 3774.000000
1629.515381 3857.000000
1631.026489 3881.000000
1632.537109 3831.000000
1634.046753 3853.000000
1635.555420 3861.000000
1637.062988 3627.000000
1638.569946 4075.000000
1640.075684 3842.000000
1641.581055 3904.000000
1643.085083 3847.000000
1644.588257 3675.000000
1646.090698 4054.000000
1647.592041 3853.000000
1649.092407 3869.000000
1650.592285 3892.000000
1652.090820 3834.000000
1653.588623 4002.000000
1655.085571 3587.000000
1656.581421 3816.000000
1658.076538 3970.000000
1659.570923 4225.000000
1661.064209 3924.000000
1662.556763 4087.000000
1664.048218 4069.000000
1665.538696 3744.000000
1667.028564 3858.000000
1668.517578 3812.000000
1670.005371 4007.000000
1671.492432 3963.000000
1672.978638 3649.000000
1674.463745 4000.000000
1675.948242 3576.000000
1677.431885 3643.000000
1678.914429 4306.000000
1680.396118 3775.000000
1681.876953 3966.000000
1683.356689 4034.000000
1684.836060 4000.000000
1686.314209 3809.000000
1687.791504 3796.000000
1689.267700 3776.000000
1690.743286 3853.000000
1692.217773 3989.000000
1693.691650 3858.000000
1695.164429 3877.000000
1696.636475 3762.000000
1698.107422 3844.000000
1699.577637 3994.000000
1701.046875 3745.000000
1702.515503 3646.000000
1703.982910 3734.000000
1705.449585 3873.000000
1706.915405 3897.000000
1708.380249 4031.000000
1709.844238 3816.000000
1711.307739 3641.000000
1712.769897 3887.000000
1714.231079 4307.000000
1715.691772 3727.000000
1717.151367 3878.000000
1718.609985 3683.000000
1720.068115 3539.000000
1721.525146 3768.000000
1722.981201 3878.000000
1724.436523 3809.000000
1725.890747 3534.000000
1727.344604 3771.000000
1728.797241 3746.000000
1730.248901 4014.000000
1731.699585 3918.000000
1733.149780 3858.000000
1734.598877 3980.000000
1736.047485 3802.000000
1737.494873 4073.000000
1738.941406 3768.000000
1740.386963 3810.000000
1741.831909 3840.000000
1743.275757 3865.000000
1744.719116 3807.000000
1746.161255 3874.000000
1747.602539 3914.000000
1749.043091 3820.000000
1750.482666 3875.000000
1751.921509 3859.000000
1753.359619 3688.000000
1754.796509 4010.000000
1756.232788 4054.000000
1757.668213 3678.000000
1759.102539 3698.000000
1760.536011 3949.000000
1761.968994 3642.000000
1763.400879 3709.000000
1764.831909 3661.000000
1766.261963 4274.000000
1767.691284 3815.000000
1769.119751 4101.000000
1770.547485 3680.000000
1771.974365 3843.000000
1773.400146 3822.000000
1774.825073 3922.000000
1776.249146 3803.000000
1777.672852 3988.000000
1779.095337 3959.000000
1780.516846 3996.000000
1781.937622 4036.000000
1783.357422 3847.000000
1784.776489 3726.000000
1786.194946 3767.000000
1787.612427 4050.000000
1789.028687 3896.000000
1790.444458 3987.000000
1791.859375 3890.000000
1793.273071 3580.000000
1794.686523 3773.000000
1796.098877 3897.000000
1797.510376 3728.000000
1798.920654 3796.000000
1800.330444 4146.000000
1801.739258 3840.000000
1803.147583 4063.000000
1804.554688 3997.000000
1805.961304 3762.000000
1807.366699 3776.000000
1808.771362 3785.000000
1810.175049 4086.000000
1811.578369 3891.000000
1812.980347 4009.000000
1814.381714 3665.000000
1815.782104 3891.000000
1817.181763 3861.000000
1818.580444 3758.000000
1819.978760 3863.000000
1821.375854 3830.000000
1822.772095 3746.000000
1824.167603 3823.000000
1825.562012 4165.000000
1826.956055 3914.000000
1828.349121 4037.000000
1829.741089 3986.000000
1831.132324 3931.000000
1832.522827 3931.000000
1833.912354 3996.000000
1835.301392 3699.000000
1836.689209 4069.000000
1838.076416 3755.000000
1839.462524 4034.000000
1840.848145 3677.000000
1842.232544 3963.000000
1843.616455 4235.000000
1844.999390 3835.000000
1846.381592 3742.000000
1847.762939 3820.000000
1849.143311 3766.000000
1850.522949 3935.000000
1851.901978 3839.000000
1853.280029 3662.000000
1854.657104 3866.000000
1856.033447 3761.000000
1857.408936 3806.000000
1858.783447 3855.000000
1860.157715 3824.000000
1861.530884 3830.000000
1862.902954 3860.000000
1864.274292 4000.000000
1865.644775 3831.000000
1867.014771 4141.000000
1868.383667 3686.000000
1869.751953 3810.000000
1871.119141 3790.000000
1872.485474 4247.000000
1873.851196 3802.000000
1875.216187 4109.000000
1876.580200 3868.000000
1877.943481 4149.000000
1879.305786 4082.000000
1880.667236 3860.000000
1882.028076 3919.000000
1883.388184 3758.000000
1884.747314 4119.000000
1886.105469 3990.000000
1887.463135 3850.000000
1888.819702 3767.000000
1890.175659 3937.000000
1891.530762 4206.000000
1892.885132 3918.000000
1894.238403 3881.000000
1895.590942 3782.000000
1896.942749 3620.000000
1898.293701 3981.000000
1899.644165 3833.000000
1900.993652 3983.000000
1902.341919 4061.000000
1903.689941 3953.000000
1905.036865 4015.000000
1906.383057 4098.000000
1907.728516 3983.000000
1909.073120 3840.000000
1910.416626 3784.000000
1911.759644 3954.000000
1913.101685 3784.000000
1914.443237 3902.000000
1915.783813 3869.000000
1917.123413 3856.000000
1918.462158 3797.000000
1919.800415 3949.000000
1921.137695 4304.000000
1922.474365 3914.000000
1923.809937 3634.000000
1925.144897 4080.000000
1926.478882 3898.000000
1927.812134 3729.000000
1929.144531 3940.000000
1930.476563 3528.000000
1931.807495 4108.000000
1933.137573 3861.000000
1934.466797 3803.000000
1935.795288 3777.000000
1937.122925 4088.000000
1938.450195 3720.000000
1939.776123 3987.000000
1941.101440 4003.000000
1942.426025 4018.000000
1943.749756 3985.000000
1945.072632 4133.000000
1946.395020 4216.000000
1947.716309 3803.000000
1949.036865 3886.000000
1950.356567 4054.000000
1951.675415 3800.000000
1952.993896 3865.000000
1954.311279 3796.000000
1955.627808 3972.000000
1956.943726 3941.000000
1958.258545 3934.000000
1959.572876 4148.000000
1960.886353 3916.000000
1962.199097 4012.000000
1963.510864 3638.000000
1964.822021 3758.000000
1966.132202 3857.000000
1967.441772 3917.000000
1968.750732 3797.000000
1970.058594 3853.000000
1971.365723 3901.000000
1972.671997 3670.000000
1973.977539 3654.000000
1975.282471 3847.000000
1976.586426 3563.000000
1977.889893 3687.000000
1979.192261 3789.000000
1980.494019 4138.000000
1981.794800 3727.000000
1983.094849 3879.000000
1984.394287 3816.000000
1985.692871 3822.000000
1986.990601 3621.000000
1988.287476 3822.000000
1989.583740 4063.000000
1990.879150 4001.000000
1992.173828 3924.000000
1993.468018 3983.000000
1994.760864 4089.000000
1996.053345 3940.000000
1997.344727 3979.000000
1998.635864 4068.000000
1999.925781 3703.000000
2001.214844 3914.000000
2002.503174 4062.000000
2003.791016 4210.000000
2005.077759 3818.000000
2006.364136 3727.000000
2007.649414 3713.000000
2008.933960 3971.000000
2010.217773 3984.000000
2011.500854 4096.000000
2012.783081 3683.000000
2014.064697 4095.000000
2015.345581 3891.000000
2016.625488 3757.000000
2017.904541 3853.000000
2019.183105 3698.000000
2020.460449 3747.000000
2021.737793 3928.000000
2023.013550 3727.000000
2024.289185 3599.000000
2025.563477 4161.000000
2026.837402 3840.000000
2028.110596 3869.000000
2029.383057 3740.000000
2030.654419 3854.000000
2031.925171 4010.000000
2033.194946 3984.000000
2034.464233 3963.000000
2035.733032 3794.000000
2037.000610 3872.000000
2038.267700 3958.000000
2039.533691 3777.000000
2040.799072 4123.000000
2042.063721 3852.000000
2043.327881 4101.000000
2044.591064 3612.000000
2045.853394 3967.000000
2047.114868 3736.000000
2048.375732 3993.000000
2049.635742 3956.000000
2050.895508 3684.000000
2052.154297 4216.000000
2053.411865 3786.000000
2054.668945 3827.000000
2055.925293 4073.000000
2057.180664 4089.000000
2058.435547 3725.000000
2059.689697 3978.000000
2060.942871 3767.000000
2062.195313 3847.000000
2063.447021 4022.000000
2064.698242 3795.000000
2065.948730 3942.000000
2067.198242 3770.000000
2068.447021 3811.000000
2069.694824 3698.000000
2070.942383 3763.000000
2072.188721 3858.000000
2073.434570 3768.000000
2074.679443 3544.000000
2075.923828 3868.000000
2077.167236 3931.000000
2078.410156 3930.000000
2079.652344 3669.000000
2080.893555 3761.000000
2082.134033 4024.000000
2083.373779 3739.000000
2084.612793 4005.000000
2085.851074 4091.000000
2087.088867 4088.000000
2088.325684 3814.000000
2089.561523 3758.000000
2090.796875 3784.000000
2092.031494 3835.000000
2093.265137 3957.000000
2094.498535 3772.000000
2095.730713 3896.000000
2096.962158 4005.000000
2098.192871 3736.000000
2099.423340 3907.000000
2100.652344 4169.000000
2101.881104 3817.000000
2103.109131 3879.000000
2104.336182 3825.000000
2105.562744 3711.000000
2106.788330 3879.000000
2108.013428 3960.000000
2109.237549 3647.000000
2110.460938 3802.000000
2111.683594 3987.000000
2112.905518 4303.000000
2114.126709 3861.000000
2115.347656 3964.000000
2116.567383 3736.000000
2117.785889 4027.000000
2119.004150 3908.000000
2120.221924 3872.000000
2121.438477 3821.000000
2122.655029 3801.000000
2123.870361 4055.000000
2125.084717 3881.000000
2126.298584 3861.000000
2127.512207 3896.000000
2128.724121 3631.000000
2129.936035 4320.000000
2131.146973 3995.000000
2132.357178 3930.000000
2133.566650 3817.000000
2134.775391 3954.000000
2135.983398 3913.000000
2137.191162 3942.000000
2138.397461 3884.000000
2139.603516 4022.000000
2140.808350 3806.000000
2142.012695 3903.000000
2143.216309 3581.000000
2144.419189 3565.000000
2145.621582 4193.000000
2146.822998 3961.000000
2148.023682 4104.000000
2149.223877 4287.000000
2150.422852 3847.000000
2151.621826 3667.000000
2152.819824 4218.000000
2154.016602 4106.000000
2155.213135 3926.000000
2156.408936 4011.000000
2157.604004 3812.000000
2158.798096 3769.000000
2159.991455 3861.000000
2161.184326 3841.000000
2162.376465 3819.000000
2163.567627 4148.000000
2164.758545 3803.000000
2165.948486 3900.000000
2167.137451 3860.000000
2168.325928 3919.000000
2169.513428 3896.000000
2170.700684 3888.000000
2171.887207 3942.000000
2173.072998 3953.000000
2174.257568 3919.000000
2175.441895 3953.000000
2176.625000 3870.000000
2177.807617 3821.000000
2178.989990 3736.000000
2180.171387 3843.000000
2181.352051 3908.000000
2182.531738 3748.000000
2183.710693 3951.000000
2184.889160 3724.000000
2186.067139 3695.000000
2187.244385 3753.000000
2188.420166 3773.000000
2189.595947 3650.000000
2190.770752 3866.000000
2191.945068 3968.000000
2193.118408 3792.000000
2194.291016 3775.000000
2195.463135 3918.000000
2196.634277 3762.000000
2197.805176 3856.000000
2198.975342 4132.000000
2200.144287 3852.000000
2201.312744 4056.000000
2202.480469 4269.000000
2203.647461 4009.000000
2204.813965 4045.000000
2205.979736 4249.000000
2207.144531 3994.000000
2208.308838 4075.000000
2209.472168 4306.000000
2210.635254 3760.000000
2211.797119 4047.000000
2212.958740 4005.000000
2214.119141 3858.000000
2215.279541 3866.000000
2216.438721 3996.000000
2217.597168 3855.000000
2218.755127 3966.000000
2219.912598 3896.000000
2221.068848 3841.000000
2222.224609 4004.000000
2223.379639 3683.000000
2224.534180 3965.000000
2225.687744 3732.000000
2226.840576 4099.000000
2227.993164 4245.000000
2229.144775 3770.000000
2230.295410 3819.000000
2231.445557 3992.000000
2232.595215 3811.000000
2233.744141 3870.000000
2234.892334 4033.000000
2236.039551 3831.000000
2237.186279 3873.000000
2238.332275 3999.000000
2239.477539 4013.000000
2240.622070 4104.000000
2241.765869 3984.000000
2242.909180 4135.000000
2244.051514 3944.000000
2245.193359 3894.000000
2246.334717 3958.000000
2247.475098 3932.000000
2248.614990 3996.000000
2249.753906 4009.000000
2250.892334 4130.000000
2252.029785 4165.000000
2253.166992 4182.000000
2254.302979 4020.000000
2255.438965 3818.000000
2256.573486 3945.000000
2257.707764 3768.000000
2258.841309 4257.000000
2259.974121 3981.000000
2261.106201 4073.000000
2262.237793 3751.000000
2263.368408 4000.000000
2264.498535 3796.000000
2265.628174 3840.000000
2266.756836 3651.000000
2267.884766 3759.000000
2269.011963 3854.000000
2270.138428 4353.000000
2271.264404 3992.000000
2272.390137 3976.000000
2273.514648 4039.000000
2274.638428 3960.000000
2275.761475 4334.000000
2276.884033 4269.000000
2278.005859 3849.000000
2279.127197 3906.000000
2280.247314 3888.000000
2281.367188 3993.000000
2282.486328 3836.000000
2283.604736 4128.000000
2284.722412 3798.000000
2285.839600 3942.000000
2286.956055 3811.000000
2288.071777 4001.000000
2289.186523 3637.000000
2290.301025 3976.000000
2291.414551 4125.000000
2292.527588 4159.000000
2293.639893 3934.000000
2294.751221 3980.000000
2295.862305 3938.000000
2296.972656 4030.000000
2298.082031 4027.000000
2299.191162 4032.000000
2300.299316 4064.000000
2301.406982 3968.000000
2302.513672 4090.000000
2303.619873 4028.000000
2304.725586 3777.000000
2305.830322 3961.000000
2306.934570 3728.000000
2308.037842 3793.000000
2309.140869 3906.000000
2310.242920 3794.000000
2311.344727 4071.000000
2312.445557 3810.000000
2313.545410 3978.000000
2314.645020 3842.000000
2315.743896 4033.000000
2316.841553 4163.000000
2317.939453 3852.000000
2319.036133 3764.000000
2320.132080 3912.000000
2321.227539 4136.000000
2322.322266 3834.000000
2323.416260 3788.000000
2324.510254 3964.000000
2325.602783 4025.000000
2326.694580 3482.000000
2327.786133 3874.000000
2328.876709 3757.000000
2329.966797 4178.000000
2331.056396 4056.000000
2332.145020 3910.000000
2333.233154 3641.000000
2334.320313 3922.000000
2335.407471 3857.000000
2336.493652 3993.000000
2337.578857 3974.000000
2338.663574 3932.000000
2339.747803 3833.000000
2340.831055 4082.000000
2341.913818 3952.000000
2342.995605 3836.000000
2344.077393 3961.000000
2345.158203 3882.000000
2346.238281 4090.000000
2347.317383 3861.000000
2348.396240 4192.000000
2349.474609 3834.000000
2350.552002 3901.000000
2351.628662 3822.000000
2352.704834 3799.000000
2353.780273 4049.000000
2354.854980 4138.000000
2355.929443 3788.000000
2357.002930 3977.000000
2358.075684 4124.000000
2359.147705 3920.000000
2360.219482 3990.000000
2361.290283 4084.000000
2362.360596 3831.000000
2363.430176 4125.000000
2364.498779 3912.000000
2365.567139 4021.000000
2366.634766 3826.000000
2367.701660 3760.000000
2368.767822 3851.000000
2369.833496 4040.000000
2370.898438 3863.000000
2371.962891 3965.000000
2373.026367 3916.000000
2374.089600 4174.000000
2375.152100 4101.000000
2376.213623 4048.000000
2377.274658 3851.000000
2378.334961 4081.000000
2379.394775 3801.000000
2380.454102 3842.000000
2381.512451 3945.000000
2382.570313 3711.000000
2383.627197 4063.000000
2384.683838 3771.000000
2385.739502 4133.000000
2386.794922 4103.000000
2387.849609 3887.000000
2388.903076 4166.000000
2389.956299 4150.000000
2391.009033 3859.000000
2392.060791 3983.000000
2393.112305 3890.000000
2394.162842 4053.000000
2395.212891 3960.000000
2396.262207 3980.000000
2397.311035 3890.000000
2398.359131 3933.000000
2399.406494 3962.000000
2400.453369 3946.000000
2401.499023 4022.000000
2402.544922 3876.000000
2403.589600 4091.000000
2404.634033 3817.000000
2405.677734 3825.000000
2406.720459 4081.000000
2407.762695 4002.000000
2408.804443 4358.000000
2409.845215 3894.000000
2410.885742 3919.000000
2411.925537 3931.000000
2412.964600 4125.000000
2414.002930 4212.000000
2415.040771 3957.000000
2416.077881 4159.000000
2417.114258 3895.000000
2418.150146 4000.000000
2419.185547 4233.000000
2420.219971 4150.000000
2421.253906 4326.000000
2422.287109 3895.000000
2423.320068 3726.000000
2424.352051 4011.000000
2425.383301 3849.000000
2426.414307 4022.000000
2427.444336 4055.000000
2428.473633 3937.000000
2429.502686 4055.000000
2430.531006 3810.000000
2431.558594 4020.000000
2432.585205 3798.000000
2433.611816 3794.000000
2434.637207 3780.000000
2435.662598 4014.000000
2436.686768 4081.000000
2437.710693 3805.000000
2438.733398 3965.000000
2439.756104 3869.000000
2440.778320 4012.000000
2441.799316 4038.000000
2442.820068 3962.000000
2443.839844 3950.000000
2444.859375 3975.000000
2445.877930 3990.000000
2446.896484 3962.000000
2447.913818 4200.000000
2448.930908 4066.000000
2449.946777 3859.000000
2450.962402 4061.000000
2451.977295 4030.000000
2452.991943 3766.000000
2454.005371 3870.000000
2455.018311 3999.000000
2456.030762 4034.000000
2457.042725 4168.000000
2458.053955 3817.000000
2459.064697 4162.000000
2460.074463 4078.000000
2461.083984 3921.000000
2462.092529 4133.000000
2463.100342 4015.000000
2464.107910 3966.000000
2465.114990 3972.000000
2466.121094 3895.000000
2467.126465 4006.000000
2468.131592 3884.000000
2469.135986 3989.000000
2470.139648 4193.000000
2471.142822 3800.000000
2472.145264 3889.000000
2473.146973 3873.000000
2474.148193 3988.000000
2475.148926 4256.000000
2476.148926 4120.000000
2477.148193 3840.000000
2478.146729 4080.000000
2479.145020 4088.000000
2480.142334 4261.000000
2481.139404 3836.000000
2482.135742 3814.000000
2483.131104 4072.000000
2484.126221 3784.000000
2485.120850 4118.000000
2486.114502 4213.000000
2487.107666 4317.000000
2488.100098 3981.000000
2489.092285 3929.000000
2490.083740 3905.000000
2491.074463 4136.000000
2492.064453 4087.000000
2493.053711 4131.000000
2494.042969 3987.000000
2495.030762 4060.000000
2496.018555 4085.000000
2497.005615 3880.000000
2497.992188 3839.000000
2498.978027 4083.000000
2499.962891 4010.000000
2500.947998 4015.000000
2501.931641 3973.000000
2502.915039 3916.000000
2503.897461 4043.000000
2504.879883 4032.000000
2505.861084 4062.000000
2506.842041 3739.000000
2507.822754 3794.000000
2508.802246 4004.000000
2509.781738 4205.000000
2510.760010 3965.000000
2511.738037 4047.000000
2512.715088 4144.000000
2513.691650 4058.000000
2514.667725 4166.000000
2515.642822 3982.000000
2516.617676 3943.000000
2517.592041 4057.000000
2518.565430 3909.000000
2519.539307 4041.000000
2520.511475 4120.000000
2521.483154 3931.000000
2522.454346 4362.000000
2523.424805 4019.000000
2524.394775 4015.000000
2525.364258 4005.000000
2526.333008 3966.000000
2527.301270 4093.000000
2528.268799 3960.000000
2529.235352 4208.000000
2530.202393 4103.000000
2531.168213 3793.000000
2532.133057 3948.000000
2533.097656 4033.000000
2534.061768 3848.000000
2535.025391 3919.000000
2535.987793 3978.000000
2536.949707 4390.000000
2537.911377 4083.000000
2538.871826 3810.000000
2539.832520 3926.000000
2540.792236 4124.000000
2541.751465 3961.000000
2542.710449 4039.000000
2543.667969 4417.000000
2544.625488 4001.000000
2545.582275 3988.000000
2546.538086 3907.000000
2547.493896 3838.000000
2548.448730 3735.000000
2549.403320 4122.000000
2550.357178 3886.000000
2551.310059 3998.000000
2552.262695 3816.000000
2553.215088 4144.000000
2554.166260 4129.000000
2555.117432 4169.000000
2556.067627 4050.000000
2557.017090 4500.000000
2557.966064 4113.000000
2558.914551 4219.000000
2559.862305 4128.000000
2560.809570 4133.000000
2561.756104 3842.000000
2562.702637 3928.000000
2563.648438 4375.000000
2564.593262 3972.000000
2565.537109 4275.000000
2566.481201 4202.000000
2567.424316 4113.000000
2568.366699 4298.000000
2569.308350 4168.000000
2570.250000 4148.000000
2571.190918 3914.000000
2572.130859 4035.000000
2573.070313 4196.000000
2574.009277 4410.000000
2574.947998 3913.000000
2575.885986 3806.000000
2576.823242 4256.000000
2577.759766 4120.000000
2578.695801 4053.000000
2579.631592 4068.000000
2580.566162 4018.000000
2581.500732 4048.000000
2582.434082 4005.000000
2583.367432 3956.000000
2584.300049 3829.000000
2585.231934 4077.000000
2586.164063 4006.000000
2587.094727 4336.000000
2588.025146 4173.000000
2588.954346 3943.000000
2589.883789 4276.000000
2590.812256 3858.000000
2591.739746 4261.000000
2592.667236 4106.000000
2593.593994 4476.000000
2594.520264 3937.000000
2595.445557 4137.000000
2596.370850 4054.000000
2597.295654 4077.000000
2598.219238 3934.000000
2599.142822 4054.000000
2600.065430 3999.000000
2600.987549 3892.000000
2601.908936 3927.000000
2602.830078 4145.000000
2603.750244 4116.000000
2604.669922 3891.000000
2605.589111 4012.000000
2606.507813 4238.000000
2607.426270 4148.000000
2608.343994 3917.000000
2609.260742 4126.000000
2610.177246 3994.000000
2611.093018 4154.000000
2612.008057 3941.000000
2612.922607 4232.000000
2613.836670 3966.000000
2614.750244 4254.000000
2615.663086 4084.000000
2616.575439 3948.000000
2617.487061 3957.000000
2618.398682 4089.000000
2619.309570 4148.000000
2620.219482 3914.000000
2621.129150 4065.000000
2622.038086 4052.000000
2622.946045 3879.000000
2623.854004 4181.000000
2624.761475 4045.000000
2625.667725 3952.000000
2626.573975 3985.000000
2627.479736 3910.000000
2628.384521 4414.000000
2629.289063 3995.000000
2630.193115 4120.000000
2631.095947 4027.000000
2631.999023 4077.000000
2632.900879 4028.000000
2633.802246 4051.000000
2634.703369 3828.000000
2635.603516 3998.000000
2636.503662 3931.000000
2637.402588 3976.000000
2638.301514 3928.000000
2639.200195 4189.000000
2640.097900 3881.000000
2640.994873 3923.000000
2641.891113 4021.000000
2642.786621 3885.000000
2643.681885 4036.000000
2644.577148 4279.000000
2645.471436 4074.000000
2646.364990 4183.000000
2647.257813 4042.000000
2648.150635 4256.000000
2649.042480 4094.000000
2649.934326 3970.000000
2650.825195 4020.000000
2651.715576 3905.000000
2652.605469 4076.000000
2653.494141 3945.000000
2654.383057 3754.000000
2655.270996 3946.000000
2656.158447 3952.000000
2657.045654 4008.000000
2657.931641 4054.000000
2658.817627 4101.000000
2659.703369 4202.000000
2660.587891 4276.000000
2661.471924 3926.000000
2662.355957 4013.000000
2663.238770 4231.000000
2664.121094 3989.000000
2665.003418 4038.000000
2665.884277 4105.000000
2666.765381 4184.000000
2667.645508 4082.000000
2668.525391 4340.000000
2669.404785 4104.000000
2670.283447 4204.000000
2671.161621 4188.000000
2672.039307 3988.000000
2672.916260 4470.000000
2673.792480 4245.000000
2674.668457 3946.000000
2675.543701 4137.000000
2676.418457 4173.000000
2677.292480 3826.000000
2678.166260 3895.000000
2679.039307 4321.000000
2679.912109 3962.000000
2680.784180 4312.000000
2681.655762 4209.000000
2682.526611 4400.000000
2683.397461 3960.000000
2684.267090 3990.000000
2685.136230 4101.000000
2686.005127 4283.000000
2686.873291 4134.000000
2687.740967 4322.000000
2688.607910 4357.000000
2689.474609 4694.000000
2690.341309 4028.000000
2691.206543 4009.000000
2692.071045 4088.000000
2692.935791 4090.000000
2693.799316 4045.000000
2694.662842 4144.000000
2695.525391 4135.000000
2696.387451 3893.000000
2697.249268 4029.000000
2698.110596 3962.000000
2698.971191 3885.000000
2699.831055 4226.000000
2700.691162 4255.000000
2701.550049 3995.000000
2702.408203 4100.000000
2703.266113 4310.000000
2704.123535 4261.000000
2704.980469 4214.000000
2705.836670 3958.000000
2706.692139 4300.000000
2707.547607 4189.000000
2708.402100 3946.000000
2709.256592 4116.000000
2710.110352 4280.000000
2710.963135 3986.000000
2711.815918 4306.000000
2712.667969 4405.000000
2713.519287 3820.000000
2714.370117 4154.000000
2715.220459 4266.000000
2716.070313 4122.000000
2716.919189 3999.000000
2717.768311 4225.000000
2718.616699 4325.000000
2719.464355 4045.000000
2720.312256 4226.000000
2721.158691 4155.000000
2722.004639 4308.000000
2722.850098 5039.000000
2723.695557 4147.000000
2724.539551 4244.000000
2725.384033 3972.000000
2726.227295 4181.000000
2727.070068 4144.000000
2727.912354 4270.000000
2728.754395 4398.000000
2729.595459 3960.000000
2730.437012 3984.000000
2731.277100 4256.000000
2732.116699 4056.000000
2732.956299 4132.000000
2733.794922 4129.000000
2734.633301 4226.000000
2735.470947 4052.000000
2736.307373 4249.000000
2737.144287 4466.000000
2737.980469 3963.000000
2738.815918 4124.000000
2739.651611 4613.000000
2740.485840 4372.000000
2741.320068 4332.000000
2742.153076 4082.000000
2742.986084 4222.000000
2743.818604 4063.000000
2744.650391 3793.000000
2745.481934 3872.000000
2746.312500 4201.000000
2747.142822 4198.000000
2747.972412 4154.000000
2748.802002 4083.000000
2749.631104 4078.000000
2750.459473 4024.000000
2751.287109 4085.000000
2752.114014 3920.000000
2752.940918 3958.000000
2753.766846 4157.000000
2754.592529 3905.000000
2755.417725 4094.000000
2756.242188 3821.000000
2757.066406 4248.000000
2757.889893 4026.000000
2758.713379 4218.000000
2759.536133 3982.000000
2760.357910 4051.000000
2761.179443 4160.000000
2762.000488 4284.000000
2762.820801 4317.000000
2763.640625 4108.000000
2764.460205 4163.000000
2765.279297 4104.000000
2766.097412 4370.000000
2766.915283 3738.000000
2767.732666 4160.000000
2768.550049 4114.000000
2769.366699 4033.000000
2770.182373 4128.000000
2770.997803 4220.000000
2771.812500 3972.000000
2772.626709 4126.000000
2773.440674 3960.000000
2774.253906 4109.000000
2775.066650 4089.000000
2775.879150 4296.000000
2776.690674 4226.000000
2777.501709 3893.000000
2778.313232 4368.000000
2779.123291 4326.000000
2779.933105 4249.000000
2780.742432 4305.000000
2781.551025 4276.000000
2782.359375 4173.000000
2783.167236 4084.000000
2783.974121 4090.000000
2784.780762 4422.000000
2785.587158 4306.000000
2786.392578 4054.000000
2787.198242 4234.000000
2788.003174 4172.000000
2788.807129 4034.000000
2789.610840 4245.000000
2790.413818 3894.000000
2791.216553 4040.000000
2792.018555 4097.000000
2792.820313 4278.000000
2793.621094 4178.000000
2794.422119 4378.000000
2795.222412 4265.000000
2796.022217 4188.000000
2796.821289 4118.000000
2797.620117 4504.000000
2798.418457 4174.000000
2799.216309 3994.000000
2800.013428 4373.000000
2800.810059 3893.000000
2801.606201 4244.000000
2802.401855 4374.000000
2803.196777 4141.000000
2803.991699 4148.000000
2804.785889 4262.000000
2805.579590 4045.000000
2806.373291 4168.000000
2807.165527 3998.000000
2807.958008 4293.000000
2808.749512 4028.000000
2809.540771 4207.000000
2810.331543 4113.000000
2811.121582 4350.000000
2811.911377 4408.000000
2812.700439 4209.000000
2813.489258 3982.000000
2814.277344 3912.000000
2815.065918 4020.000000
2815.853027 4052.000000
2816.640137 4540.000000
2817.426270 4062.000000
2818.212158 4028.000000
2818.997314 4432.000000
2819.782227 4201.000000
2820.566162 4525.000000
2821.350342 4266.000000
2822.133545 4141.000000
2822.916504 4354.000000
2823.698975 4264.000000
2824.481201 3739.000000
2825.262451 4373.000000
2826.043457 4214.000000
2826.823975 4153.000000
2827.603760 4136.000000
2828.383545 4088.000000
2829.162354 4934.000000
2829.940674 4177.000000
2830.718994 4604.000000
2831.496338 4400.000000
2832.273438 4064.000000
2833.049805 4068.000000
2833.826416 4062.000000
2834.601807 3842.000000
2835.377197 4318.000000
2836.151367 4364.000000
2836.925781 4098.000000
2837.699707 4200.000000
2838.472412 4150.000000
2839.245361 4377.000000
2840.017578 4177.000000
2840.789307 4258.000000
2841.560791 4338.000000
2842.332031 4181.000000
2843.102295 4224.000000
2843.872070 4087.000000
2844.641113 4436.000000
2845.410156 4416.000000
2846.178711 4294.000000
2846.946289 4198.000000
2847.713867 4170.000000
2848.481201 4242.000000
2849.247559 4361.000000
2850.013428 3844.000000
2850.778809 4160.000000
2851.544678 4689.000000
2852.309082 4174.000000
2853.073486 4432.000000
2853.836914 4233.000000
2854.600098 4150.000000
2855.363037 4242.000000
2856.125000 4297.000000
2856.886719 4412.000000
2857.648438 4030.000000
2858.408936 4268.000000
2859.169678 4157.000000
2859.929443 4446.000000
2860.688965 4320.000000
2861.448242 4156.000000
2862.206299 4228.000000
2862.964355 4143.000000
2863.722168 4322.000000
2864.479004 4494.000000
2865.235840 4085.000000
2865.991699 4298.000000
2866.747314 4006.000000
2867.502686 4325.000000
2868.257324 4313.000000
2869.012451 4296.000000
2869.765869 4473.000000
2870.519531 4492.000000
2871.272217 4324.000000
2872.024902 4287.000000
2872.776611 4157.000000
2873.528320 4388.000000
2874.279053 4509.000000
2875.029785 4772.000000
2875.779785 4682.000000
2876.529541 4807.000000
2877.278564 5106.000000
2878.028076 5175.000000
2878.776123 5701.000000
2879.524170 5468.000000
2880.270996 5423.000000
2881.018311 5093.000000
2881.764648 5431.000000
2882.510498 4991.000000
2883.255859 4545.000000
2884.001221 4448.000000
2884.745605 4639.000000
2885.489746 4723.000000
2886.234131 4795.000000
2886.977295 4676.000000
2887.720215 4629.000000
2888.462402 4290.000000
2889.204102 4550.000000
2889.945557 4699.000000
2890.686523 4381.000000
2891.427002 4367.000000
2892.166992 4141.000000
2892.906494 4498.000000
2893.645996 4675.000000
2894.384521 4379.000000
2895.123291 4599.000000
2895.861084 4187.000000
2896.598389 4396.000000
2897.335205 4242.000000
2898.071777 4247.000000
2898.807617 4199.000000
2899.543457 4299.000000
2900.278320 4122.000000
2901.012939 4180.000000
2901.747070 4522.000000
2902.481201 4416.000000
2903.214355 4339.000000
2903.947510 4201.000000
2904.680176 4369.000000
2905.412109 4401.000000
2906.143555 4540.000000
2906.874512 4540.000000
