186.297	215.333
188.898	218.444
191.499	218.667
194.097	226.889
196.695	240.889
199.293	257.778
201.889	293.778
204.485	337.333
207.08	403.778
209.673	493.556
212.267	596.444
214.859	681.778
217.45	704.889
220.04	660
222.631	579.556
225.218	473.333
227.807	379.333
230.394	310.222
232.979	254.222
235.565	214.444
238.149	188.889
240.733	168.889
243.314	154
245.897	136.889
248.477	135.556
251.057	124.444
253.637	114.444
256.215	113.333
258.793	107.111
261.368	103.778
263.945	95.7778
266.519	97.1111
269.093	92
271.666	97.5556
274.237	90.8889
276.809	86
279.379	84.8889
281.949	84.6667
284.518	84
287.086	83.1111
289.653	81.5556
292.218	80.4444
294.784	77.1111
297.348	78.2222
299.913	82.4444
302.475	76
305.036	78.8889
307.598	78.6667
310.157	79.3333
312.716	81.3333
315.276	77.5556
317.833	77.7778
320.389	80.8889
322.944	78.8889
325.5	77.7778
328.054	83.3333
330.607	83.7778
333.159	93.3333
335.711	95.3333
338.262	102.889
340.811	123.333
343.36	148
345.909	157.111
348.456	147.556
351.002	123.333
353.547	108.222
356.092	94.4445
358.637	86.8889
361.18	79.7778
363.722	81.1111
366.263	79.7778
368.803	78.8889
371.342	77.5556
373.881	80
376.419	76.2222
378.957	71.3333
381.493	74
384.028	72.4444
386.563	74.6667
389.096	72.4444
391.629	73.5556
394.161	71.3333
396.692	75.3333
399.222	78.8889
401.752	81.5556
404.28	80.4444
406.808	84
409.335	85.7778
411.861	81.3333
414.386	78.4444
416.911	80.2222
419.434	74.8889
421.957	77.3333
424.479	77.5556
427	73.5556
429.52	76.8889
432.038	73.7778
434.557	75.7778
437.075	76.6667
439.592	76
442.108	73.7778
444.623	78.2222
447.138	71.1111
449.652	73.7778
452.163	80.8889
454.675	79.1111
457.186	86.2222
459.697	92.6667
462.206	111.333
464.714	118.667
467.222	124.889
469.729	99.3333
472.235	90.2222
474.739	85.5556
477.244	79.3333
479.748	80.4444
482.251	80.2222
484.752	78.8889
487.253	77.5555
489.754	73.3333
492.252	78.6667
494.751	81.3333
497.249	89.5556
499.745	85.5556
502.241	94
504.737	95.5556
507.231	108.222
509.725	119.556
512.218	151.333
514.709	213.111
517.201	382
519.69	796.667
522.18	956
524.669	580.222
527.156	286.444
529.644	170.222
532.129	132.222
534.615	111.111
537.099	96.2222
539.583	91.5556
542.065	84
544.548	84.6667
547.028	79.7778
549.509	81.1111
551.988	75.7778
554.468	72.8889
556.945	73.1111
559.423	76.2222
561.899	71.7778
564.373	72.2222
566.849	70
569.322	71.1111
571.796	72.6667
574.268	66.2222
576.739	70.8889
579.21	72.2222
581.679	72
584.148	72.2222
586.617	68.4444
589.084	71.7778
591.55	71.5556
594.016	73.3333
596.481	75.5556
598.944	77.5555
601.409	84.6667
603.871	92.2222
606.332	92.6667
608.792	106
611.253	124.222
613.712	150.889
616.17	199.111
618.628	259.778
621.084	336.889
623.541	338.889
625.996	287.556
628.45	215.111
630.903	156
633.356	130
635.807	104.667
638.26	92
640.71	86.4444
643.159	81.5556
645.608	81.1111
648.056	72.8889
650.503	76
652.949	70.8889
655.394	72.8889
657.839	73.7778
660.282	73.7778
662.725	70.6667
665.168	69.5556
667.61	70.6667
670.051	69.5556
672.491	65.3333
674.93	70.8889
677.368	67.7778
679.804	70.8889
682.241	71.7778
684.677	70
687.112	71.1111
689.547	76.4444
691.98	72.2222
694.413	75.7778
696.845	73.5556
699.276	73.1111
701.707	74.6667
704.136	71.5556
706.565	70.2222
708.992	73.3333
711.419	70.8889
713.846	76
716.271	74.6667
718.696	76.2222
721.121	82.4444
723.543	89.5556
725.965	101.333
728.387	110.667
730.808	119.556
733.227	111.556
735.647	96
738.065	84.8889
740.483	82.2222
742.899	76.4444
745.316	76.8889
747.731	74.6667
750.146	77.1111
752.559	76.4444
754.972	75.3333
757.385	75.7778
759.795	79.3333
762.206	78.6667
764.616	82.4444
767.025	89.7778
769.433	94.6667
771.84	101.111
774.247	124.667
776.653	178.889
779.058	316
781.462	640.222
783.865	1599.78
786.268	2813.78
788.669	1996.67
791.071	770.444
793.471	294.667
795.871	180.222
798.269	151.111
800.668	140.889
803.064	139.111
805.462	143.111
807.857	159.111
810.252	173.556
812.646	159.556
815.04	137.333
817.432	114
819.823	98.8889
822.215	91.3333
824.604	87.7778
826.995	81.5556
829.383	83.7778
831.77	86.2222
834.158	88
836.544	92.8889
838.929	100.222
841.315	100.222
843.698	103.333
846.081	96.2222
848.465	90.2222
850.846	86.4444
853.227	82
855.606	76
857.987	70.6667
860.365	74.4445
862.743	73.3333
865.119	71.5555
867.495	72.8889
869.872	73.1111
872.246	69.1111
874.62	74.2222
876.993	72.4444
879.365	75.1111
881.738	71.3333
884.109	75.3333
886.479	77.1111
888.848	76.8889
891.217	86.8889
893.584	86.2222
895.951	91.1111
898.317	91.7778
900.683	84.4444
903.048	81.1111
905.412	76.8889
907.776	77.7778
910.139	73.5556
912.5	69.7778
914.861	71.1111
917.221	74.6667
919.581	71.7778
921.94	72
924.296	76.8889
926.653	74
929.01	73.5556
931.366	76
933.721	76
936.075	76.2222
938.428	75.1111
940.781	76
943.133	75.1111
945.484	76.4444
947.835	76
950.183	78
952.532	79.5556
954.88	80.4444
957.228	79.5556
959.575	86.2222
961.921	88.4444
964.265	94
966.609	100.889
968.953	102.222
971.296	106.889
973.637	111.556
975.979	116.667
978.32	111.556
980.66	116
982.998	121.556
985.337	132.667
987.675	174
990.01	233.333
992.347	272.667
994.683	287.111
997.016	345.556
999.35	826.667
1001.68	3034.22
1004.02	4928
1006.35	2847.56
1008.68	919.556
1011.01	339.111
1013.34	198.889
1015.67	163.556
1017.99	140.222
1020.32	156
1022.65	180.889
1024.97	220.222
1027.3	502.889
1029.62	1228.89
1031.94	1285.78
1034.27	603.778
1036.59	231.778
1038.91	153.333
1041.23	122
1043.55	114
1045.87	104.444
1048.19	99.7778
1050.5	97.1111
1052.82	91.1111
1055.14	86.8889
1057.45	86.2222
1059.77	84.4444
1062.08	83.3333
1064.39	80.6667
1066.7	80.4444
1069.02	86.2222
1071.33	81.1111
1073.64	86
1075.95	81.7778
1078.25	89.7778
1080.56	90.8889
1082.87	96.4444
1085.17	91.7778
1087.48	87.7778
1089.79	84.6667
1092.09	82.4444
1094.39	82.2222
1096.69	83.5556
1099	80.6667
1101.3	86
1103.6	82.4444
1105.9	84.4444
1108.2	84.4444
1110.49	80.2222
1112.79	79.1111
1115.09	87.5556
1117.39	85.3333
1119.68	89.5556
1121.98	89.5556
1124.27	87.3333
1126.56	90.6667
1128.85	88
1131.15	91.3333
1133.44	98.4444
1135.73	98.4444
1138.02	102.444
1140.3	106.667
1142.59	115.556
1144.88	125.111
1147.17	135.778
1149.45	163.778
1151.74	202.222
1154.02	246.222
1156.31	286.444
1158.59	273.111
1160.87	232.222
1163.15	190.444
1165.43	170.444
1167.71	156.667
1169.99	159.333
1172.27	166.667
1174.55	192.222
1176.83	236.222
1179.1	268.222
1181.38	264.889
1183.65	222.667
1185.93	184.444
1188.2	167.556
1190.47	156.222
1192.74	146
1195.02	149.111
1197.29	157.333
1199.56	165.556
1201.82	194
1204.09	252.222
1206.36	430.667
1208.63	813.111
1210.89	1111.56
1213.16	816.444
1215.42	402.444
1217.69	212.222
1219.95	149.556
1222.21	134.889
1224.48	112.222
1226.74	110.889
1229	109.556
1231.26	104.667
1233.52	103.556
1235.78	97.3333
1238.03	100.667
1240.29	102.889
1242.55	101.778
1244.8	102
1247.06	101.111
1249.31	104.222
1251.56	102.444
1253.82	99.5555
1256.07	98.2222
1258.32	93.1111
1260.57	95.5555
1262.82	94
1265.07	93.1111
1267.32	94.2222
1269.57	95.3333
1271.81	94.6667
1274.06	90.8889
1276.3	92.2222
1278.55	96.2222
1280.79	94.8889
1283.04	93.5556
1285.28	94.2222
1287.52	95.7778
1289.76	88.2222
1292	98.6667
1294.24	95.1111
1296.48	92
1298.72	101.333
1300.96	99.1111
1303.2	98.8889
1305.43	106.222
1307.67	103.111
1309.9	107.778
1312.14	118
1314.37	110.667
1316.6	114
1318.84	109.778
1321.07	106.444
1323.3	110.222
1325.53	114
1327.76	118.667
1329.99	120
1332.21	126.889
1334.44	126.667
1336.67	121.111
1338.89	116
1341.12	104.222
1343.34	104.667
1345.57	108
1347.79	107.333
1350.01	113.111
1352.24	111.556
1354.46	105.778
1356.68	115.556
1358.9	120
1361.11	123.111
1363.33	121.556
1365.55	135.111
1367.77	142.667
1369.98	155.556
1372.2	174.667
1374.41	222.444
1376.63	300.222
1378.84	381.778
1381.05	390.667
1383.27	319.333
1385.48	229.111
1387.69	184.889
1389.9	171.778
1392.11	152.889
1394.31	140.444
1396.52	130.667
1398.73	128.889
1400.94	122.667
1403.14	121.556
1405.35	122.889
1407.55	123.111
1409.75	125.556
1411.96	127.111
1414.16	125.556
1416.36	130
1418.56	132
1420.76	132.222
1422.96	140.444
1425.16	144.444
1427.36	145.333
1429.56	150.222
1431.75	155.778
1433.95	168.667
1436.14	163.111
1438.34	169.333
1440.53	167.778
1442.73	163.556
1444.92	164.667
1447.11	163.333
1449.3	162
1451.49	159.778
1453.68	154.667
1455.87	151.333
1458.06	151.778
1460.25	146.889
1462.44	147.556
1464.62	140.667
1466.81	141.778
1468.99	138.667
1471.18	135.778
1473.36	134.667
1475.55	132
1477.73	136.667
1479.91	127.333
1482.09	127.556
1484.27	126
1486.45	131.333
1488.63	130.444
1490.81	133.333
1492.99	135.333
1495.16	141.333
1497.34	139.556
1499.51	138.444
1501.69	131.556
1503.86	124
1506.04	124.444
1508.21	118
1510.38	118.222
1512.55	122.222
1514.73	114.667
1516.9	118.889
1519.06	118.444
1521.23	114.222
1523.4	118.889
1525.57	113.111
1527.74	115.778
1529.9	117.778
1532.07	114.444
1534.23	114.889
1536.4	115.556
1538.56	115.333
1540.72	110.667
1542.89	118
1545.05	114.222
1547.21	120.667
1549.37	117.111
1551.53	116.444
1553.69	122
1555.84	119.111
1558	125.111
1560.16	125.778
1562.32	130.222
1564.47	128
1566.63	135.556
1568.78	140.889
1570.93	150
1573.09	162.222
1575.24	185.778
1577.39	196
1579.54	225.556
1581.69	268.889
1583.84	316.444
1585.99	372
1588.14	369.111
1590.29	304.444
1592.43	260.222
1594.58	246
1596.72	264.667
1598.87	304.444
1601.01	372.222
1603.16	473.111
1605.3	557.778
1607.44	514.667
1609.58	412.222
1611.72	321.333
1613.86	254.222
1616	223.111
1618.14	199.333
1620.28	187.556
1622.42	186.222
1624.56	178.889
1626.69	177.111
1628.83	163.778
1630.96	147.778
1633.1	137.556
1635.23	133.333
1637.36	126
1639.5	119.778
1641.63	120.444
1643.76	113.556
1645.89	115.556
1648.02	109.556
1650.15	109.333
1652.28	111.556
1654.4	111.333
1656.53	110
1658.66	109.778
1660.78	106.444
1662.91	110.222
1665.03	103.778
1667.16	112
1669.28	109.556
1671.4	104.444
1673.52	108.222
1675.65	113.778
1677.77	109.778
1679.89	109.111
1682.01	106
1684.12	108.889
1686.24	108.444
1688.36	105.556
1690.48	104.222
1692.59	102.667
1694.71	101.333
1696.82	110
1698.94	104.222
1701.05	104
1703.16	101.556
1705.27	100.667
1707.39	102.889
1709.5	100.889
1711.61	103.778
1713.72	105.556
1715.83	104
1717.93	101.111
1720.04	103.556
1722.15	102.222
1724.25	105.556
1726.36	103.556
1728.47	103.778
1730.57	104.222
1732.67	101.556
1734.78	104.222
1736.88	104.667
1738.98	107.111
1741.08	102.889
1743.18	106.667
1745.28	103.111
1747.38	100.889
1749.48	108.444
1751.58	103.778
1753.67	102.667
1755.77	105.111
1757.87	104.889
1759.96	100.444
1762.06	99.5556
1764.15	104.667
1766.25	106.222
1768.34	104.444
1770.43	102.222
1772.52	102.444
1774.61	104
1776.7	104
1778.79	108
1780.88	102.667
1782.97	113.556
1785.06	107.333
1787.14	109.111
1789.23	113.333
1791.32	108.222
1793.4	109.111
1795.49	109.333
1797.57	110.444
1799.65	103.111
1801.74	105.111
1803.82	103.333
1805.9	110.222
1807.98	107.111
1810.06	102
1812.14	106.444
1814.22	107.556
1816.3	106.444
1818.38	105.333
1820.45	106.889
1822.53	103.556
1824.6	109.556
1826.68	106.444
1828.75	108.444
1830.83	106.667
1832.9	109.111
1834.97	105.556
1837.05	108.444
1839.12	106.444
1841.19	105.111
1843.26	106.667
1845.33	106.889
1847.4	108.667
1849.46	108
1851.53	102.222
1853.6	106.444
1855.66	106.222
1857.73	103.111
1859.79	109.333
1861.86	106.222
1863.92	105.556
1865.99	109.556
1868.05	106.889
1870.11	108.889
1872.17	109.778
1874.23	110
1876.29	107.111
1878.35	105.778
1880.41	107.778
1882.47	107.556
1884.53	113.333
1886.58	104.222
1888.64	112
1890.69	106.889
1892.75	107.556
1894.8	111.333
1896.86	106
1898.91	108.889
1900.96	112
1903.02	111.778
1905.07	112.667
1907.12	112
1909.17	113.778
1911.22	114.889
1913.27	113.333
1915.31	113.778
1917.36	113.333
1919.41	116.444
1921.45	113.778
1923.5	116.889
1925.55	114.222
1927.59	112.667
1929.63	114.222
1931.68	122
1933.72	114.889
1935.76	110.222
1937.8	112.889
1939.84	114.667
1941.88	111.778
1943.92	108.889
1945.96	114
1948	112
1950.04	112.889
1952.08	109.111
1954.11	117.556
1956.15	115.556
1958.18	108
1960.22	110.667
1962.25	110.889
1964.29	110
1966.32	114
1968.35	112
1970.38	113.111
1972.41	114.889
1974.44	112.889
1976.47	112.444
1978.5	110.889
1980.53	114
1982.56	108.222
1984.59	112.222
1986.61	118
1988.64	116
1990.66	111.778
1992.69	115.111
1994.71	119.556
1996.74	116.889
1998.76	119.111
2000.78	114.667
2002.8	115.556
2004.82	117.778
2006.85	112
2008.87	111.111
2010.88	113.111
2012.9	114.444
2014.92	117.111
2016.94	112
2018.96	116.667
2020.97	112.889
2022.99	114.444
2025	114.667
2027.02	119.333
2029.03	114.667
2031.05	112.889
2033.06	120.889
2035.07	119.556
2037.08	119.333
2039.09	116.889
2041.1	123.111
2043.11	115.333
2045.12	116.889
2047.13	118.667
2049.14	117.778
2051.15	117.556
2053.15	116.889
2055.16	116.889
2057.16	117.778
2059.17	118.444
2061.17	117.556
2063.18	118.667
2065.18	117.778
2067.18	118.444
2069.18	122
2071.19	119.111
2073.19	121.556
2075.19	117.778
2077.19	118.667
2079.19	116.222
2081.18	117.111
2083.18	118.444
2085.18	118.222
2087.17	117.556
2089.17	120.667
2091.17	115.556
2093.16	117.333
2095.16	120
2097.15	121.778
2099.14	119.778
2101.13	116.889
2103.13	118.667
2105.12	118.222
2107.11	117.111
2109.1	119.333
2111.09	117.556
2113.08	125.111
2115.06	122
2117.05	121.778
2119.04	118.889
2121.02	122
2123.01	121.111
2125	125.333
2126.98	119.778
2128.96	121.333
2130.95	121.111
2132.93	122.667
2134.91	124
2136.9	122.222
2138.88	119.556
2140.86	119.111
2142.84	125.111
2144.82	124.444
2146.8	123.333
2148.77	122.222
2150.75	118.444
2152.73	125.556
2154.7	124.444
2156.68	126.444
2158.65	123.778
2160.63	122.889
2162.6	125.111
2164.58	121.556
2166.55	124.667
2168.52	120.889
2170.49	121.111
2172.47	120.222
2174.44	121.556
2176.41	123.111
2178.38	119.111
2180.34	122.222
2182.31	120.667
2184.28	127.333
2186.25	117.778
2188.21	122.889
2190.18	122.222
2192.14	122.667
2194.11	120.444
2196.07	124.444
2198.04	124.667
2200	120.444
2201.96	124.889
2203.92	126
2205.89	124.889
2207.85	124.667
2209.81	125.111
2211.77	126.222
2213.72	126.222
2215.68	127.111
2217.64	121.333
2219.6	120.444
2221.55	122.667
2223.51	125.111
2225.47	126.444
2227.42	127.111
2229.37	120.444
2231.33	129.333
2233.28	125.556
2235.23	128
2237.19	125.333
2239.14	130.222
2241.09	132
2243.04	124.889
2244.99	126.667
2246.94	124
2248.89	126.444
2250.83	124.444
2252.78	131.333
2254.73	129.778
2256.67	128.222
2258.62	131.333
2260.56	127.556
2262.51	127.556
2264.45	126.667
2266.4	123.778
2268.34	124.889
2270.28	125.111
2272.22	126
2274.16	122.222
2276.1	130.667
2278.04	119.556
2279.98	124.889
2281.92	128.222
2283.86	129.333
2285.8	127.111
2287.74	125.778
2289.67	125.111
2291.61	126.889
2293.54	127.778
2295.48	127.111
2297.41	126.889
2299.35	123.778
2301.28	126.222
2303.21	125.778
2305.14	125.333
2307.07	129.556
2309.01	127.778
2310.94	132.889
2312.86	133.778
2314.79	125.778
2316.72	127.556
2318.65	129.333
2320.58	130.222
2322.5	128.444
2324.43	130
2326.36	127.333
2328.28	130.667
2330.21	134.444
2332.13	125.111
2334.05	128.889
2335.98	126.889
2337.9	132.889
2339.82	127.333
2341.74	129.333
2343.66	126.889
2345.58	129.111
2347.5	128
2349.42	128.667
2351.34	130.444
2353.26	128.667
2355.17	129.111
2357.09	130
2359.01	136.667
2360.92	130.889
2362.84	126.444
2364.75	130.444
2366.67	134.444
2368.58	135.333
2370.49	127.111
2372.4	138.222
2374.32	128.444
2376.23	128.222
2378.14	135.778
2380.05	133.111
2381.96	130.667
2383.86	130.667
2385.77	130.667
2387.68	131.333
2389.59	130.444
2391.5	138.222
2393.4	137.111
2395.31	128.444
2397.21	135.111
2399.12	129.333
2401.02	126.667
2402.92	131.556
2404.83	128.222
2406.73	130
2408.63	133.778
2410.53	137.556
2412.43	135.111
2414.33	133.778
2416.23	130.889
2418.13	137.333
2420.03	139.111
2421.93	134.667
2423.82	131.111
2425.72	136.222
2427.61	141.111
2429.51	140.444
2431.4	138.222
2433.3	146.667
2435.19	139.111
2437.09	135.778
2438.98	138.889
2440.87	133.111
2442.76	130.667
2444.65	130.889
2446.55	134.444
2448.44	133.556
2450.32	128.444
2452.21	132.444
2454.1	140.222
