105.443	2017.71
108.528	1979.44
111.612	1950.28
114.693	1929.07
117.774	1914.98
120.854	1863.19
123.931	1825.82
127.007	1800.85
130.081	1788.3
133.155	1750.87
136.226	1728.87
139.296	1714.47
142.364	1690.09
145.431	1651.58
148.496	1638.11
151.559	1625.13
154.622	1617.51
157.682	1605.71
160.741	1582.86
163.799	1569.75
166.855	1557.52
169.91	1544.6
172.963	1545.04
176.014	1526.83
179.064	1503.08
182.113	1511.03
185.16	1508.96
188.205	1509.56
191.249	1511.88
194.291	1520.99
197.333	1503.12
200.372	1499.04
203.409	1477.26
206.446	1479.58
209.48	1470.43
212.514	1446.38
215.546	1439.83
218.577	1454.77
221.605	1434.72
224.633	1448.85
227.658	1448.44
230.682	1451.19
233.706	1458.08
236.727	1454
239.747	1462.18
242.765	1435.66
245.782	1418.18
248.797	1413.96
251.811	1410.58
254.823	1416.15
257.834	1383.46
260.844	1377.17
263.852	1394.14
266.858	1404.56
269.863	1380.59
272.866	1393.1
275.868	1407.61
278.869	1427.27
281.867	1423.6
284.865	1435.94
287.861	1436.39
290.856	1416.4
293.848	1428.37
296.84	1390.54
299.83	1390.12
302.819	1387.25
305.806	1383.78
308.791	1371.7
311.775	1369.26
314.758	1362.85
317.739	1350.83
320.719	1360.86
323.697	1374.58
326.674	1371.93
329.649	1400.82
332.623	1404.68
335.595	1410.87
338.566	1398.47
341.535	1410.92
344.504	1433.29
347.47	1434.33
350.434	1459.79
353.399	1508.94
356.36	1503.41
359.321	1485.14
362.281	1502.48
365.238	1482.62
368.194	1463.92
371.149	1416.91
374.102	1391.54
377.054	1379.93
380.005	1362.11
382.954	1360.57
385.901	1384.54
388.847	1383.01
391.792	1382.71
394.735	1369.12
397.676	1393.25
400.617	1416.34
403.555	1457.19
406.493	1524.73
409.429	1727.35
412.363	2069.23
415.297	2429.67
418.228	2428.64
421.158	2030.78
424.087	1739.08
427.014	1542.53
429.94	1457.32
432.864	1408.17
435.787	1360.08
438.709	1354.29
441.629	1336.28
444.547	1347.2
447.464	1309.46
450.38	1318.7
453.294	1284.38
456.208	1274.33
459.119	1266.77
462.028	1250.51
464.938	1249.37
467.844	1260.36
470.75	1241.75
473.654	1262.08
476.557	1267.44
479.459	1280.47
482.359	1326.97
485.257	1346.62
488.154	1368.17
491.05	1348.69
493.945	1310.02
496.838	1285.41
499.729	1271.99
502.619	1253.85
505.508	1254.43
508.395	1235.57
511.281	1210.27
514.165	1222.3
517.049	1234.87
519.93	1207.4
522.81	1204.31
525.689	1167.07
528.566	1161.92
531.442	1163.93
534.317	1146.78
537.19	1151.03
540.062	1162.67
542.932	1155.43
545.801	1144.45
548.669	1149.57
551.534	1154.69
554.399	1128.02
557.262	1163.12
560.124	1161.7
562.985	1159.84
565.844	1148.94
568.702	1154.5
571.558	1153.71
574.413	1153.93
577.266	1150.35
580.118	1145.61
582.969	1154.75
585.819	1131.48
588.666	1144.2
591.513	1125.63
594.359	1120.04
597.202	1128.82
600.045	1106.6
602.885	1097.63
605.725	1108.47
608.564	1114.24
611.4	1110.17
614.236	1111.24
617.07	1098.27
619.902	1123.25
622.734	1097.2
625.564	1107.19
628.393	1108.2
631.219	1119.55
634.045	1101.53
636.87	1115.82
639.693	1124.27
642.515	1108.35
645.335	1100.01
648.153	1096.13
650.971	1103.27
653.787	1081.28
656.602	1084.63
659.416	1067.69
662.228	1059.68
665.038	1051.54
667.848	1047.26
670.655	1045.7
673.462	1051.78
676.268	1039.23
679.071	1041.51
681.874	1045.07
684.675	1030.14
687.475	1035.09
690.273	1049.08
693.07	1041.95
695.866	1061.63
698.66	1066.53
701.453	1064.37
704.244	1072.65
707.035	1081.14
709.824	1098.56
712.612	1103.54
715.397	1105.54
718.183	1099.82
720.966	1101.27
723.748	1122.19
726.529	1099.94
729.308	1090.56
732.087	1086.89
734.863	1065.1
737.639	1077.44
740.413	1076.17
743.186	1077.84
745.956	1068.91
748.726	1048.33
751.495	1055.88
754.262	1064.25
757.029	1070.54
759.793	1066.13
762.557	1058.2
765.318	1081.53
768.079	1095.03
770.839	1104
773.597	1085.24
776.353	1066.53
779.109	1072.79
781.862	1066.11
784.615	1064.41
787.366	1055.87
790.116	1035.78
792.865	1039.68
795.612	1034.07
798.358	1022.32
801.102	1028.18
803.846	1025.84
806.588	1013.84
809.329	1025.73
812.068	1020.36
814.806	1014.74
817.542	1005.35
820.278	1010.54
823.012	995.586
825.744	985.373
828.476	989.552
831.206	985.363
833.935	985.255
836.662	1000.57
839.388	1003.05
842.113	1031.74
844.836	1055.42
847.558	1071.08
850.279	1125.27
852.999	1172.03
855.718	1198.76
858.435	1215.2
861.15	1214.22
863.865	1166.07
866.577	1151.39
869.289	1106.06
871.999	1101.06
874.709	1115.3
877.417	1110.88
880.123	1097.87
882.828	1068.34
885.531	1056.58
888.234	1021.5
890.936	1003.97
893.635	978.883
896.334	975.747
899.031	981.679
901.728	981.137
904.422	972.566
907.116	976.451
909.808	987.24
912.499	985.758
915.188	1003.27
917.877	1009.13
920.563	1002.41
923.249	1008.4
925.934	975.869
928.617	940.091
931.298	920.95
933.979	929.822
936.658	887.749
939.336	888.745
942.013	875.732
944.688	890.12
947.362	840.531
950.035	854.853
952.706	833.707
955.377	837.388
958.045	835.552
960.714	844.119
963.38	830.839
966.044	821.03
968.709	819.627
971.372	840.366
974.033	842.005
976.693	838.069
979.351	819.655
982.009	836.998
984.665	835.728
987.32	842.132
989.974	848.314
992.626	850.616
995.277	838.386
997.926	826.439
1000.57	840.158
1003.22	853.307
1005.87	848.125
1008.51	862.384
1011.16	879.875
1013.8	894.125
1016.44	913.675
1019.08	899.96
1021.72	914.695
1024.35	924.997
1026.99	930.831
1029.63	929.081
1032.26	952.433
1034.89	1020.56
1037.52	1050.72
1040.15	1044.08
1042.78	997.579
1045.41	939.777
1048.03	899.228
1050.66	878.594
1053.28	870.69
1055.9	874.32
1058.52	859.662
1061.14	859.129
1063.76	851.898
1066.38	834.763
1068.99	811.738
1071.61	807.254
1074.22	821.089
1076.83	811.198
1079.44	803.322
1082.05	800.433
1084.66	800.517
1087.27	809.187
1089.87	788.459
1092.48	780.701
1095.08	789.684
1097.68	790.072
1100.29	775.609
1102.88	800.351
1105.48	778.485
1108.08	796.495
1110.68	786.086
1113.27	788.733
1115.86	815.267
1118.46	805.295
1121.05	822.712
1123.64	854.559
1126.23	843.841
1128.81	849.654
1131.4	870.598
1133.98	845.019
1136.57	829.908
1139.15	814.202
1141.73	796.619
1144.31	774.116
1146.89	758.878
1149.47	743.681
1152.04	735.419
1154.62	744.805
1157.19	704.411
1159.76	713.711
1162.33	720.465
1164.9	701.641
1167.47	721.335
1170.04	715.443
1172.61	711.829
1175.17	723.106
1177.74	740.003
1180.3	742.032
1182.86	744.433
1185.42	758.237
1187.98	761.145
1190.54	747.134
1193.09	727.357
1195.65	707.154
1198.2	703.614
1200.76	684.43
1203.31	665.34
1205.86	641.798
1208.41	649.178
1210.96	655.075
1213.5	656.466
1216.05	659.063
1218.59	651.55
1221.14	644.459
1223.68	662.33
1226.22	661.983
1228.76	649.221
1231.3	649.202
1233.84	646.492
1236.37	681.225
1238.91	695.203
1241.44	712.174
1243.97	729.756
1246.5	729.505
1249.03	745.33
1251.56	738.574
1254.09	728.477
1256.62	721.431
1259.14	717.619
1261.67	706.587
1264.19	688.835
1266.71	672.331
1269.23	688.295
1271.75	681.34
1274.27	680.229
1276.78	685.9
1279.3	670.51
1281.81	663.607
1284.33	684.412
1286.84	662.708
1289.35	661.593
1291.86	661.528
1294.37	664.188
1296.88	648.546
1299.38	649.987
1301.89	643.637
1304.39	644.748
1306.89	630.421
1309.4	656.383
1311.9	642.24
1314.4	633.046
1316.89	644.718
1319.39	650.384
1321.89	661.665
1324.38	641.816
1326.87	655.874
1329.37	643.45
1331.86	653.081
1334.35	656.145
1336.83	660.05
1339.32	656.084
1341.81	652.628
1344.29	639.202
1346.78	642.219
1349.26	640.344
1351.74	647.847
1354.22	657.81
1356.7	642.332
1359.18	666.417
1361.65	650.422
1364.13	645.28
1366.6	638.131
1369.08	646.833
1371.55	640.65
1374.02	648.791
1376.49	640.28
1378.96	637.654
1381.43	642.88
1383.89	643.853
1386.36	635.851
1388.82	630.91
1391.28	628.217
1393.75	625.732
1396.21	636.841
1398.67	625.894
1401.12	637.9
1403.58	646.825
1406.04	637.54
1408.49	635.411
1410.95	645.536
1413.4	646.295
1415.85	660.677
1418.3	657.15
1420.75	679.201
1423.2	722.039
1425.64	753.684
1428.09	785.4
1430.53	829.564
1432.97	872.012
1435.42	890.859
1437.86	929.074
1440.3	952.853
1442.74	960.646
1445.17	1000.81
1447.61	996.977
1450.05	993.049
1452.48	939.601
1454.91	885.597
1457.34	835.397
1459.77	792.927
1462.2	754.903
1464.63	737.664
1467.06	710.391
1469.48	718.089
1471.91	705.66
1474.33	684.665
1476.76	683.47
1479.18	670.534
1481.6	655.323
1484.02	636.403
1486.44	612.109
1488.85	594.361
1491.27	582.697
1493.68	559.43
1496.1	556.378
1498.51	553.581
1500.92	557.953
1503.33	528.812
1505.74	537.198
1508.15	538.835
1510.55	524.678
1512.96	522.769
1515.36	524.153
1517.77	523.349
1520.17	518.185
1522.57	516.008
1524.97	504.754
1527.37	502.654
1529.77	507.582
1532.16	499.509
1534.56	484.459
1536.95	493.517
1539.35	495.334
1541.74	490.685
1544.13	493.896
1546.52	492.13
1548.91	483.788
1551.3	485.692
1553.68	475.753
1556.07	491.941
1558.45	479.137
1560.84	470.756
1563.22	478.174
1565.6	473.981
1567.98	456.423
1570.36	477.478
1572.74	464.408
1575.11	463.188
1577.49	469.182
1579.86	468.015
1582.24	462.923
1584.61	460.386
1586.98	453.358
1589.35	462.961
1591.72	454.299
1594.08	444.471
1596.45	455.915
1598.82	443.629
1601.18	450.311
1603.54	443.558
1605.91	448.035
1608.27	442.409
1610.63	432.257
1612.99	428.428
1615.34	431.333
1617.7	434.971
1620.06	430.061
1622.41	426.745
1624.76	422.723
1627.12	431.581
1629.47	418.459
1631.82	414.655
1634.17	418.007
1636.51	424.971
1638.86	418.237
1641.21	406.091
1643.55	412.859
1645.9	411.046
1648.24	402.44
1650.58	396.719
1652.92	403.948
1655.26	410.853
1657.6	395.652
1659.93	409.961
1662.27	397.681
1664.6	396.68
1666.94	393.639
1669.27	387.305
1671.6	391.692
1673.93	381.384
1676.26	382.529
1678.59	389.512
1680.92	379.779
1683.24	382.792
1685.57	389.474
1687.89	381.816
1690.22	375.971
1692.54	369.073
1694.86	381.086
1697.18	365.267
1699.5	361.921
1701.81	374.829
1704.13	371.083
1706.45	375.152
1708.76	371.579
1711.07	362.882
1713.38	366.374
1715.7	359.234
1718.01	360.801
1720.31	353.984
1722.62	346.901
1724.93	352.198
1727.24	353.129
1729.54	357.181
1731.84	351
1734.15	350.118
1736.45	344.901
1738.75	345.194
1741.05	348.943
1743.35	342.875
1745.64	338.586
1747.94	334.057
1750.23	340.04
1752.53	336.008
1754.82	329.356
1757.11	319.175
1759.4	324.877
1761.69	320.351
1763.98	324.795
1766.27	320.793
1768.56	314.896
1770.84	316.989
1773.13	320.386
1775.41	313.595
1777.69	320.193
1779.97	308.959
1782.25	309.11
1784.53	308.985
1786.81	300.627
1789.09	304.143
1791.36	296.829
1793.64	306.065
1795.91	303.156
1798.18	301.249
1800.46	299.917
1802.73	293.25
1805	301.505
1807.27	292.8
1809.53	295.239
1811.8	299.702
1814.07	287.579
1816.33	297.264
1818.59	289.401
1820.86	285.051
1823.12	293.045
1825.38	279.432
1827.64	285.815
1829.89	275.229
1832.15	282.801
1834.41	284.474
1836.66	274.846
1838.92	287.014
1841.17	280.326
1843.42	276.228
1845.67	281.922
1847.92	267.184
1850.17	280.681
1852.42	273.593
1854.67	279.227
1856.91	273.193
1859.16	274.961
1861.4	269.372
1863.64	273.072
1865.88	263.831
1868.12	265.12
1870.36	266.234
1872.6	269.91
1874.84	265.654
1877.08	263.01
1879.31	262.979
1881.54	260.947
1883.78	259.774
1886.01	255.082
1888.24	258.007
1890.47	251.759
1892.7	259.252
1894.93	253.758
1897.16	261.595
1899.38	249.592
1901.61	248.297
1903.83	253.419
1906.05	243.594
1908.28	243.787
1910.5	253.435
1912.72	247.944
1914.94	253.325
1917.16	237.527
1919.37	243.555
1921.59	242.03
1923.8	237.372
1926.02	236.039
1928.23	236.414
1930.44	240.575
1932.65	229.888
1934.86	230.04
1937.07	226.51
1939.28	235.388
1941.48	234.506
1943.69	229.822
1945.9	225.237
1948.1	231.177
1950.3	226.269
1952.5	229.808
1954.7	226.792
1956.9	225.837
1959.1	221.663
1961.3	217.495
1963.5	208.865
1965.69	219.987
1967.89	216.789
1970.08	217.233
1972.27	210.824
1974.46	211.14
1976.66	204.902
1978.84	206.125
1981.03	219.735
1983.22	203.739
1985.41	202.687
1987.59	206.844
1989.78	203.601
1991.96	207.177
1994.14	201.985
1996.32	201.099
1998.51	198.15
2000.69	200.41
2002.86	200.86
2005.04	196.119
2007.22	188.194
2009.39	192.245
2011.57	206.229
2013.74	193.731
2015.91	192.474
2018.09	190.329
2020.26	183.847
2022.43	192.894
2024.59	188.692
2026.76	186.091
2028.93	185.547
2031.09	183.928
2033.26	182.395
2035.42	186.012
2037.59	176.236
2039.75	183.073
2041.91	178.204
2044.07	176.739
2046.23	180.766
2048.38	173.406
2050.54	170.894
2052.7	171.76
2054.85	172.961
2057	166.511
2059.16	168.242
2061.31	173.212
2063.46	164.957
2065.61	163.547
2067.76	174.351
2069.91	168.005
2072.05	161.644
2074.2	157.788
2076.34	158.433
2078.49	161.973
2080.63	159.909
2082.77	163.299
2084.91	154.791
2087.05	153.204
2089.19	163.017
2091.33	152.341
2093.47	148.716
2095.6	159.516
2097.74	151.321
2099.87	151.702
2102.01	152.191
2104.14	144.125
2106.27	150.021
2108.4	146.844
2110.53	145.118
2112.66	148.976
2114.79	141.02
2116.91	148.79
2119.04	141.341
2121.16	149.395
2123.29	144.357
2125.41	136.14
2127.53	140.628
2129.65	139.439
2131.77	147.179
2133.89	131.066
2136.01	140.57
2138.12	135.46
2140.24	129.511
2142.35	136.944
2144.47	129.898
2146.58	134.303
2148.69	138.374
2150.8	133.622
2152.91	128.433
2155.02	132.081
2157.13	129.997
2159.24	130.856
2161.34	129.02
2163.45	132.705
2165.55	131.1
2167.66	126.765
2169.76	137.613
2171.86	127.109
2173.96	124.52
2176.06	128.624
2178.16	129.924
2180.26	130.362
2182.35	123.254
2184.45	126.155
2186.54	125.185
2188.64	120.785
2190.73	122.692
2192.82	118.227
2194.91	123.065
2197	115.656
2199.09	121.632
2201.18	122.054
2203.27	122.588
2205.35	117.095
2207.44	110.313
2209.52	116.987
2211.61	116.195
2213.69	114.816
2215.77	114.751
2217.85	114.936
2219.93	110.497
2222.01	116.581
2224.09	112.628
2226.16	112.585
2228.24	113.54
2230.31	107.554
2232.39	117.199
2234.46	104.011
2236.53	111.564
2238.6	110.908
2240.67	102.365
2242.74	105.787
2244.81	112.509
2246.88	111.027
2248.94	106.006
2251.01	111.082
2253.07	107.066
2255.14	108.269
2257.2	106.72
2259.26	109.792
2261.32	110.395
2263.38	104.8
2265.44	104.834
2267.5	104.409
2269.56	94.6901
2271.61	103.725
2273.67	95.3793
2275.72	101.131
2277.78	98.6153
2279.83	103.439
2281.88	102.877
2283.93	93.99
2285.98	91.8442
2288.03	100.791
2290.08	99.135
2292.12	98.4239
2294.17	96.2773
2296.21	98.4293
2298.26	94.5588
2300.3	94.2839
2302.34	97.9795
2304.38	92.2574
2306.42	93.5907
2308.46	87.1605
2310.5	90.9615
2312.54	90.4055
2314.58	83.2743
2316.61	88.3714
2318.65	86.2631
2320.68	90.3613
2322.71	88.8532
2324.75	83.8487
2326.78	86.5362
2328.81	80.4679
2330.84	85.2801
2332.86	84.7642
2334.89	80.9625
2336.92	88.0431
2338.94	82.2102
2340.97	81.7556
2342.99	83.207
2345.02	79.7222
2347.04	80.5578
2349.06	83.282
2351.08	79.0194
2353.1	81.2932
2355.12	79.4895
2357.13	81.9175
2359.15	83.5293
2361.17	81.3296
2363.18	77.399
2365.19	83.4014
2367.21	78.0647
2369.22	80.9776
2371.23	79.7642
2373.24	78.233
2375.25	79.3756
2377.26	74.7568
2379.27	75.8874
2381.27	76.4499
2383.28	78.6785
2385.28	72.5498
2387.29	76.3754
2389.29	76.0003
2391.29	74.1506
2393.29	68.6643
2395.29	72.2645
2397.29	71.99
2399.29	70.8481
2401.29	69.7143
2403.28	63.357
2405.28	71.3296
2407.27	67.5341
2409.27	73.2958
2411.26	72.0251
2413.25	72.033
2415.25	70.1769
2417.24	67.1785
2419.22	67.1134
2421.21	70.9355
2423.2	67.0902
2425.19	68.5637
2427.17	66.126
2429.16	64.7206
2431.14	60.579
2433.13	71.199
2435.11	65.7416
2437.09	66.4588
2439.07	65.4904
2441.05	65.6992
2443.03	66.2548
2445.01	66.7148
2446.98	62.2801
2448.96	60.898
2450.93	66.5675
2452.91	62.8858
2454.88	58.9456
2456.85	60.2245
2458.83	61.663
2460.8	59.0393
2462.77	62.415
2464.74	63.1709
2466.7	62.297
2468.67	65.2827
2470.64	60.8746
2472.6	56.0118
2474.57	59.9034
2476.53	61.3382
2478.49	61.35
2480.46	60.1362
2482.42	59.0512
2484.38	61.8885
2486.34	62.7195
2488.29	64.0131
2490.25	68.828
2492.21	62.577
2494.16	59.4842
2496.12	63.5715
2498.07	63.1007
2500.03	59.4974
2501.98	55.2662
2503.93	59.4895
2505.88	59.0968
2507.83	60.7635
2509.78	68.8759
2511.73	75.9349
2513.67	69.2342
2515.62	65.578
2517.56	62.4774
2519.51	55.9752
2521.45	54.8012
2523.4	54.7575
2525.34	56.62
2527.28	54.0136
2529.22	51.2374
2531.16	56.7651
2533.1	51.4158
2535.03	53.064
2536.97	49.6445
2538.91	48.4494
2540.84	51.2102
2542.77	52.3233
2544.71	50.8326
2546.64	51.9077
2548.57	52.3383
2550.5	50.2288
2552.43	51.0609
2554.36	51.9529
2556.29	51.2982
2558.21	51.3512
2560.14	44.9086
2562.07	49.0195
2563.99	46.9428
2565.91	47.0703
2567.84	44.631
2569.76	49.9625
2571.68	46.3991
2573.6	46.2662
2575.52	47.4736
2577.44	49.5269
2579.36	50.0604
2581.27	47.8413
2583.19	45.3015
2585.1	44.7955
2587.02	43.6474
2588.93	43.9104
2590.84	48.3781
2592.75	45.3719
2594.67	43.0959
2596.58	44.0801
2598.48	43.1912
2600.39	44.1233
