105.443	2049.08
108.528	2026.82
111.612	1965.11
114.693	1945.94
117.774	1903.91
120.854	1906.82
123.931	1863.53
127.007	1860.77
130.081	1832.42
133.155	1793.47
136.226	1786.24
139.296	1761.83
142.364	1753.32
145.431	1720.33
148.496	1680.97
151.559	1660.81
154.622	1663.02
157.682	1652.5
160.741	1631.91
163.799	1600.37
166.855	1603.43
169.91	1579.51
172.963	1561.02
176.014	1564.49
179.064	1536.66
182.113	1539.77
185.16	1545.23
188.205	1529.29
191.249	1568.87
194.291	1570.46
197.333	1535.35
200.372	1543.55
203.409	1519.83
206.446	1518.41
209.48	1501.42
212.514	1478.57
215.546	1482.79
218.577	1470.45
221.605	1469.66
224.633	1473.65
227.658	1474.82
230.682	1481.48
233.706	1491.97
236.727	1501.8
239.747	1483.15
242.765	1485.36
245.782	1496.2
248.797	1475.27
251.811	1433.28
254.823	1438.2
257.834	1427.7
260.844	1410.86
263.852	1426.88
266.858	1412.56
269.863	1422.28
272.866	1427.98
275.868	1445.38
278.869	1450.95
281.867	1452.97
284.865	1473.69
287.861	1480.02
290.856	1469.95
293.848	1448.76
296.84	1452.19
299.83	1418.29
302.819	1422.27
305.806	1407.09
308.791	1419.32
311.775	1404.52
314.758	1390.02
317.739	1406.43
320.719	1404.52
323.697	1424.75
326.674	1432.08
329.649	1432.09
332.623	1429.69
335.595	1447.68
338.566	1434.43
341.535	1444.83
344.504	1465.71
347.47	1469.07
350.434	1502.66
353.399	1521.07
356.36	1543.46
359.321	1541.12
362.281	1524.09
365.238	1531.96
368.194	1494.6
371.149	1472.95
374.102	1416.45
377.054	1417.92
380.005	1404.7
382.954	1405.48
385.901	1406.7
388.847	1413.97
391.792	1399.21
394.735	1419.15
397.676	1421.92
400.617	1455.52
403.555	1514
406.493	1589.7
409.429	1745.74
412.363	2122.5
415.297	2461.93
418.228	2462.63
421.158	2084.22
424.087	1763.43
427.014	1621.14
429.94	1477.82
432.864	1447.77
435.787	1415.02
438.709	1407.39
441.629	1365.28
444.547	1369.71
447.464	1358.61
450.38	1354.38
453.294	1327.62
456.208	1334.78
459.119	1322.11
462.028	1290.21
464.938	1277.62
467.844	1284.29
470.75	1286.9
473.654	1302.32
476.557	1315.47
479.459	1324.6
482.359	1366.41
485.257	1392.45
488.154	1378.35
491.05	1376.34
493.945	1330.93
496.838	1329.57
499.729	1311.03
502.619	1269.07
505.508	1281.44
508.395	1276.16
511.281	1267.46
514.165	1260.3
517.049	1252.4
519.93	1249.84
522.81	1230.52
525.689	1223.19
528.566	1183.18
531.442	1197.71
534.317	1195.24
537.19	1180.65
540.062	1195.65
542.932	1185.32
545.801	1175.79
548.669	1173.28
551.534	1191.96
554.399	1196.48
557.262	1205.05
560.124	1189.1
562.985	1193.71
565.844	1215.45
568.702	1198.92
571.558	1188.75
574.413	1186.4
577.266	1183.43
580.118	1185.51
582.969	1202.35
585.819	1174.51
588.666	1154.22
591.513	1163.26
594.359	1175.66
597.202	1166.27
600.045	1149.36
602.885	1157.78
605.725	1137.38
608.564	1138.46
611.4	1129.91
614.236	1130.89
617.07	1136.13
619.902	1139.51
622.734	1148.66
625.564	1137.17
628.393	1141.25
631.219	1159.11
634.045	1142.24
636.87	1136.06
639.693	1127.78
642.515	1128.47
645.335	1134.8
648.153	1119.67
650.971	1122.72
653.787	1107.37
656.602	1102.42
659.416	1092.45
662.228	1073.9
665.038	1083.56
667.848	1070.69
670.655	1064.91
673.462	1081.32
676.268	1071.34
679.071	1081.92
681.874	1055.48
684.675	1071.98
687.475	1075.45
690.273	1080.8
693.07	1081.14
695.866	1097.29
698.66	1075.38
701.453	1088.47
704.244	1103.12
707.035	1112.2
709.824	1114.2
712.612	1110.47
715.397	1137.8
718.183	1125.01
720.966	1128.4
723.748	1141.99
726.529	1129.06
729.308	1125.64
732.087	1137.14
734.863	1107.64
737.639	1102.46
740.413	1097.04
743.186	1111.25
745.956	1098.28
748.726	1095.41
751.495	1091.43
754.262	1094.49
757.029	1082.04
759.793	1095.46
762.557	1094.81
765.318	1107.83
768.079	1125.39
770.839	1131.08
773.597	1117.21
776.353	1111.58
779.109	1108.74
781.862	1086.08
784.615	1082.25
787.366	1072.31
790.116	1085.29
792.865	1057.57
795.612	1057.01
798.358	1054.75
801.102	1058.32
803.846	1060
806.588	1063.83
809.329	1066.19
812.068	1043.74
814.806	1054.85
817.542	1047.3
820.278	1037.79
823.012	1013.44
825.744	1032.24
828.476	1024.8
831.206	1023.07
833.935	1033.03
836.662	1031.51
839.388	1026.02
842.113	1065.87
844.836	1081.15
847.558	1103.34
850.279	1139.84
852.999	1188.21
855.718	1237.44
858.435	1221.93
861.15	1229.52
863.865	1192.89
866.577	1163.62
869.289	1136.13
871.999	1126.29
874.709	1126.63
877.417	1141.91
880.123	1115.34
882.828	1108.18
885.531	1065.99
888.234	1055.9
890.936	1036.56
893.635	1008.56
896.334	1003.33
899.031	1011.47
901.728	987.626
904.422	1011.04
907.116	1008.24
909.808	1016.88
912.499	1029.1
915.188	1041.91
917.877	1037.42
920.563	1031.88
923.249	1024.09
925.934	1007.29
928.617	976.833
931.298	948.781
933.979	935.412
936.658	918.673
939.336	911.371
942.013	887.288
944.688	886.7
947.362	861.425
950.035	878.451
952.706	853.652
955.377	857.448
958.045	864.6
960.714	860.019
963.38	855.565
966.044	853.486
968.709	860.941
971.372	847.452
974.033	839.126
976.693	844.838
979.351	837.89
982.009	849.952
984.665	858.562
987.32	848.059
989.974	844.792
992.626	856.979
995.277	846.059
997.926	862.485
1000.57	851.884
1003.22	857.922
1005.87	879.265
1008.51	870.512
1011.16	908.933
1013.8	915.066
1016.44	928.56
1019.08	917.28
1021.72	944.985
1024.35	956.679
1026.99	964.778
1029.63	970.089
1032.26	994.686
1034.89	1032.16
1037.52	1096.33
1040.15	1066.72
1042.78	1017.04
1045.41	936.792
1048.03	920.028
1050.66	898.221
1053.28	890.045
1055.9	896.184
1058.52	886.753
1061.14	890.999
1063.76	863.107
1066.38	834.014
1068.99	842.118
1071.61	821.009
1074.22	820.768
1076.83	807.472
1079.44	823.256
1082.05	828.999
1084.66	824.938
1087.27	822.12
1089.87	818.677
1092.48	805.332
1095.08	811.985
1097.68	808.846
1100.29	801.49
1102.88	778.366
1105.48	813.463
1108.08	800.766
1110.68	812.72
1113.27	820.343
1115.86	820.016
1118.46	821.7
1121.05	831.123
1123.64	859.664
1126.23	858.042
1128.81	880.445
1131.4	848.822
1133.98	867.697
1136.57	840.066
1139.15	835.491
1141.73	815.749
1144.31	780.182
1146.89	780.584
1149.47	767.689
1152.04	759.771
1154.62	749.071
1157.19	731.127
1159.76	722.55
1162.33	729.966
1164.9	733.398
1167.47	721.255
1170.04	727.521
1172.61	726.835
1175.17	744.716
1177.74	752.656
1180.3	750.685
1182.86	770.589
1185.42	776.597
1187.98	791.338
1190.54	760.575
1193.09	754.083
1195.65	739.927
1198.2	716.662
1200.76	684.586
1203.31	702.806
1205.86	674.157
1208.41	667.31
1210.96	675.12
1213.5	656.293
1216.05	656.636
1218.59	666.858
1221.14	658.192
1223.68	673.084
1226.22	672.254
1228.76	675.383
1231.3	695.299
1233.84	685.217
1236.37	692.09
1238.91	709.36
1241.44	729.47
1243.97	735.947
1246.5	754.142
1249.03	768.155
1251.56	756.028
1254.09	746.114
1256.62	735.747
1259.14	716.792
1261.67	722.461
1264.19	709.549
1266.71	691.009
1269.23	702.773
1271.75	691.78
1274.27	685.753
1276.78	704.956
1279.3	697.391
1281.81	691.79
1284.33	681.891
1286.84	681.425
1289.35	684.354
1291.86	680.622
1294.37	680.99
1296.88	668.681
1299.38	659.646
1301.89	663.204
1304.39	656.496
1306.89	656.19
1309.4	658.227
1311.9	666.512
1314.4	656.193
1316.89	665.884
1319.39	667.502
1321.89	670
1324.38	674.211
1326.87	666.432
1329.37	649.075
1331.86	667.381
1334.35	664.806
1336.83	650.962
1339.32	660.707
1341.81	650.416
1344.29	650.862
1346.78	678.884
1349.26	667.895
1351.74	666.586
1354.22	654.646
1356.7	675.902
1359.18	668.432
1361.65	655.153
1364.13	662.177
1366.6	662.867
1369.08	657.946
1371.55	672.792
1374.02	657.414
1376.49	660.645
1378.96	661.095
1381.43	655.834
1383.89	648.79
1386.36	655.796
1388.82	655.927
1391.28	639.321
1393.75	650.631
1396.21	654.791
1398.67	625.003
1401.12	640.022
1403.58	658.905
1406.04	646.825
1408.49	657.837
1410.95	648.891
1413.4	667.539
1415.85	670.083
1418.3	680.853
1420.75	711.378
1423.2	718.742
1425.64	767.338
1428.09	816.496
1430.53	847.328
1432.97	870.075
1435.42	932.184
1437.86	938.059
1440.3	940.644
1442.74	989.521
1445.17	976.861
1447.61	1005.8
1450.05	991.386
1452.48	950.851
1454.91	899.137
1457.34	855.391
1459.77	787.073
1462.2	770.81
1464.63	744.317
1467.06	724.318
1469.48	722.679
1471.91	702.229
1474.33	715.7
1476.76	701.421
1479.18	681.435
1481.6	668.794
1484.02	632.891
1486.44	619.447
1488.85	603.264
1491.27	594.921
1493.68	588.917
1496.1	573.302
1498.51	560.963
1500.92	558.533
1503.33	556.905
1505.74	546.467
1508.15	548.596
1510.55	532.909
1512.96	529.264
1515.36	528.96
1517.77	520.171
1520.17	521.683
1522.57	524.487
1524.97	516.829
1527.37	512.272
1529.77	512.952
1532.16	530.005
1534.56	514.18
1536.95	499.37
1539.35	509.465
1541.74	492.026
1544.13	497.318
1546.52	483.931
1548.91	484.295
1551.3	494.309
1553.68	483.661
1556.07	485.523
1558.45	487.694
1560.84	474.26
1563.22	479.037
1565.6	481.75
1567.98	480.592
1570.36	476.773
1572.74	472.031
1575.11	476.003
1577.49	462.322
1579.86	474.264
1582.24	467.564
1584.61	461.554
1586.98	466.057
1589.35	468.519
1591.72	467.358
1594.08	463.786
1596.45	455.546
1598.82	459.273
1601.18	451.705
1603.54	460.416
1605.91	451.221
1608.27	440.042
1610.63	442.927
1612.99	443.777
1615.34	443.327
1617.7	440.371
1620.06	444.836
1622.41	431.825
1624.76	435.859
1627.12	440.477
1629.47	440.784
1631.82	438.504
1634.17	423.976
1636.51	431.557
1638.86	435.216
1641.21	420.32
1643.55	416.211
1645.9	421.965
1648.24	414.261
1650.58	412.572
1652.92	411.216
1655.26	411.525
1657.6	411.849
1659.93	410.578
1662.27	406.792
1664.6	399.84
1666.94	406.666
1669.27	392.617
1671.6	397.941
1673.93	400.88
1676.26	388.223
1678.59	389.742
1680.92	396.597
1683.24	383.004
1685.57	386.732
1687.89	387.823
1690.22	385.995
1692.54	390.865
1694.86	369.903
1697.18	373.99
1699.5	379.033
1701.81	377.478
1704.13	372.485
1706.45	375.99
1708.76	381.1
1711.07	371.401
1713.38	372.632
1715.7	360.576
1718.01	359.952
1720.31	370.86
1722.62	357.503
1724.93	358.519
1727.24	352.792
1729.54	359.387
1731.84	353.907
1734.15	352.738
1736.45	346.915
1738.75	340.595
1741.05	355.886
1743.35	348.19
1745.64	345.589
1747.94	341.753
1750.23	344.399
1752.53	335.718
1754.82	333.286
1757.11	339.686
1759.4	331.442
1761.69	332.211
1763.98	337.075
1766.27	330.682
1768.56	324.114
1770.84	333.494
1773.13	332.433
1775.41	324.984
1777.69	325.271
1779.97	319.309
1782.25	316.014
1784.53	317.515
1786.81	313.706
1789.09	311.477
1791.36	310.196
1793.64	318.406
1795.91	310.55
1798.18	303.681
1800.46	311.404
1802.73	299.665
1805	302.636
1807.27	306.188
1809.53	303.329
1811.8	295.589
1814.07	303.642
1816.33	300.736
1818.59	295.839
1820.86	297.321
1823.12	295.088
1825.38	291.633
1827.64	290.206
1829.89	283.867
1832.15	297.42
1834.41	298.55
1836.66	271.284
1838.92	292.611
1841.17	292.769
1843.42	286.706
1845.67	284.863
1847.92	282.311
1850.17	282.658
1852.42	280.211
1854.67	283.408
1856.91	280.377
1859.16	278.16
1861.4	282.533
1863.64	277.82
1865.88	271.197
1868.12	278.773
1870.36	269.176
1872.6	274.414
1874.84	277.655
1877.08	277.886
1879.31	269.224
1881.54	261.032
1883.78	263.874
1886.01	267.305
1888.24	268.679
1890.47	266.697
1892.7	268.271
1894.93	255.106
1897.16	259.964
1899.38	256.491
1901.61	260.903
1903.83	256.299
1906.05	256.414
1908.28	251.106
1910.5	252.669
1912.72	250.744
1914.94	248.379
1917.16	243.91
1919.37	244.751
1921.59	251.231
1923.8	242.705
1926.02	238.726
1928.23	246.641
1930.44	247.481
1932.65	240.976
1934.86	239.328
1937.07	237.198
1939.28	236.175
1941.48	234.687
1943.69	236.184
1945.9	235.346
1948.1	230.751
1950.3	235.297
1952.5	234.379
1954.7	236.056
1956.9	231.232
1959.1	233.28
1961.3	225.141
1963.5	223.173
1965.69	218.515
1967.89	216.245
1970.08	219.26
1972.27	219.313
1974.46	213.65
1976.66	209.032
1978.84	210.193
1981.03	216.382
1983.22	212.045
1985.41	214.416
1987.59	208.317
1989.78	213.35
1991.96	207.988
1994.14	205.665
1996.32	199.543
1998.51	202.687
2000.69	201.642
2002.86	208.755
2005.04	199.549
2007.22	203.35
2009.39	201.143
2011.57	191.909
2013.74	194.861
2015.91	194.52
2018.09	194.188
2020.26	191.921
2022.43	189.241
2024.59	194.96
2026.76	197.902
2028.93	189.381
2031.09	187.853
2033.26	188.283
2035.42	181.114
2037.59	187.825
2039.75	187.917
2041.91	180.224
2044.07	181.664
2046.23	176.192
2048.38	182.398
2050.54	181.853
2052.7	180.51
2054.85	175.714
2057	178.504
2059.16	182.303
2061.31	179.178
2063.46	174.217
2065.61	164.263
2067.76	172.106
2069.91	172.083
2072.05	169.822
2074.2	169.841
2076.34	164.137
2078.49	162.535
2080.63	167.124
2082.77	160.284
2084.91	161.313
2087.05	159.382
2089.19	163.402
2091.33	152.587
2093.47	158.038
2095.6	155.995
2097.74	154.707
2099.87	154.657
2102.01	154.619
2104.14	158.611
2106.27	154.125
2108.4	153.253
2110.53	152.353
2112.66	150.165
2114.79	150.171
2116.91	147.309
2119.04	153.546
2121.16	145.792
2123.29	145.527
2125.41	143.071
2127.53	154.923
2129.65	141.964
2131.77	142.52
2133.89	146.192
2136.01	144.279
2138.12	145.99
2140.24	141.043
2142.35	135.886
2144.47	141.274
2146.58	141.921
2148.69	136.502
2150.8	135.139
2152.91	135.619
2155.02	132.515
2157.13	136.675
2159.24	138.95
2161.34	137.607
2163.45	136.331
2165.55	130.471
2167.66	129.966
2169.76	148.034
2171.86	136.052
2173.96	126.714
2176.06	129.896
2178.16	136.588
2180.26	123.371
2182.35	126.242
2184.45	127.786
2186.54	126.082
2188.64	118.528
2190.73	124.449
2192.82	128.81
2194.91	126.767
2197	123.427
2199.09	125.206
2201.18	123.714
2203.27	122.066
2205.35	124.533
2207.44	123.257
2209.52	117.273
2211.61	122.5
2213.69	118.662
2215.77	114.661
2217.85	118.555
2219.93	115.365
2222.01	117.74
2224.09	117.271
2226.16	115.899
2228.24	121.053
2230.31	108.34
2232.39	114.14
2234.46	111.999
2236.53	109.463
2238.6	112.519
2240.67	114.454
2242.74	111.742
2244.81	112.275
2246.88	112.757
2248.94	112.758
2251.01	111.193
2253.07	111.409
2255.14	108.175
2257.2	107.845
2259.26	110.563
2261.32	103.913
2263.38	107.84
2265.44	112.884
2267.5	106.769
2269.56	106.391
2271.61	95.0707
2273.67	101.419
2275.72	101.985
2277.78	101.626
2279.83	101.443
2281.88	99.7535
2283.93	103.946
2285.98	97.2351
2288.03	102.572
2290.08	95.0164
2292.12	93.3378
2294.17	98.2216
2296.21	99.3281
2298.26	94.3595
2300.3	94.9297
2302.34	99.0939
2304.38	99.4545
2306.42	93.0774
2308.46	91.1935
2310.5	94.0012
2312.54	94.4456
2314.58	93.1172
2316.61	92.1706
2318.65	91.685
2320.68	87.8051
2322.71	93.7224
2324.75	86.4872
2326.78	88.9219
2328.81	90.0865
2330.84	87.1781
2332.86	85.4774
2334.89	84.4143
2336.92	84.0072
2338.94	79.4418
2340.97	87.3307
2342.99	88.2597
2345.02	86.5276
2347.04	83.5885
2349.06	80.4628
2351.08	85.1746
2353.1	84.1189
2355.12	83.5697
2357.13	80.8154
2359.15	82.8487
2361.17	79.7793
2363.18	78.0605
2365.19	78.4878
2367.21	80.7101
2369.22	82.6988
2371.23	77.7489
2373.24	74.9596
2375.25	79.3426
2377.26	80.0961
2379.27	78.6895
2381.27	77.921
2383.28	75.291
2385.28	79.5993
2387.29	78.5189
2389.29	78.81
2391.29	74.9986
2393.29	70.2859
2395.29	69.8392
2397.29	77.4889
2399.29	73.0591
2401.29	72.049
2403.28	74.6988
2405.28	71.5697
2407.27	67.9809
2409.27	71.2854
2411.26	70.3087
2413.25	67.6378
2415.25	74.2593
2417.24	71.7539
2419.22	69.3776
2421.21	72.5039
2423.2	70.9397
2425.19	69.5742
2427.17	66.6476
2429.16	65.8392
2431.14	64.2618
2433.13	70.1199
2435.11	64.6567
2437.09	71.0945
2439.07	67.6943
2441.05	64.7868
2443.03	64.5877
2445.01	68.3634
2446.98	66.3426
2448.96	66.0416
2450.93	65.0238
2452.91	63.787
2454.88	61.626
2456.85	65.3474
2458.83	64.5016
2460.8	62.9948
2462.77	65.1294
2464.74	63.3598
2466.7	68.4197
2468.67	65.184
2470.64	60.293
2472.6	65.342
2474.57	58.354
2476.53	62.944
2478.49	56.2285
2480.46	62.167
2482.42	60.102
2484.38	58.6012
2486.34	65.6808
2488.29	64.0753
2490.25	63.9987
2492.21	70.6997
2494.16	66.0457
2496.12	61.1441
2498.07	61.4189
2500.03	61.7678
2501.98	60.8196
2503.93	60.0846
2505.88	63.2237
2507.83	64.1085
2509.78	68.5091
2511.73	75.9447
2513.67	71.4323
2515.62	73.1916
2517.56	66.6693
2519.51	62.8433
2521.45	56.7334
2523.4	61.1516
2525.34	55.5174
2527.28	52.6853
2529.22	56.2803
2531.16	55.7539
2533.1	53.6883
2535.03	54.4896
2536.97	52.3663
2538.91	52.9208
2540.84	54.7063
2542.77	55.514
2544.71	55.3809
2546.64	54.8822
2548.57	53.6308
2550.5	51.2892
2552.43	52.5505
2554.36	53.527
2556.29	52.455
2558.21	51.6657
2560.14	50.4531
2562.07	53.8852
2563.99	50.273
2565.91	48.8058
2567.84	51.86
2569.76	47.8113
2571.68	50.3086
2573.6	48.6955
2575.52	48.972
2577.44	48.7636
2579.36	49.5875
2581.27	49.1819
2583.19	47.7088
2585.1	44.574
2587.02	46.6753
2588.93	47.7523
2590.84	47.2127
2592.75	46.0532
2594.67	50.6555
2596.58	48.321
2598.48	47.379
2600.39	43.0183
