105.443	2014.84
108.528	2002.31
111.612	1974.23
114.693	1949.04
117.774	1913.82
120.854	1870.95
123.931	1858.93
127.007	1794.25
130.081	1800.79
133.155	1787.45
136.226	1760.26
139.296	1721.74
142.364	1691.6
145.431	1667.05
148.496	1655.06
151.559	1636.28
154.622	1642.43
157.682	1614.22
160.741	1591.42
163.799	1588.22
166.855	1574.44
169.91	1557.77
172.963	1548.23
176.014	1538.25
179.064	1540.08
182.113	1508.13
185.16	1528.76
188.205	1527.66
191.249	1546.11
194.291	1526.93
197.333	1511.1
200.372	1525.96
203.409	1491.2
206.446	1480.13
209.48	1473.73
212.514	1454.15
215.546	1457.85
218.577	1429.34
221.605	1453.64
224.633	1441.65
227.658	1469.2
230.682	1484.5
233.706	1472.74
236.727	1466.6
239.747	1481.79
242.765	1467.84
245.782	1459.34
248.797	1442.68
251.811	1427.31
254.823	1408.9
257.834	1405.88
260.844	1394.95
263.852	1380.05
266.858	1399.73
269.863	1413.4
272.866	1414.36
275.868	1419.29
278.869	1412.6
281.867	1444.57
284.865	1463.37
287.861	1439.93
290.856	1425.11
293.848	1449.59
296.84	1434.69
299.83	1394.49
302.819	1396.35
305.806	1390.06
308.791	1381.44
311.775	1387.25
314.758	1393.49
317.739	1367.85
320.719	1375.57
323.697	1396.19
326.674	1407.88
329.649	1416.17
332.623	1400.68
335.595	1421.8
338.566	1436.23
341.535	1429.45
344.504	1419.89
347.47	1450.83
350.434	1486.07
353.399	1489.28
356.36	1517.59
359.321	1519.09
362.281	1508.26
365.238	1506.21
368.194	1467.79
371.149	1425.25
374.102	1405.99
377.054	1393.92
380.005	1369.94
382.954	1389.6
385.901	1380.4
388.847	1399.98
391.792	1410.6
394.735	1385.21
397.676	1445.86
400.617	1424.85
403.555	1457.66
406.493	1553.51
409.429	1738.05
412.363	2086.59
415.297	2443.52
418.228	2415.88
421.158	2068.85
424.087	1755.51
427.014	1571.78
429.94	1464.27
432.864	1419.79
435.787	1387.38
438.709	1359.99
441.629	1341.98
444.547	1343.9
447.464	1316.33
450.38	1332.41
453.294	1326.21
456.208	1299.62
459.119	1300.99
462.028	1286.58
464.938	1265.31
467.844	1264.57
470.75	1266.71
473.654	1272
476.557	1295.81
479.459	1308.65
482.359	1353.06
485.257	1359.54
488.154	1362.55
491.05	1362.44
493.945	1301.28
496.838	1304.25
499.729	1288.55
502.619	1286.48
505.508	1242.51
508.395	1238.95
511.281	1231.12
514.165	1238.41
517.049	1258.95
519.93	1222.01
522.81	1210.17
525.689	1198.09
528.566	1176.11
531.442	1170.03
534.317	1180.33
537.19	1166.76
540.062	1170.66
542.932	1163.38
545.801	1159.81
548.669	1170.76
551.534	1174.59
554.399	1158.72
557.262	1173.28
560.124	1163.54
562.985	1176.79
565.844	1169.3
568.702	1173.31
571.558	1166.5
574.413	1187.03
577.266	1168.93
580.118	1164.9
582.969	1160.92
585.819	1156.16
588.666	1156.08
591.513	1131.4
594.359	1140.49
597.202	1139.18
600.045	1122.47
602.885	1127.73
605.725	1127.6
608.564	1105.67
611.4	1122.86
614.236	1121.08
617.07	1113.36
619.902	1125.25
622.734	1118.73
625.564	1114.54
628.393	1118.49
631.219	1126.91
634.045	1124.86
636.87	1127.57
639.693	1102.87
642.515	1111.38
645.335	1106.16
648.153	1109.56
650.971	1095.53
653.787	1096.25
656.602	1083.72
659.416	1072.44
662.228	1067.53
665.038	1056.48
667.848	1060.92
670.655	1056.68
673.462	1042.61
676.268	1038.02
679.071	1038.19
681.874	1045.21
684.675	1065.47
687.475	1042.39
690.273	1065.21
693.07	1055.43
695.866	1063.06
698.66	1076.21
701.453	1075.76
704.244	1071.22
707.035	1086.19
709.824	1109.77
712.612	1125.51
715.397	1117.49
718.183	1112.03
720.966	1120.68
723.748	1111.36
726.529	1110.16
729.308	1101.46
732.087	1115.87
734.863	1102.7
737.639	1095.77
740.413	1097.39
743.186	1078.88
745.956	1067.33
748.726	1054.96
751.495	1063.12
754.262	1055.49
757.029	1056.56
759.793	1069.38
762.557	1077.15
765.318	1087.73
768.079	1092.66
770.839	1101.01
773.597	1091.66
776.353	1084.46
779.109	1080.78
781.862	1059.87
784.615	1060.93
787.366	1074.54
790.116	1039.59
792.865	1049.22
795.612	1042.34
798.358	1034.8
801.102	1032.33
803.846	1027.76
806.588	1039.14
809.329	1044.34
812.068	1017.5
814.806	1023.44
817.542	1041.8
820.278	1029.37
823.012	998.198
825.744	988.356
828.476	1015.04
831.206	998.712
833.935	1003.33
836.662	1019.77
839.388	1038.72
842.113	1055.16
844.836	1076.42
847.558	1096.1
850.279	1126.12
852.999	1169.69
855.718	1228.45
858.435	1215.33
861.15	1197.19
863.865	1171.98
866.577	1155.39
869.289	1135.02
871.999	1107.31
874.709	1121.82
877.417	1113.36
880.123	1100.87
882.828	1087.06
885.531	1052.2
888.234	1042.26
890.936	1014.9
893.635	1006.19
896.334	973.08
899.031	989.789
901.728	996.109
904.422	986.382
907.116	991.227
909.808	1002.06
912.499	991.666
915.188	1016.22
917.877	1037.87
920.563	1015.54
923.249	1000.64
925.934	1002.57
928.617	968.606
931.298	929.996
933.979	902.291
936.658	921.748
939.336	891.697
942.013	881.192
944.688	859.371
947.362	862.907
950.035	859.294
952.706	855.481
955.377	847.895
958.045	845.319
960.714	846.306
963.38	832.54
966.044	835.39
968.709	831.952
971.372	833.259
974.033	829.149
976.693	826.26
979.351	835.855
982.009	842.384
984.665	841.365
987.32	835.953
989.974	829.517
992.626	829.614
995.277	842.187
997.926	848.88
1000.57	853.739
1003.22	868.33
1005.87	861.836
1008.51	876.666
1011.16	865.796
1013.8	899.031
1016.44	903.611
1019.08	910.222
1021.72	930.759
1024.35	930.056
1026.99	939.649
1029.63	959.533
1032.26	974.886
1034.89	1029.25
1037.52	1061.38
1040.15	1055.9
1042.78	1007.59
1045.41	956.107
1048.03	905.506
1050.66	890.978
1053.28	863.489
1055.9	887.547
1058.52	870.758
1061.14	869.513
1063.76	851.219
1066.38	831.403
1068.99	817.958
1071.61	807.235
1074.22	818.498
1076.83	809.945
1079.44	808.568
1082.05	802.039
1084.66	806.187
1087.27	803.12
1089.87	806.286
1092.48	806.164
1095.08	802.999
1097.68	786.228
1100.29	798.431
1102.88	775.775
1105.48	806.553
1108.08	800.932
1110.68	814.029
1113.27	825.282
1115.86	807.136
1118.46	816.555
1121.05	834.188
1123.64	842.527
1126.23	843.82
1128.81	849.737
1131.4	841.049
1133.98	850.194
1136.57	825.985
1139.15	815.778
1141.73	799.434
1144.31	788.11
1146.89	788.992
1149.47	749.1
1152.04	748.678
1154.62	728.984
1157.19	741.854
1159.76	733.116
1162.33	730.234
1164.9	712
1167.47	719.559
1170.04	719.108
1172.61	716.322
1175.17	737.023
1177.74	743.271
1180.3	736.345
1182.86	743.064
1185.42	767.147
1187.98	752.369
1190.54	759.932
1193.09	741.095
1195.65	724.532
1198.2	678.665
1200.76	686.142
1203.31	674.375
1205.86	677.09
1208.41	676.253
1210.96	660.306
1213.5	663.843
1216.05	657.914
1218.59	659.48
1221.14	653.561
1223.68	666.417
1226.22	662.286
1228.76	661.169
1231.3	667.475
1233.84	673.26
1236.37	688
1238.91	713.305
1241.44	713.163
1243.97	725.658
1246.5	752.725
1249.03	743.834
1251.56	749.757
1254.09	749.03
1256.62	731.776
1259.14	716.992
1261.67	709.755
1264.19	691.436
1266.71	678.369
1269.23	671.391
1271.75	683.737
1274.27	690.194
1276.78	685.883
1279.3	688.599
1281.81	670.953
1284.33	680.497
1286.84	658.659
1289.35	678.683
1291.86	670.615
1294.37	668.063
1296.88	664.428
1299.38	643.171
1301.89	651.612
1304.39	642.932
1306.89	645.094
1309.4	644.629
1311.9	639.703
1314.4	657.742
1316.89	652.372
1319.39	652.212
1321.89	656.842
1324.38	649.449
1326.87	646.327
1329.37	642.886
1331.86	661.268
1334.35	652.052
1336.83	665.043
1339.32	655.285
1341.81	669.004
1344.29	652.945
1346.78	674.764
1349.26	654.215
1351.74	659.089
1354.22	661.881
1356.7	662.524
1359.18	659.787
1361.65	659.554
1364.13	654.783
1366.6	652.737
1369.08	648.979
1371.55	658.39
1374.02	655.226
1376.49	655.208
1378.96	646.032
1381.43	639.967
1383.89	637.012
1386.36	638.991
1388.82	634.689
1391.28	625.513
1393.75	638.306
1396.21	645.018
1398.67	640.271
1401.12	634.625
1403.58	638.711
1406.04	635.958
1408.49	656.69
1410.95	644.107
1413.4	645.149
1415.85	653.841
1418.3	672.115
1420.75	697.757
1423.2	710.878
1425.64	752.76
1428.09	801.745
1430.53	830.457
1432.97	891.626
1435.42	910.581
1437.86	928.54
1440.3	951.16
1442.74	966.252
1445.17	975.442
1447.61	999.444
1450.05	993.107
1452.48	956.108
1454.91	896.057
1457.34	855.161
1459.77	815.861
1462.2	759.887
1464.63	733.807
1467.06	718.258
1469.48	718.6
1471.91	705.567
1474.33	710.318
1476.76	708.442
1479.18	663.73
1481.6	661.416
1484.02	655.031
1486.44	606.715
1488.85	607.821
1491.27	583.96
1493.68	571.823
1496.1	552.47
1498.51	554.444
1500.92	555.781
1503.33	546.828
1505.74	541.005
1508.15	545.128
1510.55	527.878
1512.96	537.854
1515.36	520.043
1517.77	520.555
1520.17	518.265
1522.57	506.005
1524.97	511.429
1527.37	505.783
1529.77	509.719
1532.16	499.94
1534.56	495.544
1536.95	492.728
1539.35	496.37
1541.74	487.403
1544.13	490.389
1546.52	493.651
1548.91	484.619
1551.3	486.338
1553.68	483.278
1556.07	480.508
1558.45	480.11
1560.84	472.038
1563.22	474.442
1565.6	487.134
1567.98	471.382
1570.36	467.254
1572.74	465.207
1575.11	466.28
1577.49	475.978
1579.86	462.888
1582.24	454.45
1584.61	458.299
1586.98	453.663
1589.35	457.834
1591.72	452.382
1594.08	447.443
1596.45	449.154
1598.82	451.122
1601.18	447.639
1603.54	455.051
1605.91	441.095
1608.27	432.317
1610.63	437.989
1612.99	438.331
1615.34	423.762
1617.7	428.533
1620.06	429.915
1622.41	437.901
1624.76	434.309
1627.12	429.932
1629.47	427.874
1631.82	415.325
1634.17	423.539
1636.51	411.284
1638.86	418.938
1641.21	412.106
1643.55	407.455
1645.9	408.487
1648.24	412.757
1650.58	415.116
1652.92	409.513
1655.26	401.604
1657.6	397.309
1659.93	397.182
1662.27	404.01
1664.6	390.051
1666.94	399.376
1669.27	397.568
1671.6	398.356
1673.93	384.402
1676.26	390.803
1678.59	386.788
1680.92	394.709
1683.24	396.135
1685.57	381.755
1687.89	385.576
1690.22	381.435
1692.54	378.998
1694.86	372.364
1697.18	371.287
1699.5	376.003
1701.81	374.161
1704.13	367.278
1706.45	374.875
1708.76	378.204
1711.07	370.518
1713.38	368.331
1715.7	365.702
1718.01	352.372
1720.31	352.819
1722.62	355.013
1724.93	345.209
1727.24	345.828
1729.54	345.907
1731.84	345.827
1734.15	358.382
1736.45	344.371
1738.75	349.177
1741.05	349.606
1743.35	336.81
1745.64	342.475
1747.94	348.397
1750.23	335.385
1752.53	338.463
1754.82	325.109
1757.11	328.253
1759.4	329.972
1761.69	330.649
1763.98	318.488
1766.27	319.154
1768.56	321.969
1770.84	316.764
1773.13	325.391
1775.41	323.458
1777.69	318.843
1779.97	314.716
1782.25	306.044
1784.53	318.506
1786.81	315.324
1789.09	305.534
1791.36	305.397
1793.64	301.148
1795.91	308.2
1798.18	304.287
1800.46	301.098
1802.73	292.207
1805	304.845
1807.27	303.539
1809.53	298.757
1811.8	299.495
1814.07	291.857
1816.33	300.814
1818.59	293.656
1820.86	287.111
1823.12	285.496
1825.38	282.579
1827.64	285.941
1829.89	284.383
1832.15	283.975
1834.41	286.79
1836.66	288.384
1838.92	279.685
1841.17	278.248
1843.42	285.774
1845.67	273.921
1847.92	277.521
1850.17	272.801
1852.42	279.952
1854.67	276.946
1856.91	276.82
1859.16	273.246
1861.4	267.919
1863.64	269.441
1865.88	265.278
1868.12	270.742
1870.36	264.003
1872.6	263.831
1874.84	270.554
1877.08	270.356
1879.31	260.052
1881.54	256.317
1883.78	257.072
1886.01	267.801
1888.24	259.339
1890.47	253.719
1892.7	244.927
1894.93	256.235
1897.16	255.593
1899.38	244.509
1901.61	251.369
1903.83	251.317
1906.05	246.899
1908.28	250.154
1910.5	242.058
1912.72	245.262
1914.94	250.273
1917.16	245.85
1919.37	239.75
1921.59	239.056
1923.8	245.066
1926.02	239.788
1928.23	231.168
1930.44	236.587
1932.65	240.539
1934.86	232.316
1937.07	231.632
1939.28	234.147
1941.48	229.552
1943.69	234.205
1945.9	230.227
1948.1	226.914
1950.3	225.3
1952.5	222.025
1954.7	230.017
1956.9	228.915
1959.1	226.881
1961.3	219.508
1963.5	222.325
1965.69	220.175
1967.89	215.689
1970.08	217.398
1972.27	212.126
1974.46	216.092
1976.66	213.513
1978.84	213.859
1981.03	211.382
1983.22	209.507
1985.41	210.238
1987.59	205.521
1989.78	209.827
1991.96	210.195
1994.14	206.187
1996.32	207.606
1998.51	196.869
2000.69	195.504
2002.86	198.326
2005.04	204.5
2007.22	195.453
2009.39	196.777
2011.57	196.361
2013.74	189.769
2015.91	193.01
2018.09	190.639
2020.26	186.175
2022.43	193.196
2024.59	188.149
2026.76	189.233
2028.93	188.567
2031.09	189.03
2033.26	186.286
2035.42	179.789
2037.59	179.855
2039.75	183.52
2041.91	181.376
2044.07	180.412
2046.23	179.944
2048.38	168.115
2050.54	171.346
2052.7	169.663
2054.85	174.894
2057	163.645
2059.16	170.183
2061.31	169.47
2063.46	166.998
2065.61	170.298
2067.76	167.777
2069.91	169.573
2072.05	168.624
2074.2	166.272
2076.34	162.226
2078.49	163.423
2080.63	163.129
2082.77	156.107
2084.91	161.555
2087.05	152.555
2089.19	156.678
2091.33	154.581
2093.47	158.497
2095.6	156.194
2097.74	154.513
2099.87	155.488
2102.01	154.684
2104.14	157.545
2106.27	154.878
2108.4	155.895
2110.53	149.729
2112.66	151.755
2114.79	148.894
2116.91	150.918
2119.04	150.234
2121.16	141.036
2123.29	145.513
2125.41	141.922
2127.53	146.73
2129.65	139.298
2131.77	137.462
2133.89	139.803
2136.01	136.442
2138.12	141.28
2140.24	138.107
2142.35	135.836
2144.47	136.996
2146.58	136.013
2148.69	135.098
2150.8	137.907
2152.91	138.956
2155.02	138.433
2157.13	130.513
2159.24	130.847
2161.34	133.72
2163.45	132.134
2165.55	126.652
2167.66	132.593
2169.76	136.47
2171.86	125.847
2173.96	129.537
2176.06	126.887
2178.16	120.945
2180.26	126.816
2182.35	128.848
2184.45	124.337
2186.54	126.705
2188.64	124.697
2190.73	123.757
2192.82	121.703
2194.91	117.555
2197	116.71
2199.09	123.098
2201.18	119.486
2203.27	119.51
2205.35	114.626
2207.44	122.123
2209.52	117.933
2211.61	116.783
2213.69	118.659
2215.77	118.567
2217.85	117.757
2219.93	114.336
2222.01	118.639
2224.09	109.247
2226.16	117.414
2228.24	113.527
2230.31	112.99
2232.39	115.62
2234.46	108.286
2236.53	104.979
2238.6	110.286
2240.67	113.154
2242.74	111.299
2244.81	112.109
2246.88	113.351
2248.94	106.326
2251.01	106.305
2253.07	106.752
2255.14	111.359
2257.2	103.09
2259.26	105.233
2261.32	111.11
2263.38	104.61
2265.44	97.1874
2267.5	103.868
2269.56	105.044
2271.61	108.022
2273.67	98.9714
2275.72	104.833
2277.78	98.5979
2279.83	98.7941
2281.88	98.4875
2283.93	94.992
2285.98	92.272
2288.03	100.495
2290.08	96.4535
2292.12	95.2731
2294.17	93.8264
2296.21	96.0691
2298.26	91.985
2300.3	92.8283
2302.34	95.3659
2304.38	92.6171
2306.42	94.5347
2308.46	94.6655
2310.5	99.9121
2312.54	89.8083
2314.58	88.0431
2316.61	94.4014
2318.65	86.1107
2320.68	87.6821
2322.71	91.2913
2324.75	88.7697
2326.78	83.7572
2328.81	89.6388
2330.84	89.5534
2332.86	86.3555
2334.89	83.712
2336.92	89.8209
2338.94	87.7932
2340.97	85.5442
2342.99	86.9878
2345.02	83.1801
2347.04	87.6425
2349.06	79.7156
2351.08	80.586
2353.1	83.0048
2355.12	80.3295
2357.13	83.0423
2359.15	80.709
2361.17	81.2818
2363.18	82.2667
2365.19	79.194
2367.21	78.961
2369.22	76.8373
2371.23	75.7941
2373.24	73.9013
2375.25	80.4561
2377.26	75.7368
2379.27	75.2742
2381.27	81.1389
2383.28	69.2385
2385.28	74.4614
2387.29	78.7156
2389.29	75.8885
2391.29	73.7623
2393.29	69.1475
2395.29	70.4627
2397.29	76.1089
2399.29	70.9708
2401.29	70.4365
2403.28	63.494
2405.28	73.5336
2407.27	69.8373
2409.27	67.5597
2411.26	71.26
2413.25	72.4621
2415.25	72.6629
2417.24	69.3638
2419.22	69.2072
2421.21	67.0037
2423.2	72.0626
2425.19	67.9792
2427.17	64.0894
2429.16	65.6171
2431.14	70.9138
2433.13	68.0997
2435.11	64.9772
2437.09	63.2008
2439.07	67.2664
2441.05	63.8155
2443.03	66.1336
2445.01	66.481
2446.98	64.3594
2448.96	61.9898
2450.93	68.528
2452.91	62.9918
2454.88	63.3957
2456.85	60.0832
2458.83	64.7484
2460.8	60.5643
2462.77	65.9334
2464.74	58.8615
2466.7	61.1263
2468.67	62.965
2470.64	59.1726
2472.6	56.9392
2474.57	63.0088
2476.53	64.4569
2478.49	56.5442
2480.46	62.012
2482.42	56.7569
2484.38	59.5934
2486.34	55.0892
2488.29	62.6247
2490.25	62.578
2492.21	64.2614
2494.16	62.2712
2496.12	60.1215
2498.07	64.4868
2500.03	58.3382
2501.98	58.5369
2503.93	58.0924
2505.88	61.4931
2507.83	64.25
2509.78	69.6584
2511.73	75.3521
2513.67	77.7793
2515.62	70.6073
2517.56	65.6316
2519.51	57.4554
2521.45	51.597
2523.4	59.049
2525.34	56.5205
2527.28	51.9387
2529.22	55.272
2531.16	55.1481
2533.1	53.2584
2535.03	55.5082
2536.97	51.6643
2538.91	50.1833
2540.84	50.9644
2542.77	53.2045
2544.71	48.7431
2546.64	49.8413
2548.57	52.99
2550.5	49.4705
2552.43	49.2072
2554.36	52.5166
2556.29	54.1462
2558.21	48.9923
2560.14	52.1073
2562.07	50.5979
2563.99	47.3496
2565.91	47.6712
2567.84	48.834
2569.76	47.6373
2571.68	50.134
2573.6	49.777
2575.52	49.1178
2577.44	47.1163
2579.36	48.7497
2581.27	44.9138
2583.19	48.965
2585.1	48.9005
2587.02	43.5718
2588.93	48.8804
2590.84	46.6034
2592.75	43.4566
2594.67	45.9142
2596.58	45.1372
2598.48	41.8945
2600.39	42.71
