187.964	4387.78
190.563	4380
193.16	4386.89
195.757	4402.67
198.354	4418.89
200.948	4395.78
203.543	4453.11
206.136	4443.56
208.729	4424.89
211.321	4467.56
213.912	4454.44
216.502	4483.11
219.09	4484.22
221.679	4476
224.266	4484.67
226.853	4540.22
229.438	4497.56
232.023	4553.11
234.607	4532.22
237.19	4555.11
239.772	4564.44
242.352	4619.56
244.934	4602
247.512	4604
250.092	4633.78
252.669	4665.56
255.247	4616.22
257.822	4700.89
260.397	4669.78
262.972	4682.89
265.545	4657.78
268.117	4674
270.69	4683.56
273.26	4695.56
275.829	4702.89
278.4	4711.11
280.967	4702.44
283.534	4778
286.102	4732.89
288.667	4762.22
291.231	4800
293.795	4777.56
296.359	4767.78
298.921	4821.11
301.482	4836.67
304.042	4840.67
306.603	4830.67
309.161	4842.67
311.719	4838.67
314.276	4854
316.832	4846.89
319.388	4866.22
321.942	4845.56
324.496	4849.78
327.048	4835.11
329.6	4877.33
332.151	4879.78
334.701	4911.78
337.252	4942.22
339.8	4895.11
342.347	4914.44
344.894	4919.78
347.44	4941.56
349.985	4979.11
352.529	4965.33
355.072	5010.44
357.615	5026.22
360.156	5067.78
362.697	5062
365.237	5057.56
367.776	5090.44
370.315	5076.44
372.852	5050.22
375.389	5083.56
377.925	5047.33
380.46	5054
382.994	5078
385.527	5041.33
388.059	5055.11
390.591	5050.67
393.122	5033.56
395.65	5086
398.18	5058.44
400.708	5089.11
403.235	5106.44
405.762	5098.44
408.288	5139.78
410.813	5166.22
413.335	5159.33
415.859	5179.33
418.381	5241.11
420.903	5270
423.424	5400.89
425.942	5485.78
428.462	5446.22
430.98	5361.33
433.498	5270
436.013	5226.67
438.529	5278.67
441.044	5208
443.558	5169.78
446.07	5201.56
448.583	5200.22
451.095	5204.89
453.604	5206.89
456.114	5212.89
458.624	5220
461.131	5187.56
463.638	5252.67
466.145	5234
468.65	5248.67
471.155	5273.33
473.659	5266.44
476.162	5320.67
478.664	5298.44
481.165	5286
483.666	5321.33
486.165	5344.67
488.664	5370
491.162	5345.11
493.66	5357.78
496.155	5340.89
498.651	5385.78
501.145	5353.56
503.64	5358.44
506.132	5366.89
508.625	5360
511.116	5388.89
513.608	5353.33
516.097	5383.56
518.586	5299.56
521.074	5370.44
523.562	5360.89
526.048	5322.89
528.533	5355.78
531.019	5387.56
533.502	5374.67
535.985	5368.44
538.468	5374
540.949	5386.89
543.43	5402.44
545.91	5385.78
548.389	5428.22
550.867	5398.44
553.345	5412.22
555.821	5474.44
558.297	5403.33
560.771	5473.56
563.247	5438
565.72	5492.44
568.192	5459.33
570.663	5471.56
573.135	5445.33
575.605	5463.78
578.074	5464.44
580.542	5472.44
583.01	5469.11
585.478	5490
587.943	5449.56
590.408	5441.56
592.873	5440.22
595.336	5439.78
597.799	5474.44
600.26	5452.44
602.721	5444
605.183	5487.56
607.643	5478.44
610.101	5493.33
612.559	5506.22
615.016	5476.89
617.472	5521.56
619.928	5507.11
622.382	5517.78
624.836	5521.11
627.289	5525.33
629.741	5545.11
632.193	5554
634.644	5547.56
637.093	5555.33
639.543	5570.44
641.991	5562.89
644.438	5566
646.885	5556.44
649.33	5546.89
651.775	5526.89
654.219	5553.11
656.663	5513.33
659.105	5523.56
661.547	5546.67
663.989	5538
666.429	5575.33
668.867	5531.11
671.306	5552.89
673.744	5491.78
676.181	5570.44
678.618	5556.44
681.052	5557.78
683.487	5559.33
685.921	5558.89
688.355	5572.67
690.786	5557.11
693.218	5604.22
695.649	5608.67
698.079	5599.56
700.507	5614.67
702.935	5638
705.363	5656.67
707.789	5627.33
710.215	5644
712.641	5654.67
715.064	5622.22
717.488	5629.56
719.91	5655.56
722.333	5623.56
724.754	5647.11
727.174	5648
729.594	5674.89
732.012	5615.33
734.43	5648
736.848	5622.44
739.263	5610
741.68	5592
744.094	5615.78
746.508	5572
748.921	5622.89
751.334	5634.67
753.745	5606.89
756.157	5584.22
758.566	5610
760.975	5605.56
763.384	5631.11
765.791	5626.89
768.199	5631.56
770.604	5620.67
773.01	5645.11
775.414	5698.22
777.818	5648.67
780.221	5644.22
782.623	5681.33
785.024	5670.89
787.426	5669.78
789.825	5723.11
792.224	5695.56
794.623	5710.67
797.02	5690.67
799.416	5700.67
801.812	5656.22
804.208	5699.11
806.602	5701.56
808.996	5678.44
811.388	5704.67
813.781	5648.22
816.172	5695.56
818.562	5629.78
820.952	5656
823.341	5647.33
825.73	5664.89
828.117	5657.78
830.503	5629.33
832.889	5660.67
835.274	5640.44
837.658	5645.56
840.042	5635.78
842.424	5652
844.807	5587.56
847.188	5645.33
849.569	5683.78
851.948	5674.67
854.327	5679.56
856.705	5688.44
859.083	5670.67
861.459	5712
863.835	5742.22
866.21	5761.78
868.584	5738.67
870.958	5710.44
873.331	5749.11
875.703	5759.56
878.074	5727.11
880.445	5747.33
882.814	5740.89
885.182	5703.33
887.55	5766.22
889.918	5744.22
892.284	5718.89
894.651	5712.67
897.016	5679.56
899.38	5655.56
901.744	5666.44
904.106	5716.22
906.468	5677.11
908.829	5638.67
911.19	5631.56
913.55	5676.89
915.908	5643.78
918.267	5687.11
920.624	5682
922.982	5660.44
925.336	5674
927.692	5620.22
930.047	5678.67
932.399	5654.67
934.753	5664.22
937.105	5639.56
939.456	5658.22
941.807	5691.11
944.157	5649.56
946.505	5672.67
948.854	5670.44
951.202	5696.22
953.548	5663.78
955.895	5701.11
958.24	5690
960.585	5699.11
962.929	5711.56
965.271	5708.89
967.614	5700.22
969.955	5685.11
972.296	5700.67
974.636	5719.56
976.976	5705.11
979.314	5698.67
981.652	5714.44
983.989	5697.33
986.326	5664.22
988.66	5685.78
990.995	5709.78
993.329	5684.22
995.662	5672
997.995	5654.67
1000.33	5668.67
1002.66	5681.33
1004.99	5675.56
1007.32	5680.22
1009.65	5673.11
1011.97	5671.33
1014.3	5670.67
1016.63	5658
1018.95	5712.67
1021.28	5706.44
1023.6	5695.11
1025.93	5718
1028.25	5726.89
1030.57	5710.44
1032.89	5709.11
1035.21	5705.33
1037.53	5716.89
1039.85	5670.67
1042.17	5738
1044.49	5804.22
1046.81	5793.11
1049.12	5778.44
1051.44	5749.56
1053.75	5750.22
1056.07	5739.78
1058.38	5739.78
1060.69	5760.89
1063	5730.44
1065.31	5760.44
1067.62	5717.78
1069.93	5737.33
1072.24	5742.44
1074.55	5702.44
1076.86	5732.89
1079.16	5724.22
1081.47	5692.89
1083.77	5676.89
1086.08	5724
1088.38	5710.22
1090.69	5699.78
1092.99	5682.22
1095.29	5666.44
1097.59	5670
1099.89	5686
1102.19	5666
1104.49	5751.33
1106.78	5640.22
1109.08	5690.67
1111.38	5682
1113.67	5703.33
1115.97	5694.44
1118.26	5668.67
1120.55	5724.44
1122.85	5729.78
1125.14	5712.67
1127.43	5718.89
1129.72	5731.33
1132.01	5717.11
1134.3	5746.22
1136.59	5754.44
1138.87	5766.44
1141.16	5772
1143.45	5772.44
1145.73	5766
1148.02	5741.11
1150.3	5742.89
1152.59	5764.67
1154.87	5726.44
1157.15	5723.56
1159.43	5741.33
1161.71	5706.67
1163.99	5717.33
1166.27	5686.67
1168.55	5716.22
1170.82	5694
1173.1	5685.11
1175.38	5692.67
1177.65	5672.89
1179.93	5685.56
1182.2	5680.89
1184.47	5688.44
1186.74	5698.22
1189.02	5733.56
1191.29	5699.11
1193.56	5665.78
1195.83	5696
1198.09	5655.33
1200.36	5673.33
1202.63	5672.89
1204.9	5635.11
1207.16	5645.56
1209.43	5618.67
1211.69	5657.78
1213.95	5618.89
1216.22	5672.44
1218.48	5670.22
1220.74	5658.89
1223	5688.67
1225.26	5637.11
1227.52	5688.22
1229.78	5654.22
1232.04	5656.44
1234.29	5684.67
1236.55	5681.56
1238.81	5686.44
1241.06	5668.89
1243.32	5682.67
1245.57	5661.11
1247.82	5680
1250.08	5691.33
1252.33	5651.11
1254.58	5696.22
1256.83	5708.67
1259.08	5705.78
1261.32	5682.89
1263.57	5690.89
1265.82	5680
1268.07	5680.22
1270.31	5652
1272.56	5659.11
1274.8	5638.22
1277.05	5615.33
1279.29	5624
1281.53	5633.11
1283.77	5631.33
1286.01	5676.67
1288.25	5655.11
1290.49	5630.67
1292.73	5578.89
1294.97	5622.67
1297.21	5593.78
1299.44	5592.67
1301.68	5616.89
1303.92	5619.11
1306.15	5622
1308.38	5642
1310.62	5590.44
1312.85	5624.89
1315.08	5633.11
1317.31	5651.11
1319.54	5578.89
1321.77	5632.89
1324	5618.44
1326.23	5627.56
1328.46	5620.22
1330.68	5646.22
1332.91	5652.44
1335.13	5642.67
1337.36	5628.89
1339.58	5632.89
1341.81	5630.22
1344.03	5640.67
1346.25	5622.22
1348.47	5634.89
1350.69	5599.33
1352.91	5617.78
1355.13	5616.22
1357.35	5616
1359.57	5650.22
1361.78	5633.78
1364	5623.33
1366.22	5629.33
1368.43	5620.44
1370.65	5595.33
1372.86	5593.56
1375.07	5581.11
1377.28	5624.44
1379.5	5604.44
1381.71	5613.33
1383.92	5589.33
1386.12	5582.44
1388.33	5630.22
1390.54	5569.33
1392.75	5546.89
1394.96	5561.11
1397.16	5582.22
1399.37	5568.44
1401.57	5534.22
1403.78	5550.22
1405.98	5554.22
1408.18	5555.33
1410.38	5583.56
1412.58	5570.44
1414.78	5557.78
1416.98	5587.11
1419.18	5571.11
1421.38	5560.22
1423.58	5560.67
1425.78	5555.78
1427.97	5561.56
1430.17	5558.67
1432.36	5600.89
1434.56	5615.11
1436.75	5651.78
1438.94	5674.89
1441.13	5677.78
1443.33	5675.56
1445.52	5682.89
1447.71	5666
1449.9	5724.67
1452.09	5744.22
1454.27	5752
1456.46	5737.33
1458.65	5746
1460.83	5711.78
1463.02	5709.78
1465.2	5649.33
1467.39	5650.44
1469.57	5605.56
1471.75	5644.67
1473.94	5570.89
1476.12	5591.78
1478.3	5613.78
1480.48	5577.56
1482.66	5594
1484.84	5575.11
1487.01	5592
1489.19	5558
1491.37	5556.44
1493.54	5565.78
1495.72	5534
1497.89	5517.56
1500.07	5496.89
1502.24	5498.44
1504.41	5486.89
1506.58	5486.67
1508.75	5476
1510.93	5482
1513.1	5488.22
1515.26	5495.56
1517.43	5467.78
1519.6	5440.44
1521.77	5439.78
1523.93	5442.44
1526.1	5420.89
1528.26	5448.44
1530.43	5454
1532.59	5403.56
1534.76	5446.44
1536.92	5446.44
1539.08	5429.56
1541.24	5406
1543.4	5411.33
1545.56	5429.11
1547.72	5460.22
1549.88	5402
1552.04	5384.44
1554.19	5435.33
1556.35	5458.44
1558.51	5433.11
1560.66	5407.33
1562.81	5415.11
1564.97	5382
1567.12	5411.56
1569.27	5408.67
1571.43	5410.89
1573.58	5412.22
1575.73	5397.78
1577.88	5406.89
1580.02	5410.22
1582.17	5432.44
1584.32	5377.56
1586.47	5425.33
1588.61	5402.67
1590.76	5372.67
1592.91	5370
1595.05	5402
1597.19	5350.44
1599.34	5394.44
1601.48	5398.89
1603.62	5358.67
1605.76	5372.44
1607.9	5376.67
1610.04	5348.89
1612.18	5368.89
1614.32	5349.78
1616.46	5355.11
1618.59	5350
1620.73	5328
1622.87	5350
1625	5331.11
1627.14	5298.22
1629.27	5262.89
1631.4	5312.89
1633.54	5250.67
1635.67	5238.22
1637.8	5301.78
1639.93	5276.22
1642.06	5255.33
1644.19	5244
1646.32	5285.33
1648.44	5256.44
1650.57	5278.89
1652.7	5258.22
1654.82	5228.22
1656.95	5238.44
1659.07	5224.67
1661.2	5266.67
1663.32	5234
1665.44	5229.11
1667.57	5230.67
1669.69	5257.78
1671.81	5217.11
1673.93	5259.33
1676.05	5234.44
1678.17	5250.22
1680.28	5220.89
1682.4	5233.56
1684.52	5234
1686.64	5230.89
1688.75	5228.44
1690.87	5186
1692.98	5222
1695.09	5223.33
1697.21	5230.22
1699.32	5207.78
1701.43	5188.44
1703.54	5220
1705.65	5218.22
1707.76	5195.11
1709.87	5184.22
1711.98	5221.11
1714.09	5169.56
1716.19	5195.33
1718.3	5194.67
1720.41	5185.33
1722.51	5172.89
1724.62	5121.11
1726.72	5126.44
1728.82	5127.33
1730.93	5156
1733.03	5115.56
1735.13	5132.22
1737.23	5110.44
1739.33	5089.33
1741.43	5079.11
1743.53	5062.22
1745.63	5107.56
1747.72	5078.67
1749.82	5076.89
1751.92	5070.22
1754.01	5070.89
1756.11	5056.67
1758.2	5065.56
1760.29	5079.78
1762.39	5048.44
1764.48	5015.33
1766.57	5010.22
1768.66	5039.78
1770.75	5029.56
1772.84	4989.33
1774.93	5006
1777.02	5019.78
1779.11	5005.56
1781.2	5032.67
1783.28	4997.33
1785.37	5010.44
1787.45	4964.22
1789.54	4992.44
1791.62	5003.56
1793.71	4964
1795.79	4971.33
1797.87	5004.44
1799.95	4986.22
1802.03	4983.11
1804.11	4964.22
1806.19	5004.44
1808.27	4982.44
1810.35	4978.67
1812.43	4989.78
1814.51	4961.78
1816.58	4977.56
1818.66	4944.44
1820.73	4970.89
1822.81	4981.11
1824.88	4929.33
1826.95	4902
1829.03	4928.89
1831.1	4906.67
1833.17	4890
1835.24	4852.44
1837.31	4853.11
1839.38	4860.67
1841.45	4862.44
1843.52	4856.89
1845.59	4865.56
1847.65	4847.56
1849.72	4853.78
1851.78	4839.11
1853.85	4827.78
1855.91	4812.89
1857.98	4790.67
1860.04	4794
1862.1	4808.89
1864.17	4795.33
1866.23	4791.33
1868.29	4766
1870.35	4771.33
1872.41	4791.56
1874.47	4776.22
1876.53	4767.78
1878.58	4809.33
1880.64	4785.33
1882.7	4719.56
1884.75	4740.67
1886.81	4740
1888.86	4736.89
1890.92	4742
1892.97	4763.56
1895.02	4730.89
1897.07	4735.56
1899.12	4710.89
1901.17	4740.44
1903.23	4711.56
1905.27	4744.89
1907.32	4700.89
1909.37	4722
1911.42	4713.11
1913.47	4705.33
1915.51	4688.89
1917.56	4692.89
1919.6	4675.33
1921.65	4694.67
1923.69	4694.44
1925.74	4696
1927.78	4641.56
1929.82	4638.89
1931.86	4642.67
1933.9	4628.22
1935.94	4590
1937.98	4594.89
1940.02	4578.89
1942.06	4632.44
1944.1	4571.78
1946.14	4584.44
1948.17	4552.89
1950.21	4593.56
1952.24	4554.22
1954.28	4578.44
1956.31	4519.11
1958.35	4544.22
1960.38	4497.11
1962.41	4500.22
1964.44	4514.67
1966.47	4511.56
1968.5	4468.44
1970.53	4441.11
1972.56	4476
1974.59	4482.22
1976.62	4458
1978.65	4463.11
1980.67	4492.44
1982.7	4450.22
1984.73	4442.44
1986.75	4446.44
1988.78	4442.44
1990.8	4449.33
1992.82	4432.44
1994.85	4425.56
1996.87	4447.33
1998.89	4431.56
2000.91	4399.33
2002.93	4398.89
2004.95	4422.67
2006.97	4404.44
2008.99	4394.67
2011	4394.44
2013.02	4404.44
2015.04	4419.56
2017.05	4419.11
2019.07	4394
2021.08	4415.11
2023.1	4379.33
2025.11	4387.78
2027.12	4375.11
2029.14	4374.67
2031.15	4365.78
2033.16	4357.78
2035.17	4378.22
2037.18	4302.67
2039.19	4355.11
2041.2	4340.67
2043.2	4339.11
2045.21	4337.56
2047.22	4322.67
2049.22	4312.67
2051.23	4342.44
2053.24	4298.44
2055.24	4333.33
2057.24	4303.33
2059.25	4281.11
2061.25	4302.44
2063.25	4276.89
2065.25	4251.11
2067.25	4260.44
2069.25	4266.44
2071.25	4287.33
2073.25	4225.33
2075.25	4237.78
2077.25	4208.44
2079.25	4253.56
2081.24	4214.22
2083.24	4190.89
2085.23	4198.44
2087.23	4196
2089.22	4159.33
2091.22	4170
2093.21	4193.78
2095.2	4145.78
2097.19	4170.67
2099.19	4124.67
2101.18	4138
2103.17	4148.44
2105.16	4114.44
2107.14	4121.56
2109.13	4139.56
2111.12	4121.56
2113.11	4098.44
2115.09	4120.44
2117.08	4106.89
2119.06	4120.44
2121.05	4099.78
2123.03	4110.67
2125.02	4062
2127	4071.78
2128.98	4070.44
2130.96	4065.78
2132.95	4068
2134.93	4038.22
2136.91	4057.78
2138.89	4042.67
2140.87	4014.22
2142.84	4032.89
2144.82	4009.56
2146.8	4018.44
2148.77	4007.11
2150.75	4002.67
2152.73	3983.33
2154.7	3948
2156.68	3944.67
2158.65	3978.22
2160.62	3959.78
2162.59	3939.56
2164.57	3921.78
2166.54	3955.56
2168.51	3932.89
2170.48	3888.44
2172.45	3920.22
2174.42	3868.89
2176.38	3879.78
2178.35	3904
2180.32	3895.78
2182.29	3834.89
2184.25	3855.56
2186.22	3873.78
2188.18	3854.22
2190.15	3849.11
2192.11	3872.44
2194.07	3843.56
2196.03	3822.67
2198	3806.89
2199.96	3798.67
2201.92	3824.89
2203.88	3779.33
2205.84	3802
2207.8	3808
2209.76	3785.78
2211.71	3764.44
2213.67	3805.11
2215.63	3748.89
2217.58	3768.22
2219.54	3740.22
2221.49	3744.22
2223.45	3739.78
2225.4	3719.33
2227.36	3737.33
2229.31	3731.11
2231.26	3724.89
2233.21	3708.44
2235.16	3708.89
2237.11	3667.11
2239.06	3696
2241.01	3672.67
2242.96	3688.44
2244.91	3676.67
2246.86	3649.33
2248.8	3637.56
2250.75	3646.44
2252.69	3664.67
2254.64	3629.11
2256.58	3610.22
2258.53	3627.78
2260.47	3639.33
2262.41	3605.33
2264.36	3600.89
2266.3	3586.44
2268.24	3593.11
2270.18	3582
2272.12	3562.67
2274.06	3576.44
2276	3535.11
2277.94	3550.22
2279.87	3538.44
2281.81	3547.33
2283.75	3514.22
2285.68	3536.89
2287.62	3520.89
2289.55	3477.56
2291.49	3518
2293.42	3481.78
2295.35	3480
2297.29	3470
2299.22	3465.78
2301.15	3436.44
2303.08	3462
2305.01	3476.89
2306.94	3444.22
2308.87	3430.67
2310.8	3438.22
2312.73	3445.33
2314.65	3403.78
2316.58	3388.89
2318.51	3391.56
2320.43	3406.44
2322.36	3386.44
2324.28	3397.11
2326.21	3383.11
2328.13	3403.56
2330.05	3359.33
2331.98	3360.44
2333.9	3386.89
2335.82	3353.33
2337.74	3367.33
2339.66	3326
2341.58	3337.33
2343.5	3334.44
2345.42	3315.78
2347.33	3289.33
2349.25	3313.33
2351.17	3329.56
2353.08	3305.33
2355	3328.44
2356.92	3260.89
2358.83	3308.44
2360.74	3256.44
2362.66	3257.56
2364.57	3234.22
2366.48	3250.44
2368.39	3239.33
2370.31	3251.33
2372.22	3236.44
2374.13	3242.89
2376.04	3186.67
2377.94	3192.67
2379.85	3185.33
2381.76	3190.67
2383.67	3176
2385.57	3178.44
2387.48	3184.44
2389.39	3155.11
2391.29	3177.33
2393.2	3141.11
2395.1	3122.67
2397	3156.89
2398.91	3148
2400.81	3134.67
2402.71	3130.44
2404.61	3135.11
2406.51	3123.56
2408.41	3096
2410.31	3101.33
2412.21	3090.22
2414.11	3095.56
2416.01	3093.78
2417.9	3075.11
2419.8	3075.11
2421.69	3078.44
2423.59	3089.78
2425.49	3057.56
2427.38	3049.56
2429.27	3050.22
2431.17	3076
2433.06	3068
2434.95	3047.56
2436.84	3056
2438.73	3038.22
2440.63	3034.89
2442.52	3044.67
2444.41	3026.89
2446.29	3010.22
2448.18	3028.22
2450.07	3034.44
2451.96	3019.78
2453.84	3015.33
