187.964	4792.22
190.563	4791.33
193.16	4782.44
195.757	4843.56
198.354	4831.11
200.948	4874
203.543	4870.44
206.136	4862
208.729	4898.22
211.321	4911.56
213.912	4890.89
216.502	4889.78
219.09	4885.33
221.679	4932
224.266	4974.67
226.853	4977.11
229.438	4955.11
232.023	4977.33
234.607	4983.78
237.19	5043.33
239.772	5029.11
242.352	5037.78
244.934	5080.22
247.512	5066.44
250.092	5102.44
252.669	5101.33
255.247	5125.56
257.822	5117.78
260.397	5095.56
262.972	5113.33
265.545	5102.89
268.117	5130.89
270.69	5118.22
273.26	5134
275.829	5167.78
278.4	5155.78
280.967	5182.22
283.534	5196.22
286.102	5191.56
288.667	5229.11
291.231	5205.56
293.795	5207.33
296.359	5254.44
298.921	5265.56
301.482	5306.67
304.042	5295.56
306.603	5310.67
309.161	5277.56
311.719	5294
314.276	5312
316.832	5332
319.388	5283.33
321.942	5324
324.496	5312.22
327.048	5313.11
329.6	5333.78
332.151	5338
334.701	5375.33
337.252	5358.44
339.8	5382.22
342.347	5417.56
344.894	5428
347.44	5420.89
349.985	5462.44
352.529	5478.22
355.072	5493.11
357.615	5513.11
360.156	5508
362.697	5532.67
365.237	5541.11
367.776	5533.78
370.315	5558.67
372.852	5573.33
375.389	5557.78
377.925	5539.33
380.46	5560
382.994	5534.89
385.527	5537.56
388.059	5549.78
390.591	5557.11
393.122	5544
395.65	5586.67
398.18	5556.89
400.708	5569.78
403.235	5583.11
405.762	5606.89
408.288	5605.78
410.813	5647.56
413.335	5680
415.859	5670.22
418.381	5709.78
420.903	5797.56
423.424	5865.78
425.942	5970.67
428.462	5999.33
430.98	5873.11
433.498	5773.33
436.013	5710.67
438.529	5676.67
441.044	5710.22
443.558	5678.89
446.07	5706.44
448.583	5705.78
451.095	5685.56
453.604	5712.22
456.114	5721.78
458.624	5710.44
461.131	5684.44
463.638	5733.11
466.145	5759.56
468.65	5774.89
471.155	5761.33
473.659	5774.89
476.162	5805.33
478.664	5752.67
481.165	5802
483.666	5814.67
486.165	5857.56
488.664	5882
491.162	5894.67
493.66	5869.33
496.155	5870.22
498.651	5888
501.145	5895.78
503.64	5858.89
506.132	5884
508.625	5865.11
511.116	5816
513.608	5862.22
516.097	5807.78
518.586	5870.44
521.074	5844.44
523.562	5832.44
526.048	5857.56
528.533	5849.78
531.019	5884.89
533.502	5872.67
535.985	5869.11
538.468	5911.56
540.949	5898.44
543.43	5895.33
545.91	5940.44
548.389	5965.33
550.867	5929.56
553.345	5956
555.821	5984.67
558.297	5998.44
560.771	5962.67
563.247	5959.33
565.72	5996.89
568.192	5979.11
570.663	5973.78
573.135	5982
575.605	5981.78
578.074	5997.78
580.542	5990.89
583.01	5975.56
585.478	5971.56
587.943	5995.33
590.408	5978.67
592.873	5961.56
595.336	5986
597.799	5988
600.26	5973.78
602.721	5997.33
605.183	5988.44
607.643	5996
610.101	6014
612.559	5960.22
615.016	6000.67
617.472	6032
619.928	6043.11
622.382	6053.33
624.836	6082.89
627.289	6058
629.741	6039.33
632.193	6118.44
634.644	6113.56
637.093	6074.67
639.543	6076.44
641.991	6067.56
644.438	6083.78
646.885	6080.44
649.33	6106.44
651.775	6065.78
654.219	6064.22
656.663	6102.44
659.105	6058
661.547	6074.22
663.989	6071.78
666.429	6096.89
668.867	6065.56
671.306	6052.44
673.744	6049.78
676.181	6072.67
678.618	6066.22
681.052	6107.78
683.487	6096.67
685.921	6042.44
688.355	6127.78
690.786	6090.67
693.218	6143.33
695.649	6140.67
698.079	6120.67
700.507	6189.78
702.935	6142.44
705.363	6158.44
707.789	6167.56
710.215	6185.56
712.641	6178.89
715.064	6216.89
717.488	6191.11
719.91	6228
722.333	6184.22
724.754	6156.67
727.174	6181.78
729.594	6141.11
732.012	6184.22
734.43	6146.89
736.848	6162.22
739.263	6146.67
741.68	6167.56
744.094	6123.11
746.508	6137.11
748.921	6135.56
751.334	6113.78
753.745	6124
756.157	6171.78
758.566	6116.22
760.975	6131.11
763.384	6139.33
765.791	6144.67
768.199	6140.67
770.604	6183.11
773.01	6170.89
775.414	6220
777.818	6192.89
780.221	6238.89
782.623	6216.67
785.024	6202.89
787.426	6231.33
789.825	6214.22
792.224	6261.33
794.623	6275.11
797.02	6274
799.416	6239.33
801.812	6216
804.208	6234.22
806.602	6222.89
808.996	6187.33
811.388	6206.44
813.781	6228.89
816.172	6220
818.562	6188.67
820.952	6192
823.341	6204.44
825.73	6214.89
828.117	6197.11
830.503	6202
832.889	6141.78
835.274	6183.33
837.658	6127.11
840.042	6162.89
842.424	6154.67
844.807	6156.22
847.188	6160.89
849.569	6195.78
851.948	6187.78
854.327	6220
856.705	6245.33
859.083	6210.44
861.459	6238.89
863.835	6263.78
866.21	6250.89
868.584	6295.33
870.958	6250.89
873.331	6274.22
875.703	6317.11
878.074	6276.67
880.445	6286.44
882.814	6288.67
885.182	6319.56
887.55	6259.11
889.918	6262.67
892.284	6249.33
894.651	6290
897.016	6236
899.38	6269.33
901.744	6211.33
904.106	6239.78
906.468	6164.44
908.829	6206.67
911.19	6202
913.55	6217.11
915.908	6243.78
918.267	6239.33
920.624	6202.44
922.982	6179.56
925.336	6172.89
927.692	6202.22
930.047	6198.22
932.399	6202.44
934.753	6230.67
937.105	6207.33
939.456	6190.44
941.807	6206.89
944.157	6202.22
946.505	6225.78
948.854	6188
951.202	6202.67
953.548	6236.44
955.895	6222.89
958.24	6256.22
960.585	6215.33
962.929	6277.78
965.271	6237.56
967.614	6261.33
969.955	6241.56
972.296	6216
974.636	6257.56
976.976	6229.33
979.314	6260.44
981.652	6272
983.989	6225.56
986.326	6260.22
988.66	6214
990.995	6230.22
993.329	6201.11
995.662	6196.22
997.995	6204.44
1000.33	6220
1002.66	6231.33
1004.99	6249.11
1007.32	6199.33
1009.65	6180.89
1011.97	6197.56
1014.3	6240.67
1016.63	6216.67
1018.95	6231.33
1021.28	6226.67
1023.6	6224.67
1025.93	6212.67
1028.25	6240.22
1030.57	6209.11
1032.89	6308.22
1035.21	6267.78
1037.53	6283.11
1039.85	6293.33
1042.17	6268.44
1044.49	6304.44
1046.81	6337.78
1049.12	6320.67
1051.44	6324.67
1053.75	6277.11
1056.07	6283.56
1058.38	6251.11
1060.69	6262.67
1063	6245.33
1065.31	6328.67
1067.62	6284
1069.93	6284.89
1072.24	6261.78
1074.55	6246.67
1076.86	6212.22
1079.16	6255.33
1081.47	6236
1083.77	6255.33
1086.08	6247.78
1088.38	6270.22
1090.69	6299.78
1092.99	6234.67
1095.29	6253.11
1097.59	6256.67
1099.89	6247.33
1102.19	6237.33
1104.49	6222.67
1106.78	6247.11
1109.08	6228
1111.38	6260
1113.67	6275.11
1115.97	6263.56
1118.26	6267.56
1120.55	6244.22
1122.85	6277.33
1125.14	6235.11
1127.43	6285.78
1129.72	6269.11
1132.01	6307.78
1134.3	6301.78
1136.59	6274
1138.87	6312.67
1141.16	6298.67
1143.45	6336.67
1145.73	6293.11
1148.02	6292.44
1150.3	6293.33
1152.59	6296.22
1154.87	6268.44
1157.15	6258.22
1159.43	6301.56
1161.71	6272.89
1163.99	6244.67
1166.27	6234.89
1168.55	6254.67
1170.82	6264
1173.1	6256
1175.38	6202.89
1177.65	6234
1179.93	6212.67
1182.2	6182.44
1184.47	6242.67
1186.74	6264.22
1189.02	6270.89
1191.29	6225.11
1193.56	6234.67
1195.83	6231.56
1198.09	6276.22
1200.36	6234.89
1202.63	6169.78
1204.9	6201.56
1207.16	6203.33
1209.43	6191.78
1211.69	6149.78
1213.95	6180
1216.22	6185.56
1218.48	6185.11
1220.74	6196.67
1223	6196.22
1225.26	6191.33
1227.52	6221.11
1229.78	6224.89
1232.04	6212.44
1234.29	6238.22
1236.55	6226.67
1238.81	6199.56
1241.06	6215.11
1243.32	6187.11
1245.57	6220.67
1247.82	6221.33
1250.08	6232.22
1252.33	6228
1254.58	6214.22
1256.83	6216.22
1259.08	6230
1261.32	6211.33
1263.57	6213.78
1265.82	6230
1268.07	6218.89
1270.31	6184.67
1272.56	6191.78
1274.8	6162.22
1277.05	6165.33
1279.29	6190.67
1281.53	6179.78
1283.77	6223.56
1286.01	6177.11
1288.25	6201.78
1290.49	6180.67
1292.73	6154.67
1294.97	6158.22
1297.21	6155.56
1299.44	6147.11
1301.68	6140.44
1303.92	6150.44
1306.15	6119.11
1308.38	6112.89
1310.62	6148
1312.85	6130
1315.08	6108.44
1317.31	6127.56
1319.54	6155.78
1321.77	6123.11
1324	6169.11
1326.23	6154
1328.46	6173.56
1330.68	6154
1332.91	6118
1335.13	6170.89
1337.36	6123.78
1339.58	6166.89
1341.81	6152.22
1344.03	6200
1346.25	6211.11
1348.47	6150.67
1350.69	6162.89
1352.91	6158.22
1355.13	6183.56
1357.35	6149.78
1359.57	6196
1361.78	6137.56
1364	6156.22
1366.22	6153.33
1368.43	6158.67
1370.65	6135.11
1372.86	6169.56
1375.07	6116.67
1377.28	6134.89
1379.5	6138.89
1381.71	6117.33
1383.92	6106.67
1386.12	6078.22
1388.33	6147.33
1390.54	6148.89
1392.75	6072.22
1394.96	6085.78
1397.16	6073.56
1399.37	6052.22
1401.57	6021.78
1403.78	6075.11
1405.98	6071.78
1408.18	6102.67
1410.38	6088.89
1412.58	6039.56
1414.78	6082
1416.98	6043.33
1419.18	6050.22
1421.38	6113.56
1423.58	6086
1425.78	6122.22
1427.97	6089.78
1430.17	6134
1432.36	6165.56
1434.56	6151.56
1436.75	6192
1438.94	6185.11
1441.13	6215.33
1443.33	6240.22
1445.52	6226.22
1447.71	6243.56
1449.9	6264.44
1452.09	6267.78
1454.27	6279.33
1456.46	6274.67
1458.65	6279.78
1460.83	6256.89
1463.02	6212
1465.2	6173.11
1467.39	6194.22
1469.57	6148
1471.75	6176.22
1473.94	6128.22
1476.12	6110.89
1478.3	6078.67
1480.48	6122.22
1482.66	6120.22
1484.84	6098.67
1487.01	6116.89
1489.19	6074.67
1491.37	6061.78
1493.54	6070.89
1495.72	6047.56
1497.89	6018
1500.07	6016.22
1502.24	5983.78
1504.41	6032.67
1506.58	6025.33
1508.75	5953.56
1510.93	5977.11
1513.1	5947.56
1515.26	5992.22
1517.43	5971.33
1519.6	5953.78
1521.77	5962.22
1523.93	5968
1526.1	5958.67
1528.26	5986
1530.43	5975.78
1532.59	5930.89
1534.76	5934.44
1536.92	5948.89
1539.08	5970.67
1541.24	5931.33
1543.4	5948.89
1545.56	5922.44
1547.72	5936.44
1549.88	5920
1552.04	5915.78
1554.19	5951.78
1556.35	5934
1558.51	5924.67
1560.66	5951.56
1562.81	5923.11
1564.97	5925.78
1567.12	5859.56
1569.27	5894.22
1571.43	5932.89
1573.58	5920
1575.73	5902.67
1577.88	5908.67
1580.02	5890.22
1582.17	5918.89
1584.32	5929.78
1586.47	5922.22
1588.61	5944.67
1590.76	5912.89
1592.91	5916.67
1595.05	5895.33
1597.19	5870.67
1599.34	5867.33
1601.48	5905.56
1603.62	5903.33
1605.76	5846.89
1607.9	5828.67
1610.04	5850.67
1612.18	5831.78
1614.32	5852.67
1616.46	5834.89
1618.59	5873.56
1620.73	5807.11
1622.87	5774.22
1625	5795.78
1627.14	5813.56
1629.27	5810.22
1631.4	5782.44
1633.54	5763.56
1635.67	5776.22
1637.8	5791.33
1639.93	5748.22
1642.06	5764.89
1644.19	5772.44
1646.32	5735.78
1648.44	5743.33
1650.57	5745.78
1652.7	5741.11
1654.82	5717.56
1656.95	5711.11
1659.07	5753.33
1661.2	5734.22
1663.32	5748
1665.44	5713.33
1667.57	5725.11
1669.69	5734
1671.81	5761.78
1673.93	5685.11
1676.05	5724.67
1678.17	5743.56
1680.28	5724.22
1682.4	5751.11
1684.52	5705.33
1686.64	5727.33
1688.75	5735.78
1690.87	5724.44
1692.98	5728.22
1695.09	5694.89
1697.21	5730.89
1699.32	5691.11
1701.43	5741.33
1703.54	5713.33
1705.65	5664.89
1707.76	5693.11
1709.87	5663.56
1711.98	5645.78
1714.09	5661.78
1716.19	5685.11
1718.3	5619.11
1720.41	5675.78
1722.51	5627.56
1724.62	5618.89
1726.72	5672.44
1728.82	5609.33
1730.93	5623.56
1733.03	5601.56
1735.13	5620
1737.23	5573.11
1739.33	5573.11
1741.43	5537.56
1743.53	5569.78
1745.63	5562.44
1747.72	5561.78
1749.82	5539.78
1751.92	5508
1754.01	5524.22
1756.11	5543.11
1758.2	5515.33
1760.29	5529.56
1762.39	5469.78
1764.48	5476
1766.57	5494.89
1768.66	5504
1770.75	5474.44
1772.84	5479.78
1774.93	5446.22
1777.02	5482.22
1779.11	5476
1781.2	5485.56
1783.28	5475.56
1785.37	5478.67
1787.45	5468.89
1789.54	5473.33
1791.62	5466.89
1793.71	5460.44
1795.79	5467.56
1797.87	5419.33
1799.95	5424.67
1802.03	5464.44
1804.11	5462.67
1806.19	5462.22
1808.27	5458
1810.35	5410.89
1812.43	5430.44
1814.51	5407.33
1816.58	5410.89
1818.66	5382.22
1820.73	5403.33
1822.81	5369.11
1824.88	5359.56
1826.95	5366.44
1829.03	5381.11
1831.1	5340.44
1833.17	5395.33
1835.24	5369.78
1837.31	5329.56
1839.38	5306.89
1841.45	5344.44
1843.52	5301.11
1845.59	5311.11
1847.65	5316.67
1849.72	5304.67
1851.78	5281.11
1853.85	5274.22
1855.91	5240
1857.98	5235.56
1860.04	5262.22
1862.1	5216.67
1864.17	5237.33
1866.23	5199.56
1868.29	5182.89
1870.35	5208.67
1872.41	5240.89
1874.47	5223.33
1876.53	5187.78
1878.58	5225.33
1880.64	5190.67
1882.7	5152.22
1884.75	5171.78
1886.81	5182.44
1888.86	5181.78
1890.92	5164
1892.97	5186
1895.02	5164.89
1897.07	5180.44
1899.12	5186.89
1901.17	5169.11
1903.23	5191.33
1905.27	5124.44
1907.32	5157.78
1909.37	5133.33
1911.42	5135.56
1913.47	5172.89
1915.51	5144
1917.56	5137.78
1919.6	5113.11
1921.65	5094.89
1923.69	5139.11
1925.74	5080.44
1927.78	5137.11
1929.82	5087.78
1931.86	5096
1933.9	5086
1935.94	5078.89
1937.98	5088.22
1940.02	5032.89
1942.06	5057.78
1944.1	5015.11
1946.14	5041.56
1948.17	5003.78
1950.21	4974.89
1952.24	4970.44
1954.28	4964.89
1956.31	4969.33
1958.35	4941.11
1960.38	4942.22
1962.41	4928.67
1964.44	4925.78
1966.47	4925.56
1968.5	4896.89
1970.53	4920.22
1972.56	4883.11
1974.59	4885.11
1976.62	4870.44
1978.65	4865.33
1980.67	4841.56
1982.7	4877.33
1984.73	4852.44
1986.75	4836.67
1988.78	4827.11
1990.8	4843.33
1992.82	4835.11
1994.85	4829.33
1996.87	4822.22
1998.89	4839.78
2000.91	4832.22
2002.93	4798.67
2004.95	4838.22
2006.97	4819.11
2008.99	4823.78
2011	4805.56
2013.02	4789.78
2015.04	4796.89
2017.05	4830.89
2019.07	4794.89
2021.08	4827.11
2023.1	4817.11
2025.11	4802.22
2027.12	4799.78
2029.14	4800.44
2031.15	4764.89
2033.16	4781.78
2035.17	4755.33
2037.18	4793.78
2039.19	4765.78
2041.2	4708.67
2043.2	4737.78
2045.21	4754.44
2047.22	4728.44
2049.22	4703.33
2051.23	4724.89
2053.24	4708
2055.24	4732.44
2057.24	4696.22
2059.25	4692.44
2061.25	4659.11
2063.25	4685.33
2065.25	4652.44
2067.25	4656.89
2069.25	4644.89
2071.25	4641.33
2073.25	4607.56
2075.25	4612.89
2077.25	4609.11
2079.25	4611.11
2081.24	4611.11
2083.24	4588.67
2085.23	4556.44
2087.23	4543.33
2089.22	4563.33
2091.22	4593.78
2093.21	4549.11
2095.2	4522.89
2097.19	4510.67
2099.19	4527.78
2101.18	4512.22
2103.17	4519.11
2105.16	4513.33
2107.14	4490.67
2109.13	4515.78
2111.12	4522
2113.11	4538
2115.09	4468.89
2117.08	4477.56
2119.06	4478
2121.05	4482.67
2123.03	4474.89
2125.02	4432.44
2127	4457.56
2128.98	4439.56
2130.96	4465.11
2132.95	4402.22
2134.93	4402.67
2136.91	4406.22
2138.89	4398.44
2140.87	4377.11
2142.84	4394.22
2144.82	4382
2146.8	4376
2148.77	4370.22
2150.75	4352.44
2152.73	4350.44
2154.7	4319.33
2156.68	4310.89
2158.65	4339.78
2160.62	4316.22
2162.59	4315.33
2164.57	4274.67
2166.54	4246.44
2168.51	4233.33
2170.48	4272.89
2172.45	4237.56
2174.42	4261.33
2176.38	4238.44
2178.35	4252.67
2180.32	4227.33
2182.29	4214.89
2184.25	4194.22
2186.22	4199.78
2188.18	4200.44
2190.15	4196.22
2192.11	4175.11
2194.07	4171.33
2196.03	4166.22
2198	4160
2199.96	4163.11
2201.92	4144.67
2203.88	4134.67
2205.84	4118.67
2207.8	4120.44
2209.76	4093.11
2211.71	4122
2213.67	4122.44
2215.63	4072.22
2217.58	4103.11
2219.54	4085.33
2221.49	4055.11
2223.45	4073.33
2225.4	4062.22
2227.36	4077.78
2229.31	4073.11
2231.26	4057.33
2233.21	4044.44
2235.16	4024.89
2237.11	4023.56
2239.06	4019.11
2241.01	4014.22
2242.96	3984.44
2244.91	3995.33
2246.86	3982.22
2248.8	3980
2250.75	3980.22
2252.69	4017.78
2254.64	3966.44
2256.58	3984.44
2258.53	3936.22
2260.47	3949.11
2262.41	3947.33
2264.36	3943.56
2266.3	3893.56
2268.24	3939.78
2270.18	3902.22
2272.12	3864.89
2274.06	3902.44
2276	3873.56
2277.94	3840
2279.87	3861.56
2281.81	3822.44
2283.75	3822.22
2285.68	3817.56
2287.62	3827.78
2289.55	3823.33
2291.49	3817.33
2293.42	3801.56
2295.35	3792.89
2297.29	3782.44
2299.22	3786.67
2301.15	3781.78
2303.08	3762.22
2305.01	3759.33
2306.94	3750.67
2308.87	3728
2310.8	3742
2312.73	3726.22
2314.65	3745.33
2316.58	3725.78
2318.51	3719.56
2320.43	3702
2322.36	3705.56
2324.28	3709.78
2326.21	3682
2328.13	3683.56
2330.05	3691.11
2331.98	3673.11
2333.9	3690.67
2335.82	3626.67
2337.74	3641.56
2339.66	3655.56
2341.58	3649.56
2343.5	3636.89
2345.42	3634.44
2347.33	3610.67
2349.25	3616.67
2351.17	3640.44
2353.08	3614
2355	3587.56
2356.92	3584.44
2358.83	3565.78
2360.74	3551.33
2362.66	3575.78
2364.57	3569.11
2366.48	3536.44
2368.39	3542.44
2370.31	3508
2372.22	3535.11
2374.13	3520.67
2376.04	3505.11
2377.94	3482
2379.85	3464.67
2381.76	3474.22
2383.67	3477.78
2385.57	3471.11
2387.48	3485.56
2389.39	3448.22
2391.29	3442.89
2393.2	3452.44
2395.1	3454.89
2397	3445.78
2398.91	3433.56
2400.81	3397.11
2402.71	3407.56
2404.61	3438.67
2406.51	3403.56
2408.41	3371.56
2410.31	3409.11
2412.21	3376
2414.11	3372.44
2416.01	3383.56
2417.9	3358.22
2419.8	3358
2421.69	3360
2423.59	3352.22
2425.49	3336
2427.38	3354.44
2429.27	3357.78
2431.17	3326.67
2433.06	3340.44
2434.95	3298.89
2436.84	3320.44
2438.73	3307.33
2440.63	3324
2442.52	3328.44
2444.41	3293.56
2446.29	3280.67
2448.18	3275.33
2450.07	3305.56
2451.96	3275.56
2453.84	3287.11
