187.964	4894.22
190.563	4892
193.16	4918.89
195.757	4901.56
198.354	4938.44
200.948	4934.44
203.543	4952
206.136	4966
208.729	4968
211.321	4998.89
213.912	4992.89
216.502	4967.33
219.09	4989.33
221.679	4997.78
224.266	5022
226.853	5028
229.438	5034.67
232.023	5075.78
234.607	5082.22
237.19	5072.67
239.772	5096.22
242.352	5147.33
244.934	5141.33
247.512	5141.33
250.092	5183.33
252.669	5169.33
255.247	5195.56
257.822	5182
260.397	5204
262.972	5194.67
265.545	5168.44
268.117	5186.89
270.69	5231.56
273.26	5269.33
275.829	5258.67
278.4	5235.33
280.967	5239.78
283.534	5272
286.102	5300.22
288.667	5337.11
291.231	5322
293.795	5358
296.359	5350.22
298.921	5369.11
301.482	5375.56
304.042	5377.78
306.603	5396.44
309.161	5348
311.719	5397.78
314.276	5392
316.832	5377.56
319.388	5416.67
321.942	5416.44
324.496	5407.11
327.048	5431.56
329.6	5432.22
332.151	5451.78
334.701	5462.22
337.252	5426.22
339.8	5500.44
342.347	5523.56
344.894	5477.11
347.44	5534.22
349.985	5554.89
352.529	5592.67
355.072	5578.89
357.615	5593.78
360.156	5585.56
362.697	5626.67
365.237	5668.67
367.776	5669.33
370.315	5664
372.852	5658.44
375.389	5670
377.925	5670
380.46	5657.56
382.994	5633.33
385.527	5644.67
388.059	5624.44
390.591	5639.33
393.122	5651.56
395.65	5628.22
398.18	5635.78
400.708	5660.22
403.235	5703.56
405.762	5718.67
408.288	5727.33
410.813	5708.22
413.335	5767.11
415.859	5778.44
418.381	5834.67
420.903	5906.89
423.424	5979.11
425.942	6060.22
428.462	6013.33
430.98	5961.56
433.498	5890.22
436.013	5836.89
438.529	5842.44
441.044	5832.67
443.558	5807.78
446.07	5805.33
448.583	5824.89
451.095	5808
453.604	5804.44
456.114	5808.22
458.624	5801.78
461.131	5819.33
463.638	5841.11
466.145	5853.11
468.65	5862.44
471.155	5868.44
473.659	5884.67
476.162	5914
478.664	5871.78
481.165	5913.78
483.666	5913.33
486.165	5981.11
488.664	5968.44
491.162	5968.44
493.66	6010.44
496.155	5985.56
498.651	6001.11
501.145	5998.67
503.64	5998.44
506.132	5977.56
508.625	5961.33
511.116	5978.44
513.608	5947.56
516.097	5957.11
518.586	5964
521.074	5936
523.562	5948
526.048	5958.22
528.533	5963.56
531.019	5990.22
533.502	5988.44
535.985	5988.89
538.468	6037.33
540.949	6053.11
543.43	6064.44
545.91	6072.67
548.389	6029.33
550.867	6044.44
553.345	6093.11
555.821	6066
558.297	6073.56
560.771	6102.89
563.247	6102.67
565.72	6115.78
568.192	6077.33
570.663	6098.67
573.135	6091.11
575.605	6096.44
578.074	6093.56
580.542	6072.67
583.01	6081.78
585.478	6122.67
587.943	6089.56
590.408	6029.78
592.873	6066.22
595.336	6060
597.799	6067.33
600.26	6094.67
602.721	6075.11
605.183	6112.22
607.643	6092
610.101	6132.89
612.559	6140
615.016	6141.56
617.472	6128
619.928	6164.22
622.382	6169.11
624.836	6199.78
627.289	6172.22
629.741	6192.89
632.193	6204.67
634.644	6228.67
637.093	6201.33
639.543	6213.33
641.991	6178.67
644.438	6187.33
646.885	6198.44
649.33	6201.78
651.775	6162.89
654.219	6190.89
656.663	6174.67
659.105	6198
661.547	6179.33
663.989	6169.33
666.429	6142
668.867	6191.78
671.306	6139.11
673.744	6148.67
676.181	6184.44
678.618	6208
681.052	6167.78
683.487	6213.11
685.921	6192.44
688.355	6217.56
690.786	6192.67
693.218	6242.44
695.649	6256.89
698.079	6276.22
700.507	6272
702.935	6273.33
705.363	6299.33
707.789	6361.11
710.215	6272.89
712.641	6282.89
715.064	6281.56
717.488	6294.89
719.91	6308.89
722.333	6293.56
724.754	6291.56
727.174	6282.22
729.594	6318.67
732.012	6264
734.43	6280.89
736.848	6266.22
739.263	6263.78
741.68	6212
744.094	6245.11
746.508	6269.11
748.921	6290
751.334	6235.56
753.745	6210.67
756.157	6236
758.566	6249.33
760.975	6269.11
763.384	6269.11
765.791	6272.89
768.199	6271.56
770.604	6279.33
773.01	6294.44
775.414	6295.33
777.818	6299.56
780.221	6349.33
782.623	6323.11
785.024	6327.56
787.426	6326.44
789.825	6380
792.224	6344.67
794.623	6356.67
797.02	6396.22
799.416	6352
801.812	6356
804.208	6311.56
806.602	6353.11
808.996	6307.56
811.388	6306
813.781	6330.67
816.172	6302.22
818.562	6329.56
820.952	6338.22
823.341	6310.89
825.73	6303.56
828.117	6302.22
830.503	6319.33
832.889	6284.22
835.274	6262.22
837.658	6277.33
840.042	6294.67
842.424	6270
844.807	6310.22
847.188	6303.33
849.569	6303.56
851.948	6339.33
854.327	6310.44
856.705	6359.78
859.083	6363.33
861.459	6373.56
863.835	6394.89
866.21	6420.44
868.584	6433.11
870.958	6414
873.331	6396.67
875.703	6408.89
878.074	6400.67
880.445	6384.89
882.814	6391.33
885.182	6413.78
887.55	6435.33
889.918	6379.11
892.284	6380.22
894.651	6407.11
897.016	6365.78
899.38	6356.44
901.744	6355.33
904.106	6346
906.468	6325.56
908.829	6304.67
911.19	6311.11
913.55	6334.89
915.908	6331.11
918.267	6249.33
920.624	6275.56
922.982	6306.44
925.336	6340.22
927.692	6292.67
930.047	6335.33
932.399	6304.89
934.753	6335.11
937.105	6291.11
939.456	6278.44
941.807	6292.89
944.157	6302.67
946.505	6314
948.854	6330.44
951.202	6342.44
953.548	6338.67
955.895	6311.56
958.24	6352.22
960.585	6339.11
962.929	6360.67
965.271	6390.89
967.614	6335.78
969.955	6360.89
972.296	6344.67
974.636	6326.22
976.976	6310.44
979.314	6363.33
981.652	6363.78
983.989	6361.33
986.326	6343.33
988.66	6313.33
990.995	6309.56
993.329	6332.89
995.662	6331.33
997.995	6328.44
1000.33	6336
1002.66	6324.44
1004.99	6333.78
1007.32	6324.22
1009.65	6304.89
1011.97	6299.11
1014.3	6310.44
1016.63	6341.11
1018.95	6315.33
1021.28	6296.89
1023.6	6303.33
1025.93	6375.11
1028.25	6324
1030.57	6338.44
1032.89	6374.89
1035.21	6364.44
1037.53	6398.22
1039.85	6364.67
1042.17	6433.78
1044.49	6437.33
1046.81	6436.44
1049.12	6453.56
1051.44	6390.44
1053.75	6392.89
1056.07	6369.56
1058.38	6382.44
1060.69	6349.11
1063	6384.44
1065.31	6382.44
1067.62	6372.89
1069.93	6402
1072.24	6411.78
1074.55	6345.33
1076.86	6364
1079.16	6394.44
1081.47	6329.78
1083.77	6338.89
1086.08	6371.78
1088.38	6344
1090.69	6348.67
1092.99	6342.44
1095.29	6363.78
1097.59	6335.56
1099.89	6314.44
1102.19	6362.44
1104.49	6333.78
1106.78	6341.78
1109.08	6361.33
1111.38	6340.67
1113.67	6357.33
1115.97	6342.22
1118.26	6333.11
1120.55	6355.56
1122.85	6370.67
1125.14	6421.11
1127.43	6368
1129.72	6356.67
1132.01	6410.67
1134.3	6407.78
1136.59	6367.78
1138.87	6419.56
1141.16	6397.78
1143.45	6442
1145.73	6401.56
1148.02	6417.33
1150.3	6376
1152.59	6396.89
1154.87	6378.89
1157.15	6378.22
1159.43	6384.22
1161.71	6376.89
1163.99	6394.44
1166.27	6380.67
1168.55	6363.33
1170.82	6352.22
1173.1	6355.33
1175.38	6327.56
1177.65	6310.44
1179.93	6318.22
1182.2	6291.56
1184.47	6338
1186.74	6308
1189.02	6344
1191.29	6347.78
1193.56	6298.89
1195.83	6324.22
1198.09	6290.67
1200.36	6284.44
1202.63	6334.22
1204.9	6289.56
1207.16	6340.22
1209.43	6307.56
1211.69	6280
1213.95	6287.56
1216.22	6311.11
1218.48	6326.89
1220.74	6290.67
1223	6269.56
1225.26	6327.11
1227.52	6312
1229.78	6332
1232.04	6359.33
1234.29	6299.33
1236.55	6332.44
1238.81	6350.44
1241.06	6329.33
1243.32	6291.33
1245.57	6357.78
1247.82	6328.89
1250.08	6339.78
1252.33	6333.56
1254.58	6303.78
1256.83	6350.67
1259.08	6348.22
1261.32	6366.67
1263.57	6330.67
1265.82	6336.89
1268.07	6288.89
1270.31	6288.22
1272.56	6322.89
1274.8	6284.44
1277.05	6299.78
1279.29	6264.89
1281.53	6302.44
1283.77	6282.22
1286.01	6264
1288.25	6266.67
1290.49	6272
1292.73	6267.11
1294.97	6256.22
1297.21	6252.89
1299.44	6272.44
1301.68	6300
1303.92	6277.78
1306.15	6256.44
1308.38	6250.22
1310.62	6268
1312.85	6243.11
1315.08	6249.78
1317.31	6240.44
1319.54	6223.33
1321.77	6251.78
1324	6267.78
1326.23	6279.56
1328.46	6242.67
1330.68	6288.44
1332.91	6292.67
1335.13	6280.89
1337.36	6267.56
1339.58	6258.67
1341.81	6240.67
1344.03	6238.89
1346.25	6292.89
1348.47	6251.11
1350.69	6251.56
1352.91	6293.56
1355.13	6232.67
1357.35	6265.11
1359.57	6263.56
1361.78	6260.44
1364	6267.33
1366.22	6276.22
1368.43	6242.22
1370.65	6228.67
1372.86	6232
1375.07	6248.67
1377.28	6259.56
1379.5	6264.44
1381.71	6260.89
1383.92	6248.22
1386.12	6221.33
1388.33	6191.11
1390.54	6238.22
1392.75	6184.22
1394.96	6233.78
1397.16	6197.56
1399.37	6200
1401.57	6176.67
1403.78	6197.56
1405.98	6218.22
1408.18	6160.44
1410.38	6164.44
1412.58	6190.67
1414.78	6184.44
1416.98	6176
1419.18	6160.67
1421.38	6178
1423.58	6208
1425.78	6191.56
1427.97	6183.56
1430.17	6200.89
1432.36	6184.44
1434.56	6263.33
1436.75	6276.44
1438.94	6266.22
1441.13	6338.22
1443.33	6319.11
1445.52	6327.33
1447.71	6340.67
1449.9	6387.11
1452.09	6344.44
1454.27	6333.33
1456.46	6385.33
1458.65	6364.22
1460.83	6345.78
1463.02	6283.56
1465.2	6282.67
1467.39	6282.22
1469.57	6260.67
1471.75	6224
1473.94	6245.56
1476.12	6186.89
1478.3	6223.56
1480.48	6208.67
1482.66	6211.56
1484.84	6234
1487.01	6190.22
1489.19	6209.78
1491.37	6178.22
1493.54	6109.11
1495.72	6166.89
1497.89	6143.56
1500.07	6138.22
1502.24	6106.67
1504.41	6123.33
1506.58	6082
1508.75	6068.89
1510.93	6083.78
1513.1	6097.56
1515.26	6081.33
1517.43	6019.11
1519.6	6047.56
1521.77	6055.11
1523.93	6044.89
1526.1	6068.44
1528.26	6040
1530.43	6076.22
1532.59	6053.11
1534.76	6038
1536.92	6069.56
1539.08	6043.11
1541.24	6048.89
1543.4	5998.89
1545.56	6091.11
1547.72	6041.56
1549.88	6056
1552.04	6022.67
1554.19	6050
1556.35	6012.44
1558.51	6048
1560.66	5988
1562.81	6013.33
1564.97	5988
1567.12	6022.89
1569.27	6016.22
1571.43	6000.67
1573.58	6026.67
1575.73	6004.89
1577.88	6038
1580.02	6046.44
1582.17	6012.22
1584.32	5979.11
1586.47	6047.33
1588.61	6010.89
1590.76	5994.44
1592.91	5977.11
1595.05	6003.56
1597.19	5955.11
1599.34	5976.67
1601.48	5968.67
1603.62	5991.56
1605.76	5958.22
1607.9	5926
1610.04	5969.56
1612.18	5966.22
1614.32	5946.22
1616.46	5905.11
1618.59	5898.44
1620.73	5920
1622.87	5915.33
1625	5859.78
1627.14	5914
1629.27	5891.78
1631.4	5872.67
1633.54	5889.78
1635.67	5861.11
1637.8	5870.67
1639.93	5881.56
1642.06	5833.33
1644.19	5882.44
1646.32	5864.89
1648.44	5802.44
1650.57	5856.67
1652.7	5820.89
1654.82	5806.89
1656.95	5790.89
1659.07	5825.56
1661.2	5792.22
1663.32	5814.67
1665.44	5814.67
1667.57	5799.56
1669.69	5842.44
1671.81	5817.56
1673.93	5809.11
1676.05	5805.78
1678.17	5848.89
1680.28	5818.44
1682.4	5820.44
1684.52	5794.44
1686.64	5833.56
1688.75	5810.89
1690.87	5815.11
1692.98	5800
1695.09	5777.56
1697.21	5799.33
1699.32	5795.11
1701.43	5788.44
1703.54	5797.78
1705.65	5792.44
1707.76	5814.44
1709.87	5768.22
1711.98	5748.67
1714.09	5803.33
1716.19	5733.56
1718.3	5742.67
1720.41	5737.33
1722.51	5755.33
1724.62	5730.89
1726.72	5697.33
1728.82	5689.33
1730.93	5716.89
1733.03	5637.78
1735.13	5673.11
1737.23	5635.78
1739.33	5628.89
1741.43	5671.56
1743.53	5654.22
1745.63	5644.89
1747.72	5649.33
1749.82	5659.33
1751.92	5627.78
1754.01	5609.33
1756.11	5584.67
1758.2	5615.33
1760.29	5586
1762.39	5610.22
1764.48	5606.67
1766.57	5574.22
1768.66	5586
1770.75	5596.89
1772.84	5564.44
1774.93	5578.89
1777.02	5549.11
1779.11	5583.78
1781.2	5590.44
1783.28	5548.89
1785.37	5543.56
1787.45	5546
1789.54	5552.44
1791.62	5512.22
1793.71	5554.22
1795.79	5576.44
1797.87	5575.78
1799.95	5534.22
1802.03	5541.56
1804.11	5538.89
1806.19	5517.11
1808.27	5530.89
1810.35	5503.78
1812.43	5494.22
1814.51	5534.22
1816.58	5474
1818.66	5466.67
1820.73	5498
1822.81	5457.33
1824.88	5447.56
1826.95	5470.44
1829.03	5447.78
1831.1	5457.11
1833.17	5428.22
1835.24	5451.11
1837.31	5415.33
1839.38	5412.67
1841.45	5434.22
1843.52	5410.89
1845.59	5379.33
1847.65	5368.44
1849.72	5335.33
1851.78	5367.78
1853.85	5325.11
1855.91	5376.89
1857.98	5384.44
1860.04	5308.22
1862.1	5325.56
1864.17	5314.67
1866.23	5304
1868.29	5317.11
1870.35	5304.89
1872.41	5324
1874.47	5283.11
1876.53	5280.22
1878.58	5304
1880.64	5263.33
1882.7	5258.89
1884.75	5298.22
1886.81	5273.11
1888.86	5274.44
1890.92	5257.78
1892.97	5323.56
1895.02	5255.33
1897.07	5254
1899.12	5236.89
1901.17	5265.56
1903.23	5238.67
1905.27	5269.11
1907.32	5248.67
1909.37	5217.11
1911.42	5234.89
1913.47	5232.67
1915.51	5219.56
1917.56	5210.22
1919.6	5190.67
1921.65	5199.33
1923.69	5175.78
1925.74	5183.78
1927.78	5184.67
1929.82	5189.11
1931.86	5177.33
1933.9	5143.33
1935.94	5133.11
1937.98	5112.67
1940.02	5115.11
1942.06	5112.89
1944.1	5087.56
1946.14	5088
1948.17	5062.89
1950.21	5058
1952.24	5071.33
1954.28	5078.44
1956.31	5017.11
1958.35	4996.44
1960.38	5018.44
1962.41	5008.89
1964.44	5040.22
1966.47	4986.89
1968.5	4968.67
1970.53	5001.33
1972.56	4981.78
1974.59	4946.67
1976.62	4958.44
1978.65	4946.67
1980.67	4938
1982.7	4943.78
1984.73	4936.44
1986.75	4930.67
1988.78	4952.22
1990.8	4901.56
1992.82	4914.44
1994.85	4905.33
1996.87	4900.67
1998.89	4902.89
2000.91	4905.78
2002.93	4886.44
2004.95	4885.78
2006.97	4854
2008.99	4918.67
2011	4890
2013.02	4878
2015.04	4904
2017.05	4880.22
2019.07	4884
2021.08	4857.56
2023.1	4881.11
2025.11	4878.89
2027.12	4892
2029.14	4857.11
2031.15	4838.22
2033.16	4825.11
2035.17	4823.78
2037.18	4882
2039.19	4827.11
2041.2	4841.11
2043.2	4841.78
2045.21	4798.22
2047.22	4805.11
2049.22	4784.22
2051.23	4762.22
2053.24	4806
2055.24	4770.44
2057.24	4783.78
2059.25	4734
2061.25	4748.89
2063.25	4742.44
2065.25	4714.44
2067.25	4718.22
2069.25	4716.44
2071.25	4732.44
2073.25	4691.33
2075.25	4672
2077.25	4684.67
2079.25	4687.56
2081.24	4657.56
2083.24	4657.11
2085.23	4621.11
2087.23	4656.67
2089.22	4637.78
2091.22	4644.67
2093.21	4621.56
2095.2	4624.89
2097.19	4595.33
2099.19	4618.89
2101.18	4563.56
2103.17	4604
2105.16	4555.33
2107.14	4582.89
2109.13	4574.89
2111.12	4555.56
2113.11	4559.33
2115.09	4573.33
2117.08	4547.33
2119.06	4536
2121.05	4531.78
2123.03	4520.89
2125.02	4515.56
2127	4491.56
2128.98	4530.44
2130.96	4471.56
2132.95	4506.22
2134.93	4466
2136.91	4472.22
2138.89	4478
2140.87	4452.22
2142.84	4455.78
2144.82	4447.33
2146.8	4442.22
2148.77	4452.22
2150.75	4440
2152.73	4437.11
2154.7	4386.67
2156.68	4391.33
2158.65	4395.33
2160.62	4380.44
2162.59	4382
2164.57	4366.22
2166.54	4379.11
2168.51	4351.78
2170.48	4347.33
2172.45	4354
2174.42	4321.33
2176.38	4326.22
2178.35	4310.44
2180.32	4334.22
2182.29	4287.33
2184.25	4276.22
2186.22	4266
2188.18	4266
2190.15	4257.33
2192.11	4257.33
2194.07	4235.33
2196.03	4244
2198	4200.44
2199.96	4208.89
2201.92	4209.11
2203.88	4197.78
2205.84	4178.89
2207.8	4187.78
2209.76	4182
2211.71	4169.56
2213.67	4189.56
2215.63	4168
2217.58	4139.78
2219.54	4128.89
2221.49	4149.78
2223.45	4149.11
2225.4	4130.22
2227.36	4129.78
2229.31	4097.56
2231.26	4119.56
2233.21	4140.89
2235.16	4102
2237.11	4105.78
2239.06	4089.56
2241.01	4070.44
2242.96	4058.44
2244.91	4079.56
2246.86	4059.56
2248.8	4047.78
2250.75	4039.56
2252.69	4029.78
2254.64	4030
2256.58	4024.44
2258.53	4004
2260.47	4012.89
2262.41	3989.11
2264.36	4006.44
2266.3	3964.44
2268.24	3992
2270.18	3950.89
2272.12	3972.89
2274.06	3926.89
2276	3938.89
2277.94	3940.22
2279.87	3895.56
2281.81	3923.11
2283.75	3882.89
2285.68	3926
2287.62	3904
2289.55	3870.44
2291.49	3874
2293.42	3845.11
2295.35	3870.67
2297.29	3861.33
2299.22	3836.22
2301.15	3838.22
2303.08	3806.67
2305.01	3793.11
2306.94	3811.33
2308.87	3801.56
2310.8	3784
2312.73	3826.89
2314.65	3812.67
2316.58	3809.11
2318.51	3782
2320.43	3780.22
2322.36	3766.89
2324.28	3750.44
2326.21	3758.67
2328.13	3728.44
2330.05	3717.56
2331.98	3733.11
2333.9	3713.78
2335.82	3724.89
2337.74	3722
2339.66	3689.78
2341.58	3666.89
2343.5	3702.22
2345.42	3678.22
2347.33	3658
2349.25	3672
2351.17	3672.22
2353.08	3649.11
2355	3642.22
2356.92	3636.67
2358.83	3644.89
2360.74	3626.44
2362.66	3592.22
2364.57	3598.89
2366.48	3640.67
2368.39	3606.44
2370.31	3559.56
2372.22	3581.11
2374.13	3564.89
2376.04	3541.33
2377.94	3558.44
2379.85	3535.33
2381.76	3521.33
2383.67	3523.33
2385.57	3525.56
2387.48	3507.11
2389.39	3503.78
2391.29	3503.56
2393.2	3516.22
2395.1	3507.33
2397	3482
2398.91	3464.67
2400.81	3469.33
2402.71	3440.89
2404.61	3446.89
2406.51	3438.89
2408.41	3433.33
2410.31	3428
2412.21	3424
2414.11	3427.56
2416.01	3453.33
2417.9	3430.67
2419.8	3414.22
2421.69	3378.89
2423.59	3392
2425.49	3406.22
2427.38	3399.33
2429.27	3378.22
2431.17	3368
2433.06	3375.56
2434.95	3355.78
2436.84	3373.11
2438.73	3372.67
2440.63	3360.44
2442.52	3360.89
2444.41	3361.56
2446.29	3349.11
2448.18	3348.89
2450.07	3318.67
2451.96	3342.67
2453.84	3344.67
