187.964	85.5556
190.563	75.7778
193.16	72.4444
195.757	75.3333
198.354	65.3333
200.948	64
203.543	66
206.136	62.2222
208.729	60.8889
211.321	58.6667
213.912	54.8889
216.502	57.3333
219.09	52.8889
221.679	52.8889
224.266	52.2222
226.853	52.2222
229.438	52.8889
232.023	48.4444
234.607	52
237.19	50.2222
239.772	47.7778
242.352	50.8889
244.934	50.4444
247.512	46.4444
250.092	48.2222
252.669	50.4444
255.247	48
257.822	47.3333
260.397	44.2222
262.972	46.2222
265.545	44.6667
268.117	44.6667
270.69	47.7778
273.26	44.8889
275.829	43.1111
278.4	44.8889
280.967	44.4444
283.534	44.4444
286.102	44
288.667	48
291.231	47.1111
293.795	51.3333
296.359	54
298.921	56
301.482	56.8889
304.042	63.1111
306.603	62.8889
309.161	64.6667
311.719	65.3333
314.276	63.3333
316.832	66.6667
319.388	66.2222
321.942	67.5556
324.496	62.4444
327.048	66
329.6	65.7778
332.151	67.1111
334.701	62.8889
337.252	59.1111
339.8	56.2222
342.347	49.7778
344.894	48.2222
347.44	46.8889
349.985	45.5556
352.529	46.6667
355.072	48.2222
357.615	44.8889
360.156	49.1111
362.697	55.1111
365.237	62.2222
367.776	79.5556
370.315	91.7778
372.852	87.3333
375.389	76.4444
377.925	57.7778
380.46	54.2222
382.994	49.7778
385.527	48
388.059	50.2222
390.591	45.1111
393.122	51.1111
395.65	55.1111
398.18	60.6667
400.708	68.2222
403.235	68.4444
405.762	67.5556
408.288	54.6667
410.813	52
413.335	48.8889
415.859	46.4444
418.381	46
420.903	43.3333
423.424	40.6667
425.942	43.7778
428.462	41.1111
430.98	40.8889
433.498	39.3333
436.013	40
438.529	40.4444
441.044	42.8889
443.558	41.3333
446.07	43.5556
448.583	45.1111
451.095	47.1111
453.604	48.2222
456.114	47.1111
458.624	46.8889
461.131	45.5556
463.638	42.4444
466.145	39.3333
468.65	40.8889
471.155	42.8889
473.659	40.8889
476.162	39.3333
478.664	39.5556
481.165	38.6667
483.666	43.1111
486.165	42.2222
488.664	42
491.162	40.4444
493.66	39.3333
496.155	41.3333
498.651	35.7778
501.145	36.8889
503.64	35.3333
506.132	41.7778
508.625	38.2222
511.116	37.7778
513.608	37.7778
516.097	35.7778
518.586	38.8889
521.074	36.6667
523.562	41.1111
526.048	36.4444
528.533	37.7778
531.019	36.8889
533.502	36.8889
535.985	36.6667
538.468	38.6667
540.949	37.7778
543.43	35.7778
545.91	36.6667
548.389	38
550.867	37.5556
553.345	38.6667
555.821	33.1111
558.297	37.3333
560.771	38.2222
563.247	36.2222
565.72	38.4444
568.192	39.7778
570.663	39.1111
573.135	38.8889
575.605	40.6667
578.074	40.4444
580.542	41.5556
583.01	45.3333
585.478	44.2222
587.943	48.2222
590.408	52.2222
592.873	52
595.336	61.7778
597.799	71.3333
600.26	90.4445
602.721	125.333
605.183	170.667
607.643	196
610.101	177.556
612.559	144.667
615.016	99.5556
617.472	76.2222
619.928	65.1111
622.382	59.7778
624.836	52.6667
627.289	49.1111
629.741	47.1111
632.193	46.6667
634.644	42.8889
637.093	40.2222
639.543	41.1111
641.991	42.4444
644.438	38.2222
646.885	41.1111
649.33	40.2222
651.775	40.4444
654.219	39.5556
656.663	39.7778
659.105	40
661.547	39.7778
663.989	39.7778
666.429	39.3333
668.867	40.2222
671.306	39.7778
673.744	40.6667
676.181	40
678.618	39.7778
681.052	40.6667
683.487	44.4444
685.921	41.1111
688.355	39.5556
690.786	39.7778
693.218	40.8889
695.649	40.2222
698.079	40.2222
700.507	39.3333
702.935	40.6667
705.363	41.7778
707.789	40.2222
710.215	35.1111
712.641	40
715.064	39.7778
717.488	42.8889
719.91	41.1111
722.333	42.2222
724.754	44.6667
727.174	43.3333
729.594	44.4444
732.012	48
734.43	45.5556
736.848	45.1111
739.263	46.2222
741.68	49.3333
744.094	45.5556
746.508	49.5556
748.921	48.6667
751.334	48.4444
753.745	48
756.157	48.2222
758.566	48.8889
760.975	46.8889
763.384	44.6667
765.791	42.8889
768.199	46.4444
770.604	44.6667
773.01	44.8889
775.414	45.3333
777.818	46.6667
780.221	46.6667
782.623	47.7778
785.024	49.5556
787.426	47.7778
789.825	50.8889
792.224	51.5556
794.623	54.2222
797.02	54.6667
799.416	59.7778
801.812	62.4444
804.208	62
806.602	66.2222
808.996	74.4444
811.388	75.5556
813.781	74.2222
816.172	74.4444
818.562	79.3333
820.952	86
823.341	91.5556
825.73	90
828.117	79.1111
830.503	72.6667
832.889	62
835.274	62.2222
837.658	61.3333
840.042	61.1111
842.424	63.3333
844.807	64
847.188	68.6667
849.569	72.4444
851.948	69.7778
854.327	64.6667
856.705	62.6667
859.083	62.2222
861.459	68.2222
863.835	78.6667
866.21	88.6667
868.584	100.889
870.958	98
873.331	85.1111
875.703	70.2222
878.074	64
880.445	66.4444
882.814	63.1111
885.182	70.4444
887.55	88.4444
889.918	102.444
892.284	104.667
894.651	106.667
897.016	102.444
899.38	96.8889
901.744	88.4444
904.106	76.6667
906.468	70.8889
908.829	63.3333
911.19	59.5556
913.55	54.6667
915.908	52.8889
918.267	51.5556
920.624	48.2222
922.982	48.6667
925.336	50
927.692	47.5556
930.047	47.5556
932.399	51.1111
934.753	49.7778
937.105	49.7778
939.456	46.4444
941.807	52.4444
944.157	52.8889
946.505	53.7778
948.854	56.4444
951.202	54.2222
953.548	59.1111
955.895	57.5556
958.24	56.8889
960.585	61.5556
962.929	59.7778
965.271	61.1111
967.614	69.5556
969.955	74.8889
972.296	85.1111
974.636	105.111
976.976	141.333
979.314	210.667
981.652	308.667
983.989	398.667
986.326	429.778
988.66	915.111
990.995	2610.44
993.329	3654.44
995.662	2348.44
997.995	917.111
1000.33	428.222
1002.66	260
1004.99	175.333
1007.32	141.778
1009.65	115.333
1011.97	95.3333
1014.3	84.4444
1016.63	78.2222
1018.95	70.2222
1021.28	71.5556
1023.6	67.5556
1025.93	68
1028.25	66.2222
1030.57	72.4444
1032.89	76.8889
1035.21	90.6667
1037.53	101.111
1039.85	100.667
1042.17	91.5556
1044.49	86.4444
1046.81	71.5556
1049.12	72.8889
1051.44	69.7778
1053.75	72.2222
1056.07	72.6667
1058.38	74.4444
1060.69	74.4444
1063	79.7778
1065.31	83.3333
1067.62	77.3333
1069.93	77.5555
1072.24	78
1074.55	81.3333
1076.86	84.8889
1079.16	91.7778
1081.47	90.2222
1083.77	85.7778
1086.08	76.4444
1088.38	74.4444
1090.69	71.5556
1092.99	62.6667
1095.29	63.3333
1097.59	63.7778
1099.89	58
1102.19	60.6667
1104.49	55.1111
1106.78	57.1111
1109.08	57.3333
1111.38	54.4444
1113.67	55.5556
1115.97	58.4444
1118.26	57.7778
1120.55	57.1111
1122.85	59.3333
1125.14	63.5556
1127.43	63.1111
1129.72	70.8889
1132.01	74.2222
1134.3	78.6667
1136.59	84.2222
1138.87	93.5556
1141.16	98.2222
1143.45	98.2222
1145.73	86.2222
1148.02	81.3333
1150.3	78.6667
1152.59	81.1111
1154.87	83.1111
1157.15	85.3333
1159.43	92.4444
1161.71	98
1163.99	108
1166.27	120.222
1168.55	139.333
1170.82	162.667
1173.1	191.111
1175.38	218.444
1177.65	227.333
1179.93	208.667
1182.2	175.778
1184.47	144
1186.74	121.556
1189.02	107.111
1191.29	96.2222
1193.56	85.1111
1195.83	78
1198.09	77.3333
1200.36	74.4445
1202.63	67.7778
1204.9	67.5556
1207.16	67.3333
1209.43	64.2222
1211.69	67.1111
1213.95	63.3333
1216.22	65.3333
1218.48	67.7778
1220.74	66.8889
1223	65.1111
1225.26	59.3333
1227.52	63.7778
1229.78	63.5556
1232.04	61.7778
1234.29	59.1111
1236.55	59.7778
1238.81	63.7778
1241.06	62.8889
1243.32	62.4444
1245.57	62.2222
1247.82	60.2222
1250.08	63.3333
1252.33	64.6667
1254.58	62.6667
1256.83	66.2222
1259.08	62.2222
1261.32	62.2222
1263.57	60.8889
1265.82	64.8889
1268.07	65.5556
1270.31	65.7778
1272.56	65.5556
1274.8	69.3333
1277.05	66.4444
1279.29	72.6667
1281.53	74.6667
1283.77	75.3333
1286.01	79.1111
1288.25	76.6667
1290.49	83.1111
1292.73	83.5556
1294.97	90.2222
1297.21	97.3333
1299.44	107.778
1301.68	110.444
1303.92	113.778
1306.15	110.222
1308.38	97.3333
1310.62	90.2222
1312.85	86.6667
1315.08	84.4444
1317.31	85.3333
1319.54	74.4444
1321.77	71.7778
1324	69.5556
1326.23	68.8889
1328.46	69.5556
1330.68	67.3333
1332.91	64.6667
1335.13	68.2222
1337.36	70.4444
1339.58	69.1111
1341.81	71.5556
1344.03	70
1346.25	69.1111
1348.47	67.3333
1350.69	67.7778
1352.91	67.1111
1355.13	63.7778
1357.35	72.2222
1359.57	73.5556
1361.78	70.8889
1364	71.7778
1366.22	71.5556
1368.43	70
1370.65	69.1111
1372.86	67.3333
1375.07	68.6667
1377.28	71.1111
1379.5	64.2222
1381.71	72.2222
1383.92	71.5556
1386.12	67.5556
1388.33	69.1111
1390.54	66.2222
1392.75	68.6667
1394.96	69.1111
1397.16	68.6667
1399.37	71.3333
1401.57	72.8889
1403.78	76.4444
1405.98	76.6667
1408.18	77.7778
1410.38	72.2222
1412.58	74.6667
1414.78	74.6667
1416.98	75.7778
1419.18	79.3333
1421.38	86.2222
1423.58	85.3333
1425.78	91.7778
1427.97	97.7778
1430.17	113.111
1432.36	126.222
1434.56	135.778
1436.75	155.111
1438.94	159.333
1441.13	157.556
1443.33	163.333
1445.52	162.889
1447.71	163.556
1449.9	173.778
1452.09	172.667
1454.27	175.111
1456.46	170
1458.65	166.667
1460.83	158
1463.02	148.667
1465.2	136.667
1467.39	119.333
1469.57	112.444
1471.75	106.667
1473.94	97.1111
1476.12	97.5556
1478.3	92.6667
1480.48	90.8889
1482.66	90.2222
1484.84	85.3333
1487.01	84
1489.19	84
1491.37	78.6667
1493.54	77.7778
1495.72	78.2222
1497.89	76.6667
1500.07	76.4444
1502.24	73.1111
1504.41	75.3333
1506.58	69.5556
1508.75	66
1510.93	70.6667
1513.1	65.7778
1515.26	72.6667
1517.43	69.5555
1519.6	65.7778
1521.77	72
1523.93	68.6667
1526.1	68.8889
1528.26	74
1530.43	68.4444
1532.59	70.6667
1534.76	71.5556
1536.92	68.6667
1539.08	66.6667
1541.24	71.5556
1543.4	72.8889
1545.56	72
1547.72	76.6667
1549.88	76
1552.04	75.5556
1554.19	78.8889
1556.35	77.7778
1558.51	80.2222
1560.66	83.7778
1562.81	85.1111
1564.97	87.7778
1567.12	91.3333
1569.27	95.7778
1571.43	103.556
1573.58	107.333
1575.73	117.333
1577.88	129.333
1580.02	141.333
1582.17	157.778
1584.32	170.444
1586.47	188
1588.61	188.889
1590.76	174.667
1592.91	155.778
1595.05	135.778
1597.19	134
1599.34	129.556
1601.48	138.889
1603.62	147.111
1605.76	158.667
1607.9	156.667
1610.04	151.111
1612.18	136.667
1614.32	120.889
1616.46	111.333
1618.59	103.333
1620.73	98.6667
1622.87	92.6667
1625	92.8889
1627.14	84
1629.27	86.4444
1631.4	80
1633.54	83.3333
1635.67	79.3333
1637.8	73.1111
1639.93	82
1642.06	78.6667
1644.19	73.5556
1646.32	77.5556
1648.44	74.2222
1650.57	71.1111
1652.7	71.7778
1654.82	68.8889
1656.95	76.2222
1659.07	68.6667
1661.2	71.3333
1663.32	72.4444
1665.44	75.7778
1667.57	71.1111
1669.69	70.2222
1671.81	72.8889
1673.93	69.3333
1676.05	70.8889
1678.17	69.3333
1680.28	70.8889
1682.4	74
1684.52	73.3333
1686.64	72.2222
1688.75	70.4444
1690.87	72.8889
1692.98	73.5556
1695.09	76.8889
1697.21	72.6667
1699.32	73.1111
1701.43	74.8889
1703.54	74.6667
1705.65	74.6667
1707.76	71.3333
1709.87	72.6667
1711.98	75.5556
1714.09	72
1716.19	71.7778
1718.3	72.8889
1720.41	71.5556
1722.51	71.5556
1724.62	74
1726.72	74.4444
1728.82	70.4444
1730.93	71.7778
1733.03	73.1111
1735.13	70.2222
1737.23	71.5556
1739.33	68.8889
1741.43	69.1111
1743.53	70.6667
1745.63	75.1111
1747.72	69.7778
1749.82	69.3333
1751.92	69.7778
1754.01	71.7778
1756.11	68.4444
1758.2	69.1111
1760.29	69.1111
1762.39	75.5555
1764.48	69.3333
1766.57	74
1768.66	68.2222
1770.75	72.2222
1772.84	73.5556
1774.93	73.1111
1777.02	71.1111
1779.11	69.7778
1781.2	70
1783.28	75.3333
1785.37	73.7778
1787.45	72.8889
1789.54	74.2222
1791.62	70
1793.71	69.5556
1795.79	76.2222
1797.87	75.3333
1799.95	74.6667
1802.03	72.2222
1804.11	74.2222
1806.19	73.5556
1808.27	71.1111
1810.35	76
1812.43	69.3333
1814.51	72.4444
1816.58	77.1111
1818.66	74.6667
1820.73	72.8889
1822.81	76.2222
1824.88	78.8889
1826.95	71.7778
1829.03	72.4444
1831.1	74.4444
1833.17	74.8889
1835.24	71.7778
1837.31	70.8889
1839.38	75.3333
1841.45	74.4444
1843.52	77.3333
1845.59	73.7778
1847.65	73.3333
1849.72	76.4444
1851.78	74.6667
1853.85	72.4444
1855.91	77.7778
1857.98	75.3333
1860.04	74.4444
1862.1	73.1111
1864.17	78.2222
1866.23	78.2222
1868.29	76.2222
1870.35	75.1111
1872.41	71.1111
1874.47	70.2222
1876.53	74.2222
1878.58	79.7778
1880.64	78
1882.7	74.2222
1884.75	74.8889
1886.81	79.7778
1888.86	78
1890.92	76.2222
1892.97	79.5556
1895.02	82.4444
1897.07	73.5556
1899.12	80
1901.17	79.3333
1903.23	75.5556
1905.27	82.2222
1907.32	79.1111
1909.37	81.3333
1911.42	78.6667
1913.47	82
1915.51	77.1111
1917.56	79.5556
1919.6	83.3333
1921.65	81.7778
1923.69	76.4444
1925.74	82.4444
1927.78	80.2222
1929.82	77.7778
1931.86	81.1111
1933.9	82.6667
1935.94	81.5556
1937.98	76.8889
1940.02	81.5556
1942.06	83.3333
1944.1	76.6667
1946.14	83.1111
1948.17	81.3333
1950.21	80
1952.24	81.1111
1954.28	77.1111
1956.31	78.8889
1958.35	82.2222
1960.38	82.6667
1962.41	80
1964.44	84.4444
1966.47	78.8889
1968.5	80.8889
1970.53	82.8889
1972.56	81.7778
1974.59	81.5556
1976.62	79.5556
1978.65	82.4444
1980.67	82
1982.7	80.8889
1984.73	81.1111
1986.75	84
1988.78	84
1990.8	77.5556
1992.82	84
1994.85	82.2222
1996.87	82.4444
1998.89	81.3333
2000.91	81.7778
2002.93	85.3333
2004.95	80.6667
2006.97	80.4444
2008.99	80.2222
2011	84.2222
2013.02	80.2222
2015.04	85.3333
2017.05	85.1111
2019.07	82.8889
2021.08	85.7778
2023.1	82.8889
2025.11	81.7778
2027.12	83.7778
2029.14	83.1111
2031.15	81.7778
2033.16	86.4444
2035.17	83.1111
2037.18	82.4444
2039.19	82.8889
2041.2	86.6667
2043.2	82
2045.21	82
2047.22	86.8889
2049.22	83.3333
2051.23	84.8889
2053.24	82.8889
2055.24	89.5556
2057.24	83.5556
2059.25	85.3333
2061.25	85.5555
2063.25	84.8889
2065.25	82.8889
2067.25	84.6667
2069.25	86.6667
2071.25	88.6667
2073.25	86.2222
2075.25	86.6667
2077.25	86.6667
2079.25	84.4444
2081.24	86.6667
2083.24	88.6667
2085.23	86.2222
2087.23	87.7778
2089.22	85.1111
2091.22	83.5556
2093.21	82.8889
2095.2	83.5556
2097.19	80.4444
2099.19	88.8889
2101.18	85.1111
2103.17	84
2105.16	86.8889
2107.14	85.7778
2109.13	84.8889
2111.12	87.1111
2113.11	88
2115.09	83.5556
2117.08	84.4444
2119.06	85.7778
2121.05	85.7778
2123.03	86.6667
2125.02	85.7778
2127	88.8889
2128.98	91.7778
2130.96	87.7778
2132.95	89.1111
2134.93	89.3333
2136.91	86.6667
2138.89	82.2222
2140.87	86.6667
2142.84	89.3333
2144.82	92.4444
2146.8	93.1111
2148.77	92
2150.75	92.6667
2152.73	89.3333
2154.7	92.2222
2156.68	85.7778
2158.65	90
2160.62	89.1111
2162.59	88
2164.57	90.8889
2166.54	92.4445
2168.51	86.8889
2170.48	94.8889
2172.45	89.7778
2174.42	92.8889
2176.38	88.8889
2178.35	86.6667
2180.32	91.5556
2182.29	89.5556
2184.25	96.2222
2186.22	92.4444
2188.18	92.2222
2190.15	94.2222
2192.11	92.4444
2194.07	94.8889
2196.03	91.3333
2198	92.2222
2199.96	91.3333
2201.92	90.6667
2203.88	96.4444
2205.84	91.1111
2207.8	92.6667
2209.76	92.2222
2211.71	93.3333
2213.67	89.7778
2215.63	93.7778
2217.58	91.3333
2219.54	90.6667
2221.49	90.2222
2223.45	91.1111
2225.4	92.6667
2227.36	92.4444
2229.31	91.1111
2231.26	94.4444
2233.21	94.8889
2235.16	92.6667
2237.11	93.3333
2239.06	87.5556
2241.01	90.4445
2242.96	90
2244.91	93.3333
2246.86	89.1111
2248.8	92.4445
2250.75	89.7778
2252.69	93.1111
2254.64	95.3333
2256.58	93.7778
2258.53	94.6667
2260.47	90.8889
2262.41	94.2222
2264.36	94.8889
2266.3	92.6667
2268.24	93.5556
2270.18	94.2222
2272.12	92.4444
2274.06	91.1111
2276	92
2277.94	96.8889
2279.87	94.2222
2281.81	93.1111
2283.75	89.1111
2285.68	93.1111
2287.62	93.5556
2289.55	92.8889
2291.49	98.2222
2293.42	97.7778
2295.35	100.667
2297.29	96.4444
2299.22	94.8889
2301.15	92.2222
2303.08	94.2222
2305.01	90.6667
2306.94	95.7778
2308.87	92.8889
2310.8	96.6667
2312.73	93.7778
2314.65	94
2316.58	91.3333
2318.51	89.5556
2320.43	96.8889
2322.36	95.3333
2324.28	92.2222
2326.21	95.3333
2328.13	95.5556
2330.05	91.3333
2331.98	96
2333.9	94.2222
2335.82	96
2337.74	95.7778
2339.66	96.6667
2341.58	93.5556
2343.5	93.5556
2345.42	95.1111
2347.33	96.6667
2349.25	98.6667
2351.17	97.7778
2353.08	101.333
2355	94.4445
2356.92	95.7778
2358.83	98.6667
2360.74	93.7778
2362.66	94
2364.57	94.6667
2366.48	99.3333
2368.39	93.5556
2370.31	95.1111
2372.22	97.1111
2374.13	95.5556
2376.04	94.6667
2377.94	93.7778
2379.85	94.4444
2381.76	96.4444
2383.67	92.8889
2385.57	98
2387.48	93.7778
2389.39	95.7778
2391.29	96.2222
2393.2	96
2395.1	96
2397	95.7778
2398.91	97.1111
2400.81	91.3333
2402.71	99.1111
2404.61	93.7778
2406.51	92.4444
2408.41	96.2222
2410.31	100.667
2412.21	99.1111
2414.11	98.4444
2416.01	99.7778
2417.9	93.5556
2419.8	92.2222
2421.69	95.1111
2423.59	98.2222
2425.49	96.8889
2427.38	97.5556
2429.27	97.3333
2431.17	96
2433.06	103.111
2434.95	98
2436.84	97.1111
2438.73	98.8889
2440.63	99.7778
2442.52	100.444
2444.41	96.4444
2446.29	101.556
2448.18	100
2450.07	101.778
2451.96	104
2453.84	108
