187.964	83.1111
190.563	80
193.16	74.6667
195.757	72.6667
198.354	68
200.948	66.6667
203.543	64.2222
206.136	60.8889
208.729	56.4444
211.321	59.5556
213.912	54.4444
216.502	56.8889
219.09	53.7778
221.679	52
224.266	51.1111
226.853	53.7778
229.438	53.3333
232.023	48.4444
234.607	52
237.19	48
239.772	50
242.352	48
244.934	46.2222
247.512	47.1111
250.092	41.5556
252.669	44.8889
255.247	45.1111
257.822	44.6667
260.397	40.8889
262.972	43.5556
265.545	44.2222
268.117	45.1111
270.69	42.4444
273.26	44
275.829	41.5556
278.4	43.3333
280.967	42.2222
283.534	46.6667
286.102	47.7778
288.667	47.1111
291.231	47.3333
293.795	51.1111
296.359	52.2222
298.921	58.4444
301.482	56
304.042	63.1111
306.603	60.2222
309.161	64.6667
311.719	65.1111
314.276	65.7778
316.832	63.5556
319.388	66.4444
321.942	66.4444
324.496	63.1111
327.048	65.5556
329.6	64
332.151	65.7778
334.701	66.8889
337.252	57.5556
339.8	55.7778
342.347	50.2222
344.894	51.5556
347.44	48.4444
349.985	45.5556
352.529	48
355.072	47.3333
357.615	47.7778
360.156	51.5556
362.697	56.2222
365.237	65.5556
367.776	79.5555
370.315	94.8889
372.852	90.8889
375.389	74
377.925	57.5556
380.46	54.8889
382.994	49.5556
385.527	47.5556
388.059	49.3333
390.591	49.7778
393.122	49.1111
395.65	56.4444
398.18	63.1111
400.708	67.5556
403.235	69.5556
405.762	67.7778
408.288	61.1111
410.813	54.4444
413.335	49.3333
415.859	46.6667
418.381	45.5556
420.903	39.3333
423.424	40.4444
425.942	41.5556
428.462	38.8889
430.98	39.5556
433.498	40.8889
436.013	40.6667
438.529	43.7778
441.044	41.5556
443.558	43.5556
446.07	42.4444
448.583	45.5556
451.095	50.4444
453.604	46.8889
456.114	49.5556
458.624	47.1111
461.131	44.8889
463.638	43.1111
466.145	41.1111
468.65	36
471.155	39.7778
473.659	38.8889
476.162	41.3333
478.664	39.3333
481.165	42.6667
483.666	41.1111
486.165	44.4444
488.664	45.1111
491.162	41.1111
493.66	39.3333
496.155	41.5556
498.651	37.5556
501.145	36
503.64	39.1111
506.132	37.7778
508.625	33.7778
511.116	37.7778
513.608	37.3333
516.097	38
518.586	37.7778
521.074	38.4444
523.562	38.2222
526.048	38.4444
528.533	34.6667
531.019	37.5556
533.502	35.3333
535.985	36.4444
538.468	36.6667
540.949	39.1111
543.43	37.5556
545.91	35.5556
548.389	36.8889
550.867	37.3333
553.345	36
555.821	36.8889
558.297	38.8889
560.771	39.3333
563.247	36.2222
565.72	38.2222
568.192	41.1111
570.663	41.7778
573.135	40.4444
575.605	40.8889
578.074	43.1111
580.542	41.7778
583.01	41.5556
585.478	48.2222
587.943	50.8889
590.408	49.5556
592.873	55.3333
595.336	64
597.799	75.7778
600.26	93.7778
602.721	133.111
605.183	174
607.643	204.444
610.101	191.333
612.559	139.556
615.016	100.667
617.472	77.5555
619.928	64.6667
622.382	61.3333
624.836	54.4444
627.289	47.3333
629.741	46.2222
632.193	45.3333
634.644	44.8889
637.093	42.6667
639.543	39.7778
641.991	42.4444
644.438	41.7778
646.885	41.3333
649.33	40.4444
651.775	38.2222
654.219	39.1111
656.663	36
659.105	41.1111
661.547	35.5556
663.989	36.6667
666.429	43.5556
668.867	39.7778
671.306	39.7778
673.744	41.1111
676.181	39.5556
678.618	38.6667
681.052	43.7778
683.487	39.5556
685.921	38.8889
688.355	40
690.786	38.4444
693.218	39.1111
695.649	37.5556
698.079	38.4444
700.507	38.2222
702.935	37.7778
705.363	38
707.789	39.5556
710.215	39.7778
712.641	40.6667
715.064	37.5556
717.488	40.6667
719.91	44.6667
722.333	42
724.754	42
727.174	44.4444
729.594	46.4444
732.012	47.3333
734.43	43.3333
736.848	43.1111
739.263	45.7778
741.68	48.2222
744.094	48.2222
746.508	50.2222
748.921	47.5556
751.334	46.2222
753.745	46
756.157	43.7778
758.566	50.2222
760.975	46.4444
763.384	48
765.791	42.6667
768.199	43.7778
770.604	46.8889
773.01	44.4444
775.414	47.1111
777.818	46.2222
780.221	44.4444
782.623	48.2222
785.024	51.3333
787.426	47.1111
789.825	50.4444
792.224	50.2222
794.623	55.5556
797.02	59.3333
799.416	62.2222
801.812	64.4444
804.208	61.1111
806.602	66.8889
808.996	78.2222
811.388	72.8889
813.781	75.7778
816.172	76
818.562	77.7778
820.952	90
823.341	92.6667
825.73	88.2222
828.117	81.7778
830.503	70.4444
832.889	66.4444
835.274	59.3333
837.658	60.6667
840.042	62.4444
842.424	63.3333
844.807	69.5555
847.188	69.7778
849.569	71.5556
851.948	66.2222
854.327	64.2222
856.705	68.2222
859.083	63.5556
861.459	74.2222
863.835	80.6667
866.21	92.4444
868.584	102.444
870.958	100
873.331	79.7778
875.703	71.7778
878.074	67.3333
880.445	59.1111
882.814	69.5556
885.182	75.3333
887.55	87.7778
889.918	103.556
892.284	111.556
894.651	99.1111
897.016	100.889
899.38	97.3333
901.744	90.2222
904.106	74
906.468	68.4444
908.829	62.6667
911.19	59.5556
913.55	56.8889
915.908	53.7778
918.267	47.1111
920.624	50.4444
922.982	48
925.336	50.6667
927.692	48.4444
930.047	45.5556
932.399	50.6667
934.753	49.5556
937.105	50
939.456	50.8889
941.807	54.4444
944.157	52.4444
946.505	57.3333
948.854	54.8889
951.202	57.3333
953.548	55.3333
955.895	57.1111
958.24	60.6667
960.585	60.4444
962.929	60.2222
965.271	66.6667
967.614	72
969.955	76.6667
972.296	86
974.636	109.111
976.976	153.556
979.314	221.778
981.652	318.889
983.989	399.333
986.326	431.778
988.66	975.556
990.995	2801.78
993.329	3708.22
995.662	2330.22
997.995	892.667
1000.33	426.889
1002.66	259.556
1004.99	176
1007.32	145.556
1009.65	114.222
1011.97	96.4444
1014.3	82.4444
1016.63	80
1018.95	72.4444
1021.28	67.5555
1023.6	68.8889
1025.93	68.6667
1028.25	68.8889
1030.57	73.3333
1032.89	81.3333
1035.21	91.1111
1037.53	101.556
1039.85	102.444
1042.17	97.3333
1044.49	85.5556
1046.81	77.5555
1049.12	72.4444
1051.44	67.5556
1053.75	70.4444
1056.07	71.5556
1058.38	75.1111
1060.69	76.6667
1063	82.6667
1065.31	82
1067.62	84.8889
1069.93	82.6667
1072.24	78
1074.55	80.2222
1076.86	86.4444
1079.16	92.4444
1081.47	90.6667
1083.77	87.3333
1086.08	84.6667
1088.38	74.6667
1090.69	68.2222
1092.99	65.3333
1095.29	62.2222
1097.59	61.5556
1099.89	59.3333
1102.19	56.6667
1104.49	59.5556
1106.78	55.1111
1109.08	58.2222
1111.38	55.3333
1113.67	56.8889
1115.97	59.5556
1118.26	59.3333
1120.55	56.4444
1122.85	64.2222
1125.14	64
1127.43	65.1111
1129.72	69.1111
1132.01	73.7778
1134.3	78.8889
1136.59	90.4444
1138.87	97.3333
1141.16	99.7778
1143.45	97.3333
1145.73	92.8889
1148.02	82.4445
1150.3	85.7778
1152.59	82.8889
1154.87	81.1111
1157.15	84.2222
1159.43	87.5556
1161.71	101.333
1163.99	112.889
1166.27	123.778
1168.55	141.556
1170.82	166.222
1173.1	199.111
1175.38	226.222
1177.65	233.778
1179.93	211.333
1182.2	180.222
1184.47	148.667
1186.74	123.111
1189.02	102.444
1191.29	94
1193.56	87.7778
1195.83	81.7778
1198.09	77.5556
1200.36	70.4444
1202.63	75.1111
1204.9	65.7778
1207.16	68.2222
1209.43	66.4444
1211.69	69.1111
1213.95	68.8889
1216.22	67.7778
1218.48	66
1220.74	64.2222
1223	58.6667
1225.26	65.5556
1227.52	61.1111
1229.78	63.3333
1232.04	61.3333
1234.29	61.1111
1236.55	64.4445
1238.81	58.2222
1241.06	63.1111
1243.32	63.1111
1245.57	65.3333
1247.82	63.1111
1250.08	66.8889
1252.33	64.8889
1254.58	62.8889
1256.83	64.2222
1259.08	68
1261.32	63.1111
1263.57	62.6667
1265.82	65.1111
1268.07	66.8889
1270.31	69.1111
1272.56	66.8889
1274.8	70
1277.05	71.5556
1279.29	73.3333
1281.53	76.6667
1283.77	75.3333
1286.01	78.2222
1288.25	79.7778
1290.49	85.1111
1292.73	85.7778
1294.97	94.4444
1297.21	98
1299.44	107.111
1301.68	115.333
1303.92	115.778
1306.15	108.889
1308.38	104
1310.62	92
1312.85	84.6667
1315.08	83.5556
1317.31	78.6667
1319.54	75.5555
1321.77	77.1111
1324	71.5556
1326.23	68.6667
1328.46	66.2222
1330.68	69.5556
1332.91	71.7778
1335.13	72.2222
1337.36	67.7778
1339.58	69.3333
1341.81	69.1111
1344.03	71.3333
1346.25	68.6667
1348.47	72.4444
1350.69	68.8889
1352.91	70.4444
1355.13	68
1357.35	70
1359.57	72
1361.78	74.2222
1364	73.5556
1366.22	73.7778
1368.43	70.2222
1370.65	68.4444
1372.86	68.6667
1375.07	68.4444
1377.28	71.1111
1379.5	69.3333
1381.71	70.8889
1383.92	71.3333
1386.12	72.6667
1388.33	68.6667
1390.54	70.8889
1392.75	69.7778
1394.96	67.5556
1397.16	69.7778
1399.37	74.2222
1401.57	75.5556
1403.78	84
1405.98	81.7778
1408.18	80.2222
1410.38	77.1111
1412.58	75.7778
1414.78	75.5556
1416.98	78.6667
1419.18	84.4444
1421.38	81.5556
1423.58	87.5556
1425.78	97.1111
1427.97	104
1430.17	112.444
1432.36	125.556
1434.56	141.333
1436.75	153.778
1438.94	164.889
1441.13	156.889
1443.33	167.556
1445.52	170.667
1447.71	171.778
1449.9	170.889
1452.09	174.667
1454.27	177.556
1456.46	173.778
1458.65	168
1460.83	154.222
1463.02	147.556
1465.2	136.667
1467.39	125.111
1469.57	115.333
1471.75	104.889
1473.94	101.778
1476.12	99.5556
1478.3	96.2222
1480.48	91.7778
1482.66	84.4444
1484.84	89.1111
1487.01	88.4444
1489.19	81.1111
1491.37	80.6667
1493.54	82
1495.72	77.3333
1497.89	80.2222
1500.07	79.3333
1502.24	77.1111
1504.41	73.1111
1506.58	74.4444
1508.75	73.5555
1510.93	70
1513.1	72.6667
1515.26	72.2222
1517.43	71.5556
1519.6	71.3333
1521.77	71.5556
1523.93	72.8889
1526.1	71.5556
1528.26	70.2222
1530.43	69.5555
1532.59	73.3333
1534.76	74
1536.92	75.5555
1539.08	74.2222
1541.24	70.4444
1543.4	72.6667
1545.56	74.2222
1547.72	72.8889
1549.88	77.7778
1552.04	80
1554.19	80.8889
1556.35	83.1111
1558.51	81.5555
1560.66	80.2222
1562.81	84.2222
1564.97	89.5556
1567.12	93.1111
1569.27	95.3333
1571.43	98
1573.58	109.333
1575.73	120.889
1577.88	130.667
1580.02	150
1582.17	159.333
1584.32	176.222
1586.47	192
1588.61	194.222
1590.76	176.222
1592.91	160.222
1595.05	143.556
1597.19	134.889
1599.34	134.667
1601.48	141.333
1603.62	154.444
1605.76	165.333
1607.9	160.889
1610.04	157.333
1612.18	138
1614.32	130
1616.46	112.889
1618.59	108.222
1620.73	99.5556
1622.87	100.444
1625	92
1627.14	88.8889
1629.27	86
1631.4	84.4444
1633.54	79.5556
1635.67	79.7778
1637.8	82.2222
1639.93	76.4444
1642.06	76.6667
1644.19	80.8889
1646.32	73.5556
1648.44	72.8889
1650.57	73.3333
1652.7	72.8889
1654.82	74
1656.95	71.5556
1659.07	74
1661.2	72.8889
1663.32	75.3333
1665.44	74.4444
1667.57	75.5556
1669.69	71.3333
1671.81	77.1111
1673.93	68.4444
1676.05	71.3333
1678.17	73.3333
1680.28	70.6667
1682.4	74.8889
1684.52	72
1686.64	77.1111
1688.75	75.3333
1690.87	75.3333
1692.98	73.1111
1695.09	77.3333
1697.21	78.6667
1699.32	72.2222
1701.43	74.2222
1703.54	76.8889
1705.65	74.8889
1707.76	74.2222
1709.87	76.2222
1711.98	73.5555
1714.09	73.5556
1716.19	76.8889
1718.3	70.4444
1720.41	74.6667
1722.51	70.4444
1724.62	74.8889
1726.72	74.2222
1728.82	74.6667
1730.93	74
1733.03	70.8889
1735.13	73.3333
1737.23	72.6667
1739.33	74.6667
1741.43	70.8889
1743.53	76.6667
1745.63	73.1111
1747.72	71.7778
1749.82	73.5556
1751.92	75.1111
1754.01	75.7778
1756.11	74.6667
1758.2	71.5556
1760.29	70.4444
1762.39	70.8889
1764.48	70.2222
1766.57	72
1768.66	72.6667
1770.75	72.4444
1772.84	75.1111
1774.93	71.3333
1777.02	76.2222
1779.11	74.8889
1781.2	75.3333
1783.28	74.2222
1785.37	76.8889
1787.45	74.6667
1789.54	71.1111
1791.62	71.5556
1793.71	74.8889
1795.79	75.3333
1797.87	74.6667
1799.95	75.3333
1802.03	75.3333
1804.11	77.1111
1806.19	78.2222
1808.27	73.7778
1810.35	75.3333
1812.43	73.7778
1814.51	74.4444
1816.58	77.1111
1818.66	75.5556
1820.73	78.4444
1822.81	79.5556
1824.88	70
1826.95	78
1829.03	75.3333
1831.1	76.6667
1833.17	77.1111
1835.24	72.8889
1837.31	75.3333
1839.38	75.7778
1841.45	77.1111
1843.52	75.3333
1845.59	74.6667
1847.65	77.5556
1849.72	75.1111
1851.78	80
1853.85	77.1111
1855.91	80.4444
1857.98	78.6667
1860.04	77.3333
1862.1	77.3333
1864.17	79.3333
1866.23	77.5556
1868.29	79.5556
1870.35	81.7778
1872.41	76.8889
1874.47	76.6667
1876.53	80.6667
1878.58	80.6667
1880.64	74
1882.7	75.1111
1884.75	81.1111
1886.81	79.5556
1888.86	80.6667
1890.92	79.1111
1892.97	81.1111
1895.02	82
1897.07	80.6667
1899.12	79.7778
1901.17	78.2222
1903.23	80.4444
1905.27	83.7778
1907.32	82.8889
1909.37	80.6667
1911.42	80.2222
1913.47	78.8889
1915.51	82
1917.56	77.7778
1919.6	82
1921.65	80.6667
1923.69	84.6667
1925.74	80.8889
1927.78	83.7778
1929.82	80.6667
1931.86	88
1933.9	85.7778
1935.94	84
1937.98	81.1111
1940.02	80.8889
1942.06	85.3333
1944.1	82.2222
1946.14	86
1948.17	82
1950.21	79.3333
1952.24	82.6667
1954.28	83.3333
1956.31	81.3333
1958.35	81.7778
1960.38	80.8889
1962.41	78.4444
1964.44	82.2222
1966.47	81.1111
1968.5	86.2222
1970.53	85.1111
1972.56	84.2222
1974.59	84
1976.62	79.3333
1978.65	83.3333
1980.67	84
1982.7	82.2222
1984.73	82.2222
1986.75	85.7778
1988.78	84.2222
1990.8	80.4444
1992.82	80
1994.85	84.4444
1996.87	84
1998.89	81.5556
2000.91	81.3333
2002.93	82.4444
2004.95	86.4444
2006.97	84.6667
2008.99	84.8889
2011	87.1111
2013.02	82.4444
2015.04	85.7778
2017.05	84.4444
2019.07	83.7778
2021.08	85.1111
2023.1	88.4444
2025.11	88.6667
2027.12	86.6667
2029.14	89.1111
2031.15	88.2222
2033.16	84.2222
2035.17	85.3333
2037.18	84.6667
2039.19	86.4444
2041.2	91.7778
2043.2	88.4444
2045.21	88.8889
2047.22	86.6667
2049.22	86.6667
2051.23	81.7778
2053.24	90.2222
2055.24	86.6667
2057.24	84.6667
2059.25	84.6667
2061.25	88.2222
2063.25	82.4444
2065.25	83.5556
2067.25	84
2069.25	88.4444
2071.25	89.5556
2073.25	89.5556
2075.25	87.5556
2077.25	87.3333
2079.25	87.5556
2081.24	82.6667
2083.24	87.5556
2085.23	89.3333
2087.23	88.6667
2089.22	90.8889
2091.22	86.2222
2093.21	91.1111
2095.2	87.3333
2097.19	85.1111
2099.19	83.3333
2101.18	89.3333
2103.17	88.4444
2105.16	90.2222
2107.14	88.4444
2109.13	91.3333
2111.12	90.6667
2113.11	90
2115.09	92.6667
2117.08	92.2222
2119.06	91.3333
2121.05	90.4444
2123.03	91.1111
2125.02	86.2222
2127	85.7778
2128.98	91.5556
2130.96	92
2132.95	92
2134.93	91.7778
2136.91	89.3333
2138.89	92
2140.87	88.8889
2142.84	83.7778
2144.82	91.1111
2146.8	92
2148.77	89.7778
2150.75	91.1111
2152.73	93.7778
2154.7	87.7778
2156.68	90.8889
2158.65	88.2222
2160.62	90.4444
2162.59	90.2222
2164.57	89.1111
2166.54	93.1111
2168.51	88.4444
2170.48	92.4444
2172.45	92.6667
2174.42	94
2176.38	92.8889
2178.35	95.1111
2180.32	94.4444
2182.29	92.4444
2184.25	92.6667
2186.22	93.5556
2188.18	94.2222
2190.15	96.6667
2192.11	95.3333
2194.07	94.6667
2196.03	92
2198	92.8889
2199.96	90
2201.92	93.5556
2203.88	94.6667
2205.84	93.1111
2207.8	93.1111
2209.76	90.4444
2211.71	97.7778
2213.67	93.5556
2215.63	96.4444
2217.58	102
2219.54	92.8889
2221.49	97.5556
2223.45	94
2225.4	91.5556
2227.36	92.6667
2229.31	93.5556
2231.26	93.3333
2233.21	94.6667
2235.16	95.7778
2237.11	95.5556
2239.06	94.2222
2241.01	91.3333
2242.96	97.3333
2244.91	94.6667
2246.86	93.1111
2248.8	93.7778
2250.75	96.4444
2252.69	96.4445
2254.64	94.4444
2256.58	99.1111
2258.53	95.1111
2260.47	94.4444
2262.41	96.2222
2264.36	96.2222
2266.3	94
2268.24	96.2222
2270.18	93.3333
2272.12	96.2222
2274.06	90
2276	100.222
2277.94	93.5556
2279.87	97.7778
2281.81	95.7778
2283.75	94.6667
2285.68	95.3333
2287.62	96
2289.55	96
2291.49	98.8889
2293.42	98
2295.35	97.7778
2297.29	98
2299.22	92.8889
2301.15	96
2303.08	94
2305.01	98.6667
2306.94	94.8889
2308.87	94
2310.8	94.2222
2312.73	98.2222
2314.65	97.5556
2316.58	97.5556
2318.51	97.3333
2320.43	96.4444
2322.36	98
2324.28	97.3333
2326.21	94.6667
2328.13	98.4444
2330.05	97.3333
2331.98	96.6667
2333.9	96.2222
2335.82	97.7778
2337.74	100.444
2339.66	95.7778
2341.58	96
2343.5	99.7778
2345.42	98.4444
2347.33	102.444
2349.25	97.5556
2351.17	97.7778
2353.08	94.6667
2355	96.6667
2356.92	99.1111
2358.83	102.222
2360.74	101.778
2362.66	96.8889
2364.57	97.1111
2366.48	97.7778
2368.39	99.5556
2370.31	98.2222
2372.22	101.111
2374.13	97.7778
2376.04	101.111
2377.94	94.2222
2379.85	103.111
2381.76	98
2383.67	96.4444
2385.57	101.778
2387.48	101.111
2389.39	97.1111
2391.29	96.6667
2393.2	96.8889
2395.1	96.2222
2397	99.5556
2398.91	99.5556
2400.81	97.1111
2402.71	100.667
2404.61	97.5556
2406.51	103.333
2408.41	97.3333
2410.31	96.8889
2412.21	94.8889
2414.11	92.8889
2416.01	99.3333
2417.9	96
2419.8	96.4444
2421.69	102
2423.59	105.556
2425.49	103.111
2427.38	102
2429.27	101.778
2431.17	99.7778
2433.06	101.111
2434.95	98
2436.84	100
2438.73	102.444
2440.63	101.333
2442.52	98.8889
2444.41	105.556
2446.29	102
2448.18	105.556
2450.07	104.667
2451.96	107.333
2453.84	112.667
