186.297	116.222
188.898	114
191.499	107.556
194.097	101.111
196.695	99.5556
199.293	95.3333
201.889	93.1111
204.485	86.2222
207.08	80.4444
209.673	80.6667
212.267	75.5556
214.859	74
217.45	71.7778
220.04	68.2222
222.631	66.4444
225.218	66.8889
227.807	62
230.394	61.3333
232.979	61.7778
235.565	60.2222
238.149	60.4444
240.733	53.1111
243.314	51.7778
245.897	54.8889
248.477	55.1111
251.057	58.2222
253.637	55.7778
256.215	50.4444
258.793	50.2222
261.368	48.2222
263.945	50
266.519	47.5556
269.093	45.3333
271.666	46.4444
274.237	47.3333
276.809	45.5556
279.379	47.3333
281.949	47.5556
284.518	47.1111
287.086	46.4444
289.653	47.1111
292.218	45.5556
294.784	47.3333
297.348	48
299.913	44.8889
302.475	45.3333
305.036	48.2222
307.598	48
310.157	48.8889
312.716	47.7778
315.276	48.4444
317.833	51.1111
320.389	50.2222
322.944	50
325.5	49.5556
328.054	55.5556
330.607	52.4444
333.159	55.1111
335.711	55.5556
338.262	56.2222
340.811	58
343.36	61.7778
345.909	64.6667
348.456	70
351.002	76.4444
353.547	78.6667
356.092	92.2222
358.637	96.6667
361.18	116.222
363.722	134.444
366.263	161.556
368.803	196.667
371.342	257.778
373.881	321.333
376.419	417.333
378.957	484.889
381.493	485.778
384.028	413.556
386.563	310.667
389.096	237.556
391.629	174
394.161	135.556
396.692	115.111
399.222	100
401.752	84.6667
404.28	79.5556
406.808	76.2222
409.335	66.6667
411.861	69.7778
414.386	63.7778
416.911	60.2222
419.434	56
421.957	55.7778
424.479	54
427	52.4444
429.52	51.1111
432.038	50
434.557	48.2222
437.075	44.6667
439.592	42.8889
442.108	47.3333
444.623	46.6667
447.138	44.4444
449.652	40.6667
452.163	41.1111
454.675	42.4444
457.186	41.1111
459.697	40.6667
462.206	39.3333
464.714	39.5556
467.222	38.6667
469.729	38.6667
472.235	38.2222
474.739	38.6667
477.244	38
479.748	39.1111
482.251	37.5556
484.752	36
487.253	38.2222
489.754	38
492.252	32.6667
494.751	36
497.249	34.6667
499.745	34.4444
502.241	36.2222
504.737	35.7778
507.231	34.8889
509.725	35.1111
512.218	34.4444
514.709	34.4444
517.201	33.7778
519.69	34.2222
522.18	36.8889
524.669	34
527.156	32
529.644	35.3333
532.129	34.4444
534.615	34.6667
537.099	36
539.583	36.6667
542.065	35.5556
544.548	34.4444
547.028	36
549.509	35.5556
551.988	34.8889
554.468	33.3333
556.945	34.8889
559.423	33.7778
561.899	33.7778
564.373	34.6667
566.849	32.8889
569.322	33.1111
571.796	31.3333
574.268	34.6667
576.739	34.8889
579.21	35.3333
581.679	33.1111
584.148	31.1111
586.617	32
589.084	32.8889
591.55	33.3333
594.016	34.4444
596.481	31.3333
598.944	30.6667
601.409	33.3333
603.871	34.4444
606.332	34
608.792	32.8889
611.253	34.6667
613.712	32.8889
616.17	33.5556
618.628	32.2222
621.084	32.6667
623.541	33.3333
625.996	34.6667
628.45	34.2222
630.903	33.3333
633.356	33.3333
635.807	33.1111
638.26	33.5556
640.71	33.1111
643.159	34.2222
645.608	36.4444
648.056	35.7778
650.503	33.1111
652.949	36.8889
655.394	33.1111
657.839	33.1111
660.282	34.2222
662.725	34
665.168	37.7778
667.61	36.4444
670.051	34.6667
672.491	35.7778
674.93	34.6667
677.368	33.5556
679.804	31.7778
682.241	37.3333
684.677	35.3333
687.112	35.1111
689.547	35.3333
691.98	36.6667
694.413	36.8889
696.845	37.5556
699.276	33.5556
701.707	37.1111
704.136	34
706.565	35.1111
708.992	34.2222
711.419	35.5556
713.846	32.8889
716.271	35.7778
718.696	38.4444
721.121	35.3333
723.543	37.1111
725.965	36.2222
728.387	36.6667
730.808	39.7778
733.227	40.4444
735.647	42
738.065	40
740.483	49.3333
742.899	51.7778
745.316	57.5556
747.731	58.8889
750.146	57.7778
752.559	56
754.972	51.7778
757.385	53.3333
759.795	49.1111
762.206	47.5556
764.616	43.3333
767.025	43.1111
769.433	41.5556
771.84	44.2222
774.247	38.2222
776.653	38.6667
779.058	36.4444
781.462	39.5556
783.865	35.7778
786.268	37.5556
788.669	40.8889
791.071	36.2222
793.471	36
795.871	37.5556
798.269	36.8889
800.668	38.8889
803.064	39.1111
805.462	36.8889
807.857	37.7778
810.252	37.7778
812.646	35.7778
815.04	37.3333
817.432	36.4444
819.823	36.2222
822.215	39.5556
824.604	38.8889
826.995	38.2222
829.383	34.6667
831.77	36.2222
834.158	36.8889
836.544	36.2222
838.929	39.5556
841.315	34
843.698	40.6667
846.081	38.2222
848.465	37.1111
850.846	36.2222
853.227	39.1111
855.606	37.5556
857.987	38.6667
860.365	37.3333
862.743	36.8889
865.119	36.8889
867.495	38.4444
869.872	38.8889
872.246	37.5556
874.62	38.6667
876.993	37.7778
879.365	40
881.738	38.8889
884.109	40.6667
886.479	39.5556
888.848	40.8889
891.217	42
893.584	41.5556
895.951	43.7778
898.317	44.4444
900.683	49.3333
903.048	52
905.412	57.5556
907.776	70.8889
910.139	80
912.5	98.4444
914.861	174.222
917.221	446.222
919.581	675.333
921.94	591.333
924.296	403.111
926.653	246.222
929.01	144.667
931.366	91.1111
933.721	67.5556
936.075	58
938.428	52.8889
940.781	47.1111
943.133	44
945.484	46
947.835	42.8889
950.183	44.4444
952.532	42.2222
954.88	41.5556
957.228	43.7778
959.575	39.7778
961.921	42.2222
964.265	41.7778
966.609	43.5556
968.953	41.1111
971.296	40.4444
973.637	42.4444
975.979	40.2222
978.32	41.7778
980.66	41.1111
982.998	41.7778
985.337	44.6667
987.675	40.6667
990.01	44.2222
992.347	40.8889
994.683	40
997.016	41.3333
999.35	41.5556
1001.68	38.4444
1004.02	42
1006.35	41.3333
1008.68	41.7778
1011.01	44
1013.34	40.6667
1015.67	42.2222
1017.99	48
1020.32	40.4444
1022.65	47.5556
1024.97	44.4444
1027.3	46.2222
1029.62	46.2222
1031.94	46.6667
1034.27	46
1036.59	49.3333
1038.91	51.7778
1041.23	48.8889
1043.55	49.1111
1045.87	50.2222
1048.19	49.5556
1050.5	46.8889
1052.82	48.6667
1055.14	47.3333
1057.45	48.4444
1059.77	47.1111
1062.08	49.1111
1064.39	45.7778
1066.7	46
1069.02	45.7778
1071.33	43.7778
1073.64	46
1075.95	44.6667
1078.25	44.2222
1080.56	43.3333
1082.87	44.2222
1085.17	47.5556
1087.48	44.6667
1089.79	45.3333
1092.09	44.6667
1094.39	42.4444
1096.69	43.3333
1099	46.6667
1101.3	48.8889
1103.6	46.6667
1105.9	44.6667
1108.2	47.5556
1110.49	47.3333
1112.79	49.5556
1115.09	48
1117.39	44.8889
1119.68	48.6667
1121.98	46
1124.27	46
1126.56	48.6667
1128.85	48
1131.15	46.6667
1133.44	46.8889
1135.73	46
1138.02	48
1140.3	45.5556
1142.59	45.1111
1144.88	47.1111
1147.17	46.4444
1149.45	48.2222
1151.74	49.5556
1154.02	51.5556
1156.31	48.8889
1158.59	47.5556
1160.87	49.7778
1163.15	50.2222
1165.43	49.7778
1167.71	50
1169.99	50.6667
1172.27	46.6667
1174.55	50.8889
1176.83	48.6667
1179.1	50.2222
1181.38	52.8889
1183.65	50.8889
1185.93	53.7778
1188.2	50.8889
1190.47	49.7778
1192.74	52.2222
1195.02	50.4444
1197.29	51.1111
1199.56	50.2222
1201.82	52
1204.09	51.5556
1206.36	52.4444
1208.63	50.4444
1210.89	50.2222
1213.16	51.7778
1215.42	53.3333
1217.69	49.5556
1219.95	50.6667
1222.21	52.2222
1224.48	53.1111
1226.74	50
1229	53.3333
1231.26	50.8889
1233.52	55.1111
1235.78	52.8889
1238.03	55.5556
1240.29	54.2222
1242.55	56
1244.8	52.8889
1247.06	52.6667
1249.31	54.8889
1251.56	56.6667
1253.82	55.3333
1256.07	55.1111
1258.32	54.4444
1260.57	54.8889
1262.82	56.2222
1265.07	55.7778
1267.32	54.2222
1269.57	56.6667
1271.81	55.3333
1274.06	57.1111
1276.3	57.7778
1278.55	54.6667
1280.79	61.3333
1283.04	58
1285.28	62.6667
1287.52	64.6667
1289.76	58.6667
1292	60.8889
1294.24	59.3333
1296.48	65.3333
1298.72	62.2222
1300.96	64.2222
1303.2	62
1305.43	62
1307.67	64.8889
1309.9	64.6667
1312.14	63.7778
1314.37	64.8889
1316.6	66
1318.84	66.2222
1321.07	66.6667
1323.3	71.1111
1325.53	66.4444
1327.76	70.4444
1329.99	68.6667
1332.21	73.3333
1334.44	71.3333
1336.67	72.8889
1338.89	79.1111
1341.12	76.6667
1343.34	79.1111
1345.57	83.1111
1347.79	80.2222
1350.01	83.3333
1352.24	87.7778
1354.46	87.1111
1356.68	91.3333
1358.9	100.444
1361.11	101.556
1363.33	112.667
1365.55	127.778
1367.77	144.444
1369.98	172.667
1372.2	227.778
1374.41	261.333
1376.63	252.222
1378.84	236.444
1381.05	191.111
1383.27	165.111
1385.48	150.222
1387.69	143.333
1389.9	129.778
1392.11	126
1394.31	124
1396.52	120.667
1398.73	122.222
1400.94	125.556
1403.14	118.444
1405.35	126
1407.55	126.667
1409.75	127.111
1411.96	123.556
1414.16	125.556
1416.36	126.667
1418.56	128.667
1420.76	122
1422.96	122.667
1425.16	119.778
1427.36	127.111
1429.56	124.889
1431.75	129.556
1433.95	123.333
1436.14	135.111
1438.34	134.444
1440.53	137.556
1442.73	137.556
1444.92	137.111
1447.11	139.333
1449.3	140.222
1451.49	140
1453.68	136
1455.87	132.444
1458.06	130.667
1460.25	125.778
1462.44	119.111
1464.62	120.889
1466.81	116
1468.99	114.667
1471.18	114.667
1473.36	104.444
1475.55	101.778
1477.73	100.444
1479.91	98.6667
1482.09	97.5555
1484.27	95.3333
1486.45	90.6667
1488.63	91.5556
1490.81	95.3333
1492.99	87.3333
1495.16	90.8889
1497.34	91.1111
1499.51	91.7778
1501.69	91.3333
1503.86	87.7778
1506.04	88.8889
1508.21	88.4444
1510.38	84
1512.55	84.6667
1514.73	85.1111
1516.9	88.4444
1519.06	86.2222
1521.23	87.5556
1523.4	86.4444
1525.57	84
1527.74	82.2222
1529.9	86.4444
1532.07	85.7778
1534.23	83.5555
1536.4	78.4444
1538.56	81.5556
1540.72	78.2222
1542.89	80.8889
1545.05	82
1547.21	74
1549.37	79.7778
1551.53	78.4444
1553.69	77.1111
1555.84	74.8889
1558	77.3333
1560.16	78.4444
1562.32	79.1111
1564.47	74
1566.63	77.5556
1568.78	71.7778
1570.93	76.2222
1573.09	73.7778
1575.24	73.1111
1577.39	70.6667
1579.54	74
1581.69	72.6667
1583.84	72
1585.99	72.6667
1588.14	69.3333
1590.29	74.2222
1592.43	71.3333
1594.58	70.2222
1596.72	69.7778
1598.87	73.3333
1601.01	68.2222
1603.16	66.8889
1605.3	71.7778
1607.44	73.3333
1609.58	68.8889
1611.72	65.7778
1613.86	69.1111
1616	66.2222
1618.14	68.2222
1620.28	74.2222
1622.42	69.1111
1624.56	68.8889
1626.69	66.6667
1628.83	68.6667
1630.96	68.4444
1633.1	65.7778
1635.23	69.1111
1637.36	66.2222
1639.5	68.4444
1641.63	70.2222
1643.76	66.8889
1645.89	68
1648.02	66.2222
1650.15	66
1652.28	68
1654.4	61.5556
1656.53	67.5556
1658.66	68.8889
1660.78	66.6667
1662.91	63.7778
1665.03	69.1111
1667.16	69.5555
1669.28	68.4444
1671.4	69.1111
1673.52	66.4444
1675.65	63.5556
1677.77	69.5556
1679.89	66.6667
1682.01	66.6667
1684.12	63.1111
1686.24	68.8889
1688.36	66
1690.48	69.5556
1692.59	68.6667
1694.71	69.3333
1696.82	67.7778
1698.94	66.8889
1701.05	67.5556
1703.16	68.2222
1705.27	67.7778
1707.39	72.6667
1709.5	70
1711.61	65.1111
1713.72	69.3333
1715.83	70
1717.93	66.8889
1720.04	70.2222
1722.15	67.5556
1724.25	69.5556
1726.36	70
1728.47	69.5556
1730.57	68.6667
1732.67	67.5556
1734.78	68.6667
1736.88	68.6667
1738.98	65.7778
1741.08	67.3333
1743.18	67.7778
1745.28	74
1747.38	68.8889
1749.48	70.6667
1751.58	66.2222
1753.67	68.2222
1755.77	68
1757.87	70.4444
1759.96	69.7778
1762.06	71.3333
1764.15	71.3333
1766.25	67.7778
1768.34	75.1111
1770.43	70.6667
1772.52	72.2222
1774.61	69.1111
1776.7	73.3333
1778.79	71.3333
1780.88	72.2222
1782.97	74.6667
1785.06	71.5556
1787.14	69.7778
1789.23	72.2222
1791.32	71.7778
1793.4	72.8889
1795.49	71.7778
1797.57	72.2222
1799.65	73.7778
1801.74	72.4444
1803.82	78
1805.9	75.7778
1807.98	76
1810.06	72
1812.14	76.2222
1814.22	74.2222
1816.3	76
1818.38	72.6667
1820.45	72.8889
1822.53	76
1824.6	79.5556
1826.68	78
1828.75	77.3333
1830.83	77.3333
1832.9	74.6667
1834.97	75.5556
1837.05	76
1839.12	75.7778
1841.19	72.8889
1843.26	76.6667
1845.33	76
1847.4	70.6667
1849.46	76.4444
1851.53	75.1111
1853.6	76.6667
1855.66	75.7778
1857.73	74.8889
1859.79	72.8889
1861.86	75.3333
1863.92	75.7778
1865.99	75.3333
1868.05	78.8889
1870.11	71.7778
1872.17	76.6667
1874.23	75.3333
1876.29	72.6667
1878.35	76
1880.41	75.7778
1882.47	74.8889
1884.53	76
1886.58	75.3333
1888.64	77.5556
1890.69	73.3333
1892.75	72
1894.8	75.7778
1896.86	73.3333
1898.91	78
1900.96	78.4444
1903.02	76.8889
1905.07	78.8889
1907.12	75.7778
1909.17	70
1911.22	75.1111
1913.27	79.7778
1915.31	75.5556
1917.36	75.7778
1919.41	79.1111
1921.45	78.4444
1923.5	77.5556
1925.55	82.2222
1927.59	75.5556
1929.63	75.7778
1931.68	73.7778
1933.72	76
1935.76	76.8889
1937.8	73.7778
1939.84	75.5555
1941.88	78.2222
1943.92	75.7778
1945.96	79.7778
1948	76.2222
1950.04	80.4444
1952.08	76.4444
1954.11	79.1111
1956.15	76.2222
1958.18	80
1960.22	78.4444
1962.25	77.1111
1964.29	80
1966.32	78.2222
1968.35	77.3333
1970.38	82
1972.41	75.5556
1974.44	81.7778
1976.47	77.1111
1978.5	74.6667
1980.53	75.3333
1982.56	73.7778
1984.59	81.3333
1986.61	79.3333
1988.64	79.5556
1990.66	79.7778
1992.69	76.8889
1994.71	79.3333
1996.74	76.8889
1998.76	81.5556
2000.78	77.1111
2002.8	79.3333
2004.82	75.1111
2006.85	79.1111
2008.87	78.8889
2010.88	83.7778
2012.9	78.6667
2014.92	77.3333
2016.94	75.5556
2018.96	79.3333
2020.97	78.8889
2022.99	84.4444
2025	82.6667
2027.02	81.7778
2029.03	81.5556
2031.05	76.4444
2033.06	83.1111
2035.07	79.3333
2037.08	81.7778
2039.09	82.2222
2041.1	81.3333
2043.11	83.5556
2045.12	84.8889
2047.13	79.1111
2049.14	81.7778
2051.15	83.3333
2053.15	82
2055.16	82.8889
2057.16	80.6667
2059.17	77.7778
2061.17	85.3333
2063.18	85.3333
2065.18	83.1111
2067.18	82.2222
2069.18	83.3333
2071.19	82.8889
2073.19	82.4445
2075.19	83.1111
2077.19	84.6667
2079.19	80.8889
2081.18	84.8889
2083.18	83.1111
2085.18	82.4444
2087.17	82.4445
2089.17	82.4444
2091.17	84
2093.16	82
2095.16	80.8889
2097.15	84
2099.14	82.8889
2101.13	82.4444
2103.13	82.4444
2105.12	85.5556
2107.11	84
2109.1	85.1111
2111.09	79.7778
2113.08	81.7778
2115.06	84.2222
2117.05	86
2119.04	80.4444
2121.02	84.2222
2123.01	83.3333
2125	88.4444
2126.98	84.6667
2128.96	84.2222
2130.95	84.6667
2132.93	89.7778
2134.91	83.3333
2136.9	85.7778
2138.88	85.1111
2140.86	87.1111
2142.84	86
2144.82	86.2222
2146.8	86.6667
2148.77	79.7778
2150.75	86
2152.73	87.7778
2154.7	90.6667
2156.68	90
2158.65	88.4444
2160.63	81.3333
2162.6	89.5556
2164.58	87.5556
2166.55	89.3333
2168.52	90.2222
2170.49	87.1111
2172.47	88.4444
2174.44	90.8889
2176.41	89.5556
2178.38	87.7778
2180.34	89.1111
2182.31	88
2184.28	92.2222
2186.25	94.4444
2188.21	94.2222
2190.18	90.2222
2192.14	93.7778
2194.11	97.3333
2196.07	94.2222
2198.04	96.4444
2200	103.556
2201.96	105.556
2203.92	113.111
2205.89	118.444
2207.85	107.778
2209.81	103.333
2211.77	94.6667
2213.72	102
2215.68	96.6667
2217.64	103.556
2219.6	98
2221.55	100.667
2223.51	102.667
2225.47	108.444
2227.42	112.444
2229.37	115.778
2231.33	114.222
2233.28	120.889
2235.23	131.111
2237.19	152
2239.14	173.556
2241.09	214.889
2243.04	282.444
2244.99	402.222
2246.94	600
2248.89	895.111
2250.83	1274.67
2252.78	1653.78
2254.73	1559.56
2256.67	967.778
2258.62	498
2260.56	299.778
2262.51	223.556
2264.45	187.556
2266.4	168.889
2268.34	152.889
2270.28	146.222
2272.22	145.778
2274.16	134.667
2276.1	138.889
2278.04	131.556
2279.98	133.333
2281.92	138.444
2283.86	144.444
2285.8	154
2287.74	170.889
2289.67	186
2291.61	214.444
2293.54	223.111
2295.48	215.778
2297.41	187.111
2299.35	157.556
2301.28	138.667
2303.21	126.889
2305.14	118.889
2307.07	116.444
2309.01	104.667
2310.94	108.444
2312.86	100.889
2314.79	97.7778
2316.72	104
2318.65	98
2320.58	99.5556
2322.5	94.8889
2324.43	100.667
2326.36	96.4444
2328.28	101.778
2330.21	98.8889
2332.13	101.111
2334.05	102.889
2335.98	98.2222
2337.9	97.1111
2339.82	96.2222
2341.74	96.4445
2343.66	98.8889
2345.58	95.3333
2347.5	98.2222
2349.42	94.6667
2351.34	91.1111
2353.26	97.5556
2355.17	92.6667
2357.09	98.2222
2359.01	94
2360.92	92.4444
2362.84	100.222
2364.75	91.7778
2366.67	96.8889
2368.58	92.6667
2370.49	94.4444
2372.4	94.8889
2374.32	92.6667
2376.23	95.1111
2378.14	91.1111
2380.05	91.1111
2381.96	93.5555
2383.86	93.3333
2385.77	98.2222
2387.68	96.2222
2389.59	92.4444
2391.5	92.4444
2393.4	94.6667
2395.31	92.6667
2397.21	95.1111
2399.12	95.1111
2401.02	94.4444
2402.92	97.7778
2404.83	95.1111
2406.73	100.444
2408.63	96.2222
2410.53	97.1111
2412.43	99.1111
2414.33	95.7778
2416.23	93.1111
2418.13	96.8889
2420.03	96.6667
2421.93	94.6667
2423.82	93.7778
2425.72	94.6667
2427.61	92.8889
2429.51	99.7778
2431.4	95.1111
2433.3	91.7778
2435.19	94.6667
2437.09	95.3333
2438.98	95.3333
2440.87	96.6667
2442.76	97.7778
2444.65	101.778
2446.55	96.8889
2448.44	96.6667
2450.32	95.5556
2452.21	94.2222
2454.1	92.4444
