186.297	118
188.898	113.778
191.499	108.667
194.097	104.222
196.695	99.7778
199.293	92.4444
201.889	88.8889
204.485	84
207.08	82
209.673	80.8889
212.267	76.8889
214.859	77.3333
217.45	69.1111
220.04	70.8889
222.631	69.5556
225.218	65.7778
227.807	63.5556
230.394	61.1111
232.979	59.7778
235.565	56
238.149	57.5556
240.733	54.4444
243.314	58.6667
245.897	56.2222
248.477	55.5556
251.057	49.7778
253.637	51.5556
256.215	50.8889
258.793	48.8889
261.368	50.4444
263.945	50
266.519	48.2222
269.093	48.8889
271.666	46.4444
274.237	45.7778
276.809	45.7778
279.379	44.6667
281.949	47.1111
284.518	44.8889
287.086	46.8889
289.653	42.4444
292.218	47.1111
294.784	45.5556
297.348	45.1111
299.913	45.7778
302.475	45.1111
305.036	43.5556
307.598	45.3333
310.157	49.1111
312.716	45.7778
315.276	48.6667
317.833	47.5556
320.389	52.6667
322.944	48.8889
325.5	52.4444
328.054	51.7778
330.607	54.6667
333.159	53.3333
335.711	56.8889
338.262	56.6667
340.811	58.4444
343.36	63.1111
345.909	65.1111
348.456	67.3333
351.002	74.2222
353.547	81.5556
356.092	82.6667
358.637	98.2222
361.18	113.556
363.722	136.222
366.263	155.556
368.803	201.111
371.342	259.111
373.881	314
376.419	405.556
378.957	475.778
381.493	474
384.028	409.333
386.563	302
389.096	237.556
391.629	172.667
394.161	135.556
396.692	118
399.222	97.1111
401.752	91.1111
404.28	81.3333
406.808	73.5556
409.335	66.8889
411.861	67.1111
414.386	60
416.911	56.4444
419.434	55.1111
421.957	57.5556
424.479	52
427	49.3333
429.52	51.1111
432.038	44.8889
434.557	47.7778
437.075	44.2222
439.592	45.7778
442.108	42.8889
444.623	42.8889
447.138	41.1111
449.652	42.2222
452.163	42.4444
454.675	41.7778
457.186	38.8889
459.697	43.1111
462.206	38.2222
464.714	40.4444
467.222	38.6667
469.729	38.4444
472.235	38.6667
474.739	39.3333
477.244	40
479.748	36.6667
482.251	35.3333
484.752	38.2222
487.253	37.1111
489.754	34
492.252	36.2222
494.751	33.5556
497.249	36.8889
499.745	36
502.241	36.6667
504.737	34
507.231	34.6667
509.725	34.6667
512.218	35.3333
514.709	34.2222
517.201	36.2222
519.69	32
522.18	34
524.669	33.1111
527.156	34.2222
529.644	33.5556
532.129	33.3333
534.615	34.2222
537.099	33.5556
539.583	32.6667
542.065	34.8889
544.548	32.6667
547.028	33.1111
549.509	33.7778
551.988	34.4444
554.468	32.8889
556.945	31.5556
559.423	34
561.899	33.3333
564.373	34.4444
566.849	32
569.322	33.5556
571.796	34.2222
574.268	31.5556
576.739	33.3333
579.21	33.5556
581.679	34.4444
584.148	32.2222
586.617	32.4444
589.084	34.4444
591.55	34.6667
594.016	32.6667
596.481	31.5556
598.944	30.4444
601.409	32
603.871	34.6667
606.332	32.4444
608.792	33.3333
611.253	30.6667
613.712	32.8889
616.17	34.6667
618.628	33.5556
621.084	32.4444
623.541	30.4444
625.996	30.8889
628.45	31.1111
630.903	32.2222
633.356	31.3333
635.807	33.3333
638.26	32.8889
640.71	33.5556
643.159	32.2222
645.608	31.5556
648.056	32.4444
650.503	35.7778
652.949	32.2222
655.394	34.4444
657.839	34.6667
660.282	32.4444
662.725	32.2222
665.168	33.3333
667.61	33.5556
670.051	32.4444
672.491	32
674.93	33.5556
677.368	31.7778
679.804	35.7778
682.241	35.7778
684.677	34.6667
687.112	33.1111
689.547	34.2222
691.98	34.8889
694.413	34
696.845	33.7778
699.276	38.2222
701.707	32.4444
704.136	36
706.565	33.7778
708.992	36.8889
711.419	35.3333
713.846	37.7778
716.271	33.3333
718.696	34.6667
721.121	36.6667
723.543	38.4444
725.965	37.5556
728.387	38.4444
730.808	39.1111
733.227	38.8889
735.647	41.3333
738.065	44.8889
740.483	48
742.899	49.7778
745.316	51.7778
747.731	56.2222
750.146	60.2222
752.559	56.6667
754.972	54.6667
757.385	51.3333
759.795	46.4444
762.206	46.6667
764.616	42.2222
767.025	41.7778
769.433	41.3333
771.84	40.2222
774.247	38.6667
776.653	40.4444
779.058	38.2222
781.462	37.1111
783.865	35.7778
786.268	35.5556
788.669	37.7778
791.071	38
793.471	35.1111
795.871	36.8889
798.269	37.7778
800.668	36.6667
803.064	36
805.462	37.7778
807.857	37.3333
810.252	37.3333
812.646	37.7778
815.04	35.3333
817.432	34.4444
819.823	33.1111
822.215	39.1111
824.604	35.5556
826.995	39.1111
829.383	37.1111
831.77	36
834.158	36.4444
836.544	38
838.929	38.2222
841.315	37.5556
843.698	36.4444
846.081	37.7778
848.465	37.5556
850.846	36.6667
853.227	38.8889
855.606	38
857.987	40
860.365	40.2222
862.743	40.4444
865.119	36.8889
867.495	39.3333
869.872	35.1111
872.246	37.7778
874.62	38.8889
876.993	40.2222
879.365	41.1111
881.738	40.6667
884.109	38.6667
886.479	38.2222
888.848	39.3333
891.217	42.8889
893.584	41.1111
895.951	43.3333
898.317	47.3333
900.683	49.3333
903.048	54.2222
905.412	56
907.776	66.6667
910.139	76
912.5	97.5556
914.861	170.667
917.221	457.111
919.581	663.111
921.94	590.222
924.296	399.778
926.653	247.333
929.01	146.444
931.366	92.8889
933.721	69.7778
936.075	56.2222
938.428	50.4444
940.781	46.2222
943.133	43.1111
945.484	44.2222
947.835	44.4444
950.183	42.6667
952.532	41.7778
954.88	39.5556
957.228	42.8889
959.575	42.4444
961.921	41.5556
964.265	40
966.609	39.3333
968.953	40.8889
971.296	40.4444
973.637	41.5556
975.979	42.2222
978.32	40
980.66	40.6667
982.998	42
985.337	41.7778
987.675	38.4444
990.01	43.1111
992.347	44.4444
994.683	39.5556
997.016	39.3333
999.35	42.4444
1001.68	42
1004.02	42.4444
1006.35	43.1111
1008.68	42
1011.01	39.3333
1013.34	42.4444
1015.67	42.6667
1017.99	44
1020.32	43.1111
1022.65	44.4444
1024.97	44
1027.3	46
1029.62	46.2222
1031.94	45.3333
1034.27	45.3333
1036.59	47.1111
1038.91	48.6667
1041.23	50.4444
1043.55	48.8889
1045.87	48.8889
1048.19	51.1111
1050.5	45.5556
1052.82	48.8889
1055.14	45.5556
1057.45	46
1059.77	46.6667
1062.08	44.4444
1064.39	47.5556
1066.7	43.7778
1069.02	43.1111
1071.33	47.7778
1073.64	43.7778
1075.95	44
1078.25	46.2222
1080.56	44.6667
1082.87	45.1111
1085.17	45.1111
1087.48	45.1111
1089.79	44.4444
1092.09	47.5556
1094.39	46
1096.69	45.5556
1099	46.8889
1101.3	45.1111
1103.6	44.8889
1105.9	45.3333
1108.2	45.3333
1110.49	46.8889
1112.79	45.7778
1115.09	45.5556
1117.39	47.7778
1119.68	44.8889
1121.98	47.5556
1124.27	48.4444
1126.56	44.6667
1128.85	44.4444
1131.15	47.5556
1133.44	46.6667
1135.73	50
1138.02	47.7778
1140.3	48.2222
1142.59	47.7778
1144.88	46.2222
1147.17	48.2222
1149.45	50.6667
1151.74	47.1111
1154.02	46.4444
1156.31	51.3333
1158.59	48.2222
1160.87	48.4444
1163.15	49.5556
1165.43	46.4444
1167.71	49.5556
1169.99	47.7778
1172.27	50.6667
1174.55	50.2222
1176.83	49.1111
1179.1	51.5556
1181.38	50.2222
1183.65	50.6667
1185.93	47.7778
1188.2	49.3333
1190.47	49.5556
1192.74	50.6667
1195.02	51.1111
1197.29	51.3333
1199.56	52.8889
1201.82	49.5556
1204.09	53.5556
1206.36	53.1111
1208.63	53.7778
1210.89	49.7778
1213.16	50.6667
1215.42	53.7778
1217.69	51.7778
1219.95	52.4444
1222.21	51.5556
1224.48	52.4444
1226.74	54.4444
1229	50.6667
1231.26	55.3333
1233.52	55.7778
1235.78	52.2222
1238.03	54.6667
1240.29	53.7778
1242.55	51.1111
1244.8	56.2222
1247.06	52.4444
1249.31	53.3333
1251.56	55.7778
1253.82	51.1111
1256.07	54.6667
1258.32	54.8889
1260.57	54.2222
1262.82	55.5556
1265.07	57.5556
1267.32	56.2222
1269.57	54.2222
1271.81	56.6667
1274.06	56.2222
1276.3	55.5556
1278.55	58.2222
1280.79	60.2222
1283.04	55.7778
1285.28	60.2222
1287.52	58.2222
1289.76	58.4444
1292	58.6667
1294.24	59.1111
1296.48	61.3333
1298.72	61.7778
1300.96	60.6667
1303.2	62.2222
1305.43	63.5556
1307.67	62.8889
1309.9	62
1312.14	67.5555
1314.37	64.8889
1316.6	69.3333
1318.84	68
1321.07	68
1323.3	66.8889
1325.53	65.3333
1327.76	70.8889
1329.99	70.8889
1332.21	69.3333
1334.44	74.2222
1336.67	73.1111
1338.89	74.6667
1341.12	76.2222
1343.34	75.7778
1345.57	78.6667
1347.79	80.6667
1350.01	90
1352.24	85.3333
1354.46	87.7778
1356.68	90.2222
1358.9	99.1111
1361.11	106.222
1363.33	112.667
1365.55	125.556
1367.77	146.889
1369.98	174.444
1372.2	223.556
1374.41	257.556
1376.63	263.556
1378.84	234
1381.05	196.222
1383.27	170
1385.48	146.667
1387.69	146.444
1389.9	134
1392.11	127.778
1394.31	122
1396.52	120.444
1398.73	123.778
1400.94	126.667
1403.14	118
1405.35	128
1407.55	129.111
1409.75	121.333
1411.96	123.556
1414.16	118.667
1416.36	125.111
1418.56	127.778
1420.76	125.778
1422.96	123.778
1425.16	124.667
1427.36	126.444
1429.56	126.222
1431.75	126.444
1433.95	127.333
1436.14	128.222
1438.34	131.778
1440.53	136.889
1442.73	136.222
1444.92	141.111
1447.11	138.444
1449.3	137.111
1451.49	142.889
1453.68	132.444
1455.87	134
1458.06	134.222
1460.25	128
1462.44	122
1464.62	112.444
1466.81	117.333
1468.99	110.444
1471.18	112.667
1473.36	103.556
1475.55	105.111
1477.73	103.333
1479.91	100.444
1482.09	97.5556
1484.27	98
1486.45	97.1111
1488.63	94.2222
1490.81	91.5556
1492.99	96.6667
1495.16	90.2222
1497.34	89.3333
1499.51	87.1111
1501.69	91.5556
1503.86	87.1111
1506.04	86.8889
1508.21	87.5556
1510.38	92.2222
1512.55	84.2222
1514.73	84.6667
1516.9	86
1519.06	82.6667
1521.23	81.5556
1523.4	86
1525.57	84.2222
1527.74	84.8889
1529.9	82.2222
1532.07	82.8889
1534.23	81.5556
1536.4	82.8889
1538.56	85.7778
1540.72	81.3333
1542.89	77.5556
1545.05	78
1547.21	79.3333
1549.37	78
1551.53	78.6667
1553.69	79.3333
1555.84	78.6667
1558	78.4444
1560.16	73.3333
1562.32	74.6667
1564.47	76.6667
1566.63	76
1568.78	74.8889
1570.93	74.2222
1573.09	77.5556
1575.24	74.2222
1577.39	75.3333
1579.54	74
1581.69	74.4444
1583.84	72
1585.99	69.7778
1588.14	71.7778
1590.29	68.4444
1592.43	71.3333
1594.58	72.6667
1596.72	69.5556
1598.87	72
1601.01	67.5556
1603.16	73.1111
1605.3	72.4444
1607.44	69.7778
1609.58	68.4444
1611.72	70.4444
1613.86	68.2222
1616	68
1618.14	71.1111
1620.28	66
1622.42	66.8889
1624.56	68
1626.69	69.5556
1628.83	69.5556
1630.96	67.7778
1633.1	70
1635.23	65.3333
1637.36	67.3333
1639.5	67.1111
1641.63	67.3333
1643.76	63.1111
1645.89	66.6667
1648.02	68.8889
1650.15	65.7778
1652.28	70
1654.4	70.8889
1656.53	66.2222
1658.66	65.3333
1660.78	69.1111
1662.91	68
1665.03	61.3333
1667.16	62.4444
1669.28	69.1111
1671.4	67.7778
1673.52	66.8889
1675.65	71.5556
1677.77	66.2222
1679.89	66.4444
1682.01	67.5556
1684.12	66.4445
1686.24	66.2222
1688.36	69.1111
1690.48	68.4444
1692.59	66.4445
1694.71	66.6667
1696.82	67.5556
1698.94	69.7778
1701.05	70.4445
1703.16	72.4444
1705.27	66
1707.39	68.2222
1709.5	68.8889
1711.61	67.7778
1713.72	68.6667
1715.83	68.6667
1717.93	69.7778
1720.04	67.7778
1722.15	72.4444
1724.25	68.2222
1726.36	66.2222
1728.47	70
1730.57	72.8889
1732.67	69.5556
1734.78	67.3333
1736.88	71.1111
1738.98	68.8889
1741.08	70.6667
1743.18	66.4444
1745.28	72.4444
1747.38	70
1749.48	71.5556
1751.58	70.8889
1753.67	72.6667
1755.77	67.5556
1757.87	70.2222
1759.96	69.3333
1762.06	71.3333
1764.15	67.5556
1766.25	72
1768.34	69.1111
1770.43	72.2222
1772.52	70.2222
1774.61	74.6667
1776.7	73.3333
1778.79	69.3333
1780.88	72
1782.97	71.7778
1785.06	71.5556
1787.14	72
1789.23	68.4444
1791.32	69.1111
1793.4	71.5555
1795.49	72
1797.57	70.4444
1799.65	75.1111
1801.74	73.3333
1803.82	69.3333
1805.9	74.6667
1807.98	74.8889
1810.06	72.4444
1812.14	75.7778
1814.22	77.1111
1816.3	70.2222
1818.38	76.8889
1820.45	76.8889
1822.53	76
1824.6	77.3333
1826.68	79.7778
1828.75	80.4445
1830.83	74.4445
1832.9	76
1834.97	76.4444
1837.05	75.5556
1839.12	76.4444
1841.19	74.2222
1843.26	73.7778
1845.33	77.7778
1847.4	76
1849.46	75.3333
1851.53	78.4444
1853.6	73.1111
1855.66	80.8889
1857.73	75.1111
1859.79	72.8889
1861.86	76
1863.92	73.7778
1865.99	72.4445
1868.05	78.6667
1870.11	74.6667
1872.17	76.4444
1874.23	71.7778
1876.29	74.6667
1878.35	74.2222
1880.41	70.8889
1882.47	77.5556
1884.53	70.6667
1886.58	75.7778
1888.64	73.1111
1890.69	77.3333
1892.75	75.7778
1894.8	75.5556
1896.86	72.8889
1898.91	72.6667
1900.96	75.1111
1903.02	72.6667
1905.07	74.4444
1907.12	73.1111
1909.17	76
1911.22	77.7778
1913.27	74
1915.31	79.1111
1917.36	75.5556
1919.41	76
1921.45	75.7778
1923.5	78.4444
1925.55	80.6667
1927.59	77.5556
1929.63	77.7778
1931.68	77.3333
1933.72	74.4444
1935.76	81.1111
1937.8	74.4444
1939.84	78.2222
1941.88	75.5555
1943.92	79.7778
1945.96	76.4445
1948	73.7778
1950.04	78.4444
1952.08	76
1954.11	79.5556
1956.15	80.6667
1958.18	77.7778
1960.22	78.4444
1962.25	75.7778
1964.29	78.8889
1966.32	76.8889
1968.35	79.3333
1970.38	78.2222
1972.41	76.2222
1974.44	76.6667
1976.47	80.8889
1978.5	81.5556
1980.53	74.8889
1982.56	80.2222
1984.59	76.4444
1986.61	80.8889
1988.64	79.1111
1990.66	78.4444
1992.69	76.2222
1994.71	71.1111
1996.74	80
1998.76	77.1111
2000.78	77.1111
2002.8	77.5556
2004.82	79.5555
2006.85	77.1111
2008.87	79.3333
2010.88	80.2222
2012.9	83.5556
2014.92	80.2222
2016.94	81.3333
2018.96	82
2020.97	78.2222
2022.99	75.7778
2025	80.8889
2027.02	82
2029.03	78.6667
2031.05	81.5556
2033.06	83.1111
2035.07	80.2222
2037.08	78.4444
2039.09	82.2222
2041.1	81.5556
2043.11	82.4444
2045.12	81.1111
2047.13	84.8889
2049.14	82.4444
2051.15	83.5556
2053.15	78
2055.16	82.6667
2057.16	78.6667
2059.17	86.2222
2061.17	82
2063.18	79.7778
2065.18	80.6667
2067.18	82.4445
2069.18	81.3333
2071.19	84
2073.19	82.6667
2075.19	79.3333
2077.19	86
2079.19	84.6667
2081.18	85.7778
2083.18	83.7778
2085.18	85.1111
2087.17	86.2222
2089.17	85.3333
2091.17	84
2093.16	80.8889
2095.16	82.4444
2097.15	84.4444
2099.14	84.8889
2101.13	83.1111
2103.13	84.6667
2105.12	84.6667
2107.11	84.2222
2109.1	86.8889
2111.09	82
2113.08	84.4444
2115.06	84
2117.05	82.8889
2119.04	86
2121.02	86.6667
2123.01	81.7778
2125	91.3333
2126.98	82.8889
2128.96	86.4444
2130.95	84.8889
2132.93	86.8889
2134.91	83.5556
2136.9	85.1111
2138.88	85.7778
2140.86	81.5556
2142.84	81.7778
2144.82	83.5556
2146.8	88.8889
2148.77	87.7778
2150.75	86.4444
2152.73	89.1111
2154.7	89.1111
2156.68	89.5556
2158.65	84.4444
2160.63	87.7778
2162.6	87.5556
2164.58	89.3333
2166.55	93.3333
2168.52	90.2222
2170.49	88
2172.47	87.3333
2174.44	89.1111
2176.41	88.8889
2178.38	91.7778
2180.34	88.6667
2182.31	88.6667
2184.28	92.4444
2186.25	94.8889
2188.21	89.7778
2190.18	94.2222
2192.14	96.4444
2194.11	92.2222
2196.07	92.8889
2198.04	92.8889
2200	108.889
2201.96	110.222
2203.92	112.889
2205.89	111.556
2207.85	105.778
2209.81	96.8889
2211.77	94.2222
2213.72	96.8889
2215.68	99.3333
2217.64	98.8889
2219.6	101.556
2221.55	102.889
2223.51	109.111
2225.47	113.111
2227.42	117.556
2229.37	117.556
2231.33	119.333
2233.28	125.111
2235.23	130.444
2237.19	149.778
2239.14	180
2241.09	217.111
2243.04	291.556
2244.99	404.667
2246.94	589.778
2248.89	878.889
2250.83	1247.56
2252.78	1676.44
2254.73	1530.44
2256.67	975.556
2258.62	507.556
2260.56	302.444
2262.51	223.333
2264.45	183.778
2266.4	160.889
2268.34	153.333
2270.28	148.889
2272.22	140.667
2274.16	138.444
2276.1	137.111
2278.04	129.333
2279.98	131.556
2281.92	134.222
2283.86	143.111
2285.8	155.778
2287.74	163.556
2289.67	191.778
2291.61	220.889
2293.54	222
2295.48	212.444
2297.41	188.222
2299.35	155.333
2301.28	142.667
2303.21	131.333
2305.14	119.333
2307.07	114
2309.01	107.111
2310.94	106.889
2312.86	101.111
2314.79	102.889
2316.72	101.333
2318.65	104
2320.58	100.444
2322.5	98.2222
2324.43	102.444
2326.36	96.2222
2328.28	96.4444
2330.21	96.2222
2332.13	95.3333
2334.05	96.2222
2335.98	93.5555
2337.9	101.556
2339.82	93.1111
2341.74	98
2343.66	94.2222
2345.58	95.1111
2347.5	98.8889
2349.42	100.222
2351.34	96.2222
2353.26	94.4444
2355.17	92.6667
2357.09	94.8889
2359.01	99.1111
2360.92	95.5555
2362.84	98.2222
2364.75	89.3333
2366.67	94
2368.58	90.6667
2370.49	94
2372.4	90
2374.32	97.7778
2376.23	96.2222
2378.14	94.8889
2380.05	93.5556
2381.96	92.2222
2383.86	97.5556
2385.77	90.4444
2387.68	91.5556
2389.59	95.1111
2391.5	92.4444
2393.4	95.1111
2395.31	94
2397.21	92.2222
2399.12	93.7778
2401.02	97.7778
2402.92	96.2222
2404.83	94
2406.73	96.6667
2408.63	99.1111
2410.53	95.3333
2412.43	97.7778
2414.33	98.6667
2416.23	99.7778
2418.13	97.1111
2420.03	94.4444
2421.93	101.778
2423.82	97.5556
2425.72	98
2427.61	95.7778
2429.51	96.2222
2431.4	97.5555
2433.3	96.8889
2435.19	97.1111
2437.09	95.7778
2438.98	101.333
2440.87	95.7778
2442.76	100.889
2444.65	93.5555
2446.55	97.1111
2448.44	99.7778
2450.32	93.7778
2452.21	98.6667
2454.1	99.5556
