187.964	72.4444
190.563	75.5556
193.16	69.1111
195.757	65.1111
198.354	65.3333
200.948	60.6667
203.543	56.8889
206.136	58.4444
208.729	57.3333
211.321	50.4444
213.912	53.5556
216.502	50.8889
219.09	52.6667
221.679	54
224.266	50.8889
226.853	48.8889
229.438	50.6667
232.023	49.1111
234.607	45.7778
237.19	50
239.772	51.3333
242.352	45.5556
244.934	45.1111
247.512	45.5556
250.092	44
252.669	45.7778
255.247	46.8889
257.822	45.1111
260.397	44.8889
262.972	41.7778
265.545	45.3333
268.117	41.3333
270.69	41.1111
273.26	40.8889
275.829	43.3333
278.4	43.7778
280.967	45.7778
283.534	46.2222
286.102	46.8889
288.667	46
291.231	48
293.795	48.8889
296.359	48.2222
298.921	52
301.482	57.7778
304.042	59.5556
306.603	57.1111
309.161	62
311.719	63.1111
314.276	64.8889
316.832	64.2222
319.388	62.6667
321.942	59.1111
324.496	59.3333
327.048	58.8889
329.6	62.6667
332.151	64.6667
334.701	60.8889
337.252	56.4444
339.8	54.8889
342.347	49.1111
344.894	46
347.44	45.1111
349.985	49.7778
352.529	43.3333
355.072	43.7778
357.615	45.1111
360.156	48.8889
362.697	55.1111
365.237	61.3333
367.776	77.3333
370.315	89.3333
372.852	86.6667
375.389	70.6667
377.925	56.6667
380.46	51.5556
382.994	48.2222
385.527	43.5556
388.059	50.6667
390.591	48.2222
393.122	50.6667
395.65	52.6667
398.18	56.6667
400.708	65.7778
403.235	67.3333
405.762	62.6667
408.288	55.1111
410.813	49.3333
413.335	49.3333
415.859	44.2222
418.381	41.7778
420.903	41.5556
423.424	42
425.942	42
428.462	40.6667
430.98	40
433.498	36.8889
436.013	37.1111
438.529	40.6667
441.044	42
443.558	40.8889
446.07	42.6667
448.583	44.4444
451.095	45.7778
453.604	46.6667
456.114	46
458.624	44.4444
461.131	42
463.638	39.3333
466.145	38.4444
468.65	37.7778
471.155	39.1111
473.659	36.8889
476.162	35.1111
478.664	42
481.165	40
483.666	40.8889
486.165	39.5556
488.664	41.7778
491.162	39.1111
493.66	40.4444
496.155	39.1111
498.651	37.5556
501.145	38.2222
503.64	36
506.132	38.4444
508.625	34.2222
511.116	37.3333
513.608	37.7778
516.097	36.4444
518.586	33.3333
521.074	37.7778
523.562	37.1111
526.048	35.7778
528.533	35.3333
531.019	35.5556
533.502	34.2222
535.985	35.3333
538.468	33.5556
540.949	38.6667
543.43	34.2222
545.91	36.2222
548.389	35.3333
550.867	35.1111
553.345	34
555.821	34.4444
558.297	36.6667
560.771	36.8889
563.247	37.7778
565.72	38.6667
568.192	39.5556
570.663	37.7778
573.135	36.2222
575.605	38.8889
578.074	41.3333
580.542	42.8889
583.01	41.7778
585.478	43.1111
587.943	47.1111
590.408	50.2222
592.873	53.7778
595.336	60.2222
597.799	70
600.26	88.6667
602.721	124.667
605.183	165.556
607.643	186.444
610.101	174.222
612.559	128.222
615.016	94.2222
617.472	74
619.928	63.1111
622.382	56
624.836	53.1111
627.289	46.4444
629.741	44.8889
632.193	42.8889
634.644	44
637.093	43.5556
639.543	39.1111
641.991	40
644.438	38.2222
646.885	38
649.33	39.3333
651.775	37.5556
654.219	39.1111
656.663	37.1111
659.105	39.1111
661.547	35.7778
663.989	37.7778
666.429	38.4444
668.867	37.7778
671.306	38.2222
673.744	39.1111
676.181	40.4444
678.618	42
681.052	40.8889
683.487	37.5556
685.921	39.5556
688.355	37.5556
690.786	39.5556
693.218	37.3333
695.649	38.2222
698.079	38.4444
700.507	41.7778
702.935	37.5556
705.363	38.2222
707.789	39.3333
710.215	38.4444
712.641	37.5556
715.064	39.7778
717.488	38.2222
719.91	42
722.333	38.8889
724.754	39.1111
727.174	44.2222
729.594	42.2222
732.012	42.6667
734.43	45.3333
736.848	46.2222
739.263	45.5556
741.68	44
744.094	49.3333
746.508	48.6667
748.921	46
751.334	47.3333
753.745	45.1111
756.157	48.8889
758.566	48.8889
760.975	43.5556
763.384	45.7778
765.791	44.2222
768.199	44
770.604	44.8889
773.01	42.8889
775.414	44.2222
777.818	43.5556
780.221	45.1111
782.623	44.4444
785.024	44.8889
787.426	49.1111
789.825	50.2222
792.224	49.1111
794.623	52.8889
797.02	60
799.416	59.5556
801.812	62.8889
804.208	61.1111
806.602	61.1111
808.996	62.4444
811.388	70.8889
813.781	69.5556
816.172	71.1111
818.562	71.3333
820.952	80.2222
823.341	85.5556
825.73	90.2222
828.117	78.4444
830.503	68.2222
832.889	62.6667
835.274	56.6667
837.658	56.8889
840.042	58.6667
842.424	60.8889
844.807	62.6667
847.188	72.4444
849.569	67.5556
851.948	66
854.327	66.2222
856.705	62.8889
859.083	61.3333
861.459	67.3333
863.835	77.5556
866.21	89.7778
868.584	96.8889
870.958	92.6667
873.331	75.7778
875.703	64.6667
878.074	62.4444
880.445	63.3333
882.814	62.2222
885.182	71.1111
887.55	83.5556
889.918	98.6667
892.284	101.111
894.651	101.333
897.016	101.333
899.38	95.5556
901.744	86.2222
904.106	75.5556
906.468	66.2222
908.829	59.1111
911.19	57.7778
913.55	52
915.908	49.3333
918.267	47.1111
920.624	47.3333
922.982	46.2222
925.336	44
927.692	47.7778
930.047	48.2222
932.399	46.2222
934.753	47.3333
937.105	44.6667
939.456	48.4444
941.807	49.3333
944.157	50.4444
946.505	49.7778
948.854	53.7778
951.202	56.4444
953.548	57.3333
955.895	55.3333
958.24	59.5556
960.585	57.5556
962.929	58.6667
965.271	67.1111
967.614	63.1111
969.955	76.8889
972.296	82
974.636	104.889
976.976	146.222
979.314	212.667
981.652	305.333
983.989	383.778
986.326	414.444
988.66	1010
990.995	2711.78
993.329	3408.22
995.662	2058.44
997.995	785.111
1000.33	385.556
1002.66	237.333
1004.99	167.556
1007.32	136.667
1009.65	113.111
1011.97	91.5556
1014.3	78.6667
1016.63	73.5556
1018.95	71.3333
1021.28	69.3333
1023.6	67.1111
1025.93	66.2222
1028.25	70
1030.57	74.8889
1032.89	78
1035.21	86.6667
1037.53	100.889
1039.85	97.3333
1042.17	90.8889
1044.49	82.4444
1046.81	69.7778
1049.12	70.8889
1051.44	67.7778
1053.75	73.5556
1056.07	74
1058.38	71.1111
1060.69	77.5556
1063	76
1065.31	81.1111
1067.62	78.6667
1069.93	76
1072.24	75.7778
1074.55	78.4444
1076.86	84
1079.16	85.7778
1081.47	85.5556
1083.77	82.6667
1086.08	79.1111
1088.38	66
1090.69	68.2222
1092.99	59.7778
1095.29	58.2222
1097.59	57.1111
1099.89	57.1111
1102.19	55.7778
1104.49	55.3333
1106.78	52
1109.08	54
1111.38	57.5556
1113.67	54.4444
1115.97	55.7778
1118.26	54.8889
1120.55	57.7778
1122.85	58
1125.14	60.6667
1127.43	62.4444
1129.72	66.4444
1132.01	70.8889
1134.3	74.8889
1136.59	88.2222
1138.87	91.3333
1141.16	92.4444
1143.45	93.7778
1145.73	85.1111
1148.02	82
1150.3	75.7778
1152.59	74.6667
1154.87	77.5556
1157.15	80.6667
1159.43	91.3333
1161.71	97.7778
1163.99	104.889
1166.27	115.556
1168.55	136.222
1170.82	155.333
1173.1	181.778
1175.38	210
1177.65	221.556
1179.93	186.667
1182.2	165.111
1184.47	135.556
1186.74	109.556
1189.02	100.444
1191.29	92
1193.56	81.1111
1195.83	78.4444
1198.09	72.4444
1200.36	69.3333
1202.63	66.8889
1204.9	68
1207.16	64.4444
1209.43	65.7778
1211.69	68
1213.95	61.5556
1216.22	66.2222
1218.48	63.3333
1220.74	68.2222
1223	60
1225.26	64.4444
1227.52	59.1111
1229.78	62
1232.04	58
1234.29	59.3333
1236.55	61.7778
1238.81	61.5556
1241.06	63.1111
1243.32	61.5556
1245.57	62
1247.82	60.2222
1250.08	63.1111
1252.33	60.2222
1254.58	62.4444
1256.83	60.8889
1259.08	60
1261.32	61.1111
1263.57	60.4444
1265.82	61.3333
1268.07	61.5556
1270.31	64.8889
1272.56	69.5556
1274.8	69.7778
1277.05	68.4444
1279.29	68.6667
1281.53	68.8889
1283.77	73.5556
1286.01	73.5556
1288.25	74.4445
1290.49	78.2222
1292.73	83.3333
1294.97	84.6667
1297.21	95.5556
1299.44	104.444
1301.68	109.333
1303.92	112.222
1306.15	107.111
1308.38	96.8889
1310.62	88.4444
1312.85	84.6667
1315.08	80
1317.31	73.7778
1319.54	70.8889
1321.77	73.1111
1324	66
1326.23	66
1328.46	64.4444
1330.68	66.2222
1332.91	64.8889
1335.13	66.2222
1337.36	66
1339.58	60.2222
1341.81	64.8889
1344.03	66.2222
1346.25	68.2222
1348.47	67.7778
1350.69	68
1352.91	62.8889
1355.13	68.4444
1357.35	68.6667
1359.57	68
1361.78	65.5556
1364	68.4444
1366.22	68.6667
1368.43	66.4444
1370.65	64.8889
1372.86	68.4444
1375.07	69.3333
1377.28	68
1379.5	67.5556
1381.71	67.1111
1383.92	65.7778
1386.12	67.7778
1388.33	66.8889
1390.54	66
1392.75	67.7778
1394.96	66
1397.16	66.6667
1399.37	71.3333
1401.57	69.5556
1403.78	78.2222
1405.98	80.2222
1408.18	70.8889
1410.38	76.4444
1412.58	73.5556
1414.78	76.2222
1416.98	77.1111
1419.18	80.2222
1421.38	82.4444
1423.58	85.5556
1425.78	88
1427.97	98.4444
1430.17	108.667
1432.36	123.111
1434.56	137.333
1436.75	147.556
1438.94	156.889
1441.13	153.333
1443.33	151.333
1445.52	163.778
1447.71	160.667
1449.9	160.444
1452.09	153.556
1454.27	161.111
1456.46	167.333
1458.65	155.111
1460.83	147.333
1463.02	133.778
1465.2	125.778
1467.39	118.444
1469.57	113.333
1471.75	103.556
1473.94	97.7778
1476.12	95.5556
1478.3	90.6667
1480.48	90.4444
1482.66	89.1111
1484.84	86.2222
1487.01	81.7778
1489.19	80
1491.37	74.4444
1493.54	80.6667
1495.72	74.8889
1497.89	70.4444
1500.07	74.2222
1502.24	70.6667
1504.41	71.1111
1506.58	73.7778
1508.75	72.6667
1510.93	68.8889
1513.1	69.1111
1515.26	69.1111
1517.43	68.4444
1519.6	69.1111
1521.77	71.3333
1523.93	71.3333
1526.1	70
1528.26	66
1530.43	68.6667
1532.59	68.6667
1534.76	70.6667
1536.92	64.6667
1539.08	70
1541.24	73.5555
1543.4	69.7778
1545.56	70.2222
1547.72	72.4444
1549.88	73.5556
1552.04	71.7778
1554.19	74.6667
1556.35	77.7778
1558.51	77.5556
1560.66	77.7778
1562.81	83.1111
1564.97	86.6667
1567.12	89.3333
1569.27	90.6667
1571.43	97.3333
1573.58	100.667
1575.73	113.111
1577.88	121.111
1580.02	131.333
1582.17	153.333
1584.32	169.111
1586.47	182.222
1588.61	174.667
1590.76	168
1592.91	151.778
1595.05	130.444
1597.19	127.111
1599.34	125.778
1601.48	135.556
1603.62	142
1605.76	159.778
1607.9	150.667
1610.04	145.333
1612.18	129.556
1614.32	117.333
1616.46	106.667
1618.59	102
1620.73	96.2222
1622.87	91.5556
1625	86.8889
1627.14	83.3333
1629.27	80.6667
1631.4	77.7778
1633.54	81.7778
1635.67	78.6667
1637.8	78.2222
1639.93	75.3333
1642.06	74.4444
1644.19	73.7778
1646.32	70.8889
1648.44	72
1650.57	70.4444
1652.7	71.1111
1654.82	69.7778
1656.95	72.6667
1659.07	70
1661.2	73.1111
1663.32	70
1665.44	73.3333
1667.57	70.4444
1669.69	71.5556
1671.81	70.6667
1673.93	68.4444
1676.05	68
1678.17	69.1111
1680.28	70.4444
1682.4	65.5556
1684.52	68.2222
1686.64	73.5556
1688.75	74.2222
1690.87	72.6667
1692.98	72.2222
1695.09	75.1111
1697.21	73.3333
1699.32	71.7778
1701.43	77.1111
1703.54	71.7778
1705.65	72.6667
1707.76	67.3333
1709.87	72.4444
1711.98	69.7778
1714.09	68.6667
1716.19	70.8889
1718.3	74.4444
1720.41	68.6667
1722.51	71.5555
1724.62	71.5556
1726.72	70.8889
1728.82	71.7778
1730.93	70.6667
1733.03	70.4444
1735.13	68.6667
1737.23	70.2222
1739.33	71.7778
1741.43	70.8889
1743.53	69.1111
1745.63	71.7778
1747.72	71.7778
1749.82	71.5556
1751.92	69.3333
1754.01	69.1111
1756.11	69.3333
1758.2	69.5556
1760.29	70.6667
1762.39	73.5556
1764.48	69.7778
1766.57	65.7778
1768.66	71.3333
1770.75	70.6667
1772.84	71.3333
1774.93	66.4444
1777.02	67.7778
1779.11	72.4444
1781.2	75.5556
1783.28	70.4444
1785.37	70
1787.45	71.3333
1789.54	74.8889
1791.62	74.8889
1793.71	74
1795.79	73.5556
1797.87	69.7778
1799.95	72.6667
1802.03	72.4444
1804.11	73.3333
1806.19	73.1111
1808.27	72.8889
1810.35	74.2222
1812.43	71.7778
1814.51	71.7778
1816.58	72.4445
1818.66	75.3333
1820.73	73.1111
1822.81	75.3333
1824.88	77.1111
1826.95	71.1111
1829.03	78.6667
1831.1	73.5555
1833.17	72.6667
1835.24	72.2222
1837.31	73.5556
1839.38	76
1841.45	69.3333
1843.52	78.8889
1845.59	74.2222
1847.65	76.2222
1849.72	76.2222
1851.78	75.5556
1853.85	75.1111
1855.91	74.6667
1857.98	73.5556
1860.04	74
1862.1	77.7778
1864.17	72.4444
1866.23	74
1868.29	73.7778
1870.35	77.3333
1872.41	80.6667
1874.47	75.1111
1876.53	76.4444
1878.58	77.3333
1880.64	75.7778
1882.7	75.3333
1884.75	76.2222
1886.81	77.7778
1888.86	75.1111
1890.92	78
1892.97	76
1895.02	79.7778
1897.07	80
1899.12	80.2222
1901.17	79.3333
1903.23	75.5556
1905.27	78.4444
1907.32	78.6667
1909.37	82.8889
1911.42	80
1913.47	75.5556
1915.51	76
1917.56	75.7778
1919.6	82
1921.65	78.8889
1923.69	78.8889
1925.74	82.2222
1927.78	80
1929.82	85.5556
1931.86	81.1111
1933.9	84.6667
1935.94	84.2222
1937.98	76.8889
1940.02	77.7778
1942.06	78.8889
1944.1	77.1111
1946.14	74.8889
1948.17	78.8889
1950.21	78.6667
1952.24	78.6667
1954.28	78
1956.31	77.7778
1958.35	80
1960.38	78.2222
1962.41	80.8889
1964.44	77.7778
1966.47	76.6667
1968.5	75.3333
1970.53	78.4444
1972.56	79.5556
1974.59	80.2222
1976.62	77.5556
1978.65	80.2222
1980.67	80.6667
1982.7	82.8889
1984.73	82.8889
1986.75	78.6667
1988.78	80.8889
1990.8	81.1111
1992.82	78.4444
1994.85	84.4444
1996.87	81.5556
1998.89	79.7778
2000.91	83.7778
2002.93	80.4444
2004.95	80.4444
2006.97	86.8889
2008.99	84.8889
2011	84.2222
2013.02	81.5556
2015.04	79.1111
2017.05	84
2019.07	78.8889
2021.08	84
2023.1	83.5556
2025.11	82.6667
2027.12	85.3333
2029.14	88.6667
2031.15	80.8889
2033.16	82
2035.17	86.6667
2037.18	83.1111
2039.19	85.7778
2041.2	85.3333
2043.2	87.5556
2045.21	83.7778
2047.22	84.4445
2049.22	87.1111
2051.23	86.8889
2053.24	81.5556
2055.24	85.5556
2057.24	90.2222
2059.25	84
2061.25	86.2222
2063.25	79.5556
2065.25	81.5556
2067.25	82.4444
2069.25	83.5556
2071.25	84.8889
2073.25	86.2222
2075.25	86.6667
2077.25	85.5555
2079.25	86.8889
2081.24	86.4444
2083.24	81.5556
2085.23	87.3333
2087.23	85.1111
2089.22	86.8889
2091.22	84.2222
2093.21	83.7778
2095.2	85.7778
2097.19	89.5556
2099.19	86
2101.18	85.5556
2103.17	84.4444
2105.16	82.8889
2107.14	86.8889
2109.13	82.8889
2111.12	88
2113.11	83.3333
2115.09	84.8889
2117.08	85.3333
2119.06	82.6667
2121.05	84.6667
2123.03	89.3333
2125.02	86.4444
2127	86.4444
2128.98	85.5556
2130.96	89.1111
2132.95	87.7778
2134.93	90.4444
2136.91	86.4444
2138.89	87.1111
2140.87	90.8889
2142.84	87.5556
2144.82	88.4444
2146.8	84
2148.77	84.2222
2150.75	87.5556
2152.73	85.5556
2154.7	86.4444
2156.68	86.8889
2158.65	90.8889
2160.62	90
2162.59	88.6667
2164.57	87.7778
2166.54	87.3333
2168.51	94.6667
2170.48	86.8889
2172.45	93.5556
2174.42	87.5556
2176.38	86.4444
2178.35	90.4444
2180.32	93.1111
2182.29	90.8889
2184.25	92.8889
2186.22	94.2222
2188.18	92.8889
2190.15	86.8889
2192.11	95.1111
2194.07	94.6667
2196.03	84.8889
2198	91.1111
2199.96	88.2222
2201.92	90.8889
2203.88	95.7778
2205.84	89.5556
2207.8	94
2209.76	92.4444
2211.71	91.5556
2213.67	94.6667
2215.63	94.2222
2217.58	89.7778
2219.54	93.3333
2221.49	92.2222
2223.45	92.6667
2225.4	91.1111
2227.36	91.5556
2229.31	89.1111
2231.26	88.6667
2233.21	90.8889
2235.16	89.3333
2237.11	91.7778
2239.06	93.5556
2241.01	91.5556
2242.96	90.8889
2244.91	88.2222
2246.86	92.8889
2248.8	88.4444
2250.75	91.1111
2252.69	90
2254.64	89.7778
2256.58	90
2258.53	88
2260.47	97.5556
2262.41	94.4445
2264.36	92.6667
2266.3	94.6667
2268.24	91.1111
2270.18	95.7778
2272.12	92.4444
2274.06	93.1111
2276	90.8889
2277.94	91.7778
2279.87	93.5556
2281.81	87.5556
2283.75	95.3333
2285.68	93.5556
2287.62	90
2289.55	93.3333
2291.49	91.5556
2293.42	96
2295.35	99.3333
2297.29	93.5556
2299.22	98.6667
2301.15	96.6667
2303.08	94.4444
2305.01	90.4444
2306.94	94.4444
2308.87	97.7778
2310.8	96.4444
2312.73	97.3333
2314.65	90.8889
2316.58	92.2222
2318.51	93.7778
2320.43	96.8889
2322.36	89.7778
2324.28	97.3333
2326.21	95.1111
2328.13	92.8889
2330.05	94.2222
2331.98	95.5556
2333.9	93.1111
2335.82	94.6667
2337.74	95.5556
2339.66	93.1111
2341.58	93.3333
2343.5	91.5556
2345.42	97.3333
2347.33	97.3333
2349.25	96.2222
2351.17	98
2353.08	98.4444
2355	98.2222
2356.92	100.667
2358.83	97.1111
2360.74	97.7778
2362.66	96.4444
2364.57	95.3333
2366.48	94.8889
2368.39	94.8889
2370.31	98
2372.22	95.1111
2374.13	90.8889
2376.04	94.6667
2377.94	96.8889
2379.85	93.3333
2381.76	102
2383.67	93.3333
2385.57	96.2222
2387.48	96.2222
2389.39	92.2222
2391.29	95.3333
2393.2	96.4444
2395.1	93.7778
2397	96
2398.91	93.3333
2400.81	94.6667
2402.71	94.6667
2404.61	96
2406.51	93.7778
2408.41	93.7778
2410.31	89.5556
2412.21	96.4444
2414.11	96.2222
2416.01	98
2417.9	94.4444
2419.8	95.7778
2421.69	98.4444
2423.59	94.8889
2425.49	96.4444
2427.38	94.6667
2429.27	92
2431.17	97.7778
2433.06	97.3333
2434.95	101.111
2436.84	98
2438.73	99.3333
2440.63	92
2442.52	98.4444
2444.41	96.4444
2446.29	98.8889
2448.18	99.5556
2450.07	101.333
2451.96	103.778
2453.84	102.444
