186.297	136.889
188.898	127.111
191.499	122.222
194.097	116.667
196.695	113.778
199.293	111.333
201.889	106.222
204.485	100.222
207.08	96
209.673	99.1111
212.267	84.4444
214.859	86
217.45	88
220.04	82.6667
222.631	77.1111
225.218	77.1111
227.807	79.3333
230.394	73.7778
232.979	72.6667
235.565	70.6667
238.149	71.5556
240.733	71.5556
243.314	68
245.897	69.7778
248.477	64.4444
251.057	67.1111
253.637	67.1111
256.215	63.1111
258.793	60.4444
261.368	62.2222
263.945	60
266.519	64.4444
269.093	61.7778
271.666	61.3333
274.237	64
276.809	57.1111
279.379	59.3333
281.949	59.3333
284.518	59.3333
287.086	60.4444
289.653	58.4444
292.218	58.6667
294.784	60.6667
297.348	58.4444
299.913	59.5556
302.475	59.3333
305.036	58.6667
307.598	60.4444
310.157	63.1111
312.716	60.8889
315.276	61.7778
317.833	65.3333
320.389	66.6667
322.944	69.3333
325.5	65.5556
328.054	64.4444
330.607	67.1111
333.159	67.7778
335.711	69.1111
338.262	69.3333
340.811	73.5556
343.36	77.5556
345.909	82.8889
348.456	84.2222
351.002	90.8889
353.547	93.7778
356.092	105.111
358.637	115.556
361.18	128.444
363.722	146.889
366.263	178.222
368.803	214.222
371.342	268.889
373.881	342
376.419	437.778
378.957	503.556
381.493	518.222
384.028	447.111
386.563	346.222
389.096	245.333
391.629	197.333
394.161	161.778
396.692	135.778
399.222	113.333
401.752	106.222
404.28	97.7778
406.808	84.4444
409.335	85.3333
411.861	82.6667
414.386	77.7778
416.911	76
419.434	70.2222
421.957	69.5555
424.479	67.3333
427	62.8889
429.52	67.7778
432.038	66.2222
434.557	66.2222
437.075	60.8889
439.592	61.7778
442.108	58.4444
444.623	61.1111
447.138	58.2222
449.652	57.1111
452.163	56.6667
454.675	52.6667
457.186	55.3333
459.697	54.6667
462.206	56
464.714	54.4444
467.222	53.5556
469.729	52.6667
472.235	54.4444
474.739	52.4444
477.244	52
479.748	50.4444
482.251	51.5556
484.752	48.8889
487.253	51.5556
489.754	50.6667
492.252	51.3333
494.751	47.1111
497.249	50.6667
499.745	49.3333
502.241	48.2222
504.737	49.7778
507.231	48.2222
509.725	47.1111
512.218	48.2222
514.709	46.4444
517.201	49.7778
519.69	47.5556
522.18	46.4444
524.669	51.3333
527.156	46.6667
529.644	46.6667
532.129	48.6667
534.615	50.2222
537.099	49.3333
539.583	51.3333
542.065	47.1111
544.548	47.7778
547.028	49.1111
549.509	48.4444
551.988	47.5556
554.468	50.2222
556.945	45.1111
559.423	45.3333
561.899	50.4444
564.373	49.3333
566.849	48.6667
569.322	49.7778
571.796	48
574.268	46.2222
576.739	46
579.21	48
581.679	47.1111
584.148	44.6667
586.617	46.8889
589.084	46.6667
591.55	48.8889
594.016	47.3333
596.481	45.1111
598.944	47.1111
601.409	45.3333
603.871	45.7778
606.332	51.3333
608.792	47.1111
611.253	44.8889
613.712	44.8889
616.17	45.1111
618.628	46.8889
621.084	48
623.541	44.8889
625.996	46.4444
628.45	50
630.903	46.6667
633.356	47.5556
635.807	44.6667
638.26	48.6667
640.71	47.7778
643.159	47.7778
645.608	46.8889
648.056	48.8889
650.503	45.1111
652.949	49.3333
655.394	44.2222
657.839	47.3333
660.282	46
662.725	48.2222
665.168	48.2222
667.61	48.8889
670.051	44.4444
672.491	44.8889
674.93	46.6667
677.368	48.2222
679.804	48.2222
682.241	46
684.677	47.3333
687.112	48.8889
689.547	47.3333
691.98	48.2222
694.413	50
696.845	47.3333
699.276	49.1111
701.707	46.8889
704.136	50.4444
706.565	46
708.992	48
711.419	49.7778
713.846	50.6667
716.271	48.4444
718.696	47.1111
721.121	48.4444
723.543	49.7778
725.965	51.1111
728.387	46
730.808	52.4444
733.227	52.6667
735.647	54.8889
738.065	56.2222
740.483	59.3333
742.899	63.3333
745.316	68.6667
747.731	71.1111
750.146	70.6667
752.559	70.4444
754.972	66.6667
757.385	64.6667
759.795	62
762.206	57.1111
764.616	54.2222
767.025	56.8889
769.433	53.3333
771.84	50.6667
774.247	53.1111
776.653	50.6667
779.058	49.3333
781.462	50.4444
783.865	51.7778
786.268	50.4444
788.669	49.3333
791.071	50.6667
793.471	49.5556
795.871	49.3333
798.269	48
800.668	51.5556
803.064	49.1111
805.462	51.3333
807.857	50
810.252	46.6667
812.646	46
815.04	46.8889
817.432	52
819.823	47.5556
822.215	50.2222
824.604	49.7778
826.995	48.6667
829.383	46.6667
831.77	46.6667
834.158	45.7778
836.544	52.4444
838.929	51.5556
841.315	48.2222
843.698	47.5556
846.081	49.5556
848.465	45.7778
850.846	47.5556
853.227	48.2222
855.606	48
857.987	49.7778
860.365	49.5556
862.743	47.5556
865.119	48.8889
867.495	48
869.872	49.1111
872.246	47.1111
874.62	48.2222
876.993	50.8889
879.365	50
881.738	48.8889
884.109	54
886.479	52.4444
888.848	50.6667
891.217	52.4444
893.584	54
895.951	51.3333
898.317	58.2222
900.683	62.8889
903.048	62.2222
905.412	68
907.776	77.3333
910.139	87.7778
912.5	110.222
914.861	186
917.221	449.111
919.581	706.889
921.94	621.556
924.296	430.222
926.653	270.889
929.01	165.111
931.366	107.778
933.721	73.3333
936.075	68.2222
938.428	62.4444
940.781	55.3333
943.133	54.8889
945.484	53.3333
947.835	53.7778
950.183	54.2222
952.532	49.7778
954.88	49.1111
957.228	53.3333
959.575	50.8889
961.921	51.7778
964.265	48.2222
966.609	49.3333
968.953	50.4444
971.296	51.7778
973.637	48
975.979	48.4444
978.32	50.2222
980.66	47.1111
982.998	52
985.337	52.2222
987.675	49.1111
990.01	50.6667
992.347	50.6667
994.683	49.1111
997.016	52.8889
999.35	52.2222
1001.68	50.8889
1004.02	49.7778
1006.35	51.1111
1008.68	53.7778
1011.01	48.8889
1013.34	49.7778
1015.67	49.7778
1017.99	54.8889
1020.32	52.6667
1022.65	51.1111
1024.97	53.1111
1027.3	53.3333
1029.62	55.3333
1031.94	54
1034.27	54.2222
1036.59	55.3333
1038.91	56.8889
1041.23	54.6667
1043.55	60.2222
1045.87	57.7778
1048.19	54.6667
1050.5	56.8889
1052.82	57.5556
1055.14	58.6667
1057.45	54
1059.77	55.1111
1062.08	52.4444
1064.39	53.7778
1066.7	53.3333
1069.02	48.6667
1071.33	53.7778
1073.64	54.8889
1075.95	54.6667
1078.25	48.8889
1080.56	52.8889
1082.87	56
1085.17	54.2222
1087.48	51.7778
1089.79	54.8889
1092.09	53.7778
1094.39	54.2222
1096.69	52.4444
1099	52
1101.3	52.4444
1103.6	51.5556
1105.9	54.2222
1108.2	55.1111
1110.49	53.5556
1112.79	54
1115.09	53.3333
1117.39	54.2222
1119.68	57.5556
1121.98	55.1111
1124.27	53.5556
1126.56	58.8889
1128.85	52.2222
1131.15	53.5556
1133.44	56
1135.73	56.4444
1138.02	54.8889
1140.3	53.7778
1142.59	57.3333
1144.88	54.8889
1147.17	55.5556
1149.45	56.2222
1151.74	58.8889
1154.02	56.8889
1156.31	56.2222
1158.59	59.7778
1160.87	56.8889
1163.15	55.5556
1165.43	55.1111
1167.71	56.8889
1169.99	58.8889
1172.27	59.3333
1174.55	60.2222
1176.83	59.5556
1179.1	59.5556
1181.38	57.1111
1183.65	58
1185.93	59.1111
1188.2	58
1190.47	58.8889
1192.74	60.2222
1195.02	56
1197.29	56.8889
1199.56	55.1111
1201.82	58.8889
1204.09	58
1206.36	57.3333
1208.63	59.5556
1210.89	60.8889
1213.16	56.8889
1215.42	58.8889
1217.69	59.3333
1219.95	58
1222.21	58.4444
1224.48	61.7778
1226.74	61.3333
1229	58
1231.26	61.3333
1233.52	59.5556
1235.78	60.4444
1238.03	58.2222
1240.29	59.3333
1242.55	63.5556
1244.8	60.8889
1247.06	62.2222
1249.31	61.5556
1251.56	60.4444
1253.82	58
1256.07	62
1258.32	64.6667
1260.57	62.2222
1262.82	63.5556
1265.07	64.6667
1267.32	61.5556
1269.57	61.3333
1271.81	61.3333
1274.06	64.6667
1276.3	63.1111
1278.55	68.2222
1280.79	62.2222
1283.04	62.8889
1285.28	66.6667
1287.52	65.7778
1289.76	68.6667
1292	64.4444
1294.24	69.5556
1296.48	66.4444
1298.72	65.1111
1300.96	67.5556
1303.2	70
1305.43	71.1111
1307.67	67.5556
1309.9	67.5556
1312.14	70
1314.37	72.8889
1316.6	74.2222
1318.84	73.7778
1321.07	75.3333
1323.3	73.7778
1325.53	76.8889
1327.76	72.6667
1329.99	73.7778
1332.21	76.8889
1334.44	82.4444
1336.67	84.6667
1338.89	85.1111
1341.12	83.5556
1343.34	87.1111
1345.57	83.7778
1347.79	82.6667
1350.01	91.1111
1352.24	94.2222
1354.46	94
1356.68	95.7778
1358.9	106.444
1361.11	112.222
1363.33	125.556
1365.55	136.222
1367.77	151.556
1369.98	186.222
1372.2	225.778
1374.41	277.111
1376.63	280.444
1378.84	241.778
1381.05	207.778
1383.27	176.667
1385.48	156
1387.69	147.333
1389.9	138
1392.11	134.889
1394.31	137.333
1396.52	128.889
1398.73	133.778
1400.94	131.111
1403.14	135.556
1405.35	136.667
1407.55	136
1409.75	130.889
1411.96	137.333
1414.16	132.889
1416.36	140.889
1418.56	135.778
1420.76	131.556
1422.96	135.111
1425.16	132.222
1427.36	135.556
1429.56	138.667
1431.75	131.111
1433.95	134.667
1436.14	138.667
1438.34	140.889
1440.53	142.889
1442.73	149.556
1444.92	152.222
1447.11	156.444
1449.3	148.222
1451.49	149.111
1453.68	140.444
1455.87	142.889
1458.06	137.333
1460.25	133.778
1462.44	131.111
1464.62	124.444
1466.81	120.667
1468.99	117.111
1471.18	112.444
1473.36	110.444
1475.55	109.333
1477.73	103.778
1479.91	105.111
1482.09	103.556
1484.27	101.333
1486.45	100.667
1488.63	97.5556
1490.81	96.6667
1492.99	97.3333
1495.16	97.5556
1497.34	94.4444
1499.51	96
1501.69	92.8889
1503.86	92
1506.04	94.2222
1508.21	93.1111
1510.38	94.2222
1512.55	91.5556
1514.73	92.6667
1516.9	90.4444
1519.06	87.3333
1521.23	88.8889
1523.4	87.3333
1525.57	90.2222
1527.74	83.7778
1529.9	89.5556
1532.07	87.7778
1534.23	89.3333
1536.4	87.1111
1538.56	86.6667
1540.72	85.5556
1542.89	83.3333
1545.05	84
1547.21	86.2222
1549.37	85.7778
1551.53	86.8889
1553.69	84.2222
1555.84	84.4444
1558	83.1111
1560.16	80.2222
1562.32	82
1564.47	84.6667
1566.63	80.4444
1568.78	82.8889
1570.93	80.8889
1573.09	81.3333
1575.24	78.8889
1577.39	76.2222
1579.54	78.2222
1581.69	77.1111
1583.84	75.5556
1585.99	76.8889
1588.14	76.4444
1590.29	76.8889
1592.43	78.4444
1594.58	80.4444
1596.72	77.7778
1598.87	76.6667
1601.01	78.8889
1603.16	74.2222
1605.3	77.1111
1607.44	74.4444
1609.58	72.6667
1611.72	73.1111
1613.86	73.5556
1616	74.6667
1618.14	72.2222
1620.28	72
1622.42	69.5556
1624.56	71.1111
1626.69	70.8889
1628.83	68.6667
1630.96	69.1111
1633.1	72.6667
1635.23	70.2222
1637.36	73.7778
1639.5	73.1111
1641.63	70.4445
1643.76	69.5556
1645.89	70.8889
1648.02	69.3333
1650.15	71.1111
1652.28	73.7778
1654.4	72.2222
1656.53	71.3333
1658.66	71.1111
1660.78	73.3333
1662.91	72.6667
1665.03	74.4444
1667.16	71.7778
1669.28	68.6667
1671.4	71.7778
1673.52	74.4444
1675.65	71.5555
1677.77	72
1679.89	73.1111
1682.01	70
1684.12	71.7778
1686.24	73.1111
1688.36	74.2222
1690.48	69.1111
1692.59	70.4444
1694.71	74.4444
1696.82	72
1698.94	70.4444
1701.05	72.6667
1703.16	71.1111
1705.27	71.3333
1707.39	70.4444
1709.5	73.1111
1711.61	71.7778
1713.72	73.1111
1715.83	73.5556
1717.93	69.3333
1720.04	72
1722.15	73.3333
1724.25	73.7778
1726.36	73.1111
1728.47	72
1730.57	74.8889
1732.67	71.5556
1734.78	72.4444
1736.88	73.1111
1738.98	74.2222
1741.08	75.3333
1743.18	74.4444
1745.28	76
1747.38	75.1111
1749.48	72
1751.58	72.8889
1753.67	77.5556
1755.77	78
1757.87	74.2222
1759.96	72.8889
1762.06	74.4444
1764.15	75.3333
1766.25	75.3333
1768.34	74.4445
1770.43	75.3333
1772.52	70.2222
1774.61	78.2222
1776.7	75.3333
1778.79	73.7778
1780.88	74.6667
1782.97	73.3333
1785.06	72.6667
1787.14	77.5556
1789.23	73.7778
1791.32	75.3333
1793.4	75.1111
1795.49	75.1111
1797.57	78.2222
1799.65	80
1801.74	78.6667
1803.82	76.4444
1805.9	73.1111
1807.98	78.2222
1810.06	74.4444
1812.14	78.2222
1814.22	76.4444
1816.3	75.3333
1818.38	76.8889
1820.45	78
1822.53	78.2222
1824.6	76.4444
1826.68	83.1111
1828.75	79.1111
1830.83	81.3333
1832.9	81.3333
1834.97	75.5556
1837.05	83.1111
1839.12	76.6667
1841.19	77.7778
1843.26	77.7778
1845.33	78.4444
1847.4	79.3333
1849.46	82.2222
1851.53	78.6667
1853.6	79.3333
1855.66	80
1857.73	78.2222
1859.79	78
1861.86	78
1863.92	79.5556
1865.99	76.2222
1868.05	76.2222
1870.11	74.6667
1872.17	78.8889
1874.23	78.8889
1876.29	75.7778
1878.35	78.4444
1880.41	76.4444
1882.47	74
1884.53	79.3333
1886.58	80.2222
1888.64	80.2222
1890.69	79.3333
1892.75	79.1111
1894.8	75.7778
1896.86	76
1898.91	79.1111
1900.96	80.4444
1903.02	80.2222
1905.07	78.2222
1907.12	78
1909.17	83.3333
1911.22	78.8889
1913.27	75.5556
1915.31	83.5556
1917.36	81.7778
1919.41	78
1921.45	76.8889
1923.5	86
1925.55	78.2222
1927.59	77.7778
1929.63	78.2222
1931.68	81.3333
1933.72	82.6667
1935.76	80
1937.8	81.5556
1939.84	78.8889
1941.88	80.2222
1943.92	80.4444
1945.96	77.5556
1948	83.7778
1950.04	77.3333
1952.08	80.4444
1954.11	80.8889
1956.15	80.4445
1958.18	78.8889
1960.22	78.4444
1962.25	82.2222
1964.29	80
1966.32	82.2222
1968.35	83.5556
1970.38	77.7778
1972.41	83.5556
1974.44	82.4444
1976.47	82.2222
1978.5	77.7778
1980.53	84
1982.56	82.8889
1984.59	81.1111
1986.61	83.1111
1988.64	79.7778
1990.66	75.5556
1992.69	81.3333
1994.71	79.1111
1996.74	79.1111
1998.76	79.3333
2000.78	82.4444
2002.8	84.2222
2004.82	83.3333
2006.85	85.5556
2008.87	81.5556
2010.88	78.4444
2012.9	84.4445
2014.92	82.4444
2016.94	79.5556
2018.96	85.1111
2020.97	82.2222
2022.99	83.7778
2025	81.7778
2027.02	83.5556
2029.03	84.4444
2031.05	81.1111
2033.06	81.5556
2035.07	87.1111
2037.08	87.3333
2039.09	88.6667
2041.1	82.6667
2043.11	84
2045.12	80.6667
2047.13	82
2049.14	84.2222
2051.15	85.3333
2053.15	86
2055.16	84.4444
2057.16	84
2059.17	81.7778
2061.17	87.7778
2063.18	87.7778
2065.18	84.6667
2067.18	84.2222
2069.18	80.8889
2071.19	83.7778
2073.19	87.7778
2075.19	90.6667
2077.19	85.1111
2079.19	80.6667
2081.18	86
2083.18	87.3333
2085.18	81.1111
2087.17	87.3333
2089.17	83.7778
2091.17	84
2093.16	86
2095.16	87.5555
2097.15	83.5556
2099.14	86
2101.13	84.6667
2103.13	87.7778
2105.12	90.4444
2107.11	90
2109.1	92
2111.09	88.8889
2113.08	86
2115.06	83.7778
2117.05	90.4444
2119.04	88.6667
2121.02	84.8889
2123.01	85.5556
2125	86.4444
2126.98	88.2222
2128.96	88
2130.95	84.6667
2132.93	89.1111
2134.91	87.5556
2136.9	89.7778
2138.88	88.6667
2140.86	87.3333
2142.84	90.6667
2144.82	87.3333
2146.8	85.5556
2148.77	87.7778
2150.75	91.7778
2152.73	88.4444
2154.7	87.1111
2156.68	84.6667
2158.65	86.8889
2160.63	89.1111
2162.6	85.7778
2164.58	90.4444
2166.55	88.4444
2168.52	92
2170.49	89.3333
2172.47	89.7778
2174.44	94.2222
2176.41	92.4444
2178.38	89.3333
2180.34	94.2222
2182.31	90.6667
2184.28	91.7778
2186.25	90.2222
2188.21	90.2222
2190.18	94.4444
2192.14	98
2194.11	100.444
2196.07	102.444
2198.04	101.778
2200	101.111
2201.96	110.222
2203.92	118
2205.89	117.556
2207.85	110
2209.81	102.222
2211.77	101.333
2213.72	101.778
2215.68	100.667
2217.64	101.778
2219.6	100.444
2221.55	108.222
2223.51	109.556
2225.47	106.667
2227.42	114.444
2229.37	120.222
2231.33	128
2233.28	125.111
2235.23	132.444
2237.19	152.444
2239.14	180.444
2241.09	219.556
2243.04	290.889
2244.99	410.667
2246.94	602.444
2248.89	898.222
2250.83	1292.89
2252.78	1680.44
2254.73	1618.89
2256.67	1032.22
2258.62	547.556
2260.56	319.111
2262.51	235.556
2264.45	189.778
2266.4	170.889
2268.34	155.556
2270.28	152.889
2272.22	139.333
2274.16	138
2276.1	139.556
2278.04	134.667
2279.98	135.778
2281.92	143.778
2283.86	145.111
2285.8	152
2287.74	173.556
2289.67	193.333
2291.61	221.333
2293.54	225.778
2295.48	216.444
2297.41	193.333
2299.35	167.556
2301.28	144
2303.21	129.556
2305.14	121.333
2307.07	114.222
2309.01	110.889
2310.94	108
2312.86	109.333
2314.79	105.333
2316.72	103.778
2318.65	103.111
2320.58	106
2322.5	101.778
2324.43	102.444
2326.36	100.889
2328.28	101.556
2330.21	102.222
2332.13	104.667
2334.05	99.7778
2335.98	102
2337.9	100
2339.82	98.6667
2341.74	96.2222
2343.66	96
2345.58	97.3333
2347.5	96
2349.42	98.4444
2351.34	98.8889
2353.26	97.7778
2355.17	97.7778
2357.09	95.7778
2359.01	97.3333
2360.92	91.7778
2362.84	96
2364.75	92
2366.67	95.5555
2368.58	98
2370.49	95.3333
2372.4	98.6667
2374.32	93.5556
2376.23	96.2222
2378.14	91.7778
2380.05	98.4444
2381.96	96.2222
2383.86	97.1111
2385.77	96.2222
2387.68	96.4444
2389.59	95.3333
2391.5	94.2222
2393.4	98.8889
2395.31	95.1111
2397.21	92.8889
2399.12	96.2222
2401.02	97.1111
2402.92	92.6667
2404.83	97.1111
2406.73	101.333
2408.63	99.1111
2410.53	102
2412.43	93.7778
2414.33	101.556
2416.23	97.1111
2418.13	98.8889
2420.03	96.6667
2421.93	98.2222
2423.82	96
2425.72	95.3333
2427.61	97.5556
2429.51	102.222
2431.4	97.3333
2433.3	97.7778
2435.19	96.4444
2437.09	98.4444
2438.98	96.6667
2440.87	96.6667
2442.76	98
2444.65	101.111
2446.55	96.2222
2448.44	97.1111
2450.32	98.4445
2452.21	95.1111
2454.1	99.5556
