187.964	1958.44
190.563	1941.78
193.16	1964.89
195.757	1979.33
198.354	1981.11
200.948	1988.44
203.543	1977.78
206.136	1982.67
208.729	1962.22
211.321	1990
213.912	1997.33
216.502	1990.89
219.09	1974.22
221.679	1976.44
224.266	1995.33
226.853	1998
229.438	1973.11
232.023	2007.56
234.607	2007.11
237.19	2035.78
239.772	2031.78
242.352	2015.56
244.934	2039.56
247.512	2054.89
250.092	2062
252.669	2063.56
255.247	2051.78
257.822	2027.78
260.397	2052.22
262.972	2062.67
265.545	2045.11
268.117	2065.78
270.69	2070.67
273.26	2046.67
275.829	2071.56
278.4	2054
280.967	2077.56
283.534	2086.67
286.102	2109.33
288.667	2111.33
291.231	2110.89
293.795	2125.33
296.359	2132.67
298.921	2125.11
301.482	2154.67
304.042	2129.56
306.603	2133.11
309.161	2140
311.719	2134.89
314.276	2154.22
316.832	2140.89
319.388	2146
321.942	2144
324.496	2148
327.048	2134.67
329.6	2145.11
332.151	2150.22
334.701	2173.56
337.252	2180.89
339.8	2188.44
342.347	2159.33
344.894	2173.56
347.44	2200.67
349.985	2211.56
352.529	2218.22
355.072	2208.44
357.615	2227.33
360.156	2233.56
362.697	2230.44
365.237	2254.89
367.776	2242.22
370.315	2248
372.852	2268.44
375.389	2239.33
377.925	2257.56
380.46	2232.44
382.994	2217.78
385.527	2239.33
388.059	2228.44
390.591	2241.33
393.122	2235.33
395.65	2230.44
398.18	2237.78
400.708	2259.11
403.235	2273.78
405.762	2273.33
408.288	2284.22
410.813	2290
413.335	2320.67
415.859	2309.56
418.381	2319.11
420.903	2322.22
423.424	2379.33
425.942	2406.67
428.462	2421.33
430.98	2382.22
433.498	2342.22
436.013	2325.78
438.529	2332.44
441.044	2305.11
443.558	2309.11
446.07	2308
448.583	2300.44
451.095	2296
453.604	2290.89
456.114	2286.44
458.624	2319.33
461.131	2324.67
463.638	2318.89
466.145	2327.78
468.65	2314
471.155	2349.56
473.659	2325.11
476.162	2362.89
478.664	2342
481.165	2344.22
483.666	2361.56
486.165	2358
488.664	2371.56
491.162	2358.67
493.66	2372
496.155	2390.44
498.651	2386
501.145	2366.22
503.64	2385.78
506.132	2364.89
508.625	2382.67
511.116	2351.33
513.608	2361.11
516.097	2336.22
518.586	2358
521.074	2374.67
523.562	2382.22
526.048	2372.44
528.533	2361.78
531.019	2380.67
533.502	2384.89
535.985	2380.67
538.468	2372.22
540.949	2394.44
543.43	2396.89
545.91	2392
548.389	2394
550.867	2423.11
553.345	2413.78
555.821	2418.89
558.297	2414.44
560.771	2404.89
563.247	2430
565.72	2417.11
568.192	2420
570.663	2417.56
573.135	2406.89
575.605	2410.67
578.074	2402
580.542	2399.56
583.01	2415.78
585.478	2413.78
587.943	2396
590.408	2405.78
592.873	2409.33
595.336	2413.56
597.799	2426.22
600.26	2454.67
602.721	2450.44
605.183	2463.11
607.643	2456.67
610.101	2463.78
612.559	2458
615.016	2462.44
617.472	2449.78
619.928	2442.89
622.382	2458.44
624.836	2452.67
627.289	2451.78
629.741	2464
632.193	2458
634.644	2460
637.093	2490.22
639.543	2481.56
641.991	2470.67
644.438	2486.44
646.885	2495.78
649.33	2543.33
651.775	2554.89
654.219	2568.67
656.663	2535.78
659.105	2511.56
661.547	2445.78
663.989	2468.89
666.429	2452
668.867	2468.89
671.306	2445.11
673.744	2458.44
676.181	2443.78
678.618	2439.11
681.052	2450.22
683.487	2458.22
685.921	2463.56
688.355	2471.33
690.786	2457.78
693.218	2489.56
695.649	2465.11
698.079	2478
700.507	2489.56
702.935	2500
705.363	2502
707.789	2498.89
710.215	2504.22
712.641	2494.44
715.064	2486.67
717.488	2470
719.91	2494
722.333	2504.22
724.754	2504.67
727.174	2495.56
729.594	2480.89
732.012	2505.56
734.43	2487.56
736.848	2481.56
739.263	2482.67
741.68	2476.67
744.094	2453.11
746.508	2478
748.921	2484.67
751.334	2476.44
753.745	2474
756.157	2452.22
758.566	2462.67
760.975	2468.44
763.384	2474
765.791	2466
768.199	2485.56
770.604	2472.44
773.01	2470.44
775.414	2469.56
777.818	2505.78
780.221	2502.22
782.623	2510.44
785.024	2487.33
787.426	2507.56
789.825	2519.78
792.224	2529.78
794.623	2509.33
797.02	2526.89
799.416	2514.44
801.812	2511.11
804.208	2530.89
806.602	2517.56
808.996	2507.78
811.388	2502.67
813.781	2491.78
816.172	2513.33
818.562	2505.78
820.952	2505.33
823.341	2492.89
825.73	2483.33
828.117	2466
830.503	2500.44
832.889	2472
835.274	2487.11
837.658	2466.22
840.042	2469.11
842.424	2486.67
844.807	2481.56
847.188	2482.44
849.569	2515.33
851.948	2486.67
854.327	2484.89
856.705	2492.89
859.083	2507.56
861.459	2531.11
863.835	2508.67
866.21	2539.56
868.584	2536.22
870.958	2536.89
873.331	2524.22
875.703	2534.44
878.074	2506.22
880.445	2526.44
882.814	2515.11
885.182	2541.78
887.55	2548.89
889.918	2519.33
892.284	2514.44
894.651	2520.67
897.016	2500.22
899.38	2509.33
901.744	2521.33
904.106	2505.56
906.468	2502.22
908.829	2493.11
911.19	2506
913.55	2514.89
915.908	2498.89
918.267	2482.89
920.624	2511.56
922.982	2474.89
925.336	2496.22
927.692	2478.67
930.047	2503.33
932.399	2498.67
934.753	2522.22
937.105	2492.89
939.456	2497.11
941.807	2488.89
944.157	2487.78
946.505	2498.67
948.854	2502.22
951.202	2494.67
953.548	2494.44
955.895	2491.78
958.24	2515.78
960.585	2518.89
962.929	2499.33
965.271	2520.89
967.614	2497.33
969.955	2515.56
972.296	2529.78
974.636	2517.11
976.976	2542.44
979.314	2587.78
981.652	2597.78
983.989	2618.89
986.326	2723.11
988.66	3352.22
990.995	4070.44
993.329	3896.89
995.662	3237.78
997.995	2788.22
1000.33	2622.67
1002.66	2566
1004.99	2521.78
1007.32	2519.56
1009.65	2491.56
1011.97	2551.33
1014.3	2525.33
1016.63	2529.56
1018.95	2534
1021.28	2545.11
1023.6	2586.44
1025.93	2713.56
1028.25	3193.11
1030.57	3744.44
1032.89	3602
1035.21	3016.67
1037.53	2662.67
1039.85	2578.22
1042.17	2572.67
1044.49	2572.89
1046.81	2570.44
1049.12	2575.56
1051.44	2556
1053.75	2537.78
1056.07	2543.78
1058.38	2498.89
1060.69	2501.56
1063	2531.56
1065.31	2539.11
1067.62	2555.33
1069.93	2552.44
1072.24	2545.11
1074.55	2538.67
1076.86	2526.67
1079.16	2513.56
1081.47	2511.78
1083.77	2498.89
1086.08	2504.22
1088.38	2502.44
1090.69	2517.56
1092.99	2513.78
1095.29	2518
1097.59	2510.67
1099.89	2495.11
1102.19	2515.33
1104.49	2481.56
1106.78	2509.78
1109.08	2496.89
1111.38	2480.89
1113.67	2503.56
1115.97	2498.89
1118.26	2518.44
1120.55	2503.33
1122.85	2525.11
1125.14	2498.22
1127.43	2505.11
1129.72	2510
1132.01	2524.67
1134.3	2509.33
1136.59	2526.89
1138.87	2540.44
1141.16	2554.44
1143.45	2540.67
1145.73	2561.33
1148.02	2544.89
1150.3	2545.33
1152.59	2521.33
1154.87	2525.78
1157.15	2508.22
1159.43	2516.22
1161.71	2507.78
1163.99	2500.44
1166.27	2491.78
1168.55	2480.44
1170.82	2506.89
1173.1	2490
1175.38	2498.44
1177.65	2479.78
1179.93	2465.33
1182.2	2468
1184.47	2487.11
1186.74	2497.11
1189.02	2503.33
1191.29	2496.22
1193.56	2497.56
1195.83	2493.78
1198.09	2514
1200.36	2480
1202.63	2486.44
1204.9	2510.44
1207.16	2517.11
1209.43	2528
1211.69	2534
1213.95	2562.67
1216.22	2603.33
1218.48	2598.22
1220.74	2568.67
1223	2559.56
1225.26	2536.67
1227.52	2525.56
1229.78	2536.22
1232.04	2517.11
1234.29	2499.33
1236.55	2493.78
1238.81	2497.56
1241.06	2464.44
1243.32	2488.67
1245.57	2478.89
1247.82	2495.11
1250.08	2492.89
1252.33	2504.22
1254.58	2492.89
1256.83	2492.22
1259.08	2493.78
1261.32	2497.33
1263.57	2472.44
1265.82	2477.33
1268.07	2480.89
1270.31	2460.89
1272.56	2486.44
1274.8	2478.67
1277.05	2462.89
1279.29	2481.33
1281.53	2479.33
1283.77	2454.89
1286.01	2474.22
1288.25	2446.67
1290.49	2484.22
1292.73	2443.56
1294.97	2459.33
1297.21	2461.11
1299.44	2450.22
1301.68	2467.11
1303.92	2440.67
1306.15	2467.33
1308.38	2433.56
1310.62	2458.89
1312.85	2450.89
1315.08	2444.89
1317.31	2434.22
1319.54	2445.56
1321.77	2436.89
1324	2440.89
1326.23	2441.33
1328.46	2447.56
1330.68	2456.67
1332.91	2430.44
1335.13	2457.33
1337.36	2460.67
1339.58	2464
1341.81	2449.11
1344.03	2445.78
1346.25	2447.33
1348.47	2460.44
1350.69	2468.44
1352.91	2459.11
1355.13	2461.78
1357.35	2438
1359.57	2448.22
1361.78	2442.89
1364	2465.56
1366.22	2443.56
1368.43	2450
1370.65	2454.22
1372.86	2448.22
1375.07	2436.44
1377.28	2442.44
1379.5	2445.78
1381.71	2438.67
1383.92	2410.22
1386.12	2405.56
1388.33	2418.44
1390.54	2430.22
1392.75	2403.11
1394.96	2427.11
1397.16	2412
1399.37	2399.78
1401.57	2418.67
1403.78	2421.56
1405.98	2439.56
1408.18	2401.56
1410.38	2431.78
1412.58	2383.56
1414.78	2423.33
1416.98	2424
1419.18	2414.44
1421.38	2409.33
1423.58	2436.22
1425.78	2446.67
1427.97	2397.78
1430.17	2424.44
1432.36	2462
1434.56	2450.67
1436.75	2462.89
1438.94	2470.89
1441.13	2469.33
1443.33	2484
1445.52	2502
1447.71	2505.78
1449.9	2478
1452.09	2507.11
1454.27	2506.67
1456.46	2525.78
1458.65	2526.44
1460.83	2497.33
1463.02	2498.89
1465.2	2465.11
1467.39	2446.89
1469.57	2434.22
1471.75	2456
1473.94	2440.22
1476.12	2442.22
1478.3	2464.22
1480.48	2467.11
1482.66	2460.89
1484.84	2475.56
1487.01	2446.22
1489.19	2438.67
1491.37	2411.33
1493.54	2407.56
1495.72	2428
1497.89	2398.89
1500.07	2401.11
1502.24	2419.56
1504.41	2387.33
1506.58	2387.11
1508.75	2406.44
1510.93	2382
1513.1	2394.89
1515.26	2371.78
1517.43	2387.78
1519.6	2386.89
1521.77	2375.11
1523.93	2374.67
1526.1	2368.22
1528.26	2382
1530.43	2363.78
1532.59	2363.11
1534.76	2378.22
1536.92	2364.44
1539.08	2370.44
1541.24	2369.78
1543.4	2348.22
1545.56	2349.56
1547.72	2378
1549.88	2382.67
1552.04	2378
1554.19	2376.67
1556.35	2387.78
1558.51	2393.56
1560.66	2372.44
1562.81	2397.11
1564.97	2380
1567.12	2403.78
1569.27	2416.89
1571.43	2448.89
1573.58	2479.11
1575.73	2469.56
1577.88	2448.67
1580.02	2458.44
1582.17	2493.78
1584.32	2437.11
1586.47	2444.22
1588.61	2422
1590.76	2420.22
1592.91	2398.22
1595.05	2398
1597.19	2385.56
1599.34	2403.33
1601.48	2396.44
1603.62	2378.67
1605.76	2364
1607.9	2364.89
1610.04	2364
1612.18	2356.22
1614.32	2354.22
1616.46	2329.11
1618.59	2322.44
1620.73	2358.67
1622.87	2331.33
1625	2304.67
1627.14	2338
1629.27	2318.44
1631.4	2318.22
1633.54	2295.11
1635.67	2310.67
1637.8	2312.67
1639.93	2317.56
1642.06	2293.33
1644.19	2296.89
1646.32	2296.44
1648.44	2288.22
1650.57	2314.89
1652.7	2302.89
1654.82	2293.33
1656.95	2291.11
1659.07	2294.67
1661.2	2293.33
1663.32	2296
1665.44	2299.11
1667.57	2291.56
1669.69	2289.11
1671.81	2300.44
1673.93	2295.33
1676.05	2289.56
1678.17	2295.78
1680.28	2297.33
1682.4	2288.22
1684.52	2292.44
1686.64	2273.78
1688.75	2287.33
1690.87	2280
1692.98	2295.78
1695.09	2282.44
1697.21	2259.56
1699.32	2276.44
1701.43	2258.22
1703.54	2290.44
1705.65	2272.22
1707.76	2279.33
1709.87	2281.11
1711.98	2276.22
1714.09	2291.11
1716.19	2261.33
1718.3	2281.78
1720.41	2249.56
1722.51	2264.67
1724.62	2261.56
1726.72	2261.56
1728.82	2251.33
1730.93	2242
1733.03	2242
1735.13	2236
1737.23	2250.67
1739.33	2226.22
1741.43	2228
1743.53	2258.67
1745.63	2224.44
1747.72	2228
1749.82	2232.67
1751.92	2219.56
1754.01	2218.22
1756.11	2216.44
1758.2	2208.89
1760.29	2226
1762.39	2207.11
1764.48	2203.56
1766.57	2190.89
1768.66	2216.22
1770.75	2194
1772.84	2201.56
1774.93	2188.22
1777.02	2201.78
1779.11	2197.56
1781.2	2206
1783.28	2181.33
1785.37	2195.11
1787.45	2180.67
1789.54	2202
1791.62	2209.78
1793.71	2175.78
1795.79	2202.44
1797.87	2213.56
1799.95	2183.56
1802.03	2177.11
1804.11	2178.89
1806.19	2192.22
1808.27	2177.11
1810.35	2207.78
1812.43	2196.89
1814.51	2162.44
1816.58	2190.44
1818.66	2180.44
1820.73	2182.89
1822.81	2177.33
1824.88	2176.67
1826.95	2180.67
1829.03	2172.22
1831.1	2158.22
1833.17	2134.44
1835.24	2166.67
1837.31	2145.78
1839.38	2160.67
1841.45	2145.78
1843.52	2137.78
1845.59	2138.67
1847.65	2121.56
1849.72	2122
1851.78	2114.89
1853.85	2124
1855.91	2115.11
1857.98	2102
1860.04	2130.67
1862.1	2118.67
1864.17	2107.33
1866.23	2112.22
1868.29	2112
1870.35	2096.67
1872.41	2103.56
1874.47	2121.33
1876.53	2088.89
1878.58	2117.78
1880.64	2113.11
1882.7	2099.11
1884.75	2097.56
1886.81	2108.89
1888.86	2093.56
1890.92	2085.33
1892.97	2090.22
1895.02	2091.78
1897.07	2103.56
1899.12	2116.44
1901.17	2094.44
1903.23	2074
1905.27	2105.56
1907.32	2104
1909.37	2079.11
1911.42	2093.11
1913.47	2104
1915.51	2072.44
1917.56	2066.89
1919.6	2075.11
1921.65	2076.67
1923.69	2078.22
1925.74	2064.44
1927.78	2067.11
1929.82	2072.22
1931.86	2066.22
1933.9	2061.56
1935.94	2054.89
1937.98	2033.78
1940.02	2052.22
1942.06	2028
1944.1	2026.67
1946.14	2036.67
1948.17	2028.44
1950.21	2044.22
1952.24	2018
1954.28	2019.78
1956.31	2001.33
1958.35	2030
1960.38	2014
1962.41	1999.11
1964.44	1995.78
1966.47	2004.44
1968.5	1992
1970.53	1985.33
1972.56	1993.56
1974.59	1977.56
1976.62	1970.67
1978.65	1979.78
1980.67	1972
1982.7	1988.67
1984.73	1959.56
1986.75	1966.89
1988.78	1970.44
1990.8	1989.56
1992.82	1950
1994.85	1982.22
1996.87	1976.89
1998.89	1963.33
2000.91	1952.22
2002.93	1953.56
2004.95	1976.67
2006.97	1958
2008.99	1958.67
2011	1978
2013.02	1976
2015.04	1967.33
2017.05	1962.44
2019.07	1966.22
2021.08	1962.67
2023.1	1968.89
2025.11	1956.89
2027.12	1972.89
2029.14	1941.11
2031.15	1982.89
2033.16	1946.89
2035.17	1968.67
2037.18	1930.67
2039.19	1939.11
2041.2	1933.33
2043.2	1943.56
2045.21	1938.22
2047.22	1935.33
2049.22	1920.67
2051.23	1941.56
2053.24	1912.44
2055.24	1926.67
2057.24	1922.44
2059.25	1908.22
2061.25	1924
2063.25	1925.11
2065.25	1916.89
2067.25	1894.67
2069.25	1878.22
2071.25	1903.11
2073.25	1881.33
2075.25	1894.89
2077.25	1890
2079.25	1888.67
2081.24	1873.78
2083.24	1880.44
2085.23	1858.89
2087.23	1874
2089.22	1871.56
2091.22	1871.78
2093.21	1854
2095.2	1870
2097.19	1866.44
2099.19	1838
2101.18	1854.44
2103.17	1851.33
2105.16	1873.33
2107.14	1837.56
2109.13	1844.22
2111.12	1838
2113.11	1847.11
2115.09	1848.44
2117.08	1843.33
2119.06	1833.11
2121.05	1818.22
2123.03	1834.44
2125.02	1835.11
2127	1820.89
2128.98	1824.44
2130.96	1809.11
2132.95	1822.89
2134.93	1805.78
2136.91	1810.44
2138.89	1827.33
2140.87	1815.78
2142.84	1813.11
2144.82	1802.22
2146.8	1794.22
2148.77	1814
2150.75	1806.89
2152.73	1791.11
2154.7	1780.89
2156.68	1787.56
2158.65	1796
2160.62	1764.89
2162.59	1791.33
2164.57	1765.56
2166.54	1770.89
2168.51	1767.78
2170.48	1768.67
2172.45	1768.44
2174.42	1750.89
2176.38	1750.89
2178.35	1756
2180.32	1732.89
2182.29	1738
2184.25	1741.78
2186.22	1747.33
2188.18	1738.44
2190.15	1748
2192.11	1751.33
2194.07	1721.33
2196.03	1718.67
2198	1704.44
2199.96	1720.89
2201.92	1718.44
2203.88	1722.44
2205.84	1716.89
2207.8	1722
2209.76	1721.56
2211.71	1697.11
2213.67	1694.89
2215.63	1698
2217.58	1703.11
2219.54	1684.89
2221.49	1700.89
2223.45	1697.78
2225.4	1687.11
2227.36	1690.22
2229.31	1675.11
2231.26	1675.33
2233.21	1674
2235.16	1690.89
2237.11	1670
2239.06	1668.22
2241.01	1670.67
2242.96	1655.33
2244.91	1688
2246.86	1672.22
2248.8	1654.44
2250.75	1641.33
2252.69	1646.22
2254.64	1642.22
2256.58	1662.89
2258.53	1637.33
2260.47	1634.22
2262.41	1650.44
2264.36	1649.33
2266.3	1638.22
2268.24	1630.44
2270.18	1619.56
2272.12	1620
2274.06	1628
2276	1628
2277.94	1622.44
2279.87	1610.67
2281.81	1630
2283.75	1577.56
2285.68	1600.67
2287.62	1592.67
2289.55	1585.33
2291.49	1588
2293.42	1603.78
2295.35	1585.56
2297.29	1578.44
2299.22	1586.22
2301.15	1589.33
2303.08	1575.33
2305.01	1560.89
2306.94	1562.44
2308.87	1562.44
2310.8	1548.22
2312.73	1550
2314.65	1559.11
2316.58	1564.89
2318.51	1563.78
2320.43	1546.89
2322.36	1553.11
2324.28	1519.78
2326.21	1559.78
2328.13	1548.89
2330.05	1534.22
2331.98	1534
2333.9	1547.56
2335.82	1525.11
2337.74	1531.56
2339.66	1521.56
2341.58	1517.78
2343.5	1535.56
2345.42	1522.22
2347.33	1521.11
2349.25	1505.33
2351.17	1511.78
2353.08	1504.22
2355	1514
2356.92	1507.78
2358.83	1498.67
2360.74	1495.33
2362.66	1492.67
2364.57	1492.89
2366.48	1496.44
2368.39	1482.67
2370.31	1476.22
2372.22	1485.78
2374.13	1505.78
2376.04	1485.56
2377.94	1472
2379.85	1456.22
2381.76	1455.11
2383.67	1452.67
2385.57	1451.33
2387.48	1430.44
2389.39	1449.56
2391.29	1442.67
2393.2	1432.44
2395.1	1441.33
2397	1432.22
2398.91	1429.33
2400.81	1433.56
2402.71	1439.11
2404.61	1430.67
2406.51	1444
2408.41	1431.78
2410.31	1416.89
2412.21	1430.89
2414.11	1419.33
2416.01	1419.56
2417.9	1422
2419.8	1408
2421.69	1417.78
2423.59	1410
2425.49	1403.33
2427.38	1416
2429.27	1407.11
2431.17	1394
2433.06	1409.56
2434.95	1397.33
2436.84	1395.11
2438.73	1396.67
2440.63	1407.33
2442.52	1406.89
2444.41	1403.78
2446.29	1413.11
2448.18	1380.44
2450.07	1404.44
2451.96	1407.11
2453.84	1404.67
