187.964	1967.78
190.563	1978.22
193.16	1983.33
195.757	1990.44
198.354	1965.33
200.948	1984.22
203.543	1978
206.136	1974.67
208.729	1973.56
211.321	1980
213.912	1984.89
216.502	1989.56
219.09	1975.11
221.679	2001.56
224.266	1990.44
226.853	1989.56
229.438	1994.67
232.023	2022.67
234.607	2029.11
237.19	2019.33
239.772	2043.33
242.352	2019.11
244.934	2044.44
247.512	2046
250.092	2045.56
252.669	2074.44
255.247	2060
257.822	2067.56
260.397	2037.78
262.972	2057.33
265.545	2061.78
268.117	2064
270.69	2061.78
273.26	2069.11
275.829	2079.33
278.4	2060.44
280.967	2086
283.534	2097.78
286.102	2079.56
288.667	2089.78
291.231	2109.33
293.795	2088.89
296.359	2126.22
298.921	2104.67
301.482	2132
304.042	2126.67
306.603	2134.22
309.161	2130.89
311.719	2146
314.276	2134.44
316.832	2154.67
319.388	2140
321.942	2142.22
324.496	2138.67
327.048	2154.67
329.6	2168
332.151	2170.67
334.701	2139.11
337.252	2166.22
339.8	2189.78
342.347	2184.89
344.894	2192.67
347.44	2183.33
349.985	2213.78
352.529	2208.67
355.072	2210
357.615	2213.78
360.156	2241.56
362.697	2252.44
365.237	2247.56
367.776	2254
370.315	2258.89
372.852	2267.11
375.389	2248.22
377.925	2260
380.46	2246.44
382.994	2250.89
385.527	2250.89
388.059	2264.44
390.591	2241.56
393.122	2246
395.65	2255.33
398.18	2282.22
400.708	2270.44
403.235	2264.22
405.762	2261.78
408.288	2294.44
410.813	2305.56
413.335	2297.11
415.859	2295.11
418.381	2314.44
420.903	2364.89
423.424	2377.11
425.942	2425.11
428.462	2418
430.98	2382
433.498	2359.78
436.013	2332.22
438.529	2316.67
441.044	2294.22
443.558	2315.11
446.07	2304
448.583	2312.67
451.095	2304.67
453.604	2320.67
456.114	2321.11
458.624	2318.22
461.131	2321.56
463.638	2307.56
466.145	2341.56
468.65	2317.11
471.155	2341.11
473.659	2342.22
476.162	2355.78
478.664	2334.22
481.165	2336.22
483.666	2364.22
486.165	2369.56
488.664	2373.78
491.162	2359.78
493.66	2387.56
496.155	2384.67
498.651	2403.33
501.145	2394.44
503.64	2378.89
506.132	2372.89
508.625	2356.67
511.116	2378.89
513.608	2381.33
516.097	2360.44
518.586	2366.22
521.074	2371.33
523.562	2380.22
526.048	2367.11
528.533	2374.22
531.019	2392.89
533.502	2405.33
535.985	2386.89
538.468	2396.22
540.949	2399.56
543.43	2358.44
545.91	2408.22
548.389	2401.78
550.867	2397.78
553.345	2415.56
555.821	2418.44
558.297	2431.33
560.771	2410.67
563.247	2398.89
565.72	2398
568.192	2445.78
570.663	2445.33
573.135	2414.44
575.605	2399.11
578.074	2407.56
580.542	2422.44
583.01	2420.22
585.478	2404.22
587.943	2414
590.408	2427.33
592.873	2415.78
595.336	2424.22
597.799	2444.44
600.26	2455.33
602.721	2456.89
605.183	2488.22
607.643	2472.44
610.101	2455.33
612.559	2427.56
615.016	2463.78
617.472	2448.44
619.928	2448.22
622.382	2451.56
624.836	2458
627.289	2474.67
629.741	2455.11
632.193	2452.44
634.644	2455.11
637.093	2489.56
639.543	2470
641.991	2482.44
644.438	2482.44
646.885	2488.67
649.33	2512.44
651.775	2530.89
654.219	2563.56
656.663	2544
659.105	2522
661.547	2469.56
663.989	2476.44
666.429	2466.22
668.867	2477.33
671.306	2445.11
673.744	2456.22
676.181	2457.78
678.618	2463.56
681.052	2492.44
683.487	2474.44
685.921	2449.78
688.355	2495.11
690.786	2454
693.218	2484.67
695.649	2485.56
698.079	2490.44
700.507	2488.22
702.935	2499.78
705.363	2508
707.789	2493.56
710.215	2518.22
712.641	2511.78
715.064	2495.33
717.488	2492
719.91	2495.78
722.333	2484.89
724.754	2501.11
727.174	2502.44
729.594	2486
732.012	2496.22
734.43	2476.89
736.848	2510
739.263	2486.44
741.68	2486.22
744.094	2477.78
746.508	2478.22
748.921	2480.67
751.334	2455.33
753.745	2488.22
756.157	2481.78
758.566	2463.11
760.975	2489.78
763.384	2483.11
765.791	2484.67
768.199	2503.11
770.604	2493.11
773.01	2497.56
775.414	2507.78
777.818	2503.78
780.221	2504
782.623	2497.56
785.024	2498.44
787.426	2505.56
789.825	2510.22
792.224	2522
794.623	2523.56
797.02	2528.22
799.416	2517.33
801.812	2483.56
804.208	2531.11
806.602	2522.44
808.996	2518.44
811.388	2513.78
813.781	2524.44
816.172	2515.33
818.562	2514
820.952	2506.44
823.341	2502
825.73	2468.22
828.117	2503.11
830.503	2501.33
832.889	2478.89
835.274	2494.44
837.658	2488.22
840.042	2494.22
842.424	2482.44
844.807	2480.89
847.188	2481.33
849.569	2498.89
851.948	2504.67
854.327	2468
856.705	2526.89
859.083	2535.78
861.459	2509.78
863.835	2508.22
866.21	2535.78
868.584	2539.11
870.958	2553.33
873.331	2552.44
875.703	2536
878.074	2534.89
880.445	2543.56
882.814	2528.22
885.182	2540.22
887.55	2515.78
889.918	2526.44
892.284	2526.67
894.651	2541.11
897.016	2500.67
899.38	2530.67
901.744	2518.44
904.106	2511.11
906.468	2508
908.829	2511.11
911.19	2491.78
913.55	2509.33
915.908	2515.56
918.267	2496.89
920.624	2487.78
922.982	2492.22
925.336	2502.67
927.692	2493.33
930.047	2492
932.399	2496.44
934.753	2501.78
937.105	2494.89
939.456	2508.22
941.807	2534.89
944.157	2494.44
946.505	2479.33
948.854	2490.67
951.202	2494
953.548	2502.89
955.895	2493.78
958.24	2499.56
960.585	2499.11
962.929	2520
965.271	2517.56
967.614	2527.56
969.955	2509.78
972.296	2532.44
974.636	2542.67
976.976	2564.67
979.314	2593.33
981.652	2602.67
983.989	2608.44
986.326	2739.56
988.66	3333.56
990.995	4090.22
993.329	3914.67
995.662	3240.67
997.995	2794
1000.33	2644.22
1002.66	2558.22
1004.99	2531.56
1007.32	2541.78
1009.65	2499.11
1011.97	2522.22
1014.3	2513.56
1016.63	2540.44
1018.95	2538.22
1021.28	2575.78
1023.6	2594.67
1025.93	2718.67
1028.25	3167.11
1030.57	3732.89
1032.89	3604
1035.21	3029.78
1037.53	2666
1039.85	2587.11
1042.17	2558.89
1044.49	2553.33
1046.81	2581.78
1049.12	2586.44
1051.44	2563.33
1053.75	2547.11
1056.07	2539.56
1058.38	2542
1060.69	2546.22
1063	2514
1065.31	2547.56
1067.62	2560.89
1069.93	2540.89
1072.24	2527.33
1074.55	2526.44
1076.86	2518
1079.16	2522
1081.47	2507.11
1083.77	2484
1086.08	2491.56
1088.38	2538
1090.69	2503.33
1092.99	2509.78
1095.29	2511.33
1097.59	2518.89
1099.89	2484.89
1102.19	2512.22
1104.49	2501.56
1106.78	2491.11
1109.08	2496.44
1111.38	2519.78
1113.67	2496.67
1115.97	2481.78
1118.26	2522.44
1120.55	2547.78
1122.85	2520.67
1125.14	2522.67
1127.43	2515.56
1129.72	2512.22
1132.01	2535.33
1134.3	2543.11
1136.59	2516
1138.87	2529.11
1141.16	2535.78
1143.45	2542
1145.73	2552.44
1148.02	2558
1150.3	2536.44
1152.59	2525.78
1154.87	2514.22
1157.15	2506.89
1159.43	2500.89
1161.71	2508.22
1163.99	2525.78
1166.27	2512
1168.55	2492
1170.82	2486
1173.1	2507.33
1175.38	2490.89
1177.65	2484.22
1179.93	2508.67
1182.2	2493.33
1184.47	2506.44
1186.74	2501.11
1189.02	2479.33
1191.29	2493.11
1193.56	2498.44
1195.83	2491.78
1198.09	2522.44
1200.36	2517.78
1202.63	2513.11
1204.9	2528.44
1207.16	2522.89
1209.43	2498.89
1211.69	2540
1213.95	2570.67
1216.22	2613.78
1218.48	2609.11
1220.74	2568
1223	2569.56
1225.26	2536.22
1227.52	2554.22
1229.78	2513.56
1232.04	2516
1234.29	2493.78
1236.55	2493.33
1238.81	2491.56
1241.06	2500.22
1243.32	2492.67
1245.57	2499.78
1247.82	2506.44
1250.08	2502
1252.33	2491.78
1254.58	2475.78
1256.83	2495.78
1259.08	2471.11
1261.32	2500
1263.57	2488.22
1265.82	2489.11
1268.07	2474.67
1270.31	2482.44
1272.56	2464.44
1274.8	2476.44
1277.05	2479.11
1279.29	2473.56
1281.53	2489.78
1283.77	2450.44
1286.01	2467.78
1288.25	2459.11
1290.49	2428.44
1292.73	2486
1294.97	2468.89
1297.21	2469.11
1299.44	2480.67
1301.68	2462.67
1303.92	2441.78
1306.15	2452.89
1308.38	2430.67
1310.62	2460.22
1312.85	2444.44
1315.08	2453.78
1317.31	2446.89
1319.54	2451.78
1321.77	2457.11
1324	2478.89
1326.23	2470.22
1328.46	2448.22
1330.68	2444
1332.91	2457.56
1335.13	2482.67
1337.36	2459.11
1339.58	2460
1341.81	2443.33
1344.03	2474
1346.25	2447.78
1348.47	2466
1350.69	2453.11
1352.91	2456.44
1355.13	2456.67
1357.35	2476
1359.57	2467.78
1361.78	2461.33
1364	2466.44
1366.22	2450.44
1368.43	2474.89
1370.65	2449.11
1372.86	2440.67
1375.07	2451.56
1377.28	2446.44
1379.5	2438.44
1381.71	2455.11
1383.92	2408.22
1386.12	2444.67
1388.33	2448.44
1390.54	2435.11
1392.75	2436.44
1394.96	2415.33
1397.16	2428
1399.37	2428.44
1401.57	2433.11
1403.78	2428.44
1405.98	2432.89
1408.18	2455.78
1410.38	2432.67
1412.58	2413.56
1414.78	2428.67
1416.98	2428
1419.18	2431.56
1421.38	2417.56
1423.58	2446
1425.78	2458.67
1427.97	2442.44
1430.17	2427.33
1432.36	2438.67
1434.56	2464.67
1436.75	2475.11
1438.94	2492.89
1441.13	2497.11
1443.33	2482
1445.52	2514.89
1447.71	2495.33
1449.9	2539.33
1452.09	2501.78
1454.27	2536
1456.46	2542
1458.65	2527.56
1460.83	2494.44
1463.02	2480.89
1465.2	2487.78
1467.39	2465.33
1469.57	2456.89
1471.75	2462
1473.94	2434.22
1476.12	2460.22
1478.3	2471.11
1480.48	2464.44
1482.66	2477.56
1484.84	2461.78
1487.01	2447.33
1489.19	2448.22
1491.37	2415.33
1493.54	2422
1495.72	2439.11
1497.89	2404
1500.07	2401.33
1502.24	2419.56
1504.41	2393.33
1506.58	2395.56
1508.75	2402.67
1510.93	2393.56
1513.1	2398.89
1515.26	2371.56
1517.43	2413.78
1519.6	2388.67
1521.77	2387.33
1523.93	2390.89
1526.1	2389.33
1528.26	2394.22
1530.43	2384.22
1532.59	2368
1534.76	2362.22
1536.92	2372
1539.08	2365.56
1541.24	2369.78
1543.4	2369.56
1545.56	2380.44
1547.72	2375.11
1549.88	2405.33
1552.04	2391.11
1554.19	2383.56
1556.35	2386.44
1558.51	2394.44
1560.66	2382.22
1562.81	2391.78
1564.97	2389.78
1567.12	2418.67
1569.27	2441.33
1571.43	2446.89
1573.58	2504.22
1575.73	2479.78
1577.88	2463.33
1580.02	2467.56
1582.17	2473.11
1584.32	2444
1586.47	2449.56
1588.61	2428.22
1590.76	2412.22
1592.91	2413.56
1595.05	2404.89
1597.19	2416.22
1599.34	2412.44
1601.48	2396.44
1603.62	2388.22
1605.76	2379.56
1607.9	2363.11
1610.04	2373.11
1612.18	2345.56
1614.32	2331.56
1616.46	2313.78
1618.59	2349.11
1620.73	2344.67
1622.87	2332.44
1625	2335.11
1627.14	2332
1629.27	2328.44
1631.4	2321.56
1633.54	2315.11
1635.67	2316.22
1637.8	2309.33
1639.93	2306.44
1642.06	2314.22
1644.19	2315.33
1646.32	2296.44
1648.44	2292.67
1650.57	2313.78
1652.7	2301.33
1654.82	2275.33
1656.95	2297.33
1659.07	2295.56
1661.2	2283.11
1663.32	2296.44
1665.44	2293.78
1667.57	2286.67
1669.69	2278.44
1671.81	2264
1673.93	2312.67
1676.05	2282.67
1678.17	2287.78
1680.28	2281.11
1682.4	2279.11
1684.52	2292.89
1686.64	2300.67
1688.75	2287.33
1690.87	2272.67
1692.98	2296.44
1695.09	2296.67
1697.21	2306.89
1699.32	2272.44
1701.43	2286.22
1703.54	2277.11
1705.65	2269.11
1707.76	2289.78
1709.87	2283.78
1711.98	2288.22
1714.09	2259.78
1716.19	2274.22
1718.3	2251.56
1720.41	2253.33
1722.51	2272.22
1724.62	2272.44
1726.72	2213.33
1728.82	2247.56
1730.93	2260.67
1733.03	2247.33
1735.13	2249.33
1737.23	2238.67
1739.33	2236.89
1741.43	2240.44
1743.53	2246.89
1745.63	2233.78
1747.72	2220.22
1749.82	2244.22
1751.92	2238.89
1754.01	2237.78
1756.11	2215.56
1758.2	2211.78
1760.29	2237.56
1762.39	2218.67
1764.48	2210.22
1766.57	2186.89
1768.66	2215.33
1770.75	2206.22
1772.84	2203.78
1774.93	2199.78
1777.02	2217.33
1779.11	2211.33
1781.2	2184.67
1783.28	2195.33
1785.37	2207.11
1787.45	2218.67
1789.54	2202.44
1791.62	2198
1793.71	2187.78
1795.79	2205.33
1797.87	2207.78
1799.95	2193.33
1802.03	2183.56
1804.11	2192.44
1806.19	2192.67
1808.27	2185.33
1810.35	2194.22
1812.43	2184.67
1814.51	2178.22
1816.58	2178.89
1818.66	2173.78
1820.73	2166.67
1822.81	2190.89
1824.88	2168.22
1826.95	2171.78
1829.03	2190.44
1831.1	2167.56
1833.17	2178.22
1835.24	2160
1837.31	2151.11
1839.38	2155.56
1841.45	2158
1843.52	2139.11
1845.59	2158.89
1847.65	2146.44
1849.72	2136.44
1851.78	2137.56
1853.85	2112
1855.91	2163.56
1857.98	2122.67
1860.04	2141.33
1862.1	2135.33
1864.17	2115.33
1866.23	2110.89
1868.29	2100.89
1870.35	2113.56
1872.41	2101.78
1874.47	2119.56
1876.53	2128
1878.58	2100.89
1880.64	2117.33
1882.7	2114.89
1884.75	2118
1886.81	2105.33
1888.86	2099.78
1890.92	2094.67
1892.97	2099.78
1895.02	2110.89
1897.07	2102
1899.12	2109.11
1901.17	2111.78
1903.23	2094.44
1905.27	2080
1907.32	2106.67
1909.37	2088.44
1911.42	2094.67
1913.47	2102.22
1915.51	2070.44
1917.56	2104.89
1919.6	2061.78
1921.65	2079.78
1923.69	2089.56
1925.74	2088.44
1927.78	2059.78
1929.82	2072.44
1931.86	2075.11
1933.9	2066
1935.94	2056.22
1937.98	2054.67
1940.02	2035.33
1942.06	2029.33
1944.1	2046.22
1946.14	2024.67
1948.17	2037.78
1950.21	2026
1952.24	2017.56
1954.28	2036.22
1956.31	2040.44
1958.35	2032.67
1960.38	2025.78
1962.41	2006.89
1964.44	2010.44
1966.47	2020.89
1968.5	2012.44
1970.53	2008.44
1972.56	1999.56
1974.59	1997.56
1976.62	1979.11
1978.65	1986.89
1980.67	1979.11
1982.7	1976.22
1984.73	1970
1986.75	1988.67
1988.78	1982.22
1990.8	1963.11
1992.82	1976.67
1994.85	1969.78
1996.87	1960.44
1998.89	1980.67
2000.91	1990.44
2002.93	1960.89
2004.95	1958.22
2006.97	1974.67
2008.99	1971.11
2011	1968.89
2013.02	1964.89
2015.04	1962.67
2017.05	1965.56
2019.07	1981.11
2021.08	1970.67
2023.1	1973.33
2025.11	1965.33
2027.12	1937.78
2029.14	1959.56
2031.15	1959.56
2033.16	1968.89
2035.17	1947.33
2037.18	1950.44
2039.19	1939.56
2041.2	1955.33
2043.2	1942.89
2045.21	1945.33
2047.22	1947.56
2049.22	1935.78
2051.23	1929.11
2053.24	1930.22
2055.24	1941.56
2057.24	1899.33
2059.25	1912.67
2061.25	1911.56
2063.25	1922.89
2065.25	1902
2067.25	1908.22
2069.25	1909.56
2071.25	1916.67
2073.25	1887.11
2075.25	1896.67
2077.25	1910.44
2079.25	1910.44
2081.24	1896.67
2083.24	1904
2085.23	1880
2087.23	1889.78
2089.22	1863.11
2091.22	1872.44
2093.21	1857.33
2095.2	1888.89
2097.19	1868.44
2099.19	1855.56
2101.18	1853.33
2103.17	1869.78
2105.16	1849.33
2107.14	1871.78
2109.13	1871.56
2111.12	1879.11
2113.11	1837.56
2115.09	1841.56
2117.08	1850.89
2119.06	1826.89
2121.05	1843.56
2123.03	1849.11
2125.02	1840
2127	1832.89
2128.98	1822.22
2130.96	1819.11
2132.95	1819.33
2134.93	1830
2136.91	1830.89
2138.89	1794.44
2140.87	1846.67
2142.84	1815.33
2144.82	1829.33
2146.8	1804
2148.77	1808.44
2150.75	1805.56
2152.73	1812.22
2154.7	1796.44
2156.68	1799.78
2158.65	1787.78
2160.62	1789.78
2162.59	1781.56
2164.57	1770.44
2166.54	1756.89
2168.51	1761.78
2170.48	1784.22
2172.45	1765.78
2174.42	1761.11
2176.38	1754.89
2178.35	1748.44
2180.32	1754.89
2182.29	1722.44
2184.25	1746.67
2186.22	1741.33
2188.18	1751.78
2190.15	1760.89
2192.11	1736
2194.07	1739.11
2196.03	1713.11
2198	1723.33
2199.96	1716.22
2201.92	1722.22
2203.88	1729.11
2205.84	1723.11
2207.8	1715.11
2209.76	1710.22
2211.71	1716.67
2213.67	1707.56
2215.63	1696.67
2217.58	1719.11
2219.54	1694.67
2221.49	1704.44
2223.45	1696.22
2225.4	1704
2227.36	1673.78
2229.31	1711.56
2231.26	1688
2233.21	1674.67
2235.16	1682.22
2237.11	1660
2239.06	1689.33
2241.01	1685.56
2242.96	1663.78
2244.91	1679.78
2246.86	1664.89
2248.8	1667.56
2250.75	1676.67
2252.69	1668.67
2254.64	1660.44
2256.58	1639.56
2258.53	1652.67
2260.47	1642.22
2262.41	1643.78
2264.36	1660.22
2266.3	1648.44
2268.24	1628
2270.18	1628
2272.12	1620.89
2274.06	1628.44
2276	1622.44
2277.94	1617.33
2279.87	1608.67
2281.81	1626.89
2283.75	1611.56
2285.68	1609.56
2287.62	1601.56
2289.55	1578.67
2291.49	1581.78
2293.42	1604.44
2295.35	1596.67
2297.29	1580.89
2299.22	1582
2301.15	1597.78
2303.08	1577.56
2305.01	1578
2306.94	1571.56
2308.87	1572.89
2310.8	1572.89
2312.73	1577.78
2314.65	1580.22
2316.58	1545.78
2318.51	1557.11
2320.43	1549.11
2322.36	1551.56
2324.28	1560.44
2326.21	1563.56
2328.13	1550.67
2330.05	1531.56
2331.98	1531.56
2333.9	1557.11
2335.82	1543.56
2337.74	1543.33
2339.66	1516.89
2341.58	1516.22
2343.5	1535.33
2345.42	1508.44
2347.33	1528.89
2349.25	1518
2351.17	1513.56
2353.08	1516
2355	1501.56
2356.92	1516.67
2358.83	1504.89
2360.74	1516.89
2362.66	1472.67
2364.57	1494.22
2366.48	1492
2368.39	1501.11
2370.31	1488
2372.22	1489.11
2374.13	1469.33
2376.04	1491.33
2377.94	1470
2379.85	1470.67
2381.76	1468.22
2383.67	1468.22
2385.57	1476
2387.48	1460.89
2389.39	1459.56
2391.29	1462
2393.2	1450
2395.1	1442.89
2397	1441.11
2398.91	1438.44
2400.81	1432.44
2402.71	1435.33
2404.61	1438
2406.51	1435.56
2408.41	1421.78
2410.31	1435.78
2412.21	1414
2414.11	1427.56
2416.01	1423.33
2417.9	1430.44
2419.8	1414.44
2421.69	1412.22
2423.59	1409.56
2425.49	1428.89
2427.38	1416.67
2429.27	1400.89
2431.17	1421.33
2433.06	1402.22
2434.95	1408.67
2436.84	1411.33
2438.73	1400.89
2440.63	1411.56
2442.52	1392.44
2444.41	1408.67
2446.29	1398
2448.18	1397.56
2450.07	1410.67
2451.96	1394.22
2453.84	1408.44
