105.443	6159.47
108.528	5482.7
111.612	4857.54
114.693	4231.75
117.774	3710.53
120.854	3266.16
123.931	2853.58
127.007	2524.43
130.081	2194.13
133.155	1944.55
136.226	1706.08
139.296	1530.95
142.364	1347.44
145.431	1171.96
148.496	1056.01
151.559	941.496
154.622	835.19
157.682	754.964
160.741	679.441
163.799	617.09
166.855	558.388
169.91	499.365
172.963	457.711
176.014	411.753
179.064	377.744
182.113	349.321
185.16	317.579
188.205	295.66
191.249	275.673
194.291	261.881
197.333	239.725
200.372	231.56
203.409	221.093
206.446	209.32
209.48	191.578
212.514	176.813
215.546	181.668
218.577	162.953
221.605	156.489
224.633	150.445
227.658	147.894
230.682	140.521
233.706	140.792
236.727	136.248
239.747	130.423
242.765	124.659
245.782	126.538
248.797	123.045
251.811	119.201
254.823	114.63
257.834	115.247
260.844	115.614
263.852	101.613
266.858	105.782
269.863	110.854
272.866	103.503
275.868	104.853
278.869	107.731
281.867	106.649
284.865	112.383
287.861	105.704
290.856	103.762
293.848	106.832
296.84	104.169
299.83	101.642
302.819	108.535
305.806	97.3941
308.791	103.427
311.775	103.556
314.758	101.69
317.739	102.847
320.719	104.618
323.697	104.406
326.674	101.877
329.649	106.373
332.623	98.4486
335.595	107.835
338.566	103.551
341.535	105.257
344.504	102.629
347.47	104.921
350.434	102.179
353.399	100.919
356.36	105.315
359.321	96.4938
362.281	98.3447
365.238	106.028
368.194	104.128
371.149	101.958
374.102	108.847
377.054	108.527
380.005	112.571
382.954	114.27
385.901	122.383
388.847	125.962
391.792	121.713
394.735	128.01
397.676	129.261
400.617	124.114
403.555	114.875
406.493	106.545
409.429	108.537
412.363	107.035
415.297	105.938
418.228	97.9205
421.158	105.576
424.087	97.1788
427.014	90.682
429.94	98.0431
432.864	92.871
435.787	94.2587
438.709	95.3918
441.629	86.035
444.547	90.6152
447.464	85.0601
450.38	89.9386
453.294	84.3644
456.208	88.037
459.119	84.3542
462.028	77.6725
464.938	89.4229
467.844	86.1699
470.75	82.5637
473.654	81.0867
476.557	77.555
479.459	81.8112
482.359	81.765
485.257	80.3651
488.154	78.5742
491.05	75.1795
493.945	78.8801
496.838	77.1319
499.729	75.1501
502.619	78.8077
505.508	75.724
508.395	73.9913
511.281	79.1439
514.165	73.3686
517.049	79.6765
519.93	73.8674
522.81	74.9608
525.689	72.5725
528.566	72.028
531.442	78.6262
534.317	80.352
537.19	81.8073
540.062	80.7892
542.932	76.0317
545.801	78.3125
548.669	75.7497
551.534	79.724
554.399	84.0302
557.262	86.4779
560.124	86.2632
562.985	80.2007
565.844	90.4283
568.702	95.6281
571.558	103.005
574.413	109.078
577.266	118.338
580.118	130.161
582.969	150.722
585.819	176.308
588.666	233.537
591.513	338.642
594.359	535.441
597.202	757.964
600.045	789.516
602.885	587.281
605.725	391.702
608.564	265.752
611.4	197.756
614.236	159.614
617.07	132.365
619.902	123.925
622.734	106.656
625.564	107.112
628.393	99.255
631.219	90.7739
634.045	89.2174
636.87	86.4901
639.693	88.5883
642.515	85.4631
645.335	86.1596
648.153	83.9386
650.971	83.8532
653.787	82.9176
656.602	83.0754
659.416	79.2587
662.228	80.7386
665.038	87.44
667.848	95.0199
670.655	85.7145
673.462	88.9149
676.268	88.7662
679.071	78.9374
681.874	81.288
684.675	83.4161
687.475	83.0974
690.273	78.724
693.07	77.6726
695.866	77.7735
698.66	72.5628
701.453	69.0457
704.244	72.2241
707.035	72.8222
709.824	72.8717
712.612	64.9529
715.397	72.5816
718.183	76.3503
720.966	68.1725
723.748	70.2141
726.529	72.3573
729.308	77.0577
732.087	67.0041
734.863	68.727
737.639	71.7917
740.413	66.8167
743.186	73.1788
745.956	68.7256
748.726	70.8847
751.495	66.9346
754.262	69.6236
757.029	71.7563
759.793	73.2141
762.557	72.9388
765.318	79.5268
768.079	76.3052
770.839	76.668
773.597	76.4846
776.353	80.4345
779.109	84.5199
781.862	83.9258
784.615	87.0479
787.366	99.614
790.116	106.551
792.865	108.918
795.612	114.576
798.358	105.207
801.102	90.946
803.846	91.2905
806.588	85.4491
809.329	88.634
812.068	84.1342
814.806	85.0258
817.542	87.8808
820.278	97.3235
823.012	98.1464
825.744	99.3515
828.476	106.267
831.206	115.627
833.935	125.008
836.662	141.953
839.388	158.211
842.113	160.742
844.836	150.947
847.558	129.658
850.279	117.716
852.999	96.1696
855.718	92.9913
858.435	84.0022
861.15	84.3197
863.865	80.3869
866.577	78.9022
869.289	75.8532
871.999	73.4198
874.709	72.0791
877.417	65.2887
880.123	72.5458
882.828	71.3778
885.531	67.9112
888.234	69.5871
890.936	71.8289
893.635	68.9796
896.334	69.4834
899.031	67.6708
901.728	71.1684
904.422	71.8148
907.116	69.6505
909.808	70.5706
912.499	77.738
915.188	74.4744
917.877	77.4772
920.563	73.412
923.249	77.8142
925.934	84.1445
928.617	85.6015
931.298	89.3916
933.979	85.6018
936.658	89.8656
939.336	87.5581
942.013	87.8252
944.688	85.7692
947.362	95.5945
950.035	97.3918
952.706	103.548
955.377	116.31
958.045	139.295
960.714	162.836
963.38	216.218
966.044	302.748
968.709	489.323
971.372	793.049
974.033	1187.53
976.693	1617.9
979.351	2702.53
982.009	6825.4
984.665	11156.9
987.32	7903.59
989.974	4208.34
992.626	2146.27
995.277	1008.97
997.926	554.825
1000.57	360.842
1003.22	233.117
1005.87	178.317
1008.51	140.993
1011.16	125.607
1013.8	117.948
1016.44	113.004
1019.08	107.441
1021.72	107.292
1024.35	102.285
1026.99	100.669
1029.63	95.1694
1032.26	92.3233
1034.89	88.2684
1037.52	87.8038
1040.15	81.4779
1042.78	87.0104
1045.41	84.1702
1048.03	81.9639
1050.66	80.8895
1053.28	80.7017
1055.9	76.3947
1058.52	76.3117
1061.14	76.8808
1063.76	81.2793
1066.38	86.771
1068.99	85.2807
1071.61	89.2826
1074.22	84.4923
1076.83	82.1622
1079.44	80.1013
1082.05	77.2483
1084.66	81.1158
1087.27	73.3628
1089.87	74.6692
1092.48	78.9608
1095.08	79.1873
1097.68	76.0188
1100.29	80.8709
1102.88	75.2544
1105.48	82.1574
1108.08	80.2282
1110.68	81.5375
1113.27	75.9169
1115.86	83.083
1118.46	83.1556
1121.05	88.7152
1123.64	91.9194
1126.23	86.8112
1128.81	95.5614
1131.4	99.5992
1133.98	102.552
1136.57	106.77
1139.15	118.505
1141.73	121.45
1144.31	133.117
1146.89	136.879
1149.47	142.103
1152.04	159.087
1154.62	188.291
1157.19	221.958
1159.76	275.45
1162.33	360.161
1164.9	484.867
1167.47	603.135
1170.04	651.516
1172.61	615.799
1175.17	496.904
1177.74	386.699
1180.3	290.78
1182.86	225.406
1185.42	191.174
1187.98	161.685
1190.54	138.881
1193.09	122.773
1195.65	116.609
1198.2	110.77
1200.76	99.3919
1203.31	99.5757
1205.86	93.064
1208.41	101.423
1210.96	101.178
1213.5	90.9924
1216.05	87.2141
1218.59	88.8976
1221.14	87.7421
1223.68	76.2935
1226.22	78.4901
1228.76	81.0509
1231.3	86.6581
1233.84	80.5854
1236.37	79.1824
1238.91	76.99
1241.44	77.4357
1243.97	81.4834
1246.5	78.3083
1249.03	82.0243
1251.56	81.9661
1254.09	81.0457
1256.62	82.771
1259.14	80.2143
1261.67	82.2227
1264.19	78.6383
1266.71	87.7158
1269.23	83.7112
1271.75	77.7252
1274.27	80.5335
1276.78	81.6275
1279.3	88.9337
1281.81	86.9863
1284.33	82.4797
1286.84	83.4359
1289.35	87.6493
1291.86	86.3298
1294.37	86.7123
1296.88	88.7293
1299.38	88.6671
1301.89	91.2575
1304.39	93.9796
1306.89	93.0353
1309.4	93.3555
1311.9	93.5857
1314.4	96.3153
1316.89	94.2651
1319.39	92.6
1321.89	94.7307
1324.38	95.2704
1326.87	91.6138
1329.37	97.9475
1331.86	97.8808
1334.35	98.5488
1336.83	103.086
1339.32	105.39
1341.81	109.024
1344.29	101.864
1346.78	114.64
1349.26	109.947
1351.74	111.441
1354.22	109.456
1356.7	112.101
1359.18	115.749
1361.65	114.836
1364.13	111.427
1366.6	114.589
1369.08	115.855
1371.55	108.026
1374.02	110.035
1376.49	105.267
1378.96	110.973
1381.43	107.462
1383.89	107.116
1386.36	108.449
1388.82	112.711
1391.28	111.116
1393.75	118.87
1396.21	121.668
1398.67	135.354
1401.12	125.168
1403.58	120.648
1406.04	111.248
1408.49	109.212
1410.95	108.354
1413.4	107.807
1415.85	104.006
1418.3	107.471
1420.75	106.74
1423.2	100.822
1425.64	104.422
1428.09	108.317
1430.53	108.209
1432.97	102.214
1435.42	99.0497
1437.86	102.77
1440.3	100.628
1442.74	99.711
1445.17	99.2819
1447.61	104.619
1450.05	108.046
1452.48	101.527
1454.91	103.368
1457.34	109.503
1459.77	104.347
1462.2	100.108
1464.63	101.381
1467.06	103.002
1469.48	103.432
1471.91	109.383
1474.33	104.789
1476.76	106.436
1479.18	102.695
1481.6	102.401
1484.02	98.8988
1486.44	97.534
1488.85	96.4583
1491.27	102.702
1493.68	104.316
1496.1	99.7203
1498.51	101.128
1500.92	97.0245
1503.33	93.8269
1505.74	96.6895
1508.15	91.3703
1510.55	96.6873
1512.96	95.5217
1515.36	95.5328
1517.77	96.6128
1520.17	100.406
1522.57	102.697
1524.97	101.679
1527.37	99.7141
1529.77	96.4451
1532.16	99.3615
1534.56	100.088
1536.95	104.547
1539.35	105.394
1541.74	106.219
1544.13	114.128
1546.52	112.995
1548.91	108.975
1551.3	118.79
1553.68	115.378
1556.07	124.382
1558.45	135.445
1560.84	142.848
1563.22	154.657
1565.6	163.285
1567.98	188.411
1570.36	218.006
1572.74	241.933
1575.11	293.76
1577.49	343.669
1579.86	367.973
1582.24	366.012
1584.61	318.368
1586.98	259.724
1589.35	233.28
1591.72	230.001
1594.08	245.494
1596.45	265.148
1598.82	297.663
1601.18	289.588
1603.54	260.071
1605.91	222.993
1608.27	187.562
1610.63	160.137
1612.99	153.416
1615.34	138.113
1617.7	128.175
1620.06	119.793
1622.41	116.088
1624.76	110.512
1627.12	102.671
1629.47	99.4923
1631.82	102.975
1634.17	94.1079
1636.51	92.836
1638.86	98.3102
1641.21	89.8747
1643.55	89.4179
1645.9	83.0854
1648.24	87.2215
1650.58	85.5957
1652.92	81.4271
1655.26	81.6967
1657.6	81.7203
1659.93	83.8893
1662.27	81.7531
1664.6	81.6047
1666.94	78.154
1669.27	79.2336
1671.6	75.8881
1673.93	74.9455
1676.26	76.0258
1678.59	79.2622
1680.92	78.765
1683.24	83.1427
1685.57	79.196
1687.89	78.1603
1690.22	83.0787
1692.54	79.1731
1694.86	76.6328
1697.18	76.8142
1699.5	77.3373
1701.81	71.5275
1704.13	73.6275
1706.45	73.7424
1708.76	82.6817
1711.07	78.6053
1713.38	72.0298
1715.7	70.4405
1718.01	74.814
1720.31	71.5871
1722.62	75.1848
1724.93	69.5193
1727.24	71.1037
1729.54	71.4755
1731.84	68.2267
1734.15	68.8238
1736.45	68.3628
1738.75	66.2731
1741.05	66.7674
1743.35	66.2992
1745.64	68.3197
1747.94	64.0295
1750.23	66.0334
1752.53	65.9053
1754.82	58.881
1757.11	63.4213
1759.4	66.3649
1761.69	63.0773
1763.98	55.8351
1766.27	60.4437
1768.56	60.248
1770.84	63.4595
1773.13	59.9474
1775.41	57.6593
1777.69	59.7911
1779.97	57.9778
1782.25	57.0692
1784.53	57.2106
1786.81	56.0445
1789.09	59.0536
1791.36	58.2591
1793.64	57.2811
1795.91	60.0989
1798.18	56.4543
1800.46	57.735
1802.73	55.8949
1805	58.4688
1807.27	59.0407
1809.53	56.1877
1811.8	58.1225
1814.07	57.1685
1816.33	58.9253
1818.59	54.9967
1820.86	52.4889
1823.12	56.3818
1825.38	56.1044
1827.64	50.3291
1829.89	52.2954
1832.15	56.8538
1834.41	54.689
1836.66	57.3918
1838.92	53.7919
1841.17	55.4504
1843.42	53.6551
1845.67	55.2045
1847.92	56.982
1850.17	54.3233
1852.42	55.7598
1854.67	52.6731
1856.91	51.653
1859.16	55.0334
1861.4	53.6398
1863.64	51.2122
1865.88	54.0865
1868.12	55.6439
1870.36	47.3735
1872.6	48.6692
1874.84	54.7253
1877.08	54.5863
1879.31	55.4501
1881.54	46.401
1883.78	52.2085
1886.01	47.1464
1888.24	52.0548
1890.47	53.334
1892.7	53.2733
1894.93	53.1439
1897.16	52.1067
1899.38	52.8415
1901.61	48.716
1903.83	51.8404
1906.05	48.3959
1908.28	46.849
1910.5	49.1369
1912.72	47.7201
1914.94	49.2428
1917.16	50.785
1919.37	51.2
1921.59	47.0761
1923.8	51.3046
1926.02	48.8237
1928.23	48.5419
1930.44	54.531
1932.65	51.9583
1934.86	45.2007
1937.07	49.9147
1939.28	49.3974
1941.48	49.8226
1943.69	43.8893
1945.9	43.6107
1948.1	47.2585
1950.3	44.6018
1952.5	47.5764
1954.7	46.5966
1956.9	42.6187
1959.1	41.8801
1961.3	43.4065
1963.5	46.7029
1965.69	45.3393
1967.89	44.462
1970.08	41.8822
1972.27	47.7349
1974.46	43.849
1976.66	43.248
1978.84	41.9374
1981.03	38.6184
1983.22	44.8532
1985.41	43.3298
1987.59	39.7837
1989.78	41.5035
1991.96	44.0719
1994.14	44.0419
1996.32	41.7129
1998.51	41.5851
2000.69	43.8662
2002.86	37.6713
2005.04	39.7742
2007.22	40.8951
2009.39	42.035
2011.57	36.9921
2013.74	37.2282
2015.91	38.4491
2018.09	42.2444
2020.26	35.5469
2022.43	39.56
2024.59	38.8317
2026.76	36.5217
2028.93	35.7145
2031.09	38.8679
2033.26	35.0365
2035.42	32.5581
2037.59	37.2002
2039.75	38.7534
2041.91	35.0445
2044.07	35.7145
2046.23	39.5908
2048.38	36.2297
2050.54	32.8893
2052.7	34.9618
2054.85	31.9566
2057	31.968
2059.16	31.0551
2061.31	31.1788
2063.46	34.1896
2065.61	28.2504
2067.76	30.0586
2069.91	33.3229
2072.05	31.5476
2074.2	29.9791
2076.34	32.9889
2078.49	29.6034
2080.63	30.9717
2082.77	30.2805
2084.91	31.9952
2087.05	29.9336
2089.19	30.4127
2091.33	25.4504
2093.47	30.1356
2095.6	30.9643
2097.74	29.3738
2099.87	31.1481
2102.01	30.7312
2104.14	32.4849
2106.27	31.0712
2108.4	29.3613
2110.53	28.6585
2112.66	28.2282
2114.79	31.4087
2116.91	25.7931
2119.04	31.1037
2121.16	26.117
2123.29	27.7616
2125.41	27.4512
2127.53	25.1156
2129.65	26.0791
2131.77	30.2269
2133.89	28.3234
2136.01	22.7123
2138.12	25.4486
2140.24	28.0677
2142.35	27.0202
2144.47	26.3264
2146.58	26.0791
2148.69	28.5851
2150.8	28.8277
2152.91	26.6383
2155.02	29.21
2157.13	24.4161
2159.24	26.4956
2161.34	25.8937
2163.45	27.4219
2165.55	27.2686
2167.66	26.8096
2169.76	33.1168
2171.86	25.881
2173.96	24.8661
2176.06	23.5122
2178.16	25.0738
2180.26	28.5642
2182.35	28.0208
2184.45	29.0353
2186.54	27.0062
2188.64	26.8397
2190.73	24.8234
2192.82	24.4362
2194.91	25.024
2197	21.3965
2199.09	23.8822
2201.18	21.5456
2203.27	24.9492
2205.35	24.8806
2207.44	21.6163
2209.52	25.2106
2211.61	25.7246
2213.69	29.4684
2215.77	25.6293
2217.85	26.3628
2219.93	21.5266
2222.01	25.6267
2224.09	22.3521
2226.16	22.379
2228.24	20.3521
2230.31	21.5999
2232.39	22.5268
2234.46	22.0877
2236.53	21.5127
2238.6	18.0353
2240.67	24.4936
2242.74	21.6713
2244.81	21.3925
2246.88	15.5779
2248.94	24.5706
2251.01	21.5311
2253.07	23.4987
2255.14	22.4087
2257.2	21.2465
2259.26	23.9607
2261.32	23.113
2263.38	20.0485
2265.44	24.7152
2267.5	20.9602
2269.56	20.6019
2271.61	21.2269
2273.67	21.8351
2275.72	20.6263
2277.78	23.4345
2279.83	22.383
2281.88	22.9333
2283.93	20.9956
2285.98	20.378
2288.03	27.4901
2290.08	27.4504
2292.12	26.3934
2294.17	24.0824
2296.21	23.6927
2298.26	19.2701
2300.3	20.9386
2302.34	22.469
2304.38	19.8349
2306.42	22.537
2308.46	19.316
2310.5	21.1555
2312.54	18.9826
2314.58	22.0589
2316.61	18.4242
2318.65	22.8735
2320.68	21.1079
2322.71	15.8949
2324.75	18.3827
2326.78	17.0202
2328.81	19.1518
2330.84	17.855
2332.86	20.0353
2334.89	19.4469
2336.92	18.2848
2338.94	20.2862
2340.97	22.2517
2342.99	22.0151
2345.02	21.0626
2347.04	21.0099
2349.06	17.2269
2351.08	19.6673
2353.1	23.2297
2355.12	16.2721
2357.13	21.0509
2359.15	18.0004
2361.17	16.1602
2363.18	19.7148
2365.19	18.6251
2367.21	16.9239
2369.22	18.4363
2371.23	22.9792
2373.24	17.3472
2375.25	18.56
2377.26	24.7164
2379.27	18.3592
2381.27	20.4893
2383.28	18.1713
2385.28	18.2262
2387.29	22.8674
2389.29	19.4271
2391.29	17.0828
2393.29	17.0536
2395.29	17.6495
2397.29	14.3046
2399.29	14.6342
2401.29	15.6493
2403.28	15.8367
2405.28	16.8038
2407.27	15.739
2409.27	20.6239
2411.26	18.6977
2413.25	15.7237
2415.25	15.511
2417.24	16.596
2419.22	18.2906
2421.21	16.2049
2423.2	17.2262
2425.19	15.6854
2427.17	20.1743
2429.16	13.7819
2431.14	16.1262
2433.13	18.6713
2435.11	17.0334
2437.09	17.255
2439.07	17.3698
2441.05	18.4746
2443.03	17.9931
2445.01	15.8856
2446.98	23.0511
2448.96	19.7037
2450.93	20.2122
2452.91	18.1736
2454.88	17.711
2456.85	17.6274
2458.83	18.5382
2460.8	14.7237
2462.77	16.9334
2464.74	19.5615
2466.7	16.5347
2468.67	21.1106
2470.64	16.7344
2472.6	14.8355
2474.57	14.3628
2476.53	14.3906
2478.49	15.653
2480.46	17.4229
2482.42	16.7495
2484.38	12.2575
2486.34	18.7791
2488.29	18.2587
2490.25	21.4217
2492.21	18.9821
2494.16	19.6726
2496.12	19.8856
2498.07	22.3686
2500.03	17.8324
2501.98	17.006
2503.93	17.0995
2505.88	19.6671
2507.83	19.5122
2509.78	24.7569
2511.73	28.1702
2513.67	33.6979
2515.62	26.2679
2517.56	28.5256
2519.51	22.9437
2521.45	15.4469
2523.4	15.8956
2525.34	16.3245
2527.28	15.8697
2529.22	15.8679
2531.16	17.765
2533.1	16.7842
2535.03	17.0867
2536.97	19.7696
2538.91	21.9184
2540.84	21.7824
2542.77	18.9074
2544.71	17.4449
2546.64	17.8188
2548.57	13.6233
2550.5	14.0401
2552.43	16.8847
2554.36	16.8752
2556.29	14.1474
2558.21	12.8623
2560.14	16.7803
2562.07	12.7252
2563.99	12.6159
2565.91	15.9535
2567.84	11.7965
2569.76	11.6251
2571.68	9.40104
2573.6	15.0884
2575.52	12.4059
2577.44	12.3777
2579.36	10.8148
2581.27	11.1829
2583.19	12.1474
2585.1	9.0497
2587.02	13.0896
2588.93	12.8623
2590.84	11.0447
2592.75	8.27073
2594.67	12.0637
2596.58	12.5473
2598.48	14.3696
2600.39	12.1702
