105.443	6142.46
108.528	5494.94
111.612	4857.87
114.693	4237.85
117.774	3728.22
120.854	3268.15
123.931	2826.86
127.007	2496.98
130.081	2222.87
133.155	1948.62
136.226	1721.45
139.296	1514.24
142.364	1332.4
145.431	1178.63
148.496	1055.44
151.559	946.311
154.622	845.307
157.682	762.118
160.741	676.113
163.799	607.68
166.855	544.153
169.91	509.623
172.963	458.407
176.014	410.463
179.064	377.465
182.113	355.126
185.16	305.013
188.205	300.19
191.249	270.102
194.291	246.076
197.333	244.628
200.372	224.983
203.409	217.344
206.446	199.309
209.48	186.666
212.514	175.586
215.546	168.667
218.577	163.534
221.605	149.523
224.633	144.88
227.658	146.841
230.682	141.995
233.706	132.702
236.727	127.057
239.747	118.431
242.765	124.032
245.782	118.241
248.797	119.547
251.811	108.151
254.823	107.249
257.834	106.537
260.844	105.091
263.852	106.265
266.858	104.299
269.863	103.215
272.866	108.658
275.868	106.716
278.869	99.3687
281.867	105.112
284.865	104.17
287.861	104.177
290.856	104.083
293.848	101.514
296.84	102.404
299.83	100.255
302.819	102.518
305.806	96.8461
308.791	100.673
311.775	100.109
314.758	94.4474
317.739	99.2988
320.719	97.2802
323.697	97.5436
326.674	102.352
329.649	100.368
332.623	96.8549
335.595	100.311
338.566	98.4627
341.535	101.829
344.504	101.742
347.47	102.85
350.434	106.606
353.399	103.165
356.36	102.492
359.321	98.7747
362.281	98.5267
365.238	100.553
368.194	102.988
371.149	104.415
374.102	100.732
377.054	100.158
380.005	106.477
382.954	110.459
385.901	116.898
388.847	121.687
391.792	120.949
394.735	127.305
397.676	124.852
400.617	122.169
403.555	115.426
406.493	109.467
409.429	103.621
412.363	104.288
415.297	97.7885
418.228	101.29
421.158	97.5313
424.087	88.8867
427.014	89.4085
429.94	91.2994
432.864	94.7312
435.787	89.2095
438.709	91.5012
441.629	86.2941
444.547	88.3988
447.464	84.6851
450.38	83.4355
453.294	82.5802
456.208	85.7324
459.119	82.9688
462.028	81.5766
464.938	76.7846
467.844	78.3142
470.75	76.0763
473.654	79.5005
476.557	77.153
479.459	78.1637
482.359	74.8684
485.257	77.3977
488.154	75.5098
491.05	78.4058
493.945	79.6484
496.838	74.4644
499.729	75.1334
502.619	72.3113
505.508	74.2918
508.395	74.7012
511.281	74.8173
514.165	76.4224
517.049	75.0935
519.93	73.9765
522.81	74.079
525.689	73.2359
528.566	73.5743
531.442	75.0582
534.317	77.812
537.19	73.7622
540.062	78.0906
542.932	73.1067
545.801	78.5099
548.669	74.7908
551.534	77.3493
554.399	81.458
557.262	85.4096
560.124	83.8626
562.985	80.8586
565.844	87.9048
568.702	93.7561
571.558	101.127
574.413	103.72
577.266	116.093
580.118	121.641
582.969	141.559
585.819	183.875
588.666	232.42
591.513	348.813
594.359	542.464
597.202	761.203
600.045	780.487
602.885	600.911
605.725	392.271
608.564	276.161
611.4	198.713
614.236	152.132
617.07	133.171
619.902	118.56
622.734	105.496
625.564	99.9834
628.393	96.8292
631.219	94.0327
634.045	88.0477
636.87	84.8001
639.693	89.1832
642.515	87.7745
645.335	74.4355
648.153	78.175
650.971	81.8553
653.787	85.1086
656.602	82.9667
659.416	81.3241
662.228	83.8387
665.038	85.5373
667.848	84.743
670.655	87.387
673.462	90.5743
676.268	85.386
679.071	85.1901
681.874	85.3894
684.675	81.0474
687.475	75.9738
690.273	73.5294
693.07	71.1334
695.866	77.0894
698.66	72.3156
701.453	71.395
704.244	70.3021
707.035	73.4577
709.824	71.5098
712.612	68.3991
715.397	67.429
718.183	69.9759
720.966	71.1625
723.748	73.8544
726.529	70.0196
729.308	64.8083
732.087	67.2133
734.863	68.1901
737.639	64.7936
740.413	68.0733
743.186	68.454
745.956	65.9716
748.726	73.9257
751.495	67.9322
754.262	67.9468
757.029	74.8449
759.793	70.7665
762.557	71.4865
765.318	70.0106
768.079	73.9737
770.839	74.3506
773.597	77.6462
776.353	73.8387
779.109	78.2103
781.862	86.2561
784.615	86.6029
787.366	95.6364
790.116	111.26
792.865	112.645
795.612	118.678
798.358	104.016
801.102	92.8627
803.846	84.2133
806.588	86.5822
809.329	83.6195
812.068	87.0151
814.806	86.7362
817.542	86.5169
820.278	89.3128
823.012	97.4142
825.744	98.7704
828.476	103.586
831.206	117.819
833.935	119.97
836.662	143.397
839.388	156.779
842.113	164.385
844.836	146.949
847.558	140.29
850.279	114.867
852.999	103.179
855.718	91.3924
858.435	87.8431
861.15	82.264
863.865	76.7936
866.577	71.2658
869.289	77.6604
871.999	68.6405
874.709	70.4667
877.417	71.0392
880.123	70.5715
882.828	69.9246
885.531	67.6503
888.234	68.4746
890.936	72.0943
893.635	65.5133
896.334	69.2576
899.031	72.4918
901.728	67.0813
904.422	69.255
907.116	74.5294
909.808	70.2192
912.499	71.5725
915.188	72.5415
917.877	71.4482
920.563	72.4186
923.249	75.5978
925.934	76.5417
928.617	83.7017
931.298	90.7665
933.979	92.5202
936.658	85.9795
939.336	84.8217
942.013	84.8811
944.688	89.6548
947.362	93.7287
950.035	99.9896
952.706	104.799
955.377	116.069
958.045	137.517
960.714	165.611
963.38	221.242
966.044	305.128
968.709	492.264
971.372	769.538
974.033	1192.63
976.693	1625.96
979.351	2719.99
982.009	6806.77
984.665	11189.3
987.32	7914.06
989.974	4198.54
992.626	2169.86
995.277	989.681
997.926	565.971
1000.57	350.004
1003.22	235.97
1005.87	177.431
1008.51	140.813
1011.16	129.085
1013.8	117.653
1016.44	115.125
1019.08	105.081
1021.72	99.5883
1024.35	103.591
1026.99	101.243
1029.63	92.3518
1032.26	92.6934
1034.89	87.0246
1037.52	82.7115
1040.15	82.6589
1042.78	83.3267
1045.41	77.8905
1048.03	78.1292
1050.66	80.1859
1053.28	77.6971
1055.9	76.8881
1058.52	73.4746
1061.14	77.9702
1063.76	78.5024
1066.38	76.7689
1068.99	78.8421
1071.61	82.898
1074.22	78.2249
1076.83	82.3894
1079.44	79.9035
1082.05	79.9366
1084.66	80.1611
1087.27	78.5727
1089.87	74.5942
1092.48	80.332
1095.08	74.0813
1097.68	75.8131
1100.29	74.4204
1102.88	79.6758
1105.48	75.3848
1108.08	80.9257
1110.68	77.3303
1113.27	76.153
1115.86	77.5901
1118.46	86.1887
1121.05	82.8292
1123.64	83.3369
1126.23	92.1311
1128.81	96.5511
1131.4	91.8549
1133.98	107.213
1136.57	110.089
1139.15	118.844
1141.73	124.718
1144.31	131.186
1146.89	140.821
1149.47	145.077
1152.04	159.017
1154.62	181.863
1157.19	221.313
1159.76	276.155
1162.33	357.519
1164.9	475.847
1167.47	616.033
1170.04	658.686
1172.61	609.605
1175.17	499.329
1177.74	379.668
1180.3	286.728
1182.86	236.375
1185.42	188.285
1187.98	161.048
1190.54	141.021
1193.09	124.225
1195.65	110.827
1198.2	110.209
1200.76	108.935
1203.31	98.5591
1205.86	100.709
1208.41	98.6616
1210.96	96.2211
1213.5	86.9893
1216.05	87.6367
1218.59	87.0695
1221.14	85.5207
1223.68	78.1862
1226.22	82.6367
1228.76	76.7936
1231.3	80.1247
1233.84	76.6836
1236.37	80.0188
1238.91	83.2564
1241.44	80.4224
1243.97	78.7917
1246.5	81.4795
1249.03	84.3034
1251.56	82.6636
1254.09	82.7739
1256.62	79.514
1259.14	84.6408
1261.67	82.4772
1264.19	80.347
1266.71	84.3811
1269.23	77.1378
1271.75	83.9535
1274.27	84.1161
1276.78	87.675
1279.3	83.6913
1281.81	78.675
1284.33	87.0621
1286.84	87.1833
1289.35	82.36
1291.86	85.1585
1294.37	86.326
1296.88	84.1648
1299.38	85.7144
1301.89	80.7584
1304.39	90.8788
1306.89	91.8589
1309.4	97.7534
1311.9	94
1314.4	90.9363
1316.89	91.7478
1319.39	93.2695
1321.89	101.122
1324.38	100.338
1326.87	91.6277
1329.37	93.4119
1331.86	100.727
1334.35	97.1271
1336.83	99.0958
1339.32	106.847
1341.81	104.885
1344.29	107.679
1346.78	105.492
1349.26	105.653
1351.74	109.795
1354.22	106.561
1356.7	112.782
1359.18	117.255
1361.65	114.076
1364.13	116.321
1366.6	111.732
1369.08	116.786
1371.55	112.471
1374.02	108.978
1376.49	111.289
1378.96	110.18
1381.43	113.309
1383.89	104.559
1386.36	110.85
1388.82	111.777
1391.28	110.433
1393.75	114.094
1396.21	132.582
1398.67	133.453
1401.12	128.131
1403.58	117.73
1406.04	118.567
1408.49	106.898
1410.95	108.363
1413.4	106.594
1415.85	99.5076
1418.3	100.425
1420.75	105.403
1423.2	105.85
1425.64	99.5429
1428.09	100.448
1430.53	106.037
1432.97	100.032
1435.42	103.241
1437.86	99.2347
1440.3	96.5909
1442.74	98.2911
1445.17	95.3289
1447.61	103.114
1450.05	102.736
1452.48	100.711
1454.91	103.591
1457.34	106.688
1459.77	98.3582
1462.2	101.779
1464.63	101.841
1467.06	103.838
1469.48	100.048
1471.91	106.178
1474.33	107.889
1476.76	111.579
1479.18	103.931
1481.6	99.6788
1484.02	102.914
1486.44	96.7297
1488.85	100.824
1491.27	95.7204
1493.68	96.5715
1496.1	93.4748
1498.51	97.1887
1500.92	95.8162
1503.33	98.8241
1505.74	100.709
1508.15	97.8488
1510.55	100.759
1512.96	90.5088
1515.36	94.1573
1517.77	91.931
1520.17	96.6908
1522.57	99.4354
1524.97	99.4787
1527.37	94.6198
1529.77	99.714
1532.16	100.919
1534.56	102.521
1536.95	102.213
1539.35	101.854
1541.74	106.976
1544.13	109.42
1546.52	115.958
1548.91	112.882
1551.3	122.03
1553.68	119.014
1556.07	124.144
1558.45	130.16
1560.84	144.085
1563.22	152.616
1565.6	165.848
1567.98	198.429
1570.36	217.989
1572.74	253.394
1575.11	298.441
1577.49	328.738
1579.86	378.03
1582.24	354.672
1584.61	313.471
1586.98	264.987
1589.35	244.779
1591.72	228.918
1594.08	246.051
1596.45	266.021
1598.82	295.707
1601.18	288.656
1603.54	258.337
1605.91	226.989
1608.27	186.056
1610.63	161.612
1612.99	141.502
1615.34	133.871
1617.7	124.491
1620.06	121.698
1622.41	110.999
1624.76	113.594
1627.12	104.014
1629.47	101.999
1631.82	96.8671
1634.17	102.865
1636.51	93.0377
1638.86	90.5691
1641.21	87.98
1643.55	86.3021
1645.9	81.654
1648.24	87.5688
1650.58	81.6318
1652.92	87.3507
1655.26	85.5954
1657.6	85.3417
1659.93	81.3176
1662.27	77.4812
1664.6	80.0477
1666.94	77.092
1669.27	87.9115
1671.6	80.5649
1673.93	78.8408
1676.26	76.5218
1678.59	78.5489
1680.92	72.8878
1683.24	81.4711
1685.57	80.5715
1687.89	75.9757
1690.22	80.259
1692.54	82.4183
1694.86	77.6702
1697.18	76.6682
1699.5	76.8554
1701.81	72.7036
1704.13	73.3778
1706.45	73.9637
1708.76	74.3761
1711.07	74.0107
1713.38	77.1465
1715.7	69.0778
1718.01	67.3811
1720.31	70.2565
1722.62	67.5781
1724.93	70.1937
1727.24	71.9197
1729.54	71.9048
1731.84	67.923
1734.15	65.371
1736.45	67.6578
1738.75	65.9035
1741.05	68.2538
1743.35	66.6051
1745.64	64.2017
1747.94	64.7152
1750.23	60.9739
1752.53	61.3031
1754.82	66.0944
1757.11	61.5234
1759.4	68.9399
1761.69	62.1241
1763.98	65.5192
1766.27	63.4521
1768.56	62.732
1770.84	61.327
1773.13	58.2235
1775.41	59.6762
1777.69	62.7816
1779.97	59.2215
1782.25	64.8739
1784.53	62.3503
1786.81	58.8211
1789.09	56.2279
1791.36	51.1325
1793.64	56.3244
1795.91	55.6949
1798.18	53.2176
1800.46	55.7026
1802.73	57.8653
1805	59.9555
1807.27	53.3913
1809.53	54.7429
1811.8	55.9652
1814.07	54.4993
1816.33	52.1352
1818.59	56.7767
1820.86	56.8645
1823.12	58.7031
1825.38	55.0462
1827.64	55.5846
1829.89	57.4614
1832.15	50.0027
1834.41	55.4268
1836.66	54.1454
1838.92	54.731
1841.17	56.6426
1843.42	56.9976
1845.67	55.6513
1847.92	50.3819
1850.17	52.4528
1852.42	52.9584
1854.67	54.1033
1856.91	53.7079
1859.16	51.2249
1861.4	54.9352
1863.64	50.1946
1865.88	48.565
1868.12	47.6694
1870.36	50.8518
1872.6	54.3868
1874.84	54.6239
1877.08	52.18
1879.31	52.4919
1881.54	51.3493
1883.78	51.1623
1886.01	49.9844
1888.24	53.5169
1890.47	52.693
1892.7	48.0294
1894.93	52.2693
1897.16	49.309
1899.38	47.0691
1901.61	51.5548
1903.83	49.4821
1906.05	50.4711
1908.28	49.1926
1910.5	52.3177
1912.72	48.4539
1914.94	46.454
1917.16	48.4029
1919.37	47.1924
1921.59	47.0038
1923.8	46.9742
1926.02	49.4979
1928.23	51.4148
1930.44	46.309
1932.65	49.6908
1934.86	47.6274
1937.07	46.0422
1939.28	44.6961
1941.48	45.9956
1943.69	46.5627
1945.9	43.0906
1948.1	46.0694
1950.3	47.2941
1952.5	47.1693
1954.7	41.4952
1956.9	43.4577
1959.1	43.0978
1961.3	42.6472
1963.5	46.9873
1965.69	44.0774
1967.89	42.4918
1970.08	43.9265
1972.27	46.0485
1974.46	42.1536
1976.66	43.0894
1978.84	40.2095
1981.03	44.7739
1983.22	42.0331
1985.41	39.3031
1987.59	43.5692
1989.78	44.1086
1991.96	39.6528
1994.14	34.4412
1996.32	38.0774
1998.51	40.3913
2000.69	36.9383
2002.86	41.9156
2005.04	39.8026
2007.22	36.2971
2009.39	37.7849
2011.57	40.8858
2013.74	36.1439
2015.91	37.9325
2018.09	40.2352
2020.26	34.951
2022.43	35.7103
2024.59	39.8541
2026.76	35.2918
2028.93	35.8867
2031.09	33.3139
2033.26	37.9234
2035.42	31.3034
2037.59	36.9047
2039.75	33.3913
2041.91	36.1503
2044.07	32.5024
2046.23	32.2004
2048.38	35.6563
2050.54	33.4066
2052.7	31.0763
2054.85	34.5992
2057	32.4366
2059.16	32.82
2061.31	32.6908
2063.46	32.4239
2065.61	31.951
2067.76	28.4366
2069.91	30.5207
2072.05	32.2913
2074.2	30.0775
2076.34	29.164
2078.49	31.8998
2080.63	33.2695
2082.77	29.6367
2084.91	27.5686
2087.05	28.8876
2089.19	30.8333
2091.33	26.7344
2093.47	31.0196
2095.6	30.8199
2097.74	28.5448
2099.87	33.3988
2102.01	30.3031
2104.14	26.9153
2106.27	26.9893
2108.4	27.9334
2110.53	31.9505
2112.66	30.4813
2114.79	29.0477
2116.91	28.2962
2119.04	26.7072
2121.16	28.2695
2123.29	31.0094
2125.41	28.3267
2127.53	25.7962
2129.65	27.4183
2131.77	24.6137
2133.89	27.8987
2136.01	29.6137
2138.12	24.5026
2140.24	24.2358
2142.35	26.2156
2144.47	27.336
2146.58	25.6503
2148.69	27.2109
2150.8	24.259
2152.91	23.3139
2155.02	25.2317
2157.13	23.9607
2159.24	25.7457
2161.34	25.8496
2163.45	24.5531
2165.55	23.5882
2167.66	29.7653
2169.76	34.0666
2171.86	27.5567
2173.96	23.265
2176.06	26.3244
2178.16	26.5098
2180.26	26.2985
2182.35	27.5163
2184.45	26.7965
2186.54	26.2564
2188.64	26.7947
2190.73	24.0113
2192.82	26.9978
2194.91	21.4409
2197	24.0947
2199.09	24.6848
2201.18	24.6934
2203.27	23.5024
2205.35	22.8983
2207.44	24.1465
2209.52	23.8357
2211.61	24.6289
2213.69	25.2918
2215.77	25.0474
2217.85	20.0496
2219.93	21.5234
2222.01	27.2118
2224.09	24.8758
2226.16	18.6528
2228.24	22.8881
2230.31	24.5392
2232.39	23.922
2234.46	22.767
2236.53	19.7478
2238.6	21.0224
2240.67	20.9243
2242.74	21.6577
2244.81	19.4691
2246.88	20.6656
2248.94	23.9847
2251.01	19.1625
2253.07	16.592
2255.14	19.2875
2257.2	24.2107
2259.26	25.458
2261.32	21.5075
2263.38	22.4302
2265.44	20.7949
2267.5	23.4186
2269.56	20.9007
2271.61	21.7965
2273.67	21.1574
2275.72	20.8079
2277.78	23.2156
2279.83	26.8746
2281.88	21.568
2283.93	22.8461
2285.98	21.3641
2288.03	22.7599
2290.08	25.2103
2292.12	23.6797
2294.17	22.18
2296.21	20.4355
2298.26	21.2824
2300.3	18.292
2302.34	20.6498
2304.38	21.9314
2306.42	20.0911
2308.46	19.7959
2310.5	21.838
2312.54	21.6408
2314.58	20.3313
2316.61	16.7204
2318.65	19.5184
2320.68	20.9409
2322.71	17.8496
2324.75	18.8867
2326.78	16.5024
2328.81	19.3455
2330.84	19.3687
2332.86	15.4577
2334.89	22.4123
2336.92	20.5431
2338.94	21.9316
2340.97	20.2222
2342.99	21.0474
2345.02	15.1004
2347.04	18.6589
2349.06	19.0226
2351.08	19.1607
2353.1	21.0318
2355.12	17.2918
2357.13	18.9096
2359.15	20.7767
2361.17	18.9258
2363.18	19.675
2365.19	18.66
2367.21	21.5489
2369.22	18.3154
2371.23	20.7112
2373.24	19.9287
2375.25	18.7794
2377.26	20.0395
2379.27	19.9002
2381.27	18.4872
2383.28	18.4929
2385.28	19.2215
2387.29	18.9806
2389.29	18.3533
2391.29	19.2891
2393.29	14.7614
2395.29	18.7429
2397.29	13.6702
2399.29	17.3244
2401.29	16.4168
2403.28	14.5102
2405.28	17.7644
2407.27	13.7115
2409.27	16.0658
2411.26	17.429
2413.25	15.9795
2415.25	14.6872
2417.24	12.1713
2419.22	17.4253
2421.21	17.6341
2423.2	14.8902
2425.19	14.5365
2427.17	16.4711
2429.16	18.4524
2431.14	17.7651
2433.13	15.6327
2435.11	14.3976
2437.09	16.3244
2439.07	17.7297
2441.05	15.4575
2443.03	19.838
2445.01	15.6578
2446.98	16.9374
2448.96	20.0579
2450.93	22.232
2452.91	20.1889
2454.88	15.1533
2456.85	18.3894
2458.83	17.2644
2460.8	15.0341
2462.77	14.18
2464.74	17.5195
2466.7	18.8292
2468.67	19.8292
2470.64	18.4243
2472.6	13.5033
2474.57	15.3556
2476.53	12.9846
2478.49	15.5872
2480.46	12.9096
2482.42	15.3781
2484.38	12.7144
2486.34	16.2058
2488.29	17.7731
2490.25	17.5909
2492.21	19.2427
2494.16	19.9325
2496.12	17.7872
2498.07	17.9569
2500.03	16.5216
2501.98	17.5149
2503.93	17.1111
2505.88	16.5591
2507.83	16.8199
2509.78	22.7936
2511.73	28.6685
2513.67	35.6799
2515.62	26.7561
2517.56	25.7103
2519.51	23.44
2521.45	18.0643
2523.4	16.0808
2525.34	16.1774
2527.28	16.9491
2529.22	15.5692
2531.16	15.7478
2533.1	14.9566
2535.03	18.3889
2536.97	16.8627
2538.91	18.413
2540.84	18.7144
2542.77	18.4693
2544.71	18.6738
2546.64	17.8927
2548.57	18.021
2550.5	12.11
2552.43	15.8217
2554.36	13.9964
2556.29	12.3841
2558.21	12.7828
2560.14	11.8541
2562.07	12.0981
2563.99	10.6705
2565.91	13.3506
2567.84	12.3322
2569.76	10.8799
2571.68	15.7179
2573.6	11.8214
2575.52	13.7558
2577.44	10.5961
2579.36	11.8116
2581.27	11.36
2583.19	14.3796
2585.1	13.8518
2587.02	9.06955
2588.93	11.3113
2590.84	9.30925
2592.75	11.9366
2594.67	11.9265
2596.58	11.1004
2598.48	14.2115
2600.39	11.178
