105.443	6067.31
108.528	5450.98
111.612	4809.61
114.693	4221.69
117.774	3707.51
120.854	3245.86
123.931	2841.22
127.007	2513.46
130.081	2217.83
133.155	1950.07
136.226	1714.53
139.296	1533.79
142.364	1331.65
145.431	1187.69
148.496	1057.53
151.559	943.542
154.622	834.208
157.682	760.072
160.741	684.67
163.799	619.688
166.855	563.336
169.91	506.781
172.963	456.243
176.014	418.151
179.064	391.866
182.113	354.874
185.16	323.355
188.205	304.656
191.249	285.947
194.291	269.03
197.333	241.669
200.372	238.227
203.409	218.807
206.446	203
209.48	196.411
212.514	184.067
215.546	172.831
218.577	169.875
221.605	161.029
224.633	154.044
227.658	151.549
230.682	148.641
233.706	141.933
236.727	143.712
239.747	138.05
242.765	133.762
245.782	131.87
248.797	120.978
251.811	121.077
254.823	119.45
257.834	110.378
260.844	114.647
263.852	117.765
266.858	112.842
269.863	110.87
272.866	109.024
275.868	115.584
278.869	110.578
281.867	113.133
284.865	111.918
287.861	105.329
290.856	106.635
293.848	109.403
296.84	105.447
299.83	110.949
302.819	109.867
305.806	109.662
308.791	104.206
311.775	104.318
314.758	103.577
317.739	105.953
320.719	105.1
323.697	102.98
326.674	109.782
329.649	106.451
332.623	103.982
335.595	109.849
338.566	108.485
341.535	107.909
344.504	111.199
347.47	107.553
350.434	109.078
353.399	106.549
356.36	107.826
359.321	110.092
362.281	108.741
365.238	111.492
368.194	107.43
371.149	102.552
374.102	115.69
377.054	107.87
380.005	117.185
382.954	121.824
385.901	127.003
388.847	130.996
391.792	131.737
394.735	127.509
397.676	128.147
400.617	126.574
403.555	119.42
406.493	116.759
409.429	117.227
412.363	112.071
415.297	108.842
418.228	107.073
421.158	106.464
424.087	100.649
427.014	102.083
429.94	101.264
432.864	100.441
435.787	98.5106
438.709	95.4918
441.629	95.2026
444.547	100.384
447.464	95.1593
450.38	90.3798
453.294	94.966
456.208	91.9759
459.119	91.4212
462.028	89.6602
464.938	87.8764
467.844	83.65
470.75	86.5545
473.654	85.1717
476.557	82.4435
479.459	82.8737
482.359	80.0417
485.257	82.1324
488.154	80.9748
491.05	84.505
493.945	87.2979
496.838	86.645
499.729	82.8755
502.619	87.7826
505.508	84.4724
508.395	80.1376
511.281	79.0499
514.165	80.7983
517.049	81.7083
519.93	78.7438
522.81	82.9414
525.689	78.8687
528.566	83.6909
531.442	77.0029
534.317	80.8905
537.19	81.6683
540.062	87.6415
542.932	79.7537
545.801	79.6678
548.669	83.1593
551.534	80.4499
554.399	90.3601
557.262	86.1825
560.124	90.6311
562.985	96.6268
565.844	93.8274
568.702	103.6
571.558	109.379
574.413	114.308
577.266	119.442
580.118	129.762
582.969	153.891
585.819	185.513
588.666	253.442
591.513	357.671
594.359	547.069
597.202	759.514
600.045	787.67
602.885	585.599
605.725	392.095
608.564	273.114
611.4	205.463
614.236	162.444
617.07	139.317
619.902	123.38
622.734	114.904
625.564	109.424
628.393	105.713
631.219	99.3874
634.045	88.2078
636.87	91.8515
639.693	89.9856
642.515	88.8644
645.335	93.8781
648.153	89.2314
650.971	92.0268
653.787	91.9413
656.602	90.0173
659.416	90.2238
662.228	89.7097
665.038	92.6062
667.848	92.5339
670.655	96.8277
673.462	91.7013
676.268	95.4665
679.071	83.8933
681.874	88.1332
684.675	83.7849
687.475	84.1339
690.273	76.7977
693.07	83.1009
695.866	80.799
698.66	80.188
701.453	78.434
704.244	73.0157
707.035	78.2704
709.824	78.4148
712.612	80.244
715.397	78.5357
718.183	76.7059
720.966	73.7753
723.748	74.7122
726.529	72.6956
729.308	75.0205
732.087	75.9814
734.863	69.4702
737.639	74.1832
740.413	78.8535
743.186	75.6437
745.956	73.9831
748.726	75.2278
751.495	74.3936
754.262	74.5047
757.029	77.298
759.793	79.1554
762.557	80.7963
765.318	80.0757
768.079	81.4244
770.839	80.5543
773.597	87.6042
776.353	76.7153
779.109	85.0901
781.862	89.4335
784.615	93.2611
787.366	104.327
790.116	113.229
792.865	121.549
795.612	120.855
798.358	110.814
801.102	100.171
803.846	94.8485
806.588	96.4131
809.329	90.5359
812.068	92.1596
814.806	91.2653
817.542	93.3861
820.278	97.3761
823.012	99.3137
825.744	103.572
828.476	112.672
831.206	125.378
833.935	132.021
836.662	150.008
839.388	164.496
842.113	165.936
844.836	152.338
847.558	139.373
850.279	121.775
852.999	103.65
855.718	90.6522
858.435	86.43
861.15	83.849
863.865	84.5375
866.577	84.4705
869.289	77.0713
871.999	79.8914
874.709	76.9188
877.417	74.6123
880.123	75.3176
882.828	72.987
885.531	78.7433
888.234	77.7299
890.936	78.4047
893.635	77.6392
896.334	78.2653
899.031	73.4645
901.728	73.222
904.422	75.1555
907.116	73.3164
909.808	80.3022
912.499	77.3656
915.188	85.1793
917.877	82.7106
920.563	78.2687
923.249	84.5705
925.934	83.2409
928.617	91.7661
931.298	97.3181
933.979	100.077
936.658	89.3882
939.336	87.6479
942.013	88.6468
944.688	98.5488
947.362	104.33
950.035	107.266
952.706	108.095
955.377	120.402
958.045	147.869
960.714	170.003
963.38	218.136
966.044	306.972
968.709	483.496
971.372	793.403
974.033	1188.48
976.693	1611.65
979.351	2701.3
982.009	6868.87
984.665	11068.6
987.32	7742.42
989.974	4133.62
992.626	2143.04
995.277	980.421
997.926	553.826
1000.57	359.684
1003.22	236.229
1005.87	181.633
1008.51	150.312
1011.16	132
1013.8	121.425
1016.44	109.297
1019.08	112.134
1021.72	106.169
1024.35	106.221
1026.99	101.421
1029.63	103.327
1032.26	93.2818
1034.89	90.5878
1037.52	88.0239
1040.15	83.9036
1042.78	85.446
1045.41	88.8717
1048.03	86.9998
1050.66	84.9645
1053.28	87.6964
1055.9	83.6468
1058.52	85.7619
1061.14	86.9855
1063.76	78.2763
1066.38	87.8692
1068.99	81.9646
1071.61	87.1796
1074.22	88.2348
1076.83	85.7676
1079.44	91.2964
1082.05	82.5531
1084.66	81.173
1087.27	82.8994
1089.87	80.9131
1092.48	78.3103
1095.08	86.3555
1097.68	76.7626
1100.29	83.7781
1102.88	83.3079
1105.48	85.2372
1108.08	83.5326
1110.68	79.3189
1113.27	87.9975
1115.86	85.1044
1118.46	91.5386
1121.05	92.134
1123.64	94.5429
1126.23	94.8872
1128.81	101.675
1131.4	106.225
1133.98	107.557
1136.57	120.479
1139.15	122.444
1141.73	128.765
1144.31	134.142
1146.89	147.275
1149.47	154.761
1152.04	165.876
1154.62	187.314
1157.19	222.434
1159.76	276.673
1162.33	365.805
1164.9	491.644
1167.47	597.999
1170.04	660.356
1172.61	613.169
1175.17	491.165
1177.74	387.139
1180.3	292.248
1182.86	230.904
1185.42	191.463
1187.98	163.635
1190.54	140.333
1193.09	131.045
1195.65	124.634
1198.2	118.128
1200.76	108.904
1203.31	101.72
1205.86	105.238
1208.41	102.662
1210.96	95.2024
1213.5	94.6559
1216.05	97.5703
1218.59	89.5727
1221.14	87.9948
1223.68	87.7584
1226.22	83.2292
1228.76	87.81
1231.3	89.5631
1233.84	84.1833
1236.37	87.3092
1238.91	90.0218
1241.44	88.3346
1243.97	83.1124
1246.5	86.0113
1249.03	81.5382
1251.56	90.8865
1254.09	84.8675
1256.62	88.8502
1259.14	83.7113
1261.67	88.002
1264.19	85.7778
1266.71	87.3363
1269.23	87.4767
1271.75	83.5215
1274.27	87.452
1276.78	86.2155
1279.3	83.2267
1281.81	93.4862
1284.33	89.7403
1286.84	88.0724
1289.35	85.6482
1291.86	92.966
1294.37	91.624
1296.88	96.1848
1299.38	91.0927
1301.89	96.0652
1304.39	95.8038
1306.89	96.7563
1309.4	96.8014
1311.9	99.5761
1314.4	100.74
1316.89	105.136
1319.39	99.5783
1321.89	102.506
1324.38	101.118
1326.87	99.7324
1329.37	106.779
1331.86	103.793
1334.35	104.315
1336.83	104.783
1339.32	110.648
1341.81	110.001
1344.29	108.093
1346.78	110.894
1349.26	109.683
1351.74	112.854
1354.22	114.689
1356.7	119.536
1359.18	115.858
1361.65	114.758
1364.13	114.914
1366.6	111.984
1369.08	118.207
1371.55	109.338
1374.02	109.857
1376.49	114.817
1378.96	119.217
1381.43	110.332
1383.89	110.873
1386.36	115.82
1388.82	118.605
1391.28	114.423
1393.75	122.016
1396.21	134.874
1398.67	137.48
1401.12	129.856
1403.58	123.777
1406.04	117.399
1408.49	116.602
1410.95	110.788
1413.4	109.868
1415.85	109.541
1418.3	111.874
1420.75	106.912
1423.2	105.975
1425.64	103.907
1428.09	108.89
1430.53	106.336
1432.97	108.69
1435.42	102
1437.86	107.198
1440.3	111.12
1442.74	104.266
1445.17	102.908
1447.61	103.557
1450.05	106.892
1452.48	107.205
1454.91	107.536
1457.34	108.871
1459.77	103.187
1462.2	102.025
1464.63	106.26
1467.06	97.0981
1469.48	107.748
1471.91	109.613
1474.33	109.955
1476.76	107.462
1479.18	106.763
1481.6	103.643
1484.02	106.353
1486.44	106.575
1488.85	101.147
1491.27	102.434
1493.68	104.091
1496.1	101.525
1498.51	105.451
1500.92	100.7
1503.33	102.407
1505.74	104.218
1508.15	106.406
1510.55	100.332
1512.96	100.456
1515.36	103.754
1517.77	104.869
1520.17	102.758
1522.57	100.652
1524.97	105.513
1527.37	101.802
1529.77	103.833
1532.16	107.149
1534.56	106.868
1536.95	106.923
1539.35	106.409
1541.74	112.183
1544.13	112.557
1546.52	116.051
1548.91	118.796
1551.3	124.577
1553.68	117.761
1556.07	128.461
1558.45	141.054
1560.84	142.933
1563.22	153.395
1565.6	167.955
1567.98	185.462
1570.36	218.719
1572.74	251.69
1575.11	294.35
1577.49	342.532
1579.86	369.862
1582.24	355.758
1584.61	324.357
1586.98	274.568
1589.35	245.718
1591.72	233.698
1594.08	236.667
1596.45	268.515
1598.82	287.35
1601.18	287.887
1603.54	265.329
1605.91	221.092
1608.27	195.779
1610.63	167.602
1612.99	153.153
1615.34	136.666
1617.7	122
1620.06	124.442
1622.41	115.907
1624.76	109.159
1627.12	113.775
1629.47	107.877
1631.82	104.517
1634.17	98.2959
1636.51	93.6453
1638.86	95.5501
1641.21	96.4469
1643.55	89.4063
1645.9	88.359
1648.24	86.2707
1650.58	88.5532
1652.92	90.5089
1655.26	88.4033
1657.6	82.4589
1659.93	82.8887
1662.27	86.8373
1664.6	86.0583
1666.94	83.3735
1669.27	81.8657
1671.6	84.2935
1673.93	76.3135
1676.26	88.4674
1678.59	88.0297
1680.92	82.2314
1683.24	84.1069
1685.57	81.4047
1687.89	83.0029
1690.22	81.1869
1692.54	82.298
1694.86	84.2738
1697.18	83.6453
1699.5	84.473
1701.81	82.1769
1704.13	82.9324
1706.45	82.8204
1708.76	83.8952
1711.07	81.3692
1713.38	76.7144
1715.7	73.1296
1718.01	74.2436
1720.31	78.6905
1722.62	74.6859
1724.93	78.4712
1727.24	77.9192
1729.54	72.8918
1731.84	73.4392
1734.15	70.5532
1736.45	71.2865
1738.75	71.8204
1741.05	71.6628
1743.35	71.0897
1745.64	70.3923
1747.94	68.3409
1750.23	70.2238
1752.53	71.3504
1754.82	68.5824
1757.11	65.6213
1759.4	67.5342
1761.69	69.5361
1763.98	65.2254
1766.27	65.4018
1768.56	67.463
1770.84	63.7039
1773.13	66.8452
1775.41	69.449
1777.69	64.1268
1779.97	64.6699
1782.25	66.7416
1784.53	67.7298
1786.81	60.2267
1789.09	62.5553
1791.36	64.7286
1793.64	62.5569
1795.91	63.2021
1798.18	66.764
1800.46	63.9541
1802.73	62.8974
1805	61.7013
1807.27	59.2385
1809.53	60.5713
1811.8	62.8905
1814.07	63.4956
1816.33	62.5895
1818.59	61.645
1820.86	63.0171
1823.12	62.8701
1825.38	60.0913
1827.64	61.2448
1829.89	57.9618
1832.15	60.625
1834.41	61.4421
1836.66	57.0044
1838.92	60.0165
1841.17	63.8701
1843.42	57.6096
1845.67	61.5494
1847.92	58.4489
1850.17	57.147
1852.42	58.7773
1854.67	58.5342
1856.91	59.4888
1859.16	56.3189
1861.4	57.0207
1863.64	60.5129
1865.88	60.8447
1868.12	58.4519
1870.36	56.0002
1872.6	56.4663
1874.84	58.7789
1877.08	55.8242
1879.31	59.0787
1881.54	53.7483
1883.78	55.977
1886.01	58.9052
1888.24	58.8661
1890.47	57.7794
1892.7	55.4833
1894.93	57.966
1897.16	56.0228
1899.38	58.4083
1901.61	55.8179
1903.83	56.432
1906.05	53.8242
1908.28	55.3446
1910.5	51.6851
1912.72	54.1968
1914.94	57.2742
1917.16	52.9596
1919.37	56.0016
1921.59	53.8485
1923.8	54.6054
1926.02	53.161
1928.23	53.0255
1930.44	55.9718
1932.65	48.6696
1934.86	57.2733
1937.07	52.1049
1939.28	53.7367
1941.48	50.635
1943.69	50.0639
1945.9	51.0931
1948.1	52.4679
1950.3	48.2594
1952.5	51.5391
1954.7	52.7026
1956.9	50.9474
1959.1	53.6187
1961.3	46.8075
1963.5	50.0685
1965.69	47.7272
1967.89	47.6363
1970.08	44.4047
1972.27	44.1981
1974.46	47.0514
1976.66	50.5429
1978.84	49.1238
1981.03	44.3858
1983.22	45.7751
1985.41	50.9337
1987.59	43.222
1989.78	45.3116
1991.96	42.3365
1994.14	42.5805
1996.32	45.7849
1998.51	44.0967
2000.69	44.087
2002.86	43.5774
2005.04	41.1785
2007.22	40.8367
2009.39	41.3952
2011.57	43.1004
2013.74	42.9345
2015.91	44.8046
2018.09	45.8046
2020.26	44.3858
2022.43	41.8397
2024.59	43.8872
2026.76	39.7776
2028.93	37.2842
2031.09	44.3211
2033.26	41.0913
2035.42	37.6405
2037.59	42.7381
2039.75	42.4472
2041.91	41.0872
2044.07	39.6174
2046.23	39.7619
2048.38	38.7767
2050.54	39.4499
2052.7	42.6867
2054.85	36.0942
2057	36.8318
2059.16	38.1542
2061.31	40.4686
2063.46	35.8863
2065.61	32.2267
2067.76	39.4449
2069.91	35.1087
2072.05	35.422
2074.2	37.9427
2076.34	33.8478
2078.49	36.5741
2080.63	39.1896
2082.77	37.1622
2084.91	35.247
2087.05	34.4264
2089.19	36.8066
2091.33	37.0897
2093.47	34.1832
2095.6	36.4248
2097.74	33.7207
2099.87	38.5357
2102.01	34.8637
2104.14	34.6411
2106.27	36.0792
2108.4	34.1966
2110.53	35.4299
2112.66	34.1825
2114.79	36.375
2116.91	33.2888
2119.04	32.1064
2121.16	31.8704
2123.29	34.249
2125.41	32.5237
2127.53	29.7776
2129.65	33.3869
2131.77	30.4455
2133.89	36.872
2136.01	32.1007
2138.12	37.6641
2140.24	31.8046
2142.35	33.0942
2144.47	29.1111
2146.58	31.776
2148.69	30.9456
2150.8	31.9626
2152.91	32.6685
2155.02	29.184
2157.13	28.9046
2159.24	30.9387
2161.34	30.8865
2163.45	32.194
2165.55	32.5246
2167.66	33.5187
2169.76	41.3692
2171.86	33.8478
2173.96	30.984
2176.06	28.3189
2178.16	30.9862
2180.26	33.6892
2182.35	34.6138
2184.45	34.0729
2186.54	35.0756
2188.64	32.8428
2190.73	31.1651
2192.82	31.199
2194.91	30.0897
2197	32.8276
2199.09	27.5546
2201.18	29.5202
2203.27	30.7752
2205.35	28.841
2207.44	29.4797
2209.52	32.0913
2211.61	32.9307
2213.69	28.8893
2215.77	32.9858
2217.85	26.247
2219.93	29.0229
2222.01	28.1596
2224.09	25.5118
2226.16	29.6175
2228.24	29.0913
2230.31	30.2846
2232.39	27.711
2234.46	28.052
2236.53	27.3135
2238.6	27.9589
2240.67	26.8722
2242.74	26.7423
2244.81	27.6482
2246.88	26.0952
2248.94	25.6482
2251.01	29.497
2253.07	30.3818
2255.14	29.5944
2257.2	27.7526
2259.26	30.1998
2261.32	30.8905
2263.38	27.252
2265.44	28.4256
2267.5	32.7611
2269.56	29.4097
2271.61	25.7993
2273.67	26.6465
2275.72	26.9831
2277.78	26.8058
2279.83	30.1044
2281.88	26.6686
2283.93	26.6605
2285.98	28.0226
2288.03	27.9996
2290.08	28.1151
2292.12	30.4063
2294.17	27.2357
2296.21	26.5787
2298.26	26.062
2300.3	23.6494
2302.34	27.4474
2304.38	25.6914
2306.42	28.5386
2308.46	27.288
2310.5	26.1212
2312.54	26.9186
2314.58	23.1589
2316.61	24.6263
2318.65	24.4398
2320.68	25.5588
2322.71	23.5252
2324.75	28.4018
2326.78	25.3519
2328.81	23.2196
2330.84	25.9975
2332.86	24.4442
2334.89	27.1281
2336.92	23.8679
2338.94	24.3329
2340.97	24.6852
2342.99	23.2427
2345.02	23.6895
2347.04	24.7776
2349.06	22.8659
2351.08	23.9989
2353.1	26.6685
2355.12	22.3092
2357.13	21.7127
2359.15	24.1981
2361.17	24.0794
2363.18	20.0457
2365.19	23.9744
2367.21	22.645
2369.22	23.6482
2371.23	24.5221
2373.24	25.1625
2375.25	22.7633
2377.26	27.9601
2379.27	25.52
2381.27	26.5201
2383.28	24.3496
2385.28	20.9873
2387.29	22.4435
2389.29	19.9303
2391.29	18.5118
2393.29	20.3365
2395.29	22.4993
2397.29	21.7648
2399.29	19.4791
2401.29	24.7378
2403.28	21.5596
2405.28	22.7979
2407.27	20.5648
2409.27	22.3598
2411.26	22.1596
2413.25	21.6961
2415.25	20.2562
2417.24	20.1991
2419.22	19.2896
2421.21	21.5157
2423.2	23.0913
2425.19	22.7234
2427.17	21.3601
2429.16	20.9414
2431.14	21.6025
2433.13	20.1283
2435.11	25.4104
2437.09	22.3861
2439.07	20.1546
2441.05	25.0431
2443.03	22.8088
2445.01	23.89
2446.98	27.4837
2448.96	23.1339
2450.93	28.0661
2452.91	28.0129
2454.88	22.3911
2456.85	21.9974
2458.83	22.1555
2460.8	22.994
2462.77	21.8956
2464.74	21.9988
2466.7	20.3818
2468.67	24.208
2470.64	22.7584
2472.6	20.7524
2474.57	19.2211
2476.53	20.5532
2478.49	20.8492
2480.46	20.9812
2482.42	19.4622
2484.38	21.9233
2486.34	22.3974
2488.29	23.7564
2490.25	27.8271
2492.21	29.0268
2494.16	29.3421
2496.12	24.1533
2498.07	26.8729
2500.03	24.5571
2501.98	24.7361
2503.93	24.7564
2505.88	24.6312
2507.83	30.1584
2509.78	30.497
2511.73	35.9033
2513.67	39.7836
2515.62	37.569
2517.56	29.2733
2519.51	25.8542
2521.45	25.205
2523.4	23.7619
2525.34	21.428
2527.28	20.0247
2529.22	24.3135
2531.16	22.8166
2533.1	25.2038
2535.03	22.9115
2536.97	23.0046
2538.91	24.2624
2540.84	22.114
2542.77	25.2348
2544.71	24.6713
2546.64	24.1362
2548.57	21.7153
2550.5	17.7522
2552.43	20.2191
2554.36	18.124
2556.29	19.054
2558.21	17.8664
2560.14	17.6966
2562.07	18.6195
2563.99	21.4208
2565.91	20.7115
2567.84	18.4505
2569.76	19.3117
2571.68	17.8594
2573.6	18.2824
2575.52	18.1968
2577.44	17.9574
2579.36	16.4492
2581.27	18.4385
2583.19	18.2233
2585.1	16.5668
2587.02	17.3401
2588.93	14.7564
2590.84	15.4469
2592.75	18.8837
2594.67	16.5588
2596.58	18.43
2598.48	17.7597
2600.39	19.1868
