105.443	6107.06
108.528	5464.94
111.612	4814.56
114.693	4227.47
117.774	3695.86
120.854	3231.68
123.931	2842.57
127.007	2494.41
130.081	2201.75
133.155	1927.96
136.226	1734.04
139.296	1511.18
142.364	1331.41
145.431	1169.46
148.496	1051.49
151.559	950.52
154.622	860.034
157.682	758.603
160.741	685.878
163.799	625.218
166.855	558.495
169.91	508.423
172.963	460.895
176.014	419.78
179.064	377.522
182.113	358.416
185.16	322.351
188.205	301.772
191.249	281.066
194.291	261.719
197.333	235.051
200.372	247.276
203.409	217.128
206.446	210.473
209.48	198.139
212.514	191.406
215.546	176.99
218.577	163.056
221.605	157.755
224.633	155.004
227.658	153.392
230.682	146.72
233.706	143.045
236.727	137.694
239.747	138.457
242.765	130.076
245.782	126.202
248.797	126.739
251.811	124.28
254.823	126.666
257.834	117.68
260.844	117.339
263.852	112.798
266.858	112.728
269.863	114.098
272.866	115.316
275.868	108.569
278.869	111.58
281.867	104.297
284.865	113.691
287.861	108.975
290.856	112.058
293.848	112.617
296.84	104.283
299.83	101.896
302.819	109.239
305.806	106.686
308.791	107.398
311.775	104.45
314.758	104.682
317.739	108.908
320.719	107.149
323.697	105.53
326.674	104.571
329.649	110.89
332.623	110.53
335.595	114.843
338.566	112.694
341.535	106.406
344.504	108.994
347.47	111.277
350.434	107.514
353.399	106.989
356.36	110.147
359.321	108.446
362.281	110.488
365.238	107.955
368.194	105.306
371.149	105.892
374.102	116.708
377.054	113.451
380.005	115.848
382.954	119.375
385.901	119.854
388.847	129.737
391.792	131.635
394.735	132.059
397.676	127.484
400.617	126.53
403.555	123.366
406.493	119.756
409.429	114.422
412.363	108.955
415.297	113.378
418.228	106.76
421.158	105.376
424.087	104.907
427.014	99.9068
429.94	99.4785
432.864	100.667
435.787	100.298
438.709	91.4348
441.629	98.4069
444.547	97.6504
447.464	93.6632
450.38	92.583
453.294	91.3169
456.208	91.3372
459.119	91.1717
462.028	91.0006
464.938	88.4438
467.844	84.6162
470.75	86.6805
473.654	87.9703
476.557	91.6353
479.459	83.3846
482.359	82.666
485.257	85.507
488.154	83.7179
491.05	81.4785
493.945	80.7846
496.838	83.3398
499.729	81.8023
502.619	84.8666
505.508	85.0421
508.395	76.7755
511.281	79.3052
514.165	84.6054
517.049	82.4183
519.93	83.7984
522.81	78.9683
525.689	79.4635
528.566	80.846
531.442	77.7257
534.317	79.8188
537.19	80.7839
540.062	77.0795
542.932	82.4018
545.801	83.5484
548.669	87.2164
551.534	90.1383
554.399	80.6028
557.262	92.7139
560.124	88.1109
562.985	93.6413
565.844	93.4757
568.702	100.293
571.558	103.929
574.413	111.448
577.266	120.449
580.118	132.428
582.969	153.266
585.819	187.453
588.666	244.304
591.513	344.206
594.359	527.78
597.202	751.271
600.045	783.027
602.885	598.851
605.725	401.059
608.564	268.975
611.4	201.398
614.236	168.242
617.07	132.582
619.902	122.481
622.734	112.49
625.564	104.878
628.393	106.451
631.219	104.42
634.045	95.5087
636.87	92.6558
639.693	93.3324
642.515	89.3402
645.335	89.718
648.153	91.2222
650.971	87.1838
653.787	82.4933
656.602	89.4264
659.416	87.3633
662.228	91.9409
665.038	90.5094
667.848	95.3304
670.655	98.1733
673.462	91.1458
676.268	89.1599
679.071	91.9086
681.874	88.1752
684.675	90.6017
687.475	87.4196
690.273	82.7254
693.07	84.3751
695.866	82.0206
698.66	83.7975
701.453	78.9965
704.244	82.0142
707.035	80.1376
709.824	68.8479
712.612	78.2828
715.397	78.9629
718.183	78.7447
720.966	74.1612
723.748	73.1753
726.529	76.5575
729.308	78.6877
732.087	78.0872
734.863	77.6734
737.639	72.118
740.413	80.1419
743.186	78.0907
745.956	74.4658
748.726	74.9892
751.495	77.8479
754.262	76.4871
757.029	74.8726
759.793	78.4862
762.557	79.9836
765.318	80.0798
768.079	82.1612
770.839	79.9752
773.597	83.1344
776.353	85.1556
779.109	86.7359
781.862	89.5375
784.615	87.644
787.366	101.348
790.116	116.374
792.865	118.291
795.612	123.162
798.358	114.707
801.102	103.021
803.846	96.7091
806.588	89.9361
809.329	91.4651
812.068	92.0727
814.806	100.028
817.542	98.8279
820.278	98.7106
823.012	107.028
825.744	109.718
828.476	113.687
831.206	121.315
833.935	131.846
836.662	145.22
839.388	163.021
842.113	169.905
844.836	150.928
847.558	137.405
850.279	117.496
852.999	102.533
855.718	99.2016
858.435	91.8908
861.15	90.913
863.865	86.6665
866.577	79.7615
869.289	80.4889
871.999	81.0034
874.709	78.3107
877.417	80.6274
880.123	76.2667
882.828	73.5973
885.531	73.3571
888.234	77.2172
890.936	78.3649
893.635	72.8291
896.334	75.4831
899.031	77.3983
901.728	74.5655
904.422	76.0872
907.116	76.2662
909.808	74.1538
912.499	82.1136
915.188	78.6453
917.877	80.1752
920.563	83.5745
923.249	84.5162
925.934	90.7464
928.617	90.6846
931.298	100.02
933.979	93.9557
936.658	90.1992
939.336	83.0454
942.013	94.6283
944.688	96.7934
947.362	96.1427
950.035	94.8483
952.706	113.385
955.377	124.322
958.045	143.782
960.714	172.817
963.38	223.012
966.044	298.239
968.709	484.374
971.372	795.436
974.033	1180.07
976.693	1613.85
979.351	2700.93
982.009	6832.49
984.665	11098.7
987.32	7793.14
989.974	4146.32
992.626	2128.83
995.277	999.052
997.926	557.874
1000.57	359.75
1003.22	240.389
1005.87	189.354
1008.51	154.066
1011.16	131.735
1013.8	120.294
1016.44	116.194
1019.08	112.069
1021.72	109.295
1024.35	104.23
1026.99	107.556
1029.63	97.1172
1032.26	93.805
1034.89	91.9594
1037.52	87.3512
1040.15	85.908
1042.78	90.7748
1045.41	84.4849
1048.03	82.5094
1050.66	84.017
1053.28	88.1253
1055.9	88.3229
1058.52	84.9963
1061.14	80.7726
1063.76	84.9616
1066.38	87.3675
1068.99	88.4465
1071.61	89.5424
1074.22	87.7582
1076.83	89.4016
1079.44	87.0281
1082.05	84.3744
1084.66	82.9563
1087.27	81.6682
1089.87	84.9942
1092.48	83.6028
1095.08	79.6077
1097.68	79.809
1100.29	85.9608
1102.88	84.6139
1105.48	81.7368
1108.08	85.1619
1110.68	89.3095
1113.27	84.5907
1115.86	82.5575
1118.46	89.6084
1121.05	92.3499
1123.64	94.8195
1126.23	92.6954
1128.81	102.251
1131.4	107.491
1133.98	114.098
1136.57	114.571
1139.15	128.743
1141.73	132.198
1144.31	136.114
1146.89	151.826
1149.47	151.459
1152.04	167.524
1154.62	189.582
1157.19	234.469
1159.76	280.427
1162.33	362.617
1164.9	481.368
1167.47	601.908
1170.04	653.517
1172.61	609.825
1175.17	498.073
1177.74	386.671
1180.3	289.711
1182.86	224.187
1185.42	198.638
1187.98	162.375
1190.54	143.052
1193.09	132.385
1195.65	122.089
1198.2	116.108
1200.76	103.653
1203.31	103.1
1205.86	104.427
1208.41	103.055
1210.96	99.0767
1213.5	96.0566
1216.05	90.9449
1218.59	87.5683
1221.14	91.8855
1223.68	86.5589
1226.22	86.6283
1228.76	87.5883
1231.3	87.8957
1233.84	83.3375
1236.37	85.4889
1238.91	87.056
1241.44	87.8223
1243.97	86.3949
1246.5	81.4073
1249.03	82.0822
1251.56	83.1706
1254.09	84.4204
1256.62	84.2338
1259.14	87.8929
1261.67	89.3372
1264.19	86.8263
1266.71	87.4415
1269.23	87.3574
1271.75	84.7261
1274.27	91.2373
1276.78	89.1828
1279.3	83.9656
1281.81	89.4422
1284.33	93.4669
1286.84	86.0718
1289.35	89.9299
1291.86	89.7529
1294.37	88.1392
1296.88	92.3791
1299.38	96.0006
1301.89	98.8608
1304.39	90.1829
1306.89	96.3587
1309.4	92.3778
1311.9	89.3661
1314.4	97.5903
1316.89	97.8061
1319.39	100.206
1321.89	99.6735
1324.38	102.798
1326.87	99.1176
1329.37	104.603
1331.86	100.079
1334.35	101.547
1336.83	105.296
1339.32	102.896
1341.81	105.779
1344.29	111.062
1346.78	112.288
1349.26	112.051
1351.74	109.627
1354.22	115.498
1356.7	109.409
1359.18	110.837
1361.65	113.261
1364.13	116.389
1366.6	110.048
1369.08	111.295
1371.55	108.009
1374.02	111.96
1376.49	112.493
1378.96	116.831
1381.43	117.375
1383.89	112.617
1386.36	110.027
1388.82	112.606
1391.28	112.86
1393.75	122.798
1396.21	131.863
1398.67	137.23
1401.12	130.844
1403.58	121.545
1406.04	111.625
1408.49	113.828
1410.95	116.723
1413.4	114.117
1415.85	113.047
1418.3	114.594
1420.75	109.42
1423.2	106.472
1425.64	106.621
1428.09	108.65
1430.53	98.9629
1432.97	104.542
1435.42	109.484
1437.86	110.031
1440.3	106.285
1442.74	99.4528
1445.17	107.903
1447.61	105.169
1450.05	112.522
1452.48	102.895
1454.91	105.111
1457.34	105.36
1459.77	106.061
1462.2	103.11
1464.63	103.755
1467.06	108.762
1469.48	107.646
1471.91	104.131
1474.33	107.503
1476.76	106.951
1479.18	110.903
1481.6	108.78
1484.02	104.636
1486.44	99.8535
1488.85	107.025
1491.27	101.138
1493.68	105.596
1496.1	102.106
1498.51	98.6858
1500.92	102.367
1503.33	104.687
1505.74	106.561
1508.15	94.913
1510.55	102.527
1512.96	99.7257
1515.36	101.398
1517.77	102.807
1520.17	100.034
1522.57	103.67
1524.97	105.151
1527.37	102.183
1529.77	99.8581
1532.16	111.873
1534.56	107.74
1536.95	106.398
1539.35	104.459
1541.74	108.738
1544.13	110.385
1546.52	113.629
1548.91	118.32
1551.3	117.197
1553.68	122.767
1556.07	129.75
1558.45	135.256
1560.84	142.774
1563.22	156.863
1565.6	177.496
1567.98	193.005
1570.36	216.93
1572.74	253.992
1575.11	296.117
1577.49	344.381
1579.86	371.983
1582.24	359.576
1584.61	323.009
1586.98	271.229
1589.35	245.494
1591.72	228.354
1594.08	246.519
1596.45	259.187
1598.82	287.419
1601.18	287.733
1603.54	261.932
1605.91	228.271
1608.27	196.096
1610.63	164.16
1612.99	151.965
1615.34	135.746
1617.7	129.637
1620.06	122
1622.41	114.92
1624.76	111.925
1627.12	109.843
1629.47	109.597
1631.82	98.0352
1634.17	99.9421
1636.51	102.238
1638.86	96.7203
1641.21	91.5094
1643.55	89.9334
1645.9	87.464
1648.24	90.2141
1650.58	84.3079
1652.92	85.3079
1655.26	91.0736
1657.6	90.3203
1659.93	84.6939
1662.27	87.5522
1664.6	84.9746
1666.94	85.674
1669.27	80.4685
1671.6	84.4143
1673.93	85.8879
1676.26	85.895
1678.59	81.0822
1680.92	76.9674
1683.24	77.0528
1685.57	81.4187
1687.89	80.5809
1690.22	81.0745
1692.54	83.4265
1694.86	89.2018
1697.18	79.074
1699.5	76.2597
1701.81	85.4129
1704.13	81.4436
1706.45	79.6644
1708.76	83.7706
1711.07	83.0717
1713.38	75.1277
1715.7	78.2274
1718.01	73.5564
1720.31	76.917
1722.62	71.2942
1724.93	73.3045
1727.24	70.7948
1729.54	73.7839
1731.84	73.9005
1734.15	68.5616
1736.45	71.4299
1738.75	71.4889
1741.05	72.1837
1743.35	69.6336
1745.64	69.9912
1747.94	73.5484
1750.23	71.0659
1752.53	66.893
1754.82	71.9743
1757.11	68.5103
1759.4	65.5762
1761.69	68.6224
1763.98	65.8333
1766.27	61.7613
1768.56	64.6484
1770.84	68.5177
1773.13	67.2617
1775.41	65.4206
1777.69	66.6484
1779.97	66.6069
1782.25	67.1718
1784.53	64.1965
1786.81	63.1974
1789.09	60.4314
1791.36	66.3398
1793.64	66.094
1795.91	61.4069
1798.18	61.2984
1800.46	60.4635
1802.73	61.4066
1805	67.0684
1807.27	59.8248
1809.53	60.2915
1811.8	62.888
1814.07	62.9299
1816.33	61.1961
1818.59	59.4717
1820.86	60.3076
1823.12	59.4051
1825.38	60.4002
1827.64	58.953
1829.89	62.2428
1832.15	60.4206
1834.41	63.3642
1836.66	58.6383
1838.92	61.3675
1841.17	56.8384
1843.42	58.5655
1845.67	61.0929
1847.92	57.242
1850.17	58.2447
1852.42	62.1349
1854.67	57.9361
1856.91	59.2872
1859.16	61.4238
1861.4	54.7984
1863.64	53.2256
1865.88	59.9896
1868.12	56.0272
1870.36	54.2283
1872.6	51.4196
1874.84	55.4709
1877.08	56.5254
1879.31	56.1003
1881.54	53.2872
1883.78	57.5392
1886.01	55.1583
1888.24	54.2247
1890.47	54.8363
1892.7	54.3085
1894.93	54.9829
1897.16	54.253
1899.38	55.3512
1901.61	56.6817
1903.83	55.2179
1906.05	51.3333
1908.28	53.2274
1910.5	54.6453
1912.72	54.5137
1914.94	50.3658
1917.16	51.9541
1919.37	54.2782
1921.59	52.6017
1923.8	53.236
1926.02	51.4929
1928.23	57.7649
1930.44	55.1427
1932.65	50.2274
1934.86	52.9947
1937.07	52.4183
1939.28	51.4411
1941.48	49.6707
1943.69	51.4066
1945.9	49.959
1948.1	52.5589
1950.3	48.9095
1952.5	48.1248
1954.7	49.8079
1956.9	48.6316
1959.1	45.2487
1961.3	44.4615
1963.5	46.065
1965.69	48.3085
1967.89	46.6248
1970.08	51.6413
1972.27	47.2076
1974.46	45.4823
1976.66	46.1179
1978.84	52.6675
1981.03	49.0463
1983.22	47.1847
1985.41	47.1229
1987.59	46.8196
1989.78	42.9621
1991.96	46.3598
1994.14	45.135
1996.32	41.1796
1998.51	45.3026
2000.69	44.5769
2002.86	40.3402
2005.04	43.6858
2007.22	44.8436
2009.39	45.7217
2011.57	43.3475
2013.74	43.4222
2015.91	44.2199
2018.09	44.0472
2020.26	43.3354
2022.43	42.2349
2024.59	41.3072
2026.76	41.8511
2028.93	38.9805
2031.09	39.9374
2033.26	37.9347
2035.42	40.3162
2037.59	39.7292
2039.75	42.7215
2041.91	44.0891
2044.07	41.083
2046.23	37.805
2048.38	32.7811
2050.54	38.3932
2052.7	39.3202
2054.85	37.8681
2057	39.1274
2059.16	39.0336
2061.31	38.1647
2063.46	38.3712
2065.61	37.8105
2067.76	38.3547
2069.91	36.1088
2072.05	37.1439
2074.2	36.6904
2076.34	38.688
2078.49	34.5624
2080.63	34.4196
2082.77	37.6735
2084.91	31.3773
2087.05	33.1599
2089.19	34.0794
2091.33	35.7739
2093.47	34.6633
2095.6	40.1796
2097.74	35.125
2099.87	35.3883
2102.01	39.4898
2104.14	31.9342
2106.27	34.4635
2108.4	33.5683
2110.53	36.652
2112.66	34.8513
2114.79	33.659
2116.91	32.2715
2119.04	33.6746
2121.16	36.1696
2123.29	33.7529
2125.41	35.9284
2127.53	31.536
2129.65	32.1145
2131.77	28.065
2133.89	35.7274
2136.01	31.0809
2138.12	28.5177
2140.24	31.1974
2142.35	31.8709
2144.47	33.8518
2146.58	31.8419
2148.69	30.7598
2150.8	32.4264
2152.91	31.5726
2155.02	29.6
2157.13	27.2632
2159.24	34.5484
2161.34	33.1718
2163.45	29.441
2165.55	28.3893
2167.66	34.7641
2169.76	41.0405
2171.86	32.7915
2173.96	29.7662
2176.06	29.1686
2178.16	30.6112
2180.26	34.0857
2182.35	33.7768
2184.45	32.6692
2186.54	34.999
2188.64	30.3281
2190.73	29.3571
2192.82	31.3743
2194.91	29.6864
2197	30.0528
2199.09	33.3606
2201.18	29.3002
2203.27	29.8606
2205.35	28.0163
2207.44	28.6386
2209.52	31.3107
2211.61	31.5951
2213.69	30.8065
2215.77	27.7725
2217.85	28.2291
2219.93	31.4051
2222.01	28.9411
2224.09	26.8046
2226.16	25.8384
2228.24	26.5589
2230.31	26.7145
2232.39	26.9342
2234.46	28.6614
2236.53	26.9313
2238.6	26.6858
2240.67	28.0068
2242.74	28.2139
2244.81	29.5796
2246.88	26.3835
2248.94	27.1172
2251.01	26.3569
2253.07	27.6809
2255.14	25.9965
2257.2	26.5384
2259.26	28.194
2261.32	29.0931
2263.38	25.675
2265.44	27.0179
2267.5	26.2758
2269.56	27.7741
2271.61	25.3107
2273.67	27.9805
2275.72	26.3072
2277.78	28.3606
2279.83	26.9563
2281.88	27.708
2283.93	27.6242
2285.98	27.4214
2288.03	26.515
2290.08	28.9752
2292.12	30.3327
2294.17	27.8121
2296.21	25.9912
2298.26	23.1974
2300.3	26.8759
2302.34	30.9449
2304.38	25.7402
2306.42	25.7771
2308.46	26.666
2310.5	25.1521
2312.54	28.734
2314.58	25.6214
2316.61	27.3865
2318.65	23.5533
2320.68	23.9154
2322.71	27.0139
2324.75	22.0061
2326.78	27.0642
2328.81	24.9665
2330.84	23.7359
2332.86	25.0642
2334.89	26.5302
2336.92	26.0834
2338.94	27.1061
2340.97	25.6283
2342.99	26.4803
2345.02	26.6495
2347.04	21.7453
2349.06	25.0984
2351.08	25.7992
2353.1	22.5384
2355.12	25.3675
2357.13	22.5028
2359.15	23.6198
2361.17	23.74
2363.18	26.5302
2365.19	27.7992
2367.21	26.2116
2369.22	26.0405
2371.23	24.3169
2373.24	24.6912
2375.25	23.9294
2377.26	24.3402
2379.27	21.5871
2381.27	22.6684
2383.28	21.9693
2385.28	25.6948
2387.29	26.3606
2389.29	20.9818
2391.29	21.0795
2393.29	20.451
2395.29	21.3778
2397.29	25.1992
2399.29	23.0863
2401.29	20.3433
2403.28	23.7372
2405.28	22.3812
2407.27	20.8237
2409.27	21.3524
2411.26	22.0926
2413.25	24.4222
2415.25	22.8105
2417.24	21.8778
2419.22	21.1317
2421.21	21.9197
2423.2	20.9965
2425.19	21.7227
2427.17	20.2735
2429.16	19.9439
2431.14	21.1381
2433.13	23.0745
2435.11	19.6632
2437.09	21.0583
2439.07	22.8831
2441.05	24.204
2443.03	20.8505
2445.01	25.4395
2446.98	26.4642
2448.96	27.0241
2450.93	26.7728
2452.91	26.7154
2454.88	24.1195
2456.85	24.8675
2458.83	21.3265
2460.8	24.4231
2462.77	21.1525
2464.74	24.9334
2466.7	23.2955
2468.67	24.3079
2470.64	21.2169
2472.6	21.4316
2474.57	18.1772
2476.53	19.2079
2478.49	21.7399
2480.46	19.8518
2482.42	20.2401
2484.38	25.6585
2486.34	22.6521
2488.29	23.9068
2490.25	23.3018
2492.21	26.3009
2494.16	29.6653
2496.12	22.9563
2498.07	23.9959
2500.03	22.9993
2501.98	22.6257
2503.93	22.8086
2505.88	22.6632
2507.83	26.5171
2509.78	29.1439
2511.73	36.7349
2513.67	37.3893
2515.62	33.0065
2517.56	34.1758
2519.51	25.7375
2521.45	24.6197
2523.4	24.7915
2525.34	24.3281
2527.28	21.3606
2529.22	21.6146
2531.16	23.6966
2533.1	22.0362
2535.03	23.5762
2536.97	24.5549
2538.91	23.0566
2540.84	24.4862
2542.77	26.4486
2544.71	22.8783
2546.64	24.3327
2548.57	21.2447
2550.5	18.5982
2552.43	17.9444
2554.36	18.1128
2556.29	18.7222
2558.21	16.4187
2560.14	18.805
2562.07	21.1169
2563.99	19.3408
2565.91	17.4109
2567.84	17.6862
2569.76	19.7273
2571.68	20.392
2573.6	17.9746
2575.52	17.0995
2577.44	19.2941
2579.36	17.7551
2581.27	18.4066
2583.19	14.9472
2585.1	17.853
2587.02	19.0463
2588.93	17.7062
2590.84	17.2769
2592.75	19.0884
2594.67	17.3529
2596.58	16.7516
2598.48	16.6719
2600.39	17.9616
