scanname Scan067
timestamp 2024-03-06 18:23:58
ccdbias 1039.491699
ccdgain 4.045375
sigmaread 10.387852
laserwavenum -0.578404
wavenumcorrection -0.251971
scancount 1
totalexposurems 75
singleexposurems 75
measurementstate Unknown
scanmode Auto
snr 53.881794 23.866621 14.920898
replacelist 0
peaks 23
277.897217 0.052443 0.000000 1.562986 0.000011
289.604279 0.050064 0.000000 0.688015 0.000020
300.479340 0.050157 0.000000 0.234573 0.000021
386.091309 0.051225 0.000000 2.203113 0.000102
499.354156 0.020794 0.000000 0.371750 0.000014
646.599548 0.066741 0.000000 12.829893 0.000549
698.366516 0.019783 0.000000 1.493889 0.000076
753.110352 0.018761 0.000000 0.149157 0.000037
815.651489 0.061682 0.000000 3.352880 0.000207
860.364563 0.080949 0.000000 7.512639 0.000459
933.321045 0.020072 0.000000 0.275115 0.000018
1001.628479 0.026784 0.000000 1.998940 0.000133
1032.844238 0.017993 0.000000 0.240681 0.000013
1110.979980 0.078179 0.000000 9.556686 0.000687
1164.131104 0.063269 0.000000 2.515157 0.000242
1241.865112 0.113690 0.000000 1.373147 0.000222
1249.634766 0.114373 0.000000 0.407173 0.000137
1267.977539 0.105387 0.000000 0.539396 0.000085
1327.767334 0.128031 0.000000 5.663422 0.000698
1396.366699 0.030439 0.000000 0.237497 0.000053
1452.630127 0.021256 0.000000 0.290296 0.000023
1484.909058 0.022679 0.000000 0.284399 0.000036
1578.469849 0.044845 0.000000 2.054477 0.000312
finalresult GLS_NoMatch 0
spectrum 2048
-92.107521 0.012865
-89.482315 0.012930
-86.858994 -0.019399
-84.237556 0.021118
-81.618004 0.006960
-79.000343 0.061207
-76.384560 0.029724
-73.770653 0.046394
-71.158630 0.001100
-68.548485 0.019517
-65.940201 0.027290
-63.333790 0.024540
-60.729256 0.042638
-58.126587 0.054635
-55.525780 0.040503
-52.926842 0.021866
-50.329765 0.044610
-47.734543 0.032090
-45.141178 0.028222
-42.549675 0.031146
-39.960026 0.027723
-37.372223 0.015172
-34.786266 0.032126
-32.202164 0.030448
-29.619905 0.029275
-27.039484 0.030203
-24.460915 0.026443
-21.884188 0.028431
-19.309286 0.033279
-16.736223 0.033314
-14.165003 0.005927
-11.595612 0.004246
-9.028044 0.008464
-6.462304 0.022409
-3.898398 0.042973
-1.336317 0.058615
1.223951 0.058981
3.782397 0.044746
6.339018 0.031734
8.893823 0.027139
11.446819 0.035127
13.998003 0.035185
16.547371 0.032274
19.094929 0.035160
21.640690 0.033803
24.184641 0.023517
26.726784 0.028121
29.267126 0.029135
31.805674 0.033692
34.342422 0.025332
36.877384 0.023769
39.410538 0.043883
41.941906 0.025617
44.471485 0.026112
46.999264 0.051838
49.525272 0.043332
52.049503 0.028867
54.571945 0.040529
57.092602 0.053659
59.611469 0.052790
62.128578 0.018108
64.643906 0.002829
67.157448 0.067929
69.669235 0.044843
72.179245 0.051430
74.687508 0.004438
77.193993 0.085687
79.698700 0.037772
82.201660 0.037704
84.702873 0.023088
87.202293 0.049283
89.699974 0.041108
92.195908 0.038873
94.690086 0.050281
97.182518 0.033863
99.673187 0.081126
102.162117 0.036120
104.649307 0.028662
107.134750 0.062220
109.618446 0.038982
112.100403 0.107638
114.580635 0.073611
117.059120 0.054663
119.535873 0.070899
122.010902 0.068649
124.484184 0.094856
126.955734 0.119684
129.425583 0.119151
131.893677 0.120024
134.360062 0.155153
136.824738 0.149950
139.287689 0.146448
141.748917 0.146253
144.208420 0.147957
146.666183 0.145020
149.122284 0.144995
151.576645 0.141387
154.029327 0.136932
156.480286 0.134185
158.929535 0.129594
161.377090 0.125306
163.822922 0.120848
166.267075 0.119726
168.709503 0.114861
171.150253 0.107525
173.589325 0.105182
176.026688 0.101300
178.462357 0.098169
180.896317 0.096395
183.328644 0.095194
185.759232 0.092829
188.188156 0.093124
190.615387 0.093254
193.040955 0.092283
195.464844 0.092050
197.887054 0.092649
200.307587 0.092325
202.726425 0.093494
205.143585 0.091810
207.559113 0.092789
209.972946 0.092361
212.385147 0.091745
214.795654 0.091338
217.204514 0.091490
219.611664 0.090010
222.017197 0.089631
224.421066 0.087569
226.823273 0.086680
229.223846 0.085567
231.622757 0.084960
234.020004 0.084442
236.415619 0.082536
238.809570 0.080304
241.201843 0.079585
243.592499 0.078117
245.981522 0.075748
248.368912 0.073828
250.754654 0.072017
253.138763 0.071081
255.521225 0.069709
257.902039 0.067519
260.281250 0.065825
262.658813 0.063584
265.034729 0.061258
267.409058 0.058937
269.781738 0.057063
272.152802 0.055740
274.522247 0.054202
276.890045 0.053130
279.256226 0.052969
281.620819 0.052164
283.983765 0.051707
286.345093 0.051013
288.704834 0.049897
291.062958 0.050247
293.419464 0.049494
295.774353 0.049551
298.127625 0.048888
300.479340 0.047529
302.829437 0.046035
305.177948 0.044937
307.524811 0.044338
309.870087 0.041090
312.213776 0.039838
314.555847 0.037284
316.896362 0.036259
319.235291 0.034542
321.572601 0.033293
323.908356 0.031992
326.242462 0.031289
328.575043 0.030413
330.906036 0.029353
333.235413 0.029413
335.563232 0.028792
337.889465 0.029333
340.214111 0.026667
342.537201 0.027486
344.858704 0.027446
347.178680 0.026981
349.497040 0.027246
351.813812 0.026932
354.129028 0.027288
356.442688 0.027068
358.754791 0.027680
361.065308 0.027845
363.374268 0.028639
365.681702 0.029679
367.987579 0.031717
370.291870 0.033465
372.594574 0.036579
374.895782 0.039830
377.195435 0.044345
379.493500 0.046405
381.790039 0.050032
384.085022 0.050679
386.378479 0.051157
388.670441 0.050644
390.960754 0.048301
393.249573 0.046345
395.536865 0.044331
397.822601 0.041912
400.106720 0.040311
402.389404 0.038823
404.670532 0.037851
406.950134 0.036040
409.228210 0.035421
411.504791 0.032805
413.779785 0.032757
416.053284 0.030135
418.325256 0.028712
420.595673 0.028137
422.864624 0.027041
425.132019 0.025138
427.397888 0.023980
429.662292 0.023801
431.925140 0.022752
434.186401 0.023310
436.446259 0.022657
438.704559 0.023104
440.961365 0.022407
443.216644 0.022775
445.470459 0.022043
447.722778 0.021813
449.973572 0.021200
452.222839 0.020896
454.470642 0.021224
456.716919 0.021434
458.961700 0.021596
461.205017 0.020599
463.446808 0.020726
465.687103 0.020691
467.925934 0.020542
470.163239 0.021048
472.399048 0.021126
474.633392 0.019859
476.866272 0.019659
479.097626 0.019765
481.327515 0.019807
483.555939 0.019395
485.782898 0.019320
488.008362 0.019467
490.232330 0.019248
492.454834 0.020469
494.675873 0.021166
496.895447 0.020224
499.113525 0.020520
501.330139 0.020965
503.545288 0.020466
505.758972 0.020145
507.971191 0.019657
510.181915 0.019507
512.391174 0.018322
514.598999 0.018692
516.805420 0.018422
519.010376 0.019201
521.213806 0.019336
523.415771 0.019445
525.616333 0.018467
527.815430 0.018198
530.013184 0.017495
532.209290 0.017093
534.404053 0.017748
536.597351 0.017498
538.789246 0.017917
540.979675 0.017289
543.168579 0.016902
545.356140 0.016949
547.542236 0.016755
549.726807 0.016848
551.910095 0.016711
554.091858 0.016209
556.272217 0.017020
558.451111 0.017225
560.628601 0.016046
562.804626 0.016114
564.979248 0.016174
567.152466 0.016073
569.324341 0.016403
571.494629 0.016550
573.663574 0.015969
575.830994 0.016446
577.997070 0.015651
580.161743 0.016359
582.325012 0.016421
584.486877 0.016096
586.647278 0.016181
588.806213 0.016406
590.963867 0.015532
593.120056 0.016274
595.274780 0.016145
597.428162 0.016469
599.580139 0.016291
601.730713 0.016175
603.879822 0.016342
606.027588 0.016607
608.173950 0.016686
610.318848 0.017580
612.462341 0.018021
614.604492 0.017478
616.745300 0.018229
618.884583 0.018336
621.022644 0.018973
623.159241 0.019938
625.294312 0.020654
627.428223 0.022051
629.560608 0.022376
631.691589 0.024356
633.821289 0.027046
635.949402 0.028864
638.076416 0.036808
640.201843 0.045253
642.326050 0.054440
644.448608 0.065088
646.570007 0.067348
648.689941 0.064898
650.808533 0.055871
652.925781 0.045109
655.041626 0.034227
657.156128 0.027175
659.269287 0.022713
661.380920 0.020051
663.491333 0.017481
665.600403 0.017356
667.708069 0.015987
669.814331 0.015759
671.919189 0.015592
674.022766 0.015627
676.125061 0.015712
678.225830 0.015893
680.325256 0.015376
682.423401 0.014893
684.520142 0.015225
686.615601 0.015038
688.709778 0.015512
690.802368 0.015668
692.893799 0.016998
694.983887 0.018939
697.072510 0.019953
699.159851 0.019932
701.245911 0.018755
703.330505 0.018027
705.413818 0.016748
707.495728 0.015705
709.576416 0.016141
711.655640 0.015582
713.733521 0.015463
715.810181 0.015695
717.885498 0.015515
719.959412 0.014603
722.032104 0.015070
724.103333 0.014612
726.173279 0.014821
728.241943 0.014339
730.309265 0.015652
732.375244 0.014864
734.439941 0.014587
736.503174 0.014569
738.565186 0.015163
740.625916 0.015346
742.685242 0.016216
744.743347 0.016811
746.799988 0.018615
748.855408 0.017914
750.909546 0.018564
752.962341 0.018990
755.013855 0.019275
757.063965 0.017671
759.112854 0.016722
761.160400 0.016887
763.206604 0.017231
765.251587 0.016244
767.295227 0.017055
769.337524 0.017031
771.378601 0.017019
773.418274 0.016744
775.456726 0.017157
777.493774 0.018567
779.529541 0.018395
781.564087 0.019310
783.597351 0.020328
785.629272 0.022001
787.659912 0.022639
789.689270 0.024752
791.717407 0.026356
793.744141 0.026993
795.769653 0.030178
797.793823 0.032900
799.816711 0.036142
801.838318 0.039055
803.858704 0.043108
805.877747 0.047002
807.895508 0.050382
809.912048 0.054970
811.927307 0.058363
813.941223 0.061330
815.953796 0.062093
817.965210 0.060368
819.975281 0.057390
821.984253 0.053618
823.991699 0.049974
825.998108 0.047401
828.003113 0.046327
830.006775 0.044589
832.009338 0.043999
834.010437 0.043898
836.010498 0.045009
838.009094 0.045994
840.006592 0.046142
842.002747 0.048530
843.997742 0.049851
845.991333 0.052823
847.983704 0.056629
849.974854 0.060552
851.964783 0.062957
853.953308 0.068831
855.940735 0.072743
857.926758 0.077596
859.911682 0.079725
861.895264 0.079823
863.877625 0.076829
865.858765 0.067152
867.838562 0.054743
869.817261 0.042914
871.794556 0.033476
873.770752 0.026879
875.745605 0.023058
877.719299 0.021464
879.691650 0.020535
881.662842 0.020626
883.632690 0.019002
885.601501 0.019077
887.568848 0.018734
889.535095 0.018178
891.500061 0.018457
893.463745 0.017611
895.426331 0.017634
897.387573 0.017965
899.347656 0.017095
901.306396 0.017224
903.264038 0.016563
905.220398 0.015463
907.175659 0.016537
909.129517 0.015892
911.082275 0.015734
913.033630 0.016607
914.983948 0.016080
916.932922 0.017096
918.880798 0.017911
920.827332 0.017525
922.772644 0.018491
924.716858 0.018800
926.659851 0.019248
928.601624 0.019783
930.541992 0.019744
932.481323 0.019892
934.419373 0.020151
936.356384 0.020181
938.291992 0.019493
940.226501 0.019428
942.159668 0.018355
944.091858 0.018116
946.022644 0.018701
947.952332 0.017045
949.880737 0.016743
951.808044 0.017385
953.733887 0.017674
955.658752 0.016519
957.582458 0.016094
959.504822 0.016195
961.426208 0.016358
963.346191 0.016105
965.265015 0.015865
967.182678 0.015479
969.099243 0.015032
971.014404 0.015056
972.928589 0.015052
974.841431 0.015070
976.753174 0.015035
978.663635 0.014905
980.573059 0.014732
982.481140 0.015410
984.388062 0.016709
986.293884 0.016903
988.198425 0.018505
990.101990 0.018352
992.004150 0.020200
993.905212 0.021520
995.805054 0.023411
997.703857 0.024849
999.601318 0.025995
1001.497803 0.026803
1003.392761 0.026441
1005.286926 0.025465
1007.179688 0.022045
1009.071411 0.019665
1010.961914 0.018655
1012.851135 0.017317
1014.739380 0.016026
1016.626282 0.016216
1018.512207 0.016040
1020.396667 0.016006
1022.280273 0.016549
1024.162598 0.016505
1026.043823 0.018050
1027.923706 0.018054
1029.802612 0.017839
1031.680298 0.017533
1033.556885 0.017907
1035.432251 0.018284
1037.306396 0.017185
1039.179321 0.016937
1041.051270 0.017703
1042.921997 0.017624
1044.791504 0.015486
1046.660156 0.016452
1048.527222 0.015819
1050.393555 0.016717
1052.258423 0.015866
1054.122314 0.015568
1055.984985 0.016187
1057.846558 0.016185
1059.706909 0.016129
1061.566162 0.015677
1063.424194 0.016821
1065.281250 0.016051
1067.137085 0.015967
1068.991821 0.015927
1070.845093 0.016547
1072.697632 0.016642
1074.548950 0.015984
1076.399048 0.017417
1078.248047 0.016856
1080.095947 0.016920
1081.942627 0.017729
1083.788208 0.018921
1085.632690 0.019493
1087.475952 0.019497
1089.318115 0.020665
1091.159302 0.020871
1092.999146 0.021537
1094.838135 0.022942
1096.675781 0.025601
1098.512207 0.029880
1100.347778 0.034261
1102.181885 0.041630
1104.015137 0.050056
1105.847168 0.060285
1107.677979 0.069782
1109.507813 0.077142
1111.336548 0.079288
1113.164185 0.074673
1114.990601 0.065528
1116.815918 0.055680
1118.640137 0.046868
1120.463257 0.041463
1122.285156 0.035908
1124.106323 0.032947
1125.925903 0.028814
1127.744629 0.026665
1129.562134 0.025907
1131.378540 0.026051
1133.193848 0.024329
1135.008057 0.026021
1136.821167 0.025239
1138.633301 0.026963
1140.444214 0.026130
1142.253906 0.029462
1144.062622 0.030914
1145.870117 0.033283
1147.676880 0.037342
1149.482178 0.040870
1151.286377 0.044139
1153.089478 0.047724
1154.891602 0.052031
1156.692627 0.056396
1158.492554 0.059328
1160.291260 0.060191
1162.088867 0.061677
1163.885620 0.063109
1165.681030 0.062409
1167.475464 0.060827
1169.268799 0.057792
1171.061035 0.051024
1172.852173 0.047801
1174.642334 0.043039
1176.431152 0.036120
1178.219116 0.032946
1180.005737 0.029571
1181.791504 0.026956
1183.576172 0.023984
1185.359741 0.023596
1187.142212 0.021920
1188.923462 0.021739
1190.703735 0.022559
1192.482910 0.022281
1194.260986 0.023963
1196.038208 0.022809
1197.814087 0.024004
1199.588745 0.024714
1201.362793 0.025818
1203.135498 0.024857
1204.907104 0.025423
1206.677734 0.026130
1208.447388 0.025628
1210.215698 0.026562
1211.983154 0.026622
1213.749390 0.027181
1215.514648 0.028280
1217.278809 0.029536
1219.041748 0.030977
1220.803833 0.032848
1222.564697 0.037153
1224.324707 0.039555
1226.083618 0.044318
1227.841187 0.050348
1229.598022 0.057466
1231.353638 0.062712
1233.108154 0.069921
1234.861694 0.079102
1236.614136 0.086652
1238.365601 0.093338
1240.115723 0.101550
1241.865112 0.107112
1243.613281 0.108344
1245.360474 0.113206
1247.106445 0.113530
1248.851563 0.114371
1250.595459 0.113918
1252.338379 0.113792
1254.080322 0.111013
1255.821167 0.109833
1257.560913 0.105463
1259.299683 0.103303
1261.037354 0.098876
1262.773926 0.096275
1264.509521 0.093822
1266.244141 0.091333
1267.977539 0.084518
1269.709961 0.079985
1271.441528 0.074476
1273.171631 0.069182
1274.901001 0.063884
1276.629395 0.059363
1278.356445 0.053931
1280.082764 0.051688
1281.807739 0.048718
1283.531982 0.045631
1285.254883 0.045673
1286.977051 0.043449
1288.697998 0.042022
1290.418091 0.042673
1292.136963 0.040245
1293.854858 0.039942
1295.571655 0.037848
1297.287476 0.037760
1299.002075 0.037698
1300.715942 0.038045
1302.428589 0.037830
1304.140259 0.040238
1305.851074 0.042053
1307.560669 0.045349
1309.269287 0.048685
1310.976807 0.054631
1312.683350 0.060434
1314.388794 0.067187
1316.093384 0.073818
1317.796753 0.082343
1319.499268 0.093068
1321.200684 0.103142
1322.901123 0.111973
1324.600342 0.119812
1326.298828 0.127384
1327.996216 0.128248
1329.692383 0.124487
1331.387695 0.119789
1333.081909 0.107973
1334.775269 0.096206
1336.467529 0.083128
1338.158691 0.073577
1339.848877 0.064082
1341.538208 0.054229
1343.226318 0.045322
1344.913574 0.040786
1346.599609 0.036051
1348.284790 0.033244
1349.968750 0.030400
1351.651978 0.027248
1353.333984 0.026747
1355.015137 0.025950
1356.695435 0.025689
1358.374512 0.024559
1360.052490 0.024095
1361.729492 0.022659
1363.405762 0.023222
1365.080811 0.023787
1366.754639 0.023100
1368.427856 0.023505
1370.099976 0.022524
1371.770874 0.022909
1373.441162 0.024317
1375.110107 0.024431
1376.778076 0.025393
1378.445068 0.025511
1380.111450 0.025931
1381.776367 0.025947
1383.440430 0.026069
1385.103516 0.026350
1386.765381 0.028028
1388.426636 0.027917
1390.086792 0.027705
1391.745728 0.029905
1393.403931 0.030312
1395.061035 0.030385
1396.717041 0.031329
1398.372192 0.028919
1400.026367 0.028889
1401.679688 0.029908
1403.331543 0.027880
1404.982910 0.027326
1406.632935 0.027160
1408.282349 0.026052
1409.930420 0.024441
1411.577515 0.023793
1413.223999 0.023782
1414.869141 0.022601
1416.513550 0.020622
1418.156616 0.020831
1419.799072 0.019266
1421.440430 0.018994
1423.080688 0.018048
1424.719971 0.019284
1426.358398 0.019614
1427.995728 0.019261
1429.632202 0.018403
1431.267700 0.018219
1432.902100 0.018027
1434.535645 0.018427
1436.168091 0.018336
1437.799683 0.019732
1439.430420 0.019104
1441.060059 0.019686
1442.688477 0.019440
1444.316162 0.019861
1445.942871 0.020583
1447.568604 0.020082
1449.193237 0.020988
1450.817139 0.020651
1452.439819 0.021086
1454.061768 0.021481
1455.682617 0.021458
1457.302490 0.020881
1458.921387 0.019901
1460.539307 0.020769
1462.156250 0.018522
1463.772461 0.018260
1465.387573 0.018436
1467.001587 0.018883
1468.614868 0.017281
1470.226929 0.017550
1471.838135 0.016631
1473.448486 0.017709
1475.057983 0.019568
1476.666016 0.020058
1478.273560 0.021247
1479.880005 0.022130
1481.485474 0.021343
1483.089966 0.022803
1484.693604 0.022789
1486.295898 0.023010
1487.897705 0.022071
1489.498535 0.022492
1491.098145 0.021844
1492.696899 0.021699
1494.294922 0.020103
1495.891602 0.019775
1497.487549 0.019750
1499.082642 0.019788
1500.676514 0.019443
1502.269775 0.018571
1503.861816 0.019203
1505.452881 0.018735
1507.043213 0.016660
1508.632446 0.018155
1510.220825 0.018192
1511.808350 0.017066
1513.394653 0.018186
1514.980103 0.016651
1516.564819 0.017176
1518.148560 0.015839
1519.730957 0.017370
1521.312744 0.016240
1522.893677 0.016304
1524.473633 0.015933
1526.052368 0.015693
1527.630249 0.014858
1529.207520 0.014149
1530.783447 0.014557
1532.358521 0.015181
1533.932861 0.014497
1535.506104 0.015144
1537.078735 0.014377
1538.649780 0.015900
1540.220215 0.014986
1541.789917 0.014653
1543.358521 0.014471
1544.926270 0.015211
1546.493042 0.015560
1548.058716 0.015758
1549.623413 0.014844
1551.187500 0.017395
1552.750610 0.014739
1554.312744 0.017631
1555.873779 0.017003
1557.434082 0.018452
1558.993286 0.018978
1560.551880 0.020130
1562.109253 0.020396
1563.665771 0.021552
1565.221313 0.022723
1566.775879 0.025178
1568.329712 0.025205
1569.882568 0.029133
1571.434448 0.033824
1572.985474 0.036108
1574.535400 0.038877
1576.084473 0.043122
1577.632935 0.044791
1579.179932 0.045766
1580.726440 0.042304
1582.271973 0.040508
1583.816650 0.038860
1585.359863 0.034137
1586.902710 0.029965
1588.444458 0.030165
1589.985352 0.027745
1591.525146 0.027179
1593.064331 0.025284
1594.602295 0.024576
1596.139404 0.025039
1597.675781 0.024215
1599.211182 0.021835
1600.745728 0.023027
1602.279053 0.022204
1603.811768 0.021445
1605.343628 0.021459
1606.874390 0.020545
1608.404175 0.019542
1609.933228 0.019815
1611.461304 0.016605
1612.988281 0.017364
1614.514771 0.017330
1616.040039 0.016872
1617.564575 0.015741
1619.087769 0.014953
1620.610718 0.015637
1622.132446 0.015407
1623.653198 0.013305
1625.172974 0.013747
1626.692261 0.015457
1628.210205 0.013543
1629.727539 0.012871
1631.243652 0.012245
1632.759155 0.013101
1634.273804 0.013255
1635.787231 0.013063
1637.299927 0.011596
1638.811768 0.010741
1640.322754 0.011944
1641.832764 0.011351
1643.341675 0.012106
1644.849976 0.011338
1646.357300 0.011951
1647.863647 0.011789
1649.369019 0.011468
1650.873901 0.009725
1652.377686 0.010293
1653.880493 0.011260
1655.382324 0.009291
1656.883545 0.008434
1658.383789 0.009949
1659.882935 0.010377
1661.381226 0.010619
1662.878784 0.010263
1664.375244 0.009724
1665.870972 0.009456
1667.365723 0.009601
1668.859741 0.009731
1670.352783 0.007758
1671.844849 0.009589
1673.336304 0.008884
1674.826538 0.008392
1676.316040 0.009761
1677.804688 0.010026
1679.292358 0.009225
1680.779419 0.008679
1682.265137 0.009426
1683.750244 0.008519
1685.234619 0.008927
1686.717529 0.008993
1688.200073 0.008454
1689.681519 0.009192
1691.162231 0.007832
1692.641968 0.008852
1694.120972 0.008888
1695.598877 0.008212
1697.076172 0.009528
1698.552124 0.009051
1700.027710 0.009322
1701.502075 0.009080
1702.975830 0.008412
1704.448486 0.008498
1705.920532 0.009414
1707.391479 0.010216
1708.861328 0.009012
1710.330688 0.009556
1711.799194 0.009095
1713.266602 0.008043
1714.733276 0.008767
1716.198730 0.008597
1717.663818 0.008121
1719.127808 0.009473
1720.590942 0.008513
1722.053101 0.008876
1723.514648 0.009220
1724.975220 0.007530
1726.434570 0.007845
1727.893555 0.008266
1729.351440 0.007508
1730.808594 0.007787
1732.264526 0.007029
1733.719849 0.008687
1735.174438 0.008339
1736.627808 0.009331
1738.080566 0.007788
1739.532471 0.008792
1740.983398 0.007254
1742.433350 0.008502
1743.882813 0.009390
1745.331055 0.006907
1746.778809 0.007994
1748.225220 0.008519
1749.671143 0.007629
1751.116089 0.007551
1752.560181 0.009482
1754.003296 0.007825
1755.445557 0.008265
1756.887085 0.006760
1758.327759 0.007408
1759.767456 0.007547
1761.206421 0.008130
1762.644531 0.009327
1764.081665 0.007561
1765.518066 0.007268
1766.953613 0.006838
1768.388184 0.007716
1769.821899 0.008401
1771.254761 0.008378
1772.687012 0.007066
1774.118286 0.007013
1775.548340 0.006784
1776.977905 0.007532
1778.406860 0.008163
1779.834473 0.007506
1781.261230 0.007879
1782.687500 0.008694
1784.112915 0.005717
1785.536987 0.008191
1786.960693 0.007268
1788.383423 0.007427
1789.805298 0.006590
1791.226196 0.007191
1792.646484 0.006582
1794.065796 0.006181
1795.484253 0.005889
1796.901733 0.007669
1798.318604 0.008380
1799.734497 0.007878
1801.149414 0.007268
1802.563721 0.006517
1803.977173 0.006910
1805.389893 0.005630
1806.801392 0.006965
1808.212280 0.006973
1809.622314 0.007069
1811.031616 0.006408
1812.439575 0.007638
1813.847290 0.007523
1815.254028 0.005689
1816.659668 0.007491
1818.064575 0.007718
1819.468628 0.008209
1820.872070 0.006726
1822.274414 0.006116
1823.676147 0.005764
1825.077026 0.006684
1826.476929 0.007689
1827.875854 0.006411
1829.274170 0.008173
1830.671509 0.007315
1832.068237 0.006236
1833.463867 0.006977
1834.858887 0.007351
1836.253052 0.007102
1837.646240 0.007220
1839.038574 0.007649
1840.430298 0.008126
1841.821045 0.006571
1843.211060 0.006462
1844.599854 0.006281
1845.988281 0.006817
1847.375854 0.005683
1848.762207 0.006887
1850.147949 0.007446
1851.533081 0.006591
1852.917114 0.005550
1854.300293 0.006246
1855.682983 0.006101
1857.064331 0.007038
1858.445313 0.006775
1859.825073 0.008169
1861.204346 0.005595
1862.582764 0.005744
1863.960327 0.005139
1865.336914 0.006667
1866.712646 0.006409
1868.087646 0.006805
1869.461670 0.006097
1870.835083 0.007441
1872.207764 0.007499
1873.579468 0.007673
1874.950317 0.007596
1876.320435 0.005851
1877.689819 0.006502
1879.058350 0.007698
1880.425659 0.006064
1881.792603 0.006580
1883.158447 0.006994
1884.523804 0.006833
1885.888062 0.006553
1887.251465 0.007720
1888.614258 0.006624
1889.976074 0.007963
1891.337280 0.006825
1892.697510 0.006498
1894.056885 0.007683
1895.415405 0.005652
1896.773193 0.006513
1898.130249 0.005994
1899.486572 0.006431
1900.841797 0.006757
1902.196289 0.007319
1903.550171 0.007640
1904.903198 0.007485
1906.255005 0.006052
1907.606323 0.005851
1908.957031 0.007855
1910.306641 0.008012
1911.655273 0.006490
1913.003540 0.007311
1914.350708 0.006876
1915.697021 0.006137
1917.042603 0.006748
1918.387573 0.007018
1919.731689 0.006589
1921.074707 0.007315
1922.417114 0.007047
1923.758667 0.006803
1925.099731 0.007722
1926.439453 0.008529
1927.778687 0.008072
1929.117065 0.006192
1930.454712 0.006940
1931.791260 0.006753
1933.127075 0.006817
1934.462280 0.006246
1935.796509 0.006011
1937.130127 0.008744
1938.462769 0.007152
1939.794922 0.006979
1941.125977 0.007448
1942.456421 0.005809
1943.785889 0.005808
1945.114746 0.006291
1946.442261 0.006863
1947.769409 0.005726
1949.095947 0.005446
1950.421387 0.007407
1951.745972 0.008237
1953.070068 0.006733
1954.393066 0.006128
1955.715332 0.006895
1957.036987 0.004998
1958.357422 0.006594
1959.677612 0.005730
1960.996582 0.006100
1962.315063 0.007596
1963.632690 0.006491
1964.949585 0.005471
1966.265381 0.006523
1967.580444 0.008226
1968.894897 0.006960
1970.208496 0.005776
1971.520874 0.005140
1972.833252 0.005634
1974.144409 0.005790
1975.454712 0.006785
1976.764282 0.004878
1978.073242 0.006444
1979.381348 0.007774
1980.688354 0.007365
1981.994751 0.006995
1983.300659 0.006799
1984.605591 0.006177
1985.909424 0.006544
1987.212891 0.006164
1988.515381 0.005466
1989.817139 0.006028
1991.118042 0.005134
1992.418091 0.006541
1993.717407 0.007276
1995.015869 0.006843
1996.313843 0.006092
1997.610962 0.007416
1998.907104 0.007603
2000.202393 0.006631
2001.497070 0.006101
2002.791016 0.003758
2004.084106 0.005759
2005.376465 0.005527
2006.667969 0.006628
2007.958618 0.006617
2009.248657 0.005756
2010.537720 0.006325
2011.826172 0.006533
2013.113770 0.007063
2014.400757 0.006277
2015.686523 0.006553
2016.972046 0.005356
2018.256714 0.005886
2019.540039 0.005555
2020.822998 0.006345
2022.105347 0.005756
2023.386475 0.006089
2024.667114 0.007904
2025.946899 0.006657
2027.226196 0.005112
2028.504395 0.005460
2029.781860 0.004978
2031.058594 0.005365
2032.334595 0.004000
2033.609741 0.006930
2034.884155 0.004899
2036.157715 0.004904
2037.430664 0.006530
2038.702515 0.006199
2039.973999 0.006245
2041.244507 0.006983
2042.514526 0.005447
2043.783203 0.005370
2045.051514 0.004707
2046.319092 0.006588
2047.585571 0.005717
2048.851318 0.006081
2050.116455 0.006345
2051.381104 0.005969
2052.644775 0.006584
2053.907227 0.006189
2055.169434 0.004441
2056.430664 0.006930
2057.691162 0.005573
2058.950928 0.005226
2060.209961 0.005526
2061.468262 0.006559
2062.725586 0.006711
2063.982422 0.005798
2065.238281 0.006330
2066.493408 0.004980
2067.747803 0.006288
2069.001709 0.005644
2070.254395 0.007281
2071.506836 0.006580
2072.757813 0.005575
2074.008301 0.005512
2075.258301 0.006699
2076.507324 0.006228
2077.755615 0.006830
2079.003174 0.005319
2080.250000 0.006648
2081.495850 0.007678
2082.741211 0.006152
2083.985840 0.005520
2085.229492 0.007720
2086.472168 0.005769
2087.714355 0.004889
2088.956299 0.006265
2090.197021 0.006432
2091.436523 0.006404
2092.676025 0.006157
2093.914307 0.007197
2095.152100 0.006182
2096.389160 0.003225
2097.625000 0.006311
2098.860596 0.005390
2100.095215 0.006720
2101.329102 0.006529
2102.562500 0.004571
2103.794678 0.006382
2105.026123 0.006121
2106.257324 0.006760
2107.487549 0.005993
2108.716797 0.004551
2109.945313 0.006447
2111.173096 0.006063
2112.400391 0.006513
2113.626953 0.007524
2114.852295 0.005867
2116.077148 0.007744
2117.301270 0.007543
2118.524414 0.006055
2119.747314 0.007174
2120.969482 0.007456
2122.190674 0.007863
2123.410645 0.007888
2124.630371 0.006600
2125.849365 0.006392
2127.067871 0.007751
2128.284912 0.006326
2129.501465 0.005322
2130.717285 0.006659
2131.932617 0.006842
2133.147217 0.007151
2134.360840 0.007572
2135.573730 0.008072
2136.785889 0.007402
2137.997070 0.006871
2139.208008 0.005790
2140.418213 0.007291
2141.627197 0.006267
2142.835449 0.005216
2144.043457 0.005219
2145.250488 0.008772
2146.456543 0.007560
2147.662109 0.006923
2148.866943 0.007782
2150.071045 0.006075
2151.273926 0.008148
2152.477051 0.006298
2153.678711 0.006247
2154.879639 0.005917
2156.079834 0.004895
2157.279541 0.006039
2158.478516 0.005531
2159.676270 0.007646
2160.873779 0.005506
2162.070557 0.007149
2163.266602 0.006407
2164.461426 0.006939
2165.656006 0.007456
2166.849854 0.006124
2168.042969 0.006187
2169.235107 0.007387
2170.426514 0.007925
2171.617676 0.007599
2172.807617 0.006145
2173.996826 0.005431
2175.185303 0.005040
2176.373047 0.007696
2177.560059 0.005428
2178.746826 0.006490
2179.932373 0.005890
2181.117432 0.007783
2182.301270 0.007129
2183.485107 0.005134
2184.667725 0.005084
2185.849854 0.006944
2187.030518 0.005768
2188.211426 0.005846
2189.391602 0.004923
2190.570557 0.005260
2191.748779 0.005264
2192.926758 0.006418
2194.103516 0.007059
2195.279297 0.005460
2196.454834 0.006858
2197.629639 0.004608
2198.803955 0.003868
2199.976807 0.007678
2201.149414 0.005334
2202.321289 0.005115
2203.492676 0.005417
2204.663086 0.006329
2205.832764 0.005645
2207.001953 0.003727
2208.169922 0.005807
2209.337402 0.006960
2210.504150 0.005264
2211.670410 0.006271
2212.835449 0.002964
2214.000000 0.004046
2215.164063 0.005791
2216.327393 0.005461
2217.489746 0.005450
2218.651367 0.007345
2219.812744 0.006181
2220.972900 0.005164
2222.132568 0.005112
2223.291504 0.006562
2224.449707 0.003791
2225.607178 0.005069
2226.763672 0.004117
2227.919922 0.006976
2229.074951 0.004908
2230.229736 0.003268
2231.383301 0.005968
2232.536621 0.005977
2233.688965 0.007940
2234.840576 0.005764
2235.991699 0.004817
2237.142090 0.006106
2238.291748 0.005076
2239.440430 0.007889
2240.588867 0.004134
2241.736572 0.005003
2242.883057 0.005291
2244.028809 0.003704
2245.174561 0.004407
2246.318848 0.006846
2247.462891 0.006200
2248.606201 0.005705
2249.748535 0.005172
2250.890625 0.004484
2252.031250 0.005531
2253.172119 0.006420
2254.311523 0.005821
2255.450439 0.005575
2256.588867 0.005818
2257.726318 0.004261
2258.863037 0.003720
2259.999268 0.006799
2261.134521 0.006525
2262.269287 0.004850
2263.403320 0.006691
2264.536865 0.006060
2265.669189 0.005635
2266.801270 0.005439
2267.932617 0.006936
2269.062744 0.002959
2270.192627 0.004596
2271.322266 0.008175
2272.450195 0.006557
2273.577881 0.005627
2274.705078 0.004741
2275.831299 0.004751
2276.957031 0.004774
2278.081543 0.005969
2279.206055 0.004708
2280.329590 0.006251
2281.452393 0.003863
2282.574463 0.003573
2283.695801 0.005898
2284.816650 0.005833
2285.936279 0.003887
2287.055908 0.004394
2288.174316 0.004123
2289.292236 0.005160
2290.409668 0.006591
2291.526123 0.004900
2292.642090 0.004676
2293.757324 0.004912
2294.871582 0.003701
2295.985352 0.003019
2297.098633 0.005347
2298.211182 0.005044
2299.322266 0.005583
2300.433594 0.006116
2301.543701 0.006293
2302.653320 0.005002
2303.762207 0.006311
2304.870850 0.005273
2305.978027 0.004734
2307.084961 0.006263
2308.191162 0.005572
2309.296631 0.005015
2310.401611 0.008015
2311.505371 0.003905
2312.608887 0.008099
2313.711670 0.005570
2314.813721 0.003980
2315.915039 0.006108
2317.015625 0.004141
2318.115723 0.004276
2319.215088 0.004782
2320.313477 0.004847
2321.411377 0.005844
2322.508789 0.007310
2323.604980 0.005771
2324.701172 0.004707
2325.796387 0.006685
2326.890869 0.006034
2327.984619 0.004307
2329.077881 0.006612
2330.170166 0.006591
2331.262207 0.004531
2332.353027 0.004316
2333.443604 0.004842
2334.533447 0.004538
2335.622803 0.003664
2336.710693 0.005006
2337.798584 0.006076
2338.885498 0.005031
2339.971680 0.006098
2341.057617 0.005058
2342.142578 0.004397
2343.227051 0.005922
2344.310303 0.005614
2345.393555 0.004490
2346.475586 0.003810
2347.557129 0.004044
2348.638184 0.005148
2349.718750 0.005956
2350.798096 0.005739
2351.877197 0.004034
2352.955322 0.004590
2354.032959 0.006311
2355.109863 0.006410
2356.185791 0.004969
2357.261475 0.004348
2358.336182 0.005219
2359.410645 0.005178
2360.483887 0.004771
2361.556885 0.004998
2362.629150 0.006175
2363.700928 0.003629
2364.771484 0.003089
2365.841797 0.005557
2366.911621 0.004687
2367.980469 0.004322
2369.048340 0.005152
2370.115967 0.006707
2371.182861 0.005545
2372.249023 0.004993
2373.314453 0.004824
2374.379150 0.005012
2375.443604 0.004465
2376.507080 0.003980
2377.569824 0.005386
2378.632080 0.008412
2379.693848 0.004362
2380.754395 0.006331
2381.814697 0.006020
2382.874756 0.004938
2383.933350 0.008693
2384.991455 0.002936
2386.049316 0.005807
2387.105957 0.005464
2388.162354 0.005830
2389.217529 0.003384
2390.272705 0.006661
2391.326904 0.006934
2392.380371 0.007662
2393.433594 0.003251
2394.486084 0.003084
2395.537598 0.005004
2396.588135 0.004083
2397.638672 0.006589
2398.688477 0.003907
2399.737305 0.002450
2400.785645 0.004485
2401.833252 0.005546
2402.880615 0.004918
2403.926758 0.005121
2404.972412 0.005395
2406.017822 0.005929
2407.062500 0.005527
2408.105957 0.003310
2409.149170 0.002518
2410.191406 0.007027
2411.233398 0.005618
2412.274414 0.005539
2413.314941 0.008276
2414.355225 0.005026
2415.394043 0.005041
2416.432373 0.008392
2417.470703 0.005522
2418.508301 0.006828
2419.544678 0.003708
2420.580322 0.003912
2421.615723 0.005634
2422.650635 0.007733
2423.684814 0.005698
2424.718018 0.003010
2425.750977 0.004415
2426.782959 0.003577
2427.814453 0.006327
2428.845459 0.004617
2429.875244 0.005673
2430.905029 0.005106
2431.933594 0.003785
2432.961914 0.006288
2433.989746 0.004464
2435.016846 0.006456
2436.042725 0.006440
2437.068604 0.006163
2438.093750 0.001037
2439.118164 0.004827
2440.141602 0.004905
2441.165039 0.004156
2442.187256 0.005194
2443.209473 0.007826
2444.230469 0.006871
2445.251221 0.001410
2446.270996 0.006378
2447.290039 0.005066
2448.308838 0.005049
2449.327148 0.006810
2450.344482 0.006530
2451.361328 0.003255
2452.376953 0.004760
2453.392822 0.007002
2454.407715 0.004269
2455.421631 0.005095
2456.435547 0.004905
2457.448730 0.005384
2458.460449 0.003796
2459.472168 0.003332
2460.483643 0.007240
2461.493896 0.005292
2462.503418 0.004365
2463.512939 0.003788
2464.521484 0.005559
2465.529541 0.003427
2466.536621 0.004556
2467.543213 0.003074
2468.549561 0.007256
2469.554932 0.004473
2470.559326 0.002802
2471.563721 0.006550
2472.567383 0.004313
2473.570313 0.008303
2474.572266 0.005208
2475.573975 0.004539
2476.575195 0.003510
2477.575439 0.003805
2478.575439 0.007155
2479.574463 0.007168
2480.573242 0.005647
2481.570801 0.000967
2482.568115 0.004556
2483.565186 0.003313
2484.561279 0.005272
2485.556396 0.001669
2486.551025 0.006601
2487.545410 0.005416
2488.538574 0.006316
2489.531494 0.008042
2490.524170 0.006163
2491.516113 0.004482
2492.507080 0.002177
2493.497559 0.004743
2494.487793 0.003244
2495.476563 0.002368
2496.465576 0.005332
2497.453857 0.004835
2498.440918 0.000000
2499.427734 0.004848
2500.414307 0.005246
2501.399414 0.006471
2502.384277 0.006104
2503.368896 0.004020
2504.352539 0.005868
2505.335693 0.005488
2506.318359 0.001828
2507.300049 0.004585
2508.281982 0.005743
2509.262207 0.001636
2510.242188 0.006139
2511.221924 0.006470
2512.200684 0.005253
2513.178711 0.003320
2514.156738 0.006622
2515.133545 0.004692
2516.110352 0.002625
2517.086182 0.007396
2518.061035 0.005176
2519.036133 0.006356
2520.010010 0.003621
2520.983154 0.006752
2521.956055 0.005692
2522.928467 0.004963
2523.899902 0.002164
2524.871094 0.003456
2525.841309 0.007082
2526.811523 0.006477
2527.780518 0.004418
2528.749023 0.004757
2529.717285 0.004100
2530.684570 0.007748
2531.651367 0.003325
2532.617676 0.005466
2533.583008 0.003776
2534.548584 0.005114
2535.512939 0.005316
2536.476563 0.007711
2537.440186 0.006507
2538.402588 0.007184
2539.364502 0.007697
2540.326172 0.004836
2541.287109 0.006571
2542.247314 0.004663
2543.207031 0.006286
2544.166260 0.008743
2545.124756 0.005286
2546.082520 0.005547
2547.039795 0.003953
2547.996826 0.005834
2548.952881 0.006115
2549.907959 0.003661
2550.863281 0.004151
2551.817383 0.007121
2552.771240 0.005723
2553.725098 0.007640
2554.677246 0.005490
2555.629639 0.005500
2556.580566 0.004195
2557.531494 0.008186
2558.482178 0.009138
2559.431885 0.004933
2560.380859 0.003007
2561.329590 0.004081
2562.277100 0.004433
2563.225098 0.005887
2564.171875 0.004439
2565.117920 0.007080
2566.063965 0.002871
2567.008545 0.007908
2567.952881 0.003947
2568.896729 0.003114
2569.839844 0.005516
2570.782715 0.004160
2571.725098 0.008965
2572.666992 0.006330
2573.608154 0.005643
2574.548096 0.007170
2575.487793 0.002597
2576.427246 0.002360
2577.365967 0.006009
2578.304199 0.004218
2579.241699 0.006342
2580.178711 0.004241
2581.114990 0.007991
2582.051025 0.003520
2582.986084 0.005287
2583.921387 0.004813
2584.855225 0.006100
2585.788818 0.006132
2586.722168 0.006124
2587.654297 0.005752
2588.585693 0.006032
2589.517578 0.005209
2590.447754 0.003685
2591.378662 0.011902
2592.307861 0.004538
2593.237061 0.003715
2594.165771 0.005884
2595.093506 0.006996
2596.020752 0.002551
2596.947754 0.005000
2597.873779 0.004535
2598.799072 0.006296
2599.724365 0.005570
2600.648926 0.002251
2601.573242 0.006452
2602.496582 0.006490
2603.419434 0.005886
2604.341797 0.006548
2605.263428 0.006312
2606.184082 0.005034
2607.105225 0.006494
2608.025146 0.003257
2608.945313 0.007700
2609.863770 0.004454
2610.781982 0.004456
2611.700439 0.006327
2612.617432 0.004482
2613.533691 0.007807
2614.450439 0.006886
2615.366211 0.004797
2616.281006 0.003757
2617.195801 0.004168
2618.109863 0.004562
2619.023438 0.009301
2619.936279 0.005923
2620.847656 0.008261
2621.760254 0.004071
2622.671387 0.008044
2623.582031 0.004240
2624.492432 0.007244
2625.401855 0.008481
2626.310547 0.003986
2627.219238 0.001927
2628.127441 0.005111
2629.035400 0.003044
2629.941650 0.007774
2630.848145 0.006963
2631.754150 0.006257
2632.659180 0.008083
2633.563477 0.003924
2634.468262 0.010333
2635.371582 0.005676
2636.275146 0.003837
2637.177246 0.004417
2638.079102 0.006285
2638.980713 0.004998
2639.881836 0.005747
2640.782227 0.006040
2641.682373 0.002009
2642.581299 0.005168
2643.480225 0.003596
2644.378906 0.002289
2645.276367 0.007637
2646.173828 0.008642
2647.070068 0.005315
2647.966309 0.001291
2648.862061 0.005025
2649.757324 0.003303
2650.651367 0.009785
2651.545898 0.008757
2652.439209 0.009001
2653.331787 0.005426
2654.225098 0.006563
2655.116699 0.004123
2656.008301 0.001991
2656.898926 0.004709
2657.788818 0.008696
2658.679199 0.003294
2659.568115 0.008876
2660.456787 0.000142
2661.345703 0.005405
2662.232910 0.004303
2663.120605 0.006998
2664.007080 0.005727
2664.892822 0.002009
2665.779297 0.012605
2666.664063 -0.000574
2667.548096 0.004762
2668.432617 0.005812
2669.316162 0.005084
2670.198975 0.005861
2671.081787 0.004873
2671.963623 0.003262
2672.845459 0.001797
2673.726563 0.009345
2674.606445 0.005902
2675.486816 0.002726
2676.365967 0.002436
2677.244873 0.004873
2678.123535 0.005538
2679.001709 0.000155
2679.879395 0.006711
2680.755859 0.002980
2681.632080 0.005507
2682.508301 0.005027
2683.383789 0.006151
2684.258545 0.001428
2685.133301 0.007515
2686.006592 0.000801
2686.880127 0.006604
2687.752930 0.003712
2688.625000 0.007629
2689.497314 0.006193
2690.368164 0.004094
2691.239258 0.005590
2692.109619 0.006287
2692.979492 0.004983
2693.848633 0.008007
2694.717773 0.004337
2695.585938 0.008018
2696.453613 0.007898
2697.321289 0.002692
2698.187988 0.002026
2699.054932 0.002873
2699.920166 0.005384
2700.785156 0.004901
2701.650879 0.003383
2702.515137 0.001860
2703.378418 0.005078
2704.242432 0.008790
2705.105225 0.009827
2705.967529 0.003220
2706.829346 0.008613
2707.690674 0.006927
2708.552246 0.005431
2709.412109 0.004753
2710.271973 0.004417
2711.132080 0.004421
2711.990967 0.003577
2712.849121 0.004087
2713.707275 0.006833
2714.564697 0.006987
2715.422119 0.009542
2716.278564 0.006485
2717.134277 0.003583
2717.990479 0.001533
2718.845459 0.008534
2719.699707 0.006317
2720.554199 0.008884
2721.407715 0.013406
2722.261475 0.006522
2723.113770 0.002759
2723.966309 0.008484
2724.818115 0.009697
2725.669434 0.006942
2726.519775 0.006454
2727.370850 0.003673
2728.220215 0.001574
2729.069336 0.003499
2729.918701 0.004721
2730.767334 0.008615
2731.615479 0.002453
2732.462891 0.003690
2733.309570 0.007787
2734.156494 0.008132
2735.002441 0.007609
2735.847900 0.007298
2736.693359 0.004643
2737.537842 0.002334
2738.382080 0.007234
2739.226074 0.006372
2740.069336 0.007159
2740.912598 0.005376
2741.754883 0.003557
2742.596680 0.004707
2743.438477 0.007734
2744.279053 0.001709
2745.119629 0.008011
2745.959961 0.005933
2746.799316 0.006725
2747.639160 0.004044
2748.477539 0.004260
2749.315430 0.005408
2750.154053 0.003291
2750.991211 0.005639
2751.827881 0.003722
2752.664551 0.007645
2753.500488 0.012600
2754.335938 0.002170
2755.171143 0.003752
2756.005615 0.008484
2756.840088 -0.000396
2757.673828 0.004974
2758.507080 0.005180
2759.339844 0.005197
2760.172363 0.006846
2761.004150 0.009081
2761.835938 0.005468
2762.666748 0.005862
2763.497803 0.001618
2764.327637 0.011356
2765.157715 0.010178
2765.987061 0.011833
2766.815430 0.004305
2767.644043 0.006364
2768.472412 0.007653
2769.299805 0.003947
2770.126221 0.006054
2770.953613 0.006282
2771.779541 0.002928
2772.605469 0.012167
2773.431152 0.005642
2774.255615 0.000419
2775.080322 0.004383
2775.904541 0.001675
2776.727783 0.007785
2777.551270 0.009945
2778.373779 0.006165
2779.196045 0.002337
2780.018311 0.006134
2780.839844 0.007335
2781.661133 0.004609
2782.481689 0.003813
2783.301758 0.004676
2784.121582 -0.000428
2784.940918 0.003003
2785.759521 0.009427
2786.578613 0.003457
2787.396484 -0.000645
2788.214355 0.003650
2789.031494 0.004080
2789.848145 0.006851
2790.664795 0.011177
2791.480469 0.002362
2792.296143 -0.004728
2793.111572 0.006451
2793.925781 0.004300
2794.740479 -0.004342
2795.554688 0.006756
2796.367920 0.006127
2797.181396 0.005036
2797.993652 0.003526
2798.805664 0.006388
2799.617920 0.008438
2800.429199 0.000222
2801.240234 0.007583
2802.051025 0.000894
2802.861084 0.011454
2803.670898 0.006297
2804.480469 0.004955
2805.289307 0.006114
2806.098145 0.005432
2806.906494 0.003180
2807.713867 0.003638
2808.521973 0.005263
2809.328369 0.010324
2810.135254 0.009110
2810.941650 -0.003823
2811.746826 -0.001799
2812.552490 0.005922
2813.357666 0.006582
2814.162109 0.007273
2814.966309 0.002301
2815.770020 0.004629
2816.573486 0.005574
2817.376709 0.005815
2818.179199 0.004678
2818.981445 -0.000235
2819.783203 0.009698
2820.584473 0.006382
2821.386230 0.002133
2822.186523 0.006432
2822.987305 0.011977
2823.787109 0.008930
2824.586426 0.012380
2825.385254 0.001709
2826.184570 0.001711
2826.982666 0.006125
2827.781006 0.012972
2828.578369 0.008411
2829.375488 0.005478
2830.172607 0.003240
2830.968994 0.001752
2831.764648 0.006536
2832.561035 0.005287
2833.356445 0.008097
2834.150879 0.011682
2834.945801 0.003812
2835.739990 0.006125
2836.534180 0.001529
2837.327393 0.009201
2838.120605 0.013300
2838.913330 0.010532
2839.705811 0.004913
2840.497314 0.006472
2841.289063 0.013498
2842.080566 0.011390
2842.871094 0.005432
2843.662109 0.000260
2844.452148 0.008029
2845.242188 0.011458
2846.031494 0.006229
2846.820313 0.003649
2847.609619 0.012282
2848.397705 0.013148
2849.185547 0.015846
2849.973877 0.000000
2850.760498 0.009837
2851.548096 0.011171
2852.334229 0.009314
2853.120361 0.002942
2853.906738 0.019302
2854.692139 0.006975
2855.477051 0.009400
2856.262207 0.008047
2857.046387 0.009143
2857.830078 0.007832
2858.614502 0.009477
2859.397949 0.006752
2860.180908 0.013046
2860.963867 0.002994
2861.745850 0.014501
2862.528076 -0.001926
2863.309570 0.002759
2864.091064 0.008945
2864.872070 0.009844
2865.652588 0.011862
2866.433105 0.008531
2867.213379 0.013687
2867.992920 -0.002293
2868.772461 0.012052
2869.551270 0.002300
2870.330078 0.005485
2871.108398 0.005754
2871.886230 0.003737
2872.663818 0.008049
2873.441162 0.008047
2874.218262 0.007188
2874.995117 0.012317
2875.771240 0.001714
2876.547119 0.003114
2877.323242 0.006810
2878.098389 0.015580
2878.873291 0.007366
2879.648438 0.009090
2880.422607 0.000565
2881.196533 0.006505
2881.970703 0.005370
2882.743896 0.010192
2883.517090 0.007082
2884.289551 0.011304
2885.062256 -0.001703
2885.834473 0.009321
2886.606201 0.013621
2887.377686 0.012003
2888.149658 0.012343
2888.919922 0.008082
2889.690918 0.000874
2890.460938 0.010809
2891.230957 0.013872
2892.001221 0.008001
2892.769531 0.008009
2893.538574 0.005365
2894.307617 0.008962
2895.076172 0.015230
2895.844238 0.007439
2896.612305 0.006575
2897.379883 0.007164
2898.146973 0.014043
2898.913818 0.013734
2899.680420 0.013726
2900.447021 0.001191
2901.212891 0.014093
2901.979004 0.004213
2902.744141 0.001508
2903.509277 0.013026
2904.274414 0.013415
2905.039063 0.003081
2905.802979 0.004630
2906.567383 0.018042
2907.330566 0.013434
2908.093750 0.005367
2908.857666 0.014892
2909.620117 0.013344
2910.382568 0.015270
2911.145020 0.006996
2911.907227 0.018125
2912.669189 0.009592
2913.430664 0.002569
2914.191162 0.003861
2914.952393 0.003860
spectrumdark 2048
-92.107521 1113.000000
-89.482315 1113.000000
-86.858994 1114.000000
-84.237556 1080.000000
-81.618004 1101.000000
-79.000343 1080.000000
-76.384560 1102.000000
-73.770653 1112.000000
-71.158630 1117.000000
-68.548485 1082.000000
-65.940201 1088.000000
-63.333790 1080.000000
-60.729256 1077.000000
-58.126587 1087.000000
-55.525780 1081.000000
-52.926842 1108.000000
-50.329765 1089.000000
-47.734543 1090.000000
-45.141178 1095.000000
-42.549675 1090.000000
-39.960026 1108.000000
-37.372223 1102.000000
-34.786266 1096.000000
-32.202164 1099.000000
-29.619905 1093.000000
-27.039484 1093.000000
-24.460915 1109.000000
-21.884188 1120.000000
-19.309286 1078.000000
-16.736223 1099.000000
-14.165003 1095.000000
-11.595612 1111.000000
-9.028044 1080.000000
-6.462304 1089.000000
-3.898398 1086.000000
-1.336317 1083.000000
1.223951 1110.000000
3.782397 1088.000000
6.339018 1095.000000
8.893823 1096.000000
11.446819 1067.000000
13.998003 1081.000000
16.547371 1097.000000
19.094929 1087.000000
21.640690 1092.000000
24.184641 1122.000000
26.726784 1090.000000
29.267126 1111.000000
31.805674 1114.000000
34.342422 1088.000000
36.877384 1093.000000
39.410538 1076.000000
41.941906 1111.000000
44.471485 1124.000000
46.999264 1084.000000
49.525272 1099.000000
52.049503 1100.000000
54.571945 1083.000000
57.092602 1077.000000
59.611469 1089.000000
62.128578 1111.000000
64.643906 1112.000000
67.157448 1102.000000
69.669235 1099.000000
72.179245 1075.000000
74.687508 1098.000000
77.193993 1073.000000
79.698700 1117.000000
82.201660 1090.000000
84.702873 1098.000000
87.202293 1080.000000
89.699974 1095.000000
92.195908 1098.000000
94.690086 1093.000000
97.182518 1088.000000
99.673187 1092.000000
102.162117 1086.000000
104.649307 1120.000000
107.134750 1083.000000
109.618446 1085.000000
112.100403 1072.000000
114.580635 1096.000000
117.059120 1097.000000
119.535873 1106.000000
122.010902 1110.000000
124.484184 1105.000000
126.955734 1093.000000
129.425583 1111.000000
131.893677 1125.000000
134.360062 1101.000000
136.824738 1106.000000
139.287689 1099.000000
141.748917 1091.000000
144.208420 1087.000000
146.666183 1114.000000
149.122284 1108.000000
151.576645 1083.000000
154.029327 1095.000000
156.480286 1090.000000
158.929535 1088.000000
161.377090 1100.000000
163.822922 1099.000000
166.267075 1091.000000
168.709503 1096.000000
171.150253 1117.000000
173.589325 1104.000000
176.026688 1115.000000
178.462357 1091.000000
180.896317 1113.000000
183.328644 1102.000000
185.759232 1101.000000
188.188156 1079.000000
190.615387 1118.000000
193.040955 1083.000000
195.464844 1097.000000
197.887054 1079.000000
200.307587 1103.000000
202.726425 1105.000000
205.143585 1103.000000
207.559113 1078.000000
209.972946 1102.000000
212.385147 1103.000000
214.795654 1106.000000
217.204514 1111.000000
219.611664 1096.000000
222.017197 1077.000000
224.421066 1095.000000
226.823273 1092.000000
229.223846 1118.000000
231.622757 1097.000000
234.020004 1095.000000
236.415619 1106.000000
238.809570 1113.000000
241.201843 1093.000000
243.592499 1091.000000
245.981522 1107.000000
248.368912 1093.000000
250.754654 1086.000000
253.138763 1103.000000
255.521225 1099.000000
257.902039 1090.000000
260.281250 1111.000000
262.658813 1089.000000
265.034729 1094.000000
267.409058 1114.000000
269.781738 1116.000000
272.152802 1090.000000
274.522247 1103.000000
276.890045 1096.000000
279.256226 1093.000000
281.620819 1097.000000
283.983765 1092.000000
286.345093 1106.000000
288.704834 1092.000000
291.062958 1090.000000
293.419464 1106.000000
295.774353 1089.000000
298.127625 1104.000000
300.479340 1116.000000
302.829437 1089.000000
305.177948 1084.000000
307.524811 1110.000000
309.870087 1112.000000
312.213776 1100.000000
314.555847 1118.000000
316.896362 1077.000000
319.235291 1084.000000
321.572601 1112.000000
323.908356 1080.000000
326.242462 1061.000000
328.575043 1107.000000
330.906036 1105.000000
333.235413 1109.000000
335.563232 1096.000000
337.889465 1079.000000
340.214111 1111.000000
342.537201 1103.000000
344.858704 1110.000000
347.178680 1084.000000
349.497040 1102.000000
351.813812 1119.000000
354.129028 1086.000000
356.442688 1097.000000
358.754791 1100.000000
361.065308 1100.000000
363.374268 1090.000000
365.681702 1097.000000
367.987579 1091.000000
370.291870 1109.000000
372.594574 1112.000000
374.895782 1093.000000
377.195435 1126.000000
379.493500 1095.000000
381.790039 1094.000000
384.085022 1084.000000
386.378479 1119.000000
388.670441 1064.000000
390.960754 1094.000000
393.249573 1104.000000
395.536865 1112.000000
397.822601 1102.000000
400.106720 1120.000000
402.389404 1077.000000
404.670532 1097.000000
406.950134 1125.000000
409.228210 1081.000000
411.504791 1108.000000
413.779785 1107.000000
416.053284 1122.000000
418.325256 1123.000000
420.595673 1126.000000
422.864624 1096.000000
425.132019 1107.000000
427.397888 1100.000000
429.662292 1099.000000
431.925140 1097.000000
434.186401 1069.000000
436.446259 1095.000000
438.704559 1080.000000
440.961365 1102.000000
443.216644 1095.000000
445.470459 1111.000000
447.722778 1091.000000
449.973572 1088.000000
452.222839 1100.000000
454.470642 1094.000000
456.716919 1103.000000
458.961700 1066.000000
461.205017 1104.000000
463.446808 1109.000000
465.687103 1096.000000
467.925934 1103.000000
470.163239 1101.000000
472.399048 1077.000000
474.633392 1091.000000
476.866272 1108.000000
479.097626 1102.000000
481.327515 1095.000000
483.555939 1099.000000
485.782898 1090.000000
488.008362 1097.000000
490.232330 1125.000000
492.454834 1110.000000
494.675873 1098.000000
496.895447 1124.000000
499.113525 1098.000000
501.330139 1098.000000
503.545288 1104.000000
505.758972 1105.000000
507.971191 1109.000000
510.181915 1089.000000
512.391174 1117.000000
514.598999 1092.000000
516.805420 1106.000000
519.010376 1095.000000
521.213806 1079.000000
523.415771 1098.000000
525.616333 1093.000000
527.815430 1089.000000
530.013184 1086.000000
532.209290 1118.000000
534.404053 1084.000000
536.597351 1098.000000
538.789246 1098.000000
540.979675 1101.000000
543.168579 1100.000000
545.356140 1096.000000
547.542236 1084.000000
549.726807 1097.000000
551.910095 1071.000000
554.091858 1093.000000
556.272217 1084.000000
558.451111 1092.000000
560.628601 1095.000000
562.804626 1098.000000
564.979248 1082.000000
567.152466 1105.000000
569.324341 1081.000000
571.494629 1075.000000
573.663574 1101.000000
575.830994 1109.000000
577.997070 1106.000000
580.161743 1095.000000
582.325012 1079.000000
584.486877 1079.000000
586.647278 1110.000000
588.806213 1104.000000
590.963867 1078.000000
593.120056 1091.000000
595.274780 1094.000000
597.428162 1085.000000
599.580139 1080.000000
601.730713 1093.000000
603.879822 1087.000000
606.027588 1100.000000
608.173950 1087.000000
610.318848 1084.000000
612.462341 1075.000000
614.604492 1083.000000
616.745300 1089.000000
618.884583 1078.000000
621.022644 1089.000000
623.159241 1087.000000
625.294312 1102.000000
627.428223 1091.000000
629.560608 1105.000000
631.691589 1119.000000
633.821289 1107.000000
635.949402 1085.000000
638.076416 1111.000000
640.201843 1110.000000
642.326050 1098.000000
644.448608 1074.000000
646.570007 1090.000000
648.689941 1087.000000
650.808533 1084.000000
652.925781 1101.000000
655.041626 1109.000000
657.156128 1076.000000
659.269287 1094.000000
661.380920 1101.000000
663.491333 1083.000000
665.600403 1074.000000
667.708069 1101.000000
669.814331 1089.000000
671.919189 1099.000000
674.022766 1103.000000
676.125061 1069.000000
678.225830 1070.000000
680.325256 1079.000000
682.423401 1103.000000
684.520142 1074.000000
686.615601 1115.000000
688.709778 1097.000000
690.802368 1094.000000
692.893799 1094.000000
694.983887 1100.000000
697.072510 1107.000000
699.159851 1059.000000
701.245911 1092.000000
703.330505 1088.000000
705.413818 1113.000000
707.495728 1098.000000
709.576416 1091.000000
711.655640 1096.000000
713.733521 1084.000000
715.810181 1083.000000
717.885498 1081.000000
719.959412 1094.000000
722.032104 1085.000000
724.103333 1105.000000
726.173279 1106.000000
728.241943 1095.000000
730.309265 1084.000000
732.375244 1086.000000
734.439941 1099.000000
736.503174 1109.000000
738.565186 1090.000000
740.625916 1105.000000
742.685242 1096.000000
744.743347 1095.000000
746.799988 1070.000000
748.855408 1116.000000
750.909546 1107.000000
752.962341 1101.000000
755.013855 1079.000000
757.063965 1093.000000
759.112854 1120.000000
761.160400 1091.000000
763.206604 1094.000000
765.251587 1087.000000
767.295227 1115.000000
769.337524 1080.000000
771.378601 1070.000000
773.418274 1101.000000
775.456726 1110.000000
777.493774 1099.000000
779.529541 1113.000000
781.564087 1093.000000
783.597351 1102.000000
785.629272 1085.000000
787.659912 1067.000000
789.689270 1091.000000
791.717407 1095.000000
793.744141 1108.000000
795.769653 1099.000000
797.793823 1102.000000
799.816711 1099.000000
801.838318 1111.000000
803.858704 1080.000000
805.877747 1099.000000
807.895508 1101.000000
809.912048 1087.000000
811.927307 1091.000000
813.941223 1100.000000
815.953796 1079.000000
817.965210 1067.000000
819.975281 1091.000000
821.984253 1106.000000
823.991699 1093.000000
825.998108 1098.000000
828.003113 1058.000000
830.006775 1071.000000
832.009338 1076.000000
834.010437 1091.000000
836.010498 1093.000000
838.009094 1088.000000
840.006592 1095.000000
842.002747 1073.000000
843.997742 1075.000000
845.991333 1091.000000
847.983704 1088.000000
849.974854 1095.000000
851.964783 1075.000000
853.953308 1087.000000
855.940735 1091.000000
857.926758 1097.000000
859.911682 1091.000000
861.895264 1083.000000
863.877625 1086.000000
865.858765 1091.000000
867.838562 1071.000000
869.817261 1078.000000
871.794556 1106.000000
873.770752 1081.000000
875.745605 1095.000000
877.719299 1099.000000
879.691650 1089.000000
881.662842 1076.000000
883.632690 1095.000000
885.601501 1107.000000
887.568848 1087.000000
889.535095 1099.000000
891.500061 1109.000000
893.463745 1115.000000
895.426331 1083.000000
897.387573 1074.000000
899.347656 1103.000000
901.306396 1071.000000
903.264038 1086.000000
905.220398 1111.000000
907.175659 1073.000000
909.129517 1086.000000
911.082275 1091.000000
913.033630 1096.000000
914.983948 1078.000000
916.932922 1095.000000
918.880798 1077.000000
920.827332 1091.000000
922.772644 1097.000000
924.716858 1089.000000
926.659851 1075.000000
928.601624 1083.000000
930.541992 1078.000000
932.481323 1087.000000
934.419373 1091.000000
936.356384 1082.000000
938.291992 1071.000000
940.226501 1085.000000
942.159668 1082.000000
944.091858 1087.000000
946.022644 1068.000000
947.952332 1094.000000
949.880737 1107.000000
951.808044 1077.000000
953.733887 1098.000000
955.658752 1089.000000
957.582458 1080.000000
959.504822 1102.000000
961.426208 1090.000000
963.346191 1113.000000
965.265015 1086.000000
967.182678 1088.000000
969.099243 1129.000000
971.014404 1108.000000
972.928589 1110.000000
974.841431 1101.000000
976.753174 1116.000000
978.663635 1087.000000
980.573059 1101.000000
982.481140 1080.000000
984.388062 1102.000000
986.293884 1101.000000
988.198425 1058.000000
990.101990 1107.000000
992.004150 1097.000000
993.905212 1085.000000
995.805054 1094.000000
997.703857 1093.000000
999.601318 1075.000000
1001.497803 1095.000000
1003.392761 1095.000000
1005.286926 1088.000000
1007.179688 1090.000000
1009.071411 1110.000000
1010.961914 1090.000000
1012.851135 1091.000000
1014.739380 1105.000000
1016.626282 1100.000000
1018.512207 1076.000000
1020.396667 1072.000000
1022.280273 1086.000000
1024.162598 1083.000000
1026.043823 1080.000000
1027.923706 1088.000000
1029.802612 1100.000000
1031.680298 1089.000000
1033.556885 1070.000000
1035.432251 1073.000000
1037.306396 1093.000000
1039.179321 1068.000000
1041.051270 1067.000000
1042.921997 1076.000000
1044.791504 1122.000000
1046.660156 1083.000000
1048.527222 1084.000000
1050.393555 1078.000000
1052.258423 1088.000000
1054.122314 1097.000000
1055.984985 1071.000000
1057.846558 1085.000000
1059.706909 1069.000000
1061.566162 1109.000000
1063.424194 1074.000000
1065.281250 1090.000000
1067.137085 1086.000000
1068.991821 1103.000000
1070.845093 1098.000000
1072.697632 1077.000000
1074.548950 1096.000000
1076.399048 1073.000000
1078.248047 1087.000000
1080.095947 1093.000000
1081.942627 1111.000000
1083.788208 1089.000000
1085.632690 1074.000000
1087.475952 1075.000000
1089.318115 1082.000000
1091.159302 1079.000000
1092.999146 1091.000000
1094.838135 1085.000000
1096.675781 1118.000000
1098.512207 1076.000000
1100.347778 1079.000000
1102.181885 1082.000000
1104.015137 1094.000000
1105.847168 1085.000000
1107.677979 1100.000000
1109.507813 1079.000000
1111.336548 1084.000000
1113.164185 1057.000000
1114.990601 1091.000000
1116.815918 1089.000000
1118.640137 1095.000000
1120.463257 1068.000000
1122.285156 1083.000000
1124.106323 1087.000000
1125.925903 1110.000000
1127.744629 1091.000000
1129.562134 1085.000000
1131.378540 1095.000000
1133.193848 1099.000000
1135.008057 1080.000000
1136.821167 1075.000000
1138.633301 1075.000000
1140.444214 1094.000000
1142.253906 1074.000000
1144.062622 1084.000000
1145.870117 1090.000000
1147.676880 1087.000000
1149.482178 1069.000000
1151.286377 1088.000000
1153.089478 1096.000000
1154.891602 1081.000000
1156.692627 1095.000000
1158.492554 1074.000000
1160.291260 1089.000000
1162.088867 1113.000000
1163.885620 1094.000000
1165.681030 1086.000000
1167.475464 1089.000000
1169.268799 1074.000000
1171.061035 1079.000000
1172.852173 1129.000000
1174.642334 1064.000000
1176.431152 1103.000000
1178.219116 1177.000000
1180.005737 1079.000000
1181.791504 1079.000000
1183.576172 1105.000000
1185.359741 1098.000000
1187.142212 1082.000000
1188.923462 1090.000000
1190.703735 1095.000000
1192.482910 1094.000000
1194.260986 1080.000000
1196.038208 1100.000000
1197.814087 1093.000000
1199.588745 1110.000000
1201.362793 1076.000000
1203.135498 1092.000000
1204.907104 1088.000000
1206.677734 1062.000000
1208.447388 1109.000000
1210.215698 1097.000000
1211.983154 1080.000000
1213.749390 1088.000000
1215.514648 1101.000000
1217.278809 1082.000000
1219.041748 1087.000000
1220.803833 1097.000000
1222.564697 1072.000000
1224.324707 1075.000000
1226.083618 1073.000000
1227.841187 1106.000000
1229.598022 1082.000000
1231.353638 1088.000000
1233.108154 1091.000000
1234.861694 1086.000000
1236.614136 1093.000000
1238.365601 1092.000000
1240.115723 1101.000000
1241.865112 1067.000000
1243.613281 1097.000000
1245.360474 1094.000000
1247.106445 1076.000000
1248.851563 1102.000000
1250.595459 1063.000000
1252.338379 1074.000000
1254.080322 1084.000000
1255.821167 1084.000000
1257.560913 1113.000000
1259.299683 1102.000000
1261.037354 1093.000000
1262.773926 1105.000000
1264.509521 1108.000000
1266.244141 1074.000000
1267.977539 1105.000000
1269.709961 1082.000000
1271.441528 1083.000000
1273.171631 1096.000000
1274.901001 1077.000000
1276.629395 1099.000000
1278.356445 1089.000000
1280.082764 1107.000000
1281.807739 1088.000000
1283.531982 1075.000000
1285.254883 1103.000000
1286.977051 1098.000000
1288.697998 1090.000000
1290.418091 1096.000000
1292.136963 1083.000000
1293.854858 1094.000000
1295.571655 1097.000000
1297.287476 1108.000000
1299.002075 1101.000000
1300.715942 1075.000000
1302.428589 1089.000000
1304.140259 1083.000000
1305.851074 1093.000000
1307.560669 1110.000000
1309.269287 1090.000000
1310.976807 1075.000000
1312.683350 1095.000000
1314.388794 1086.000000
1316.093384 1108.000000
1317.796753 1101.000000
1319.499268 1098.000000
1321.200684 1090.000000
1322.901123 1101.000000
1324.600342 1089.000000
1326.298828 1086.000000
1327.996216 1097.000000
1329.692383 1092.000000
1331.387695 1083.000000
1333.081909 1090.000000
1334.775269 1068.000000
1336.467529 1078.000000
1338.158691 1096.000000
1339.848877 1071.000000
1341.538208 1072.000000
1343.226318 1096.000000
1344.913574 1081.000000
1346.599609 1084.000000
1348.284790 1082.000000
1349.968750 1080.000000
1351.651978 1097.000000
1353.333984 1098.000000
1355.015137 1116.000000
1356.695435 1072.000000
1358.374512 1081.000000
1360.052490 1102.000000
1361.729492 1109.000000
1363.405762 1080.000000
1365.080811 1092.000000
1366.754639 1107.000000
1368.427856 1081.000000
1370.099976 1098.000000
1371.770874 1096.000000
1373.441162 1073.000000
1375.110107 1087.000000
1376.778076 1067.000000
1378.445068 1080.000000
1380.111450 1092.000000
1381.776367 1087.000000
1383.440430 1103.000000
1385.103516 1103.000000
1386.765381 1089.000000
1388.426636 1072.000000
1390.086792 1090.000000
1391.745728 1102.000000
1393.403931 1098.000000
1395.061035 1099.000000
1396.717041 1085.000000
1398.372192 1129.000000
1400.026367 1081.000000
1401.679688 1096.000000
1403.331543 1103.000000
1404.982910 1070.000000
1406.632935 1095.000000
1408.282349 1079.000000
1409.930420 1084.000000
1411.577515 1078.000000
1413.223999 1096.000000
1414.869141 1070.000000
1416.513550 1110.000000
1418.156616 1100.000000
1419.799072 1105.000000
1421.440430 1109.000000
1423.080688 1096.000000
1424.719971 1097.000000
1426.358398 1077.000000
1427.995728 1070.000000
1429.632202 1082.000000
1431.267700 1080.000000
1432.902100 1107.000000
1434.535645 1095.000000
1436.168091 1084.000000
1437.799683 1069.000000
1439.430420 1089.000000
1441.060059 1102.000000
1442.688477 1074.000000
1444.316162 1101.000000
1445.942871 1083.000000
1447.568604 1098.000000
1449.193237 1105.000000
1450.817139 1100.000000
1452.439819 1143.000000
1454.061768 1082.000000
1455.682617 1073.000000
1457.302490 1074.000000
1458.921387 1101.000000
1460.539307 1075.000000
1462.156250 1104.000000
1463.772461 1090.000000
1465.387573 1089.000000
1467.001587 1086.000000
1468.614868 1099.000000
1470.226929 1088.000000
1471.838135 1125.000000
1473.448486 1083.000000
1475.057983 1088.000000
1476.666016 1062.000000
1478.273560 1089.000000
1479.880005 1078.000000
1481.485474 1103.000000
1483.089966 1076.000000
1484.693604 1096.000000
1486.295898 1083.000000
1487.897705 1101.000000
1489.498535 1090.000000
1491.098145 1076.000000
1492.696899 1069.000000
1494.294922 1107.000000
1495.891602 1090.000000
1497.487549 1096.000000
1499.082642 1089.000000
1500.676514 1082.000000
1502.269775 1099.000000
1503.861816 1096.000000
1505.452881 1084.000000
1507.043213 1102.000000
1508.632446 1084.000000
1510.220825 1103.000000
1511.808350 1088.000000
1513.394653 1088.000000
1514.980103 1108.000000
1516.564819 1081.000000
1518.148560 1094.000000
1519.730957 1097.000000
1521.312744 1089.000000
1522.893677 1077.000000
1524.473633 1094.000000
1526.052368 1077.000000
1527.630249 1083.000000
1529.207520 1095.000000
1530.783447 1074.000000
1532.358521 1089.000000
1533.932861 1103.000000
1535.506104 1087.000000
1537.078735 1098.000000
1538.649780 1069.000000
1540.220215 1114.000000
1541.789917 1094.000000
1543.358521 1090.000000
1544.926270 1089.000000
1546.493042 1115.000000
1548.058716 1113.000000
1549.623413 1101.000000
1551.187500 1080.000000
1552.750610 1110.000000
1554.312744 1086.000000
1555.873779 1082.000000
1557.434082 1071.000000
1558.993286 1096.000000
1560.551880 1088.000000
1562.109253 1077.000000
1563.665771 1089.000000
1565.221313 1082.000000
1566.775879 1097.000000
1568.329712 1097.000000
1569.882568 1083.000000
1571.434448 1087.000000
1572.985474 1089.000000
1574.535400 1095.000000
1576.084473 1074.000000
1577.632935 1091.000000
1579.179932 1082.000000
1580.726440 1103.000000
1582.271973 1082.000000
1583.816650 1084.000000
1585.359863 1107.000000
1586.902710 1092.000000
1588.444458 1082.000000
1589.985352 1076.000000
1591.525146 1109.000000
1593.064331 1111.000000
1594.602295 1073.000000
1596.139404 1093.000000
1597.675781 1076.000000
1599.211182 1086.000000
1600.745728 1083.000000
1602.279053 1098.000000
1603.811768 1103.000000
1605.343628 1057.000000
1606.874390 1072.000000
1608.404175 1091.000000
1609.933228 1081.000000
1611.461304 1078.000000
1612.988281 1091.000000
1614.514771 1088.000000
1616.040039 1102.000000
1617.564575 1098.000000
1619.087769 1092.000000
1620.610718 1083.000000
1622.132446 1093.000000
1623.653198 1116.000000
1625.172974 1092.000000
1626.692261 1072.000000
1628.210205 1095.000000
1629.727539 1102.000000
1631.243652 1112.000000
1632.759155 1073.000000
1634.273804 1084.000000
1635.787231 1099.000000
1637.299927 1092.000000
1638.811768 1112.000000
1640.322754 1082.000000
1641.832764 1096.000000
1643.341675 1074.000000
1644.849976 1105.000000
1646.357300 1080.000000
1647.863647 1076.000000
1649.369019 1076.000000
1650.873901 1096.000000
1652.377686 1107.000000
1653.880493 1089.000000
1655.382324 1085.000000
1656.883545 1112.000000
1658.383789 1109.000000
1659.882935 1079.000000
1661.381226 1071.000000
1662.878784 1082.000000
1664.375244 1084.000000
1665.870972 1083.000000
1667.365723 1087.000000
1668.859741 1083.000000
1670.352783 1113.000000
1671.844849 1088.000000
1673.336304 1095.000000
1674.826538 1094.000000
1676.316040 1087.000000
1677.804688 1078.000000
1679.292358 1085.000000
1680.779419 1118.000000
1682.265137 1060.000000
1683.750244 1098.000000
1685.234619 1077.000000
1686.717529 1079.000000
1688.200073 1085.000000
1689.681519 1089.000000
1691.162231 1089.000000
1692.641968 1075.000000
1694.120972 1090.000000
1695.598877 1099.000000
1697.076172 1079.000000
1698.552124 1094.000000
1700.027710 1098.000000
1701.502075 1088.000000
1702.975830 1098.000000
1704.448486 1094.000000
1705.920532 1080.000000
1707.391479 1076.000000
1708.861328 1073.000000
1710.330688 1076.000000
1711.799194 1069.000000
1713.266602 1097.000000
1714.733276 1121.000000
1716.198730 1091.000000
1717.663818 1116.000000
1719.127808 1106.000000
1720.590942 1066.000000
1722.053101 1106.000000
1723.514648 1066.000000
1724.975220 1096.000000
1726.434570 1092.000000
1727.893555 1092.000000
1729.351440 1112.000000
1730.808594 1109.000000
1732.264526 1108.000000
1733.719849 1112.000000
1735.174438 1076.000000
1736.627808 1065.000000
1738.080566 1075.000000
1739.532471 1085.000000
1740.983398 1104.000000
1742.433350 1088.000000
1743.882813 1090.000000
1745.331055 1110.000000
1746.778809 1103.000000
1748.225220 1080.000000
1749.671143 1108.000000
1751.116089 1105.000000
1752.560181 1096.000000
1754.003296 1115.000000
1755.445557 1088.000000
1756.887085 1117.000000
1758.327759 1078.000000
1759.767456 1093.000000
1761.206421 1098.000000
1762.644531 1081.000000
1764.081665 1086.000000
1765.518066 1101.000000
1766.953613 1111.000000
1768.388184 1081.000000
1769.821899 1070.000000
1771.254761 1080.000000
1772.687012 1099.000000
1774.118286 1090.000000
1775.548340 1106.000000
1776.977905 1100.000000
1778.406860 1065.000000
1779.834473 1111.000000
1781.261230 1077.000000
1782.687500 1073.000000
1784.112915 1092.000000
1785.536987 1082.000000
1786.960693 1079.000000
1788.383423 1091.000000
1789.805298 1090.000000
1791.226196 1088.000000
1792.646484 1089.000000
1794.065796 1099.000000
1795.484253 1106.000000
1796.901733 1100.000000
1798.318604 1077.000000
1799.734497 1079.000000
1801.149414 1086.000000
1802.563721 1109.000000
1803.977173 1097.000000
1805.389893 1103.000000
1806.801392 1090.000000
1808.212280 1089.000000
1809.622314 1106.000000
1811.031616 1079.000000
1812.439575 1090.000000
1813.847290 1088.000000
1815.254028 1103.000000
1816.659668 1092.000000
1818.064575 1062.000000
1819.468628 1084.000000
1820.872070 1105.000000
1822.274414 1110.000000
1823.676147 1080.000000
1825.077026 1092.000000
1826.476929 1101.000000
1827.875854 1086.000000
1829.274170 1076.000000
1830.671509 1084.000000
1832.068237 1081.000000
1833.463867 1086.000000
1834.858887 1092.000000
1836.253052 1096.000000
1837.646240 1088.000000
1839.038574 1102.000000
1840.430298 1084.000000
1841.821045 1101.000000
1843.211060 1088.000000
1844.599854 1109.000000
1845.988281 1093.000000
1847.375854 1085.000000
1848.762207 1086.000000
1850.147949 1073.000000
1851.533081 1078.000000
1852.917114 1087.000000
1854.300293 1098.000000
1855.682983 1084.000000
1857.064331 1078.000000
1858.445313 1093.000000
1859.825073 1055.000000
1861.204346 1112.000000
1862.582764 1116.000000
1863.960327 1092.000000
1865.336914 1087.000000
1866.712646 1098.000000
1868.087646 1077.000000
1869.461670 1116.000000
1870.835083 1065.000000
1872.207764 1078.000000
1873.579468 1069.000000
1874.950317 1082.000000
1876.320435 1096.000000
1877.689819 1106.000000
1879.058350 1084.000000
1880.425659 1102.000000
1881.792603 1116.000000
1883.158447 1069.000000
1884.523804 1100.000000
1885.888062 1089.000000
1887.251465 1077.000000
1888.614258 1089.000000
1889.976074 1078.000000
1891.337280 1080.000000
1892.697510 1099.000000
1894.056885 1074.000000
1895.415405 1115.000000
1896.773193 1108.000000
1898.130249 1085.000000
1899.486572 1091.000000
1900.841797 1105.000000
1902.196289 1087.000000
1903.550171 1100.000000
1904.903198 1063.000000
1906.255005 1110.000000
1907.606323 1094.000000
1908.957031 1078.000000
1910.306641 1085.000000
1911.655273 1099.000000
1913.003540 1073.000000
1914.350708 1080.000000
1915.697021 1088.000000
1917.042603 1091.000000
1918.387573 1075.000000
1919.731689 1118.000000
1921.074707 1105.000000
1922.417114 1085.000000
1923.758667 1083.000000
1925.099731 1078.000000
1926.439453 1065.000000
1927.778687 1086.000000
1929.117065 1110.000000
1930.454712 1086.000000
1931.791260 1088.000000
1933.127075 1086.000000
1934.462280 1108.000000
1935.796509 1108.000000
1937.130127 1065.000000
1938.462769 1080.000000
1939.794922 1081.000000
1941.125977 1080.000000
1942.456421 1097.000000
1943.785889 1079.000000
1945.114746 1100.000000
1946.442261 1071.000000
1947.769409 1096.000000
1949.095947 1103.000000
1950.421387 1075.000000
1951.745972 1088.000000
1953.070068 1098.000000
1954.393066 1093.000000
1955.715332 1082.000000
1957.036987 1086.000000
1958.357422 1092.000000
1959.677612 1080.000000
1960.996582 1099.000000
1962.315063 1085.000000
1963.632690 1073.000000
1964.949585 1112.000000
1966.265381 1092.000000
1967.580444 1082.000000
1968.894897 1075.000000
1970.208496 1110.000000
1971.520874 1101.000000
1972.833252 1089.000000
1974.144409 1089.000000
1975.454712 1087.000000
1976.764282 1081.000000
1978.073242 1098.000000
1979.381348 1071.000000
1980.688354 1090.000000
1981.994751 1078.000000
1983.300659 1075.000000
1984.605591 1085.000000
1985.909424 1063.000000
1987.212891 1089.000000
1988.515381 1088.000000
1989.817139 1102.000000
1991.118042 1094.000000
1992.418091 1091.000000
1993.717407 1074.000000
1995.015869 1072.000000
1996.313843 1081.000000
1997.610962 1077.000000
1998.907104 1079.000000
2000.202393 1088.000000
2001.497070 1081.000000
2002.791016 1110.000000
2004.084106 1106.000000
2005.376465 1091.000000
2006.667969 1072.000000
2007.958618 1094.000000
2009.248657 1097.000000
2010.537720 1093.000000
2011.826172 1090.000000
2013.113770 1076.000000
2014.400757 1080.000000
2015.686523 1094.000000
2016.972046 1094.000000
2018.256714 1080.000000
2019.540039 1116.000000
2020.822998 1089.000000
2022.105347 1089.000000
2023.386475 1081.000000
2024.667114 1081.000000
2025.946899 1100.000000
2027.226196 1090.000000
2028.504395 1087.000000
2029.781860 1102.000000
2031.058594 1090.000000
2032.334595 1116.000000
2033.609741 1064.000000
2034.884155 1083.000000
2036.157715 1113.000000
2037.430664 1092.000000
2038.702515 1080.000000
2039.973999 1080.000000
2041.244507 1082.000000
2042.514526 1082.000000
2043.783203 1073.000000
2045.051514 1085.000000
2046.319092 1085.000000
2047.585571 1084.000000
2048.851318 1088.000000
2050.116455 1070.000000
2051.381104 1075.000000
2052.644775 1086.000000
2053.907227 1108.000000
2055.169434 1109.000000
2056.430664 1084.000000
2057.691162 1095.000000
2058.950928 1104.000000
2060.209961 1104.000000
2061.468262 1082.000000
2062.725586 1089.000000
2063.982422 1083.000000
2065.238281 1073.000000
2066.493408 1105.000000
2067.747803 1069.000000
2069.001709 1102.000000
2070.254395 1086.000000
2071.506836 1078.000000
2072.757813 1103.000000
2074.008301 1087.000000
2075.258301 1080.000000
2076.507324 1081.000000
2077.755615 1101.000000
2079.003174 1103.000000
2080.250000 1070.000000
2081.495850 1064.000000
2082.741211 1075.000000
2083.985840 1083.000000
2085.229492 1075.000000
2086.472168 1089.000000
2087.714355 1116.000000
2088.956299 1091.000000
2090.197021 1106.000000
2091.436523 1083.000000
2092.676025 1086.000000
2093.914307 1092.000000
2095.152100 1091.000000
2096.389160 1120.000000
2097.625000 1082.000000
2098.860596 1097.000000
2100.095215 1105.000000
2101.329102 1087.000000
2102.562500 1100.000000
2103.794678 1085.000000
2105.026123 1099.000000
2106.257324 1087.000000
2107.487549 1095.000000
2108.716797 1109.000000
2109.945313 1083.000000
2111.173096 1090.000000
2112.400391 1070.000000
2113.626953 1083.000000
2114.852295 1082.000000
2116.077148 1074.000000
2117.301270 1077.000000
2118.524414 1109.000000
2119.747314 1082.000000
2120.969482 1064.000000
2122.190674 1093.000000
2123.410645 1079.000000
2124.630371 1079.000000
2125.849365 1101.000000
2127.067871 1076.000000
2128.284912 1082.000000
2129.501465 1099.000000
2130.717285 1094.000000
2131.932617 1098.000000
2133.147217 1068.000000
2134.360840 1080.000000
2135.573730 1086.000000
2136.785889 1100.000000
2137.997070 1088.000000
2139.208008 1108.000000
2140.418213 1084.000000
2141.627197 1089.000000
2142.835449 1081.000000
2144.043457 1100.000000
2145.250488 1056.000000
2146.456543 1084.000000
2147.662109 1082.000000
2148.866943 1074.000000
2150.071045 1089.000000
2151.273926 1065.000000
2152.477051 1084.000000
2153.678711 1093.000000
2154.879639 1105.000000
2156.079834 1090.000000
2157.279541 1086.000000
2158.478516 1100.000000
2159.676270 1066.000000
2160.873779 1083.000000
2162.070557 1065.000000
2163.266602 1101.000000
2164.461426 1096.000000
2165.656006 1084.000000
2166.849854 1098.000000
2168.042969 1091.000000
2169.235107 1087.000000
2170.426514 1089.000000
2171.617676 1085.000000
2172.807617 1077.000000
2173.996826 1090.000000
2175.185303 1094.000000
2176.373047 1066.000000
2177.560059 1087.000000
2178.746826 1075.000000
2179.932373 1104.000000
2181.117432 1077.000000
2182.301270 1080.000000
2183.485107 1082.000000
2184.667725 1103.000000
2185.849854 1089.000000
2187.030518 1091.000000
2188.211426 1088.000000
2189.391602 1096.000000
2190.570557 1087.000000
2191.748779 1122.000000
2192.926758 1094.000000
2194.103516 1088.000000
2195.279297 1097.000000
2196.454834 1071.000000
2197.629639 1088.000000
2198.803955 1121.000000
2199.976807 1093.000000
2201.149414 1098.000000
2202.321289 1111.000000
2203.492676 1092.000000
2204.663086 1095.000000
2205.832764 1086.000000
2207.001953 1112.000000
2208.169922 1091.000000
2209.337402 1085.000000
2210.504150 1102.000000
2211.670410 1100.000000
2212.835449 1104.000000
2214.000000 1114.000000
2215.164063 1090.000000
2216.327393 1076.000000
2217.489746 1073.000000
2218.651367 1069.000000
2219.812744 1080.000000
2220.972900 1092.000000
2222.132568 1096.000000
2223.291504 1079.000000
2224.449707 1102.000000
2225.607178 1104.000000
2226.763672 1104.000000
2227.919922 1060.000000
2229.074951 1070.000000
2230.229736 1113.000000
2231.383301 1100.000000
2232.536621 1069.000000
2233.688965 1069.000000
2234.840576 1093.000000
2235.991699 1106.000000
2237.142090 1085.000000
2238.291748 1075.000000
2239.440430 1071.000000
2240.588867 1098.000000
2241.736572 1104.000000
2242.883057 1086.000000
2244.028809 1111.000000
2245.174561 1075.000000
2246.318848 1080.000000
2247.462891 1081.000000
2248.606201 1092.000000
2249.748535 1091.000000
2250.890625 1094.000000
2252.031250 1092.000000
2253.172119 1090.000000
2254.311523 1089.000000
2255.450439 1079.000000
2256.588867 1085.000000
2257.726318 1092.000000
2258.863037 1093.000000
2259.999268 1078.000000
2261.134521 1078.000000
2262.269287 1083.000000
2263.403320 1088.000000
2264.536865 1091.000000
2265.669189 1093.000000
2266.801270 1096.000000
2267.932617 1087.000000
2269.062744 1100.000000
2270.192627 1099.000000
2271.322266 1058.000000
2272.450195 1088.000000
2273.577881 1087.000000
2274.705078 1109.000000
2275.831299 1098.000000
2276.957031 1092.000000
2278.081543 1117.000000
2279.206055 1095.000000
2280.329590 1083.000000
2281.452393 1100.000000
2282.574463 1113.000000
2283.695801 1091.000000
2284.816650 1082.000000
2285.936279 1086.000000
2287.055908 1101.000000
2288.174316 1099.000000
2289.292236 1107.000000
2290.409668 1089.000000
2291.526123 1088.000000
2292.642090 1087.000000
2293.757324 1087.000000
2294.871582 1119.000000
2295.985352 1099.000000
2297.098633 1072.000000
2298.211182 1075.000000
2299.322266 1094.000000
2300.433594 1079.000000
2301.543701 1079.000000
2302.653320 1084.000000
2303.762207 1090.000000
2304.870850 1084.000000
2305.978027 1086.000000
2307.084961 1086.000000
2308.191162 1096.000000
2309.296631 1089.000000
2310.401611 1056.000000
2311.505371 1104.000000
2312.608887 1076.000000
2313.711670 1085.000000
2314.813721 1094.000000
2315.915039 1092.000000
2317.015625 1109.000000
2318.115723 1116.000000
2319.215088 1099.000000
2320.313477 1113.000000
2321.411377 1080.000000
2322.508789 1083.000000
2323.604980 1089.000000
2324.701172 1111.000000
2325.796387 1087.000000
2326.890869 1072.000000
2327.984619 1115.000000
2329.077881 1079.000000
2330.170166 1099.000000
2331.262207 1094.000000
2332.353027 1088.000000
2333.443604 1094.000000
2334.533447 1091.000000
2335.622803 1107.000000
2336.710693 1100.000000
2337.798584 1100.000000
2338.885498 1108.000000
2339.971680 1079.000000
2341.057617 1102.000000
2342.142578 1097.000000
2343.227051 1092.000000
2344.310303 1072.000000
2345.393555 1106.000000
2346.475586 1124.000000
2347.557129 1110.000000
2348.638184 1077.000000
2349.718750 1088.000000
2350.798096 1080.000000
2351.877197 1085.000000
2352.955322 1088.000000
2354.032959 1059.000000
2355.109863 1081.000000
2356.185791 1092.000000
2357.261475 1079.000000
2358.336182 1092.000000
2359.410645 1087.000000
2360.483887 1110.000000
2361.556885 1088.000000
2362.629150 1091.000000
2363.700928 1081.000000
2364.771484 1099.000000
2365.841797 1080.000000
2366.911621 1093.000000
2367.980469 1102.000000
2369.048340 1078.000000
2370.115967 1074.000000
2371.182861 1101.000000
2372.249023 1103.000000
2373.314453 1097.000000
2374.379150 1100.000000
2375.443604 1105.000000
2376.507080 1078.000000
2377.569824 1079.000000
2378.632080 1079.000000
2379.693848 1109.000000
2380.754395 1083.000000
2381.814697 1089.000000
2382.874756 1106.000000
2383.933350 1055.000000
2384.991455 1118.000000
2386.049316 1106.000000
2387.105957 1106.000000
2388.162354 1097.000000
2389.217529 1106.000000
2390.272705 1084.000000
2391.326904 1061.000000
2392.380371 1081.000000
2393.433594 1102.000000
2394.486084 1108.000000
2395.537598 1100.000000
2396.588135 1091.000000
2397.638672 1078.000000
2398.688477 1096.000000
2399.737305 1113.000000
2400.785645 1081.000000
2401.833252 1090.000000
2402.880615 1100.000000
2403.926758 1097.000000
2404.972412 1082.000000
2406.017822 1098.000000
2407.062500 1093.000000
2408.105957 1104.000000
2409.149170 1087.000000
2410.191406 1097.000000
2411.233398 1105.000000
2412.274414 1086.000000
2413.314941 1064.000000
2414.355225 1095.000000
2415.394043 1083.000000
2416.432373 1075.000000
2417.470703 1089.000000
2418.508301 1089.000000
2419.544678 1106.000000
2420.580322 1102.000000
2421.615723 1094.000000
2422.650635 1062.000000
2423.684814 1099.000000
2424.718018 1105.000000
2425.750977 1088.000000
2426.782959 1093.000000
2427.814453 1080.000000
2428.845459 1099.000000
2429.875244 1075.000000
2430.905029 1101.000000
2431.933594 1086.000000
2432.961914 1093.000000
2433.989746 1098.000000
2435.016846 1102.000000
2436.042725 1079.000000
2437.068604 1092.000000
2438.093750 1111.000000
2439.118164 1072.000000
2440.141602 1092.000000
2441.165039 1091.000000
2442.187256 1104.000000
2443.209473 1078.000000
2444.230469 1109.000000
2445.251221 1101.000000
2446.270996 1079.000000
2447.290039 1080.000000
2448.308838 1096.000000
2449.327148 1099.000000
2450.344482 1066.000000
2451.361328 1091.000000
2452.376953 1089.000000
2453.392822 1101.000000
2454.407715 1103.000000
2455.421631 1093.000000
2456.435547 1103.000000
2457.448730 1074.000000
2458.460449 1099.000000
2459.472168 1102.000000
2460.483643 1083.000000
2461.493896 1087.000000
2462.503418 1101.000000
2463.512939 1095.000000
2464.521484 1096.000000
2465.529541 1102.000000
2466.536621 1115.000000
2467.543213 1087.000000
2468.549561 1079.000000
2469.554932 1093.000000
2470.559326 1101.000000
2471.563721 1079.000000
2472.567383 1098.000000
2473.570313 1066.000000
2474.572266 1087.000000
2475.573975 1095.000000
2476.575195 1118.000000
2477.575439 1097.000000
2478.575439 1073.000000
2479.574463 1078.000000
2480.573242 1087.000000
2481.570801 1117.000000
2482.568115 1091.000000
2483.565186 1103.000000
2484.561279 1092.000000
2485.556396 1111.000000
2486.551025 1095.000000
2487.545410 1078.000000
2488.538574 1095.000000
2489.531494 1072.000000
2490.524170 1111.000000
2491.516113 1095.000000
2492.507080 1116.000000
2493.497559 1083.000000
2494.487793 1105.000000
2495.476563 1094.000000
2496.465576 1099.000000
2497.453857 1104.000000
2498.440918 1131.000000
2499.427734 1099.000000
2500.414307 1104.000000
2501.399414 1082.000000
2502.384277 1085.000000
2503.368896 1082.000000
2504.352539 1095.000000
2505.335693 1089.000000
2506.318359 1104.000000
2507.300049 1107.000000
2508.281982 1105.000000
2509.262207 1131.000000
2510.242188 1079.000000
2511.221924 1093.000000
2512.200684 1086.000000
2513.178711 1111.000000
2514.156738 1094.000000
2515.133545 1090.000000
2516.110352 1091.000000
2517.086182 1101.000000
2518.061035 1082.000000
2519.036133 1093.000000
2520.010010 1096.000000
2520.983154 1078.000000
2521.956055 1086.000000
2522.928467 1076.000000
2523.899902 1078.000000
2524.871094 1125.000000
2525.841309 1085.000000
2526.811523 1072.000000
2527.780518 1112.000000
2528.749023 1109.000000
2529.717285 1110.000000
2530.684570 1099.000000
2531.651367 1101.000000
2532.617676 1076.000000
2533.583008 1087.000000
2534.548584 1105.000000
2535.512939 1098.000000
2536.476563 1094.000000
2537.440186 1089.000000
2538.402588 1087.000000
2539.364502 1087.000000
2540.326172 1101.000000
2541.287109 1089.000000
2542.247314 1102.000000
2543.207031 1087.000000
2544.166260 1094.000000
2545.124756 1099.000000
2546.082520 1102.000000
2547.039795 1109.000000
2547.996826 1090.000000
2548.952881 1048.000000
2549.907959 1111.000000
2550.863281 1097.000000
2551.817383 1095.000000
2552.771240 1089.000000
2553.725098 1084.000000
2554.677246 1091.000000
2555.629639 1083.000000
2556.580566 1103.000000
2557.531494 1079.000000
2558.482178 1065.000000
2559.431885 1098.000000
2560.380859 1122.000000
2561.329590 1099.000000
2562.277100 1094.000000
2563.225098 1134.000000
2564.171875 1085.000000
2565.117920 1096.000000
2566.063965 1079.000000
2567.008545 1081.000000
2567.952881 1097.000000
2568.896729 1107.000000
2569.839844 1108.000000
2570.782715 1103.000000
2571.725098 1086.000000
2572.666992 1087.000000
2573.608154 1099.000000
2574.548096 1092.000000
2575.487793 1103.000000
2576.427246 1101.000000
2577.365967 1063.000000
2578.304199 1107.000000
2579.241699 1101.000000
2580.178711 1083.000000
2581.114990 1079.000000
2582.051025 1111.000000
2582.986084 1082.000000
2583.921387 1090.000000
2584.855225 1091.000000
2585.788818 1079.000000
2586.722168 1099.000000
2587.654297 1117.000000
2588.585693 1088.000000
2589.517578 1071.000000
2590.447754 1099.000000
2591.378662 1066.000000
2592.307861 1115.000000
2593.237061 1088.000000
2594.165771 1086.000000
2595.093506 1102.000000
2596.020752 1104.000000
2596.947754 1094.000000
2597.873779 1097.000000
2598.799072 1092.000000
2599.724365 1092.000000
2600.648926 1113.000000
2601.573242 1080.000000
2602.496582 1094.000000
2603.419434 1089.000000
2604.341797 1092.000000
2605.263428 1094.000000
2606.184082 1096.000000
2607.105225 1097.000000
2608.025146 1090.000000
2608.945313 1092.000000
2609.863770 1081.000000
2610.781982 1084.000000
2611.700439 1083.000000
2612.617432 1101.000000
2613.533691 1096.000000
2614.450439 1086.000000
2615.366211 1093.000000
2616.281006 1115.000000
2617.195801 1091.000000
2618.109863 1092.000000
2619.023438 1072.000000
2619.936279 1098.000000
2620.847656 1062.000000
2621.760254 1091.000000
2622.671387 1093.000000
2623.582031 1076.000000
2624.492432 1088.000000
2625.401855 1088.000000
2626.310547 1098.000000
2627.219238 1111.000000
2628.127441 1089.000000
2629.035400 1113.000000
2629.941650 1077.000000
2630.848145 1084.000000
2631.754150 1102.000000
2632.659180 1099.000000
2633.563477 1111.000000
2634.468262 1074.000000
2635.371582 1093.000000
2636.275146 1104.000000
2637.177246 1095.000000
2638.079102 1091.000000
2638.980713 1076.000000
2639.881836 1091.000000
2640.782227 1080.000000
2641.682373 1115.000000
2642.581299 1094.000000
2643.480225 1081.000000
2644.378906 1099.000000
2645.276367 1080.000000
2646.173828 1078.000000
2647.070068 1100.000000
2647.966309 1111.000000
2648.862061 1103.000000
2649.757324 1100.000000
2650.651367 1073.000000
2651.545898 1073.000000
2652.439209 1062.000000
2653.331787 1090.000000
2654.225098 1072.000000
2655.116699 1102.000000
2656.008301 1106.000000
2656.898926 1097.000000
2657.788818 1072.000000
2658.679199 1121.000000
2659.568115 1077.000000
2660.456787 1096.000000
2661.345703 1090.000000
2662.232910 1113.000000
2663.120605 1079.000000
2664.007080 1094.000000
2664.892822 1084.000000
2665.779297 1069.000000
2666.664063 1106.000000
2667.548096 1099.000000
2668.432617 1076.000000
2669.316162 1081.000000
2670.198975 1075.000000
2671.081787 1088.000000
2671.963623 1102.000000
2672.845459 1109.000000
2673.726563 1082.000000
2674.606445 1087.000000
2675.486816 1100.000000
2676.365967 1085.000000
2677.244873 1094.000000
2678.123535 1089.000000
2679.001709 1107.000000
2679.879395 1089.000000
2680.755859 1095.000000
2681.632080 1109.000000
2682.508301 1078.000000
2683.383789 1098.000000
2684.258545 1143.000000
2685.133301 1078.000000
2686.006592 1095.000000
2686.880127 1072.000000
2687.752930 1092.000000
2688.625000 1090.000000
2689.497314 1108.000000
2690.368164 1103.000000
2691.239258 1096.000000
2692.109619 1100.000000
2692.979492 1088.000000
2693.848633 1081.000000
2694.717773 1118.000000
2695.585938 1093.000000
2696.453613 1085.000000
2697.321289 1097.000000
2698.187988 1095.000000
2699.054932 1108.000000
2699.920166 1107.000000
2700.785156 1091.000000
2701.650879 1098.000000
2702.515137 1103.000000
2703.378418 1105.000000
2704.242432 1087.000000
2705.105225 1070.000000
2705.967529 1105.000000
2706.829346 1078.000000
2707.690674 1106.000000
2708.552246 1098.000000
2709.412109 1129.000000
2710.271973 1091.000000
2711.132080 1093.000000
2711.990967 1097.000000
2712.849121 1080.000000
2713.707275 1102.000000
2714.564697 1102.000000
2715.422119 1102.000000
2716.278564 1091.000000
2717.134277 1108.000000
2717.990479 1096.000000
2718.845459 1085.000000
2719.699707 1092.000000
2720.554199 1083.000000
2721.407715 1073.000000
2722.261475 1088.000000
2723.113770 1106.000000
2723.966309 1093.000000
2724.818115 1090.000000
2725.669434 1082.000000
2726.519775 1092.000000
2727.370850 1088.000000
2728.220215 1135.000000
2729.069336 1101.000000
2729.918701 1093.000000
2730.767334 1081.000000
2731.615479 1093.000000
2732.462891 1111.000000
2733.309570 1087.000000
2734.156494 1122.000000
2735.002441 1090.000000
2735.847900 1082.000000
2736.693359 1111.000000
2737.537842 1094.000000
2738.382080 1101.000000
2739.226074 1100.000000
2740.069336 1092.000000
2740.912598 1098.000000
2741.754883 1084.000000
2742.596680 1078.000000
2743.438477 1093.000000
2744.279053 1113.000000
2745.119629 1096.000000
2745.959961 1104.000000
2746.799316 1100.000000
2747.639160 1091.000000
2748.477539 1107.000000
2749.315430 1128.000000
2750.154053 1085.000000
2750.991211 1097.000000
2751.827881 1082.000000
2752.664551 1067.000000
2753.500488 1089.000000
2754.335938 1110.000000
2755.171143 1078.000000
2756.005615 1076.000000
2756.840088 1107.000000
2757.673828 1102.000000
2758.507080 1097.000000
2759.339844 1085.000000
2760.172363 1097.000000
2761.004150 1082.000000
2761.835938 1092.000000
2762.666748 1086.000000
2763.497803 1111.000000
2764.327637 1070.000000
2765.157715 1072.000000
2765.987061 1068.000000
2766.815430 1101.000000
2767.644043 1095.000000
2768.472412 1100.000000
2769.299805 1101.000000
2770.126221 1100.000000
2770.953613 1110.000000
2771.779541 1099.000000
2772.605469 1093.000000
2773.431152 1094.000000
2774.255615 1093.000000
2775.080322 1096.000000
2775.904541 1123.000000
2776.727783 1102.000000
2777.551270 1092.000000
2778.373779 1086.000000
2779.196045 1092.000000
2780.018311 1082.000000
2780.839844 1100.000000
2781.661133 1081.000000
2782.481689 1105.000000
2783.301758 1109.000000
2784.121582 1109.000000
2784.940918 1100.000000
2785.759521 1086.000000
2786.578613 1094.000000
2787.396484 1110.000000
2788.214355 1082.000000
2789.031494 1101.000000
2789.848145 1100.000000
2790.664795 1077.000000
2791.480469 1092.000000
2792.296143 1116.000000
2793.111572 1111.000000
2793.925781 1105.000000
2794.740479 1118.000000
2795.554688 1112.000000
2796.367920 1085.000000
2797.181396 1091.000000
2797.993652 1095.000000
2798.805664 1104.000000
2799.617920 1084.000000
2800.429199 1098.000000
2801.240234 1091.000000
2802.051025 1118.000000
2802.861084 1088.000000
2803.670898 1085.000000
2804.480469 1108.000000
2805.289307 1107.000000
2806.098145 1104.000000
2806.906494 1113.000000
2807.713867 1126.000000
2808.521973 1105.000000
2809.328369 1083.000000
2810.135254 1101.000000
2810.941650 1115.000000
2811.746826 1100.000000
2812.552490 1090.000000
2813.357666 1095.000000
2814.162109 1090.000000
2814.966309 1115.000000
2815.770020 1100.000000
2816.573486 1116.000000
2817.376709 1095.000000
2818.179199 1116.000000
2818.981445 1131.000000
2819.783203 1084.000000
2820.584473 1097.000000
2821.386230 1103.000000
2822.186523 1105.000000
2822.987305 1094.000000
2823.787109 1093.000000
2824.586426 1086.000000
2825.385254 1118.000000
2826.184570 1098.000000
2826.982666 1120.000000
2827.781006 1087.000000
2828.578369 1108.000000
2829.375488 1100.000000
2830.172607 1141.000000
2830.968994 1104.000000
2831.764648 1091.000000
2832.561035 1092.000000
2833.356445 1092.000000
2834.150879 1074.000000
2834.945801 1112.000000
2835.739990 1087.000000
2836.534180 1113.000000
2837.327393 1104.000000
2838.120605 1088.000000
2838.913330 1101.000000
2839.705811 1099.000000
2840.497314 1082.000000
2841.289063 1089.000000
2842.080566 1149.000000
2842.871094 1123.000000
2843.662109 1107.000000
2844.452148 1100.000000
2845.242188 1090.000000
2846.031494 1102.000000
2846.820313 1103.000000
2847.609619 1086.000000
2848.397705 1101.000000
2849.185547 1092.000000
2849.973877 1116.000000
2850.760498 1106.000000
2851.548096 1088.000000
2852.334229 1095.000000
2853.120361 1117.000000
2853.906738 1089.000000
2854.692139 1100.000000
2855.477051 1101.000000
2856.262207 1103.000000
2857.046387 1099.000000
2857.830078 1094.000000
2858.614502 1101.000000
2859.397949 1095.000000
2860.180908 1079.000000
2860.963867 1119.000000
2861.745850 1069.000000
2862.528076 1123.000000
2863.309570 1111.000000
2864.091064 1094.000000
2864.872070 1098.000000
2865.652588 1106.000000
2866.433105 1110.000000
2867.213379 1107.000000
2867.992920 1116.000000
2868.772461 1085.000000
2869.551270 1108.000000
2870.330078 1109.000000
2871.108398 1102.000000
2871.886230 1084.000000
2872.663818 1115.000000
2873.441162 1104.000000
2874.218262 1103.000000
2874.995117 1097.000000
2875.771240 1100.000000
2876.547119 1111.000000
2877.323242 1108.000000
2878.098389 1106.000000
2878.873291 1107.000000
2879.648438 1120.000000
2880.422607 1122.000000
2881.196533 1117.000000
2881.970703 1112.000000
2882.743896 1102.000000
2883.517090 1112.000000
2884.289551 1109.000000
2885.062256 1115.000000
2885.834473 1113.000000
2886.606201 1105.000000
2887.377686 1104.000000
2888.149658 1103.000000
2888.919922 1118.000000
2889.690918 1122.000000
2890.460938 1102.000000
2891.230957 1093.000000
2892.001221 1094.000000
2892.769531 1109.000000
2893.538574 1109.000000
2894.307617 1112.000000
2895.076172 1130.000000
2895.844238 1109.000000
2896.612305 1107.000000
2897.379883 1107.000000
2898.146973 1093.000000
2898.913818 1100.000000
2899.680420 1094.000000
2900.447021 1111.000000
2901.212891 1099.000000
2901.979004 1123.000000
2902.744141 1104.000000
2903.509277 1089.000000
2904.274414 1107.000000
2905.039063 1110.000000
2905.802979 1107.000000
2906.567383 1136.000000
2907.330566 1098.000000
2908.093750 1114.000000
2908.857666 1077.000000
2909.620117 1075.000000
2910.382568 1092.000000
2911.145020 1128.000000
2911.907227 1109.000000
2912.669189 1098.000000
2913.430664 1131.000000
2914.191162 1120.000000
2914.952393 1120.000000
