scanname Scan002
timestamp 2024-03-05 17:49:48
ccdbias 1010.959473
ccdgain 4.045375
sigmaread 10.387852
laserwavenum -0.813494
wavenumcorrection -0.487061
scancount 2
totalexposurems 308
singleexposurems 233
measurementstate Unknown
scanmode Auto
snr 20.586662 10.560295 8.616932
replacelist 0
peaks 25
330.086426 0.024877 0.000000 2.457542 0.000101
392.025574 0.030908 0.000000 6.772606 0.000243
466.284088 0.019087 0.000000 1.364488 0.000074
505.785095 0.018736 0.000000 2.415458 0.000112
606.157593 0.016537 0.000000 0.597453 0.000055
628.475281 0.019061 0.000000 1.426969 0.000090
652.611755 0.034090 0.000000 7.834652 0.000348
712.176086 0.021093 0.000000 1.855737 0.000115
798.489807 0.038003 0.000000 7.567058 0.000395
835.372253 0.021026 0.000000 1.475921 0.000109
858.746521 0.057115 0.000000 12.638621 0.000720
969.873962 0.019083 0.000000 1.994840 0.000148
1017.007324 0.014730 0.000000 0.297559 0.000017
1105.880859 0.016596 0.000000 0.462771 0.000083
1169.289429 0.034431 0.000000 6.248628 0.000498
1237.468872 0.047514 0.000000 5.355207 0.000499
1256.288086 0.022985 0.000000 1.031016 0.000096
1278.478882 0.030651 0.000000 2.471551 0.000271
1325.262085 0.056842 0.000000 5.213161 0.000563
1371.238281 0.034841 0.000000 1.622673 0.000240
1511.784668 0.015625 0.000000 0.345170 0.000019
1562.989746 0.030359 0.000000 0.615687 0.000192
1613.175903 0.052166 0.000000 0.916003 0.000269
1620.845825 0.049479 0.000000 0.526837 0.000217
1649.384277 0.045706 0.000000 1.311780 0.000337
finalresult GLS_Single 1
A0235	Acetaminophen	6.029347e-001
spectrum 2048
-91.872429 0.090058
-89.247223 0.090512
-86.623901 0.091451
-84.002464 0.068323
-81.382912 0.080043
-78.765251 0.075942
-76.149467 0.073759
-73.535561 0.100710
-70.923538 0.080302
-68.313393 0.118077
-65.705109 0.080930
-63.098701 0.137243
-60.494167 0.120239
-57.891499 0.120198
-55.290691 0.125191
-52.691753 0.104394
-50.094677 0.122840
-47.499454 0.154395
-44.906090 0.131882
-42.314587 0.138428
-39.724937 0.107314
-37.137135 0.134988
-34.551178 0.132263
-31.967075 0.151328
-29.384817 0.154357
-26.804396 0.159777
-24.225826 0.152920
-21.649099 0.156017
-19.074198 0.148863
-16.501135 0.164314
-13.929913 0.038452
-11.360521 0.116137
-8.792953 0.130863
-6.227214 0.162400
-3.663308 0.184826
-1.101227 0.200885
1.459040 0.199398
4.017487 0.176979
6.574108 0.125658
9.128913 0.108580
11.681910 0.124338
14.233093 0.130058
16.782459 0.122832
19.330017 0.156061
21.875778 0.155272
24.419729 0.131024
26.961872 0.132307
29.502214 0.131847
32.040764 0.135293
34.577511 0.154938
37.112473 0.136009
39.645626 0.158119
42.176994 0.126534
44.706573 0.171361
47.234352 0.166240
49.760361 0.133018
52.284592 0.127227
54.807034 0.145426
57.327690 0.126830
59.846558 0.122737
62.363667 0.103075
64.878998 0.106092
67.392540 0.099814
69.904327 0.112107
72.414337 0.096983
74.922600 0.054731
77.429085 0.149952
79.933792 0.102739
82.436752 0.091997
84.937965 0.076961
87.437386 0.108105
89.935066 0.075365
92.431000 0.128989
94.925179 0.098829
97.417610 0.030299
99.908279 0.096998
102.397209 0.097523
104.884399 0.010748
107.369843 0.122611
109.853539 0.081509
112.335495 0.123519
114.815727 0.121049
117.294212 0.048589
119.770966 0.069452
122.245995 0.094554
124.719276 0.012790
127.190826 0.078862
129.660675 0.010638
132.128769 0.067214
134.595154 0.049728
137.059830 0.058102
139.522781 0.047721
141.984009 0.039382
144.443512 0.043844
146.901276 0.044227
149.357376 0.040027
151.811737 0.038610
154.264420 0.037211
156.715378 0.035871
159.164627 0.031597
161.612183 0.028990
164.058014 0.026041
166.502167 0.024877
168.944595 0.023729
171.385345 0.024826
173.824417 0.022025
176.261780 0.021569
178.697449 0.020693
181.131409 0.020397
183.563736 0.020435
185.994324 0.018619
188.423248 0.020675
190.850479 0.019341
193.276047 0.019747
195.699936 0.021407
198.122147 0.023348
200.542679 0.025316
202.961517 0.025867
205.378677 0.027261
207.794205 0.029233
210.208038 0.031006
212.620239 0.031962
215.030746 0.032794
217.439606 0.032010
219.846756 0.029391
222.252289 0.026754
224.656158 0.022563
227.058365 0.020757
229.458939 0.019741
231.857849 0.018846
234.255096 0.016774
236.650711 0.016977
239.044662 0.016936
241.436935 0.015506
243.827591 0.015790
246.216614 0.014029
248.604004 0.014102
250.989746 0.014712
253.373856 0.014083
255.756317 0.013570
258.137115 0.014010
260.516327 0.013799
262.893890 0.014574
265.269806 0.013881
267.644135 0.013141
270.016815 0.013855
272.387878 0.013853
274.757324 0.013000
277.125122 0.013684
279.491302 0.012273
281.855896 0.013632
284.218842 0.013746
286.580170 0.012913
288.939911 0.014148
291.298035 0.012885
293.654541 0.012341
296.009430 0.013230
298.362701 0.013406
300.714417 0.013431
303.064514 0.013409
305.413025 0.013453
307.759888 0.013710
310.105164 0.014271
312.448853 0.014164
314.790924 0.014652
317.131439 0.014442
319.470367 0.015740
321.807678 0.018602
324.143433 0.020335
326.477539 0.023167
328.810120 0.025363
331.141113 0.025212
333.470490 0.023445
335.798309 0.021483
338.124542 0.021068
340.449188 0.019328
342.772278 0.016379
345.093781 0.015959
347.413757 0.014190
349.732117 0.013631
352.048889 0.012532
354.364105 0.012137
356.677765 0.012363
358.989868 0.012650
361.300385 0.012791
363.609344 0.013518
365.916779 0.013000
368.222656 0.012656
370.526947 0.013474
372.829651 0.013354
375.130859 0.014834
377.430511 0.013881
379.728577 0.014774
382.025116 0.015209
384.320099 0.017706
386.613556 0.022069
388.905518 0.027841
391.195831 0.031456
393.484650 0.031783
395.771942 0.026855
398.057678 0.021860
400.341797 0.017905
402.624481 0.014548
404.905609 0.014757
407.185211 0.014241
409.463287 0.014751
411.739868 0.015137
414.014862 0.014374
416.288361 0.013218
418.560333 0.014076
420.830750 0.013278
423.099701 0.013191
425.367096 0.011773
427.632965 0.011834
429.897369 0.011908
432.160217 0.012316
434.421478 0.011483
436.681335 0.011993
438.939636 0.012532
441.196442 0.012656
443.451721 0.013520
445.705536 0.012821
447.957855 0.012567
450.208649 0.012014
452.457916 0.014375
454.705719 0.015003
456.951996 0.015209
459.196777 0.015604
461.440094 0.016999
463.681885 0.018960
465.922180 0.019604
468.161011 0.018591
470.398315 0.017056
472.634125 0.016581
474.868469 0.013672
477.101349 0.013538
479.332703 0.013848
481.562592 0.012058
483.791016 0.013366
486.017975 0.013087
488.243439 0.013104
490.467407 0.012573
492.689911 0.012531
494.910950 0.012405
497.130524 0.013587
499.348602 0.014093
501.565216 0.016611
503.780365 0.018326
505.994049 0.019056
508.206268 0.018426
510.416992 0.015274
512.626282 0.014011
514.834106 0.012013
517.040527 0.012713
519.245483 0.012328
521.448914 0.012702
523.650879 0.011777
525.851440 0.012465
528.050537 0.012037
530.248291 0.012096
532.444397 0.012164
534.639160 0.012530
536.832458 0.012033
539.024353 0.012218
541.214783 0.012242
543.403687 0.012175
545.591248 0.012591
547.777344 0.011973
549.961914 0.012725
552.145203 0.011816
554.326965 0.012283
556.507324 0.011460
558.686218 0.012576
560.863708 0.011390
563.039734 0.012072
565.214355 0.012046
567.387573 0.011693
569.559448 0.012254
571.729736 0.012789
573.898682 0.012195
576.066101 0.012915
578.232178 0.012682
580.396851 0.011926
582.560120 0.011311
584.721985 0.011877
586.882385 0.013152
589.041321 0.013031
591.198975 0.012908
593.355164 0.013054
595.509888 0.013107
597.663269 0.013875
599.815247 0.014211
601.965820 0.015106
604.114929 0.017431
606.262695 0.016572
608.409058 0.015540
610.553955 0.015207
612.697449 0.014552
614.839600 0.013465
616.980408 0.013277
619.119690 0.013905
621.257751 0.014510
623.394348 0.016678
625.529419 0.018200
627.663330 0.018893
629.795715 0.018793
631.926697 0.018579
634.056396 0.015956
636.184509 0.015699
638.311523 0.014958
640.436951 0.016018
642.561157 0.015653
644.683716 0.017603
646.805115 0.022787
648.925049 0.028007
651.043640 0.033461
653.160889 0.036080
655.276733 0.030763
657.391235 0.024705
659.504395 0.018394
661.616028 0.017106
663.726440 0.015120
665.835510 0.015056
667.943176 0.013795
670.049438 0.013659
672.154297 0.014478
674.257874 0.013889
676.360168 0.013647
678.460938 0.014940
680.560364 0.014549
682.658508 0.014911
684.755249 0.015008
686.850708 0.015546
688.944885 0.015950
691.037476 0.016162
693.128906 0.015396
695.218994 0.014524
697.307617 0.015198
699.394958 0.015634
701.481018 0.015607
703.565613 0.015298
705.648926 0.016292
707.730835 0.018240
709.811523 0.020995
711.890747 0.021240
713.968628 0.021038
716.045288 0.018279
718.120605 0.017549
720.194519 0.015097
722.267212 0.014480
724.338440 0.014022
726.408386 0.015600
728.477051 0.014643
730.544373 0.015424
732.610352 0.014959
734.675049 0.014491
736.738281 0.014531
738.800293 0.014305
740.861023 0.013530
742.920349 0.014439
744.978455 0.013984
747.035095 0.013561
749.090515 0.014366
751.144653 0.013284
753.197449 0.013238
755.248962 0.013166
757.299072 0.013041
759.347961 0.013310
761.395508 0.013153
763.441711 0.011631
765.486694 0.012943
767.530334 0.013358
769.572632 0.012602
771.613708 0.012621
773.653381 0.012177
775.691833 0.012956
777.728882 0.013641
779.764648 0.013427
781.799194 0.013117
783.832458 0.013765
785.864380 0.014492
787.895020 0.016041
789.924377 0.018725
791.952515 0.022096
793.979248 0.028390
796.004761 0.035048
798.028931 0.039138
800.051819 0.037540
802.073425 0.032334
804.093811 0.025581
806.112854 0.021020
808.130615 0.019270
810.147156 0.017626
812.162415 0.016639
814.176331 0.015400
816.188904 0.015306
818.200317 0.016319
820.210388 0.016703
822.219360 0.017131
824.226807 0.016940
826.233215 0.016956
828.238220 0.017038
830.241882 0.018417
832.244446 0.019303
834.245544 0.021307
836.245605 0.020854
838.244202 0.020465
840.241699 0.018038
842.237854 0.016002
844.232849 0.016363
846.226440 0.016771
848.218811 0.018430
850.209961 0.022175
852.199890 0.028377
854.188416 0.039068
856.175842 0.051161
858.161865 0.058061
860.146790 0.057964
862.130371 0.048093
864.112732 0.035819
866.093872 0.027620
868.073669 0.019725
870.052368 0.016910
872.029663 0.014908
874.005859 0.013994
875.980713 0.013143
877.954407 0.013085
879.926758 0.014131
881.897949 0.013478
883.867798 0.012447
885.836609 0.012959
887.803955 0.011358
889.770203 0.012465
891.735168 0.011790
893.698853 0.012766
895.661438 0.012431
897.622681 0.011432
899.582764 0.012482
901.541504 0.012512
903.499146 0.012294
905.455505 0.012078
907.410767 0.012741
909.364624 0.012550
911.317383 0.011387
913.268738 0.011674
915.219055 0.012559
917.168030 0.011817
919.115906 0.012236
921.062439 0.012180
923.007751 0.011401
924.951965 0.011475
926.894958 0.011321
928.836731 0.011833
930.777100 0.011920
932.716431 0.012208
934.654480 0.011001
936.591492 0.012868
938.527100 0.011591
940.461609 0.011458
942.394775 0.011216
944.326965 0.012564
946.257751 0.012569
948.187439 0.012789
950.115845 0.012761
952.043152 0.011543
953.968994 0.012020
955.893860 0.011655
957.817566 0.012692
959.739929 0.011721
961.661316 0.012071
963.581299 0.013680
965.500122 0.015602
967.417786 0.017859
969.334351 0.019263
971.249512 0.019395
973.163696 0.017292
975.076538 0.014927
976.988281 0.013109
978.898743 0.012934
980.808167 0.012501
982.716248 0.012382
984.623169 0.011751
986.528992 0.012127
988.433533 0.012015
990.337097 0.011709
992.239258 0.011335
994.140320 0.012878
996.040161 0.012775
997.938965 0.012435
999.836426 0.012428
1001.732910 0.012960
1003.627869 0.012507
1005.522034 0.012354
1007.414795 0.012915
1009.306519 0.014268
1011.197021 0.014437
1013.086243 0.014076
1014.974487 0.014614
1016.861389 0.014784
1018.747314 0.014303
1020.631775 0.014421
1022.515381 0.014872
1024.397705 0.013620
1026.278931 0.013052
1028.158813 0.012706
1030.037720 0.013500
1031.915405 0.013561
1033.791992 0.013069
1035.667358 0.011228
1037.541504 0.011653
1039.414429 0.012576
1041.286377 0.012586
1043.157104 0.012407
1045.026611 0.013139
1046.895264 0.011939
1048.762329 0.011001
1050.628662 0.011988
1052.493530 0.011921
1054.357422 0.011720
1056.220093 0.011042
1058.081665 0.011819
1059.942017 0.011351
1061.801270 0.011993
1063.659302 0.012446
1065.516357 0.011684
1067.372192 0.010841
1069.226929 0.011025
1071.080200 0.010696
1072.932739 0.010956
1074.784058 0.011386
1076.634155 0.010547
1078.483154 0.012631
1080.331055 0.010410
1082.177734 0.010904
1084.023315 0.011037
1085.867798 0.010942
1087.711060 0.011496
1089.553223 0.010684
1091.394409 0.011041
1093.234253 0.011867
1095.073242 0.012514
1096.910889 0.012657
1098.747314 0.012913
1100.582886 0.014633
1102.416992 0.014996
1104.250244 0.016364
1106.082275 0.016883
1107.913086 0.015950
1109.742920 0.015938
1111.571655 0.013582
1113.399292 0.013032
1115.225708 0.011852
1117.051025 0.012442
1118.875244 0.012572
1120.698364 0.012168
1122.520264 0.011107
1124.341431 0.012845
1126.161011 0.012539
1127.979736 0.012496
1129.797241 0.012261
1131.613647 0.011720
1133.428955 0.011248
1135.243164 0.011238
1137.056274 0.011945
1138.868408 0.010573
1140.679321 0.012509
1142.489014 0.010788
1144.297729 0.010907
1146.105225 0.010987
1147.911987 0.011233
1149.717285 0.011780
1151.521484 0.012568
1153.324585 0.011629
1155.126709 0.012013
1156.927734 0.012498
1158.727661 0.011748
1160.526367 0.014759
1162.323975 0.015166
1164.120728 0.021646
1165.916138 0.027833
1167.710571 0.032577
1169.503906 0.036016
1171.296143 0.032649
1173.087280 0.025898
1174.877441 0.019397
1176.666260 0.016256
1178.454224 0.013472
1180.240845 0.012240
1182.026611 0.012671
1183.811279 0.012752
1185.594849 0.012556
1187.377319 0.012607
1189.158569 0.012172
1190.938843 0.012038
1192.718018 0.012160
1194.496094 0.012908
1196.273315 0.012249
1198.049194 0.012812
1199.823853 0.011416
1201.597900 0.012004
1203.370605 0.012416
1205.142212 0.012973
1206.912842 0.012084
1208.682495 0.013596
1210.450806 0.014286
1212.218262 0.014280
1213.984497 0.016902
1215.749756 0.016052
1217.513916 0.016726
1219.276855 0.018742
1221.038940 0.020081
1222.799805 0.021700
1224.559814 0.022548
1226.318726 0.023281
1228.076294 0.025126
1229.833130 0.027526
1231.588745 0.030791
1233.343262 0.038363
1235.096802 0.044083
1236.849243 0.048100
1238.600708 0.047059
1240.350830 0.043343
1242.100220 0.036647
1243.848389 0.028757
1245.595581 0.024364
1247.341553 0.021039
1249.086670 0.020083
1250.830566 0.021411
1252.573486 0.019972
1254.315430 0.022571
1256.056274 0.022091
1257.796021 0.023433
1259.534790 0.023407
1261.272461 0.020873
1263.009033 0.017207
1264.744629 0.016460
1266.479248 0.016285
1268.212646 0.017583
1269.945068 0.017803
1271.676636 0.020087
1273.406738 0.023306
1275.136108 0.028142
1276.864502 0.030051
1278.591553 0.030942
1280.317871 0.028538
1282.042847 0.027900
1283.767090 0.023018
1285.489990 0.020369
1287.212158 0.018053
1288.933105 0.016252
1290.653198 0.015886
1292.372070 0.013448
1294.089966 0.015075
1295.806763 0.013651
1297.522583 0.014979
1299.237183 0.013740
1300.951050 0.014977
1302.663696 0.015409
1304.375366 0.013798
1306.086182 0.015168
1307.795776 0.016958
1309.504395 0.016052
1311.211914 0.017613
1312.918457 0.018669
1314.623901 0.022159
1316.328491 0.026787
1318.031860 0.032575
1319.734375 0.039955
1321.435791 0.047659
1323.136230 0.055449
1324.835449 0.055814
1326.533936 0.056325
1328.231323 0.052008
1329.927490 0.044447
1331.622803 0.038637
1333.317017 0.033914
1335.010376 0.030905
1336.702637 0.025107
1338.393799 0.022533
1340.083984 0.020177
1341.773315 0.018668
1343.461426 0.019896
1345.148682 0.018577
1346.834717 0.016152
1348.519897 0.017679
1350.203857 0.016591
1351.887085 0.017275
1353.569092 0.017257
1355.250244 0.019116
1356.930542 0.018629
1358.609619 0.019986
1360.287598 0.021057
1361.964600 0.021630
1363.640869 0.023707
1365.315918 0.027011
1366.989746 0.028997
1368.662964 0.034423
1370.335083 0.034265
1372.005981 0.034898
1373.676270 0.033405
1375.345215 0.030712
1377.013184 0.029907
1378.680176 0.028124
1380.346558 0.023226
1382.011475 0.021678
1383.675537 0.020313
1385.338623 0.018986
1387.000488 0.018414
1388.661743 0.017459
1390.321899 0.017354
1391.980835 0.016294
1393.639038 0.015283
1395.296143 0.015023
1396.952148 0.015509
1398.607300 0.014260
1400.261475 0.014116
1401.914795 0.014911
1403.566650 0.015008
1405.218018 0.014035
1406.868042 0.014140
1408.517456 0.014043
1410.165527 0.014015
1411.812622 0.013855
1413.459106 0.014084
1415.104248 0.013601
1416.748657 0.015085
1418.391724 0.015040
1420.034180 0.013757
1421.675537 0.015253
1423.315796 0.014619
1424.955078 0.014615
1426.593506 0.015391
1428.230835 0.015466
1429.867310 0.015529
1431.502808 0.015720
1433.137207 0.017012
1434.770752 0.016628
1436.403198 0.015779
1438.034790 0.015867
1439.665527 0.018697
1441.295166 0.015980
1442.923584 0.017075
1444.551270 0.014967
1446.177979 0.015048
1447.803711 0.017439
1449.428345 0.017227
1451.052246 0.015811
1452.674927 0.014688
1454.296875 0.014684
1455.917725 0.015613
1457.537598 0.013644
1459.156494 0.014510
1460.774414 0.015240
1462.391357 0.014171
1464.007568 0.012566
1465.622681 0.012387
1467.236694 0.013042
1468.849976 0.012860
1470.462036 0.013119
1472.073242 0.012691
1473.683594 0.011690
1475.293091 0.013045
1476.901123 0.012023
1478.508667 0.011457
1480.115112 0.012616
1481.720581 0.011949
1483.325073 0.011652
1484.928711 0.011866
1486.531006 0.012875
1488.132813 0.011481
1489.733643 0.012423
1491.333252 0.011401
1492.932007 0.011555
1494.530029 0.011862
1496.126709 0.012174
1497.722656 0.011172
1499.317749 0.014042
1500.911621 0.013394
1502.504883 0.012969
1504.096924 0.014767
1505.687988 0.015996
1507.278320 0.014316
1508.867554 0.015405
1510.455933 0.015840
1512.043457 0.014331
1513.629761 0.014782
1515.215210 0.016967
1516.799927 0.016320
1518.383667 0.013526
1519.966064 0.015694
1521.547852 0.013106
1523.128784 0.012935
1524.708740 0.013834
1526.287476 0.012599
1527.865356 0.011503
1529.442627 0.012549
1531.018555 0.012056
1532.593628 0.011562
1534.167969 0.011899
1535.741211 0.012742
1537.313843 0.012199
1538.884888 0.011989
1540.455322 0.011951
1542.025024 0.013595
1543.593628 0.013348
1545.161377 0.013442
1546.728149 0.013952
1548.293823 0.015405
1549.858521 0.017419
1551.422607 0.018453
1552.985718 0.019266
1554.547852 0.021235
1556.108887 0.023174
1557.669189 0.025407
1559.228394 0.027616
1560.786987 0.029874
1562.344360 0.029760
1563.900879 0.029578
1565.456421 0.030083
1567.010986 0.027327
1568.564819 0.024144
1570.117676 0.020919
1571.669556 0.020307
1573.220581 0.018504
1574.770508 0.017815
1576.319580 0.016412
1577.868042 0.015252
1579.415039 0.016368
1580.961548 0.016021
1582.507080 0.014286
1584.051758 0.013803
1585.594971 0.014570
1587.137817 0.014483
1588.679565 0.014375
1590.220459 0.014481
1591.760254 0.015774
1593.299438 0.018721
1594.837402 0.017342
1596.374512 0.019031
1597.910889 0.018104
1599.446289 0.020954
1600.980835 0.023912
1602.514160 0.027796
1604.046875 0.031186
1605.578735 0.037102
1607.109497 0.041661
1608.639282 0.047560
1610.168335 0.050300
1611.696411 0.050423
1613.223389 0.052228
1614.749878 0.051647
1616.275146 0.049655
1617.799683 0.048597
1619.322876 0.047720
1620.845825 0.044524
1622.367554 0.041893
1623.888306 0.036649
1625.408081 0.031304
1626.927368 0.027337
1628.445313 0.022271
1629.962646 0.020296
1631.478760 0.021559
1632.994263 0.020177
1634.508911 0.022407
1636.022339 0.020853
1637.535034 0.023052
1639.046875 0.026274
1640.557861 0.026654
1642.067871 0.030831
1643.576782 0.034843
1645.085083 0.038661
1646.592407 0.043219
1648.098755 0.044825
1649.604126 0.046473
1651.109009 0.044630
1652.612793 0.041985
1654.115601 0.041359
1655.617432 0.035187
1657.118652 0.034369
1658.618896 0.031718
1660.118042 0.028873
1661.616333 0.024246
1663.113892 0.020491
1664.610352 0.017644
1666.106079 0.016575
1667.600830 0.015249
1669.094849 0.014350
1670.587891 0.014181
1672.079956 0.013124
1673.571411 0.011052
1675.061646 0.011819
1676.551147 0.013085
1678.039795 0.010446
1679.527466 0.011112
1681.014526 0.010673
1682.500244 0.010968
1683.985352 0.010517
1685.469727 0.011422
1686.952637 0.011031
1688.435181 0.010638
1689.916626 0.010776
1691.397339 0.010231
1692.877075 0.010368
1694.356079 0.010440
1695.833984 0.012353
1697.311279 0.009918
1698.787231 0.009934
1700.262817 0.011272
1701.737183 0.009683
1703.210938 0.011678
1704.683594 0.009885
1706.155640 0.009342
1707.626587 0.009109
1709.096436 0.008653
1710.565796 0.010706
1712.034302 0.011135
1713.501709 0.011023
1714.968384 0.008117
1716.433838 0.010873
1717.898926 0.009789
1719.362915 0.008380
1720.826050 0.009097
1722.288208 0.008399
1723.749756 0.007976
1725.210327 0.010542
1726.669678 0.009539
1728.128662 0.009583
1729.586548 0.011004
1731.043701 0.010075
1732.499634 0.010469
1733.954956 0.010610
1735.409546 0.009710
1736.862915 0.009406
1738.315674 0.009241
1739.767578 0.010320
1741.218506 0.009984
1742.668457 0.010188
1744.117920 0.008489
1745.566162 0.009813
1747.013916 0.010154
1748.460327 0.009622
1749.906250 0.010466
1751.351196 0.007281
1752.795288 0.007246
1754.238403 0.009460
1755.680664 0.009786
1757.122192 0.010825
1758.562866 0.009015
1760.002563 0.009237
1761.441528 0.009235
1762.879639 0.009524
1764.316772 0.008715
1765.753174 0.008826
1767.188721 0.008397
1768.623291 0.008761
1770.057007 0.010049
1771.489868 0.007250
1772.922119 0.009408
1774.353394 0.008706
1775.783447 0.008602
1777.213013 0.008861
1778.641968 0.009329
1780.069580 0.008676
1781.496338 0.008683
1782.922607 0.010304
1784.348022 0.009502
1785.772095 0.007949
1787.195801 0.008842
1788.618530 0.008395
1790.040405 0.010045
1791.461304 0.008469
1792.881592 0.008098
1794.300903 0.009810
1795.719360 0.007441
1797.136841 0.011484
1798.553711 0.007268
1799.969604 0.008754
1801.384521 0.009214
1802.798828 0.009179
1804.212280 0.009611
1805.625000 0.008009
1807.036499 0.007955
1808.447388 0.008391
1809.857422 0.009033
1811.266724 0.008597
1812.674683 0.008223
1814.082397 0.008342
1815.489136 0.008221
1816.894775 0.009325
1818.299683 0.010343
1819.703735 0.009353
1821.107178 0.007801
1822.509521 0.007715
1823.911255 0.008286
1825.312134 0.008004
1826.712036 0.005515
1828.110962 0.008709
1829.509277 0.010520
1830.906616 0.008164
1832.303345 0.009111
1833.698975 0.007548
1835.093994 0.008870
1836.488159 0.007923
1837.881348 0.007343
1839.273682 0.008021
1840.665405 0.009126
1842.056152 0.007324
1843.446167 0.008098
1844.834961 0.008389
1846.223389 0.008680
1847.610962 0.008736
1848.997314 0.006674
1850.383057 0.009446
1851.768188 0.009117
1853.152222 0.008046
1854.535400 0.009089
1855.918091 0.009303
1857.299438 0.008863
1858.680420 0.009179
1860.060181 0.006808
1861.439453 0.009471
1862.817871 0.009897
1864.195435 0.010057
1865.572021 0.007689
1866.947754 0.006720
1868.322754 0.007917
1869.696777 0.006275
1871.070190 0.008822
1872.442871 0.009909
1873.814575 0.007539
1875.185425 0.007551
1876.555542 0.007995
1877.924927 0.006770
1879.293457 0.008187
1880.660767 0.007580
1882.027710 0.010759
1883.393555 0.009755
1884.758911 0.009826
1886.123169 0.010009
1887.486572 0.009157
1888.849365 0.008549
1890.211182 0.007385
1891.572388 0.010282
1892.932617 0.008443
1894.291992 0.008572
1895.650513 0.006809
1897.008301 0.009349
1898.365356 0.006749
1899.721680 0.009668
1901.076904 0.007861
1902.431396 0.008113
1903.785278 0.010055
1905.138306 0.008629
1906.490112 0.006666
1907.841431 0.008383
1909.192139 0.007812
1910.541748 0.008012
1911.890381 0.008244
1913.238647 0.006698
1914.585815 0.008278
1915.932129 0.009907
1917.277710 0.007975
1918.622681 0.007763
1919.966797 0.006545
1921.309814 0.007755
1922.652222 0.007751
1923.993774 0.009173
1925.334839 0.006406
1926.674561 0.009841
1928.013794 0.007107
1929.352173 0.007158
1930.689819 0.009400
1932.026367 0.007062
1933.362183 0.007924
1934.697388 0.007176
1936.031616 0.008460
1937.365234 0.007852
1938.697876 0.007287
1940.030029 0.005223
1941.361084 0.006999
1942.691528 0.006800
1944.020996 0.009484
1945.349854 0.006747
1946.677368 0.008876
1948.004517 0.008887
1949.331055 0.008400
1950.656494 0.007314
1951.981079 0.006841
1953.305176 0.007902
1954.628174 0.007353
1955.950439 0.007941
1957.272095 0.007997
1958.592529 0.005830
1959.912720 0.007449
1961.231689 0.005284
1962.550171 0.005273
1963.867798 0.008719
1965.184692 0.007620
1966.500488 0.008436
1967.815552 0.008275
1969.130005 0.008786
1970.443604 0.007306
1971.755981 0.006722
1973.068359 0.006029
1974.379517 0.008314
1975.689819 0.006884
1976.999390 0.007517
1978.308350 0.006794
1979.616455 0.007373
1980.923462 0.009570
1982.229858 0.008555
1983.535767 0.006598
1984.840698 0.008304
1986.144531 0.009790
1987.447998 0.008100
1988.750488 0.005262
1990.052246 0.007816
1991.353149 0.006557
1992.653198 0.006440
1993.952515 0.008294
1995.250977 0.008682
1996.548950 0.004352
1997.846069 0.008542
1999.142212 0.007245
2000.437500 0.007498
2001.732178 0.006457
2003.026123 0.008226
2004.319214 0.008942
2005.611572 0.007084
2006.903076 0.007076
2008.193726 0.006666
2009.483765 0.006649
2010.772827 0.007609
2012.061279 0.008859
2013.348877 0.005383
2014.635864 0.007117
2015.921631 0.009657
2017.207153 0.007223
2018.491821 0.007897
2019.775146 0.008918
2021.058105 0.006736
2022.340454 0.006048
2023.621582 0.007502
2024.902222 0.007128
2026.182007 0.007531
2027.461304 0.007011
2028.739502 0.006630
2030.016968 0.004295
2031.293701 0.008487
2032.569702 0.007073
2033.844849 0.006978
2035.119263 0.008622
2036.392822 0.009513
2037.665771 0.005738
2038.937622 0.009224
2040.209106 0.006494
2041.479614 0.008579
2042.749634 0.006396
2044.018311 0.008482
2045.286621 0.006529
2046.554199 0.008108
2047.820679 0.007605
2049.086426 0.007730
2050.351563 0.005773
2051.616211 0.005131
2052.879883 0.006796
2054.142334 0.005922
2055.404541 0.005993
2056.665771 0.007359
2057.926270 0.007250
2059.186035 0.007403
2060.445068 0.008043
2061.703369 0.006614
2062.960693 0.009791
2064.217529 0.005743
2065.473389 0.008201
2066.728516 0.006973
2067.982910 0.008124
2069.236816 0.008661
2070.489502 0.006003
2071.741943 0.003904
2072.992920 0.006251
2074.243408 0.009450
2075.493408 0.007712
2076.742432 0.007247
2077.990723 0.008424
2079.238281 0.008350
2080.485107 0.008253
2081.730957 0.008766
2082.976318 0.005289
2084.220947 0.009200
2085.464600 0.006913
2086.707275 0.006922
2087.949463 0.007650
2089.191406 0.004368
2090.432129 0.007121
2091.671631 0.007891
2092.911133 0.005131
2094.149414 0.005826
2095.387207 0.006012
2096.624268 0.006845
2097.860107 0.004282
2099.095703 0.009432
2100.330322 0.005376
2101.564209 0.007031
2102.797607 0.006132
2104.029785 0.005605
2105.261230 0.007941
2106.492432 0.007200
2107.722656 0.008302
2108.951904 0.006909
2110.180420 0.008250
2111.408203 0.008685
2112.635498 0.007388
2113.862061 0.008183
2115.087402 0.003564
2116.312256 0.005217
2117.536377 0.008974
2118.759521 0.007046
2119.982422 0.009547
2121.204590 0.006130
2122.425781 0.007420
2123.645752 0.007388
2124.865479 0.005380
2126.084473 0.006448
2127.302979 0.004684
2128.520020 0.005542
2129.736572 0.006722
2130.952393 0.007051
2132.167725 0.006113
2133.382324 0.006982
2134.595947 0.009437
2135.808838 0.005589
2137.020996 0.006434
2138.232178 0.006587
2139.443115 0.005960
2140.653320 0.006380
2141.862305 0.005754
2143.070557 0.006076
2144.278564 0.006022
2145.485596 0.005389
2146.691650 0.006930
2147.897217 0.004961
2149.102051 0.007379
2150.306152 0.007680
2151.509033 0.007570
2152.712158 0.008667
2153.913818 0.007346
2155.114746 0.006381
2156.314941 0.007459
2157.514648 0.008736
2158.713623 0.005997
2159.911377 0.006283
2161.108887 0.004249
2162.305664 0.005047
2163.501709 0.004715
2164.696533 0.004747
2165.891113 0.008617
2167.084961 0.006675
2168.278076 0.003063
2169.470215 0.005294
2170.661621 0.006378
2171.852783 0.008094
2173.042725 0.004717
2174.231934 0.009488
2175.420410 0.005355
2176.608154 0.007950
2177.795166 0.008556
2178.981934 0.007004
2180.167480 0.004855
2181.352539 0.006162
2182.536377 0.007194
2183.720215 0.007019
2184.902832 0.008930
2186.084961 0.004782
2187.265625 0.005440
2188.446533 0.009064
2189.626709 0.006499
2190.805664 0.006838
2191.983887 0.006975
2193.161865 0.004698
2194.338623 0.007059
2195.514404 0.007391
2196.689941 0.006392
2197.864746 0.005609
2199.039063 0.007802
2200.211914 0.004607
2201.384521 0.003401
2202.556396 0.005647
2203.727783 0.006276
2204.898193 0.006989
2206.067871 0.009058
2207.237061 0.005165
2208.405029 0.007112
2209.572510 0.004879
2210.739258 0.004419
2211.905518 0.008146
2213.070557 0.005606
2214.235107 0.006101
2215.399170 0.006682
2216.562500 0.003810
2217.724854 0.004499
2218.886475 0.006712
2220.047852 0.007695
2221.208008 0.005857
2222.367676 0.005112
2223.526611 0.006436
2224.684814 0.004801
2225.842285 0.004499
2226.998779 0.003673
2228.155029 0.003234
2229.310059 0.005864
2230.464844 0.009163
2231.618408 0.004364
2232.771729 0.004691
2233.924072 0.001743
2235.075684 0.004015
2236.226807 0.007422
2237.377197 0.004677
2238.526855 0.005141
2239.675537 0.006780
2240.823975 0.006300
2241.971680 0.006057
2243.118164 0.001521
2244.263916 0.007209
2245.409668 0.004540
2246.553955 0.006980
2247.697998 0.009502
2248.841309 0.005569
2249.983643 0.004559
2251.125732 0.004277
2252.266357 0.008158
2253.407227 0.005373
2254.546631 0.006101
2255.685547 0.005504
2256.823975 0.005108
2257.961426 0.007031
2259.098145 0.006654
2260.234375 0.005010
2261.369629 0.006740
2262.504395 0.004922
2263.638428 0.008291
2264.771973 0.003359
2265.904297 0.004684
2267.036377 0.005513
2268.167725 0.010035
2269.297852 0.007842
2270.427734 0.005560
2271.557373 0.008101
2272.685303 0.003651
2273.812988 0.004961
2274.940186 0.005852
2276.066406 0.008166
2277.192139 0.006341
2278.316650 0.005223
2279.441162 0.002840
2280.564697 0.004986
2281.687500 0.006017
2282.809570 0.007817
2283.930908 0.004704
2285.051758 0.005160
2286.171387 0.005382
2287.291016 0.006107
2288.409424 0.002024
2289.527344 0.005234
2290.644775 0.002547
2291.761230 0.008217
2292.877197 0.005732
2293.992432 0.006650
2295.106689 0.001813
2296.220459 0.004377
2297.333740 0.005272
2298.446289 0.003237
2299.557373 0.005658
2300.668701 0.003700
2301.778809 0.006369
2302.888428 0.007579
2303.997314 0.001901
2305.105957 0.005579
2306.213135 0.007941
2307.320068 0.004812
2308.426270 0.003358
2309.531738 0.005698
2310.636719 0.003478
2311.740479 0.005632
2312.843994 0.006149
2313.946777 0.000452
2315.048828 0.009087
2316.150146 0.005203
2317.250732 0.006023
2318.350830 0.004276
2319.450195 0.004334
2320.548584 0.006115
2321.646484 0.005320
2322.743896 0.003919
2323.840088 0.003148
2324.936279 0.008592
2326.031494 0.006165
2327.125977 0.007524
2328.219727 0.008910
2329.312988 0.006612
2330.405273 0.000518
2331.497314 0.003789
2332.588135 0.005804
2333.678711 0.005885
2334.768555 0.004761
2335.857910 0.006131
2336.945801 0.004632
2338.033691 0.000450
2339.120605 0.007885
2340.206787 0.004517
2341.292725 0.004530
2342.377686 0.002729
2343.462158 0.005087
2344.545410 0.002731
2345.628662 0.003729
2346.710693 0.002972
2347.792236 0.005493
2348.873291 0.005378
2349.953857 0.004563
2351.033203 0.003567
2352.112305 0.005663
2353.190430 0.007468
2354.268066 0.005688
2355.344971 0.007582
2356.420898 0.006444
2357.496582 0.006367
2358.571289 0.007789
2359.645752 0.006198
2360.718994 0.007117
2361.791992 0.006716
2362.864258 0.006331
2363.936035 0.003234
2365.006592 0.005228
2366.076904 0.004764
2367.146729 0.004687
2368.215576 0.003362
2369.283447 0.006600
2370.351074 0.007273
2371.417969 0.006197
2372.484131 0.003029
2373.549561 0.002862
2374.614258 0.004437
2375.678711 0.008846
2376.742188 0.002322
2377.804932 0.003315
2378.867188 0.003794
2379.928955 0.006090
2380.989502 0.007414
2382.049805 0.003595
2383.109863 0.002595
2384.168457 0.004764
2385.226563 0.003104
2386.284424 0.001178
2387.341064 0.003530
2388.397461 0.005492
2389.452637 0.005499
2390.507813 0.006492
2391.562012 0.003974
2392.615479 0.007407
2393.668701 0.002909
2394.721191 0.006425
2395.772705 0.006298
2396.823242 0.005039
2397.873779 0.009450
2398.923584 -0.001215
2399.972412 0.003937
2401.020752 0.004133
2402.068359 0.009948
2403.115723 0.006411
2404.161865 0.004679
2405.207520 0.000265
2406.252930 0.008584
2407.297607 0.001961
2408.341064 0.003041
2409.384277 0.002339
2410.426514 0.004775
2411.468506 0.006253
2412.509521 0.006901
2413.550049 0.008640
2414.590332 0.002010
2415.629150 0.003941
2416.667480 0.004196
2417.705811 0.005522
2418.743408 0.010109
2419.779785 0.006533
2420.815430 0.005640
2421.850830 0.003233
2422.885742 0.005031
2423.919922 0.004390
2424.953125 0.006114
2425.986084 0.003288
2427.018066 0.005083
2428.049561 0.004155
2429.080566 0.004146
2430.110352 0.004822
2431.140137 0.005579
2432.168701 0.003312
2433.197021 0.003144
2434.224854 0.004844
2435.251953 0.006551
2436.277832 0.002462
2437.303711 0.003224
2438.328857 0.003865
2439.353271 0.004638
2440.376709 0.003018
2441.400146 0.008123
2442.422363 0.003683
2443.444580 0.001980
2444.465576 0.007341
2445.486328 0.007052
2446.506104 0.008347
2447.525146 0.004034
2448.543945 0.003085
2449.562256 0.008769
2450.579590 0.004291
2451.596436 0.004278
2452.612061 0.006533
2453.627930 0.004668
2454.642822 0.004454
2455.656738 0.004169
2456.670654 0.006015
2457.683838 0.006962
2458.695557 0.007037
2459.707275 0.007589
2460.718750 0.006126
2461.729004 0.008355
2462.738525 0.002229
2463.748047 0.008778
2464.756592 0.004355
2465.764648 0.010745
2466.771729 0.005486
2467.778320 0.002981
2468.784668 0.006233
2469.790039 0.005498
2470.794434 0.009622
2471.798828 0.006924
2472.802490 0.004500
2473.805420 0.004340
2474.807373 0.007007
2475.809082 0.004350
2476.810303 0.004554
2477.810547 0.005137
2478.810547 0.004961
2479.809570 0.006117
2480.808350 0.004689
2481.805908 0.004740
2482.803223 0.008433
2483.800293 0.004385
2484.796387 0.006541
2485.791504 0.003239
2486.786133 0.005024
2487.780518 0.005810
2488.773682 0.004145
2489.766602 0.004170
2490.759277 0.006063
2491.751221 0.007869
2492.742188 0.008908
2493.732666 0.001976
2494.722900 0.004326
2495.711670 0.005623
2496.700684 0.008295
2497.688965 0.003947
2498.676025 0.006409
2499.662842 0.006332
2500.649414 0.002178
2501.634521 0.006471
2502.619385 0.008405
2503.604004 0.008643
2504.587646 0.007385
2505.570801 0.004573
2506.553467 0.002742
2507.535156 0.007744
2508.517090 0.002461
2509.497314 0.004296
2510.477295 0.008492
2511.457031 0.004827
2512.435791 0.007108
2513.413818 0.004669
2514.391846 0.003621
2515.368652 0.002711
2516.345459 0.005460
2517.321289 0.004966
2518.296143 0.008662
2519.271240 0.004661
2520.245117 0.004260
2521.218262 0.007073
2522.191162 0.001718
2523.163574 0.008956
2524.135010 0.007791
2525.106201 0.002592
2526.076416 -0.003051
2527.046631 0.006148
2528.015625 0.005301
2528.984131 0.005421
2529.952393 0.003213
2530.919678 0.007859
2531.886475 0.005875
2532.852783 0.005466
2533.818115 0.004110
2534.783691 0.005559
2535.748047 0.005095
2536.711670 0.010951
2537.675293 -0.000337
2538.637695 0.005051
2539.599609 -0.003622
2540.561279 0.003262
2541.522217 -0.000906
2542.482422 0.003867
2543.442139 -0.000800
2544.401367 0.005752
2545.359863 0.004137
2546.317627 0.004738
2547.274902 0.007324
2548.231934 0.009568
2549.187988 0.004822
2550.143066 0.005550
2551.098389 0.005930
2552.052490 0.002730
2553.006348 0.008585
2553.960205 0.000358
2554.912354 0.005013
2555.864746 0.005141
2556.815674 0.000000
2557.766602 0.015530
2558.717285 0.003968
2559.666992 0.005053
2560.615967 0.000601
2561.564697 0.011284
2562.512207 -0.000120
2563.460205 0.006848
2564.406982 0.003479
2565.353027 0.002760
2566.299072 0.003708
2567.243652 0.008388
2568.187988 0.002990
2569.131836 0.009462
2570.074951 0.007314
2571.017822 0.005943
2571.960205 0.000590
2572.902100 0.005861
2573.843262 0.007406
2574.783203 0.006935
2575.722900 0.004367
2576.662354 0.000590
2577.601074 0.007069
2578.539307 -0.000820
2579.476807 0.009160
2580.413818 0.004947
2581.350098 0.005876
2582.286133 0.006453
2583.221191 0.005405
2584.156494 0.006692
2585.090332 0.000821
2586.023926 0.003656
2586.957275 0.008715
2587.889404 0.008452
2588.820801 0.006623
2589.752686 0.011247
2590.682861 0.003566
2591.613770 -0.001785
2592.542969 0.006688
2593.472168 0.004674
2594.400879 0.005884
2595.328613 0.004463
2596.255859 0.006195
2597.182861 -0.001463
2598.108887 0.007599
2599.034180 -0.001235
2599.959473 0.000866
2600.884033 0.006752
2601.808350 0.004681
2602.731689 0.005727
2603.654541 -0.003839
2604.576904 0.005521
2605.498535 0.006184
2606.419189 0.003356
2607.340332 0.004935
2608.260254 -0.003257
2609.180420 0.007961
2610.098877 0.006551
2611.017090 -0.000393
2611.935547 0.003559
2612.852539 0.006723
2613.768799 0.010983
2614.685547 0.004767
2615.601318 -0.000933
2616.516113 0.005635
2617.430908 0.009008
2618.344971 0.007515
2619.258545 0.004718
2620.171387 0.004981
2621.082764 -0.000271
2621.995361 0.002578
2622.906494 0.004908
2623.817139 0.002462
2624.727539 0.003554
2625.636963 0.002052
2626.545654 0.003574
2627.454346 0.006469
2628.362549 0.002625
2629.270508 0.005258
2630.176758 0.003470
2631.083252 0.006128
2631.989258 0.000973
2632.894287 -0.005714
2633.798584 0.000140
2634.703369 0.005945
2635.606689 0.007379
2636.510254 0.004264
2637.412354 -0.000855
2638.314209 0.002428
2639.215820 0.005141
2640.116943 0.005891
2641.017334 0.004458
2641.917480 0.000718
2642.816406 0.007177
2643.715332 0.005610
2644.614014 0.003434
2645.511475 0.002594
2646.408936 0.009362
2647.305176 -0.001149
2648.201416 0.000717
2649.097168 -0.001292
2649.992432 0.004740
2650.886475 0.004893
2651.781006 0.002728
2652.674316 0.001143
2653.566895 -0.003142
2654.460205 0.008846
2655.351807 -0.000711
2656.243408 0.004409
2657.134033 -0.003995
2658.023926 0.010406
2658.914307 0.000143
2659.803223 0.001718
2660.691895 0.013668
2661.580811 0.008107
2662.468018 0.007602
2663.355713 -0.001285
2664.242188 0.004868
2665.127930 0.009039
2666.014404 0.002578
2666.899170 0.002585
2667.783203 0.002453
2668.667725 0.009444
2669.551270 0.006101
2670.434082 0.002051
2671.316895 -0.001181
2672.198730 0.004300
2673.080566 0.000899
2673.961670 -0.001959
2674.841553 0.002876
2675.721924 -0.002120
2676.601074 -0.001979
2677.479980 0.005482
2678.358643 0.002307
2679.236816 -0.002018
2680.114502 0.004838
2680.990967 -0.001255
2681.867188 0.004878
2682.743408 0.005812
2683.618896 0.006467
2684.493652 0.004125
2685.368408 0.005117
2686.241699 0.007851
2687.115234 0.008537
2687.988037 0.003551
2688.860107 0.002435
2689.732422 0.007171
2690.603271 0.003767
2691.474365 0.008385
2692.344727 0.002978
2693.214600 0.000498
2694.083740 0.004671
2694.952881 0.003670
2695.821045 -0.000334
2696.688721 0.008234
2697.556396 -0.000336
2698.423096 0.005235
2699.290039 0.001521
2700.155273 0.000168
2701.020264 0.009126
2701.885986 0.000338
2702.750244 0.003551
2703.613525 0.011003
2704.477539 -0.002198
2705.340332 0.007793
2706.202637 0.001186
2707.064453 0.006586
2707.925781 -0.006589
2708.787354 0.000000
2709.647217 0.001867
2710.507080 0.003397
2711.367188 0.002041
2712.226074 0.007155
2713.084229 0.005279
2713.942383 0.011275
2714.799805 0.003920
2715.657227 0.000170
2716.513672 -0.004096
2717.369385 0.001877
2718.225586 0.000681
2719.080566 0.002731
2719.934814 0.007170
2720.789307 -0.002563
2721.642822 0.000859
2722.496582 0.009611
2723.348877 0.010174
2724.201416 0.000693
2725.053223 -0.004329
2725.904541 0.004513
2726.754883 0.010814
2727.605957 0.000350
2728.455322 0.004024
2729.304443 0.000175
2730.153809 0.002798
2731.002441 0.004219
2731.850586 0.004031
2732.697998 0.007381
2733.544678 0.002832
2734.391602 -0.001414
2735.237549 0.006370
2736.083008 0.006230
2736.928467 -0.002679
2737.772949 0.007901
2738.617188 0.002532
2739.461182 0.000910
2740.304443 0.008811
2741.147705 0.000741
2741.989990 0.000749
2742.831787 0.014875
2743.673584 0.003396
2744.514160 0.006645
2745.354736 0.005913
2746.195068 -0.000574
2747.034424 0.005188
2747.874268 0.002118
2748.712646 0.002130
2749.550537 -0.000386
2750.389160 0.004259
2751.226318 0.002139
2752.062988 0.010577
2752.899658 -0.000588
2753.735596 0.006891
2754.571045 0.008285
2755.406250 0.006517
2756.240723 0.000197
2757.075195 0.002968
2757.908936 0.006765
2758.742188 0.007770
2759.574951 0.000600
2760.407471 0.010671
2761.239258 0.001413
2762.071045 -0.002633
2762.901855 0.012331
2763.732910 0.008493
2764.562744 0.002636
2765.392822 0.007735
2766.222168 0.003060
2767.050537 0.006150
2767.879150 0.007596
2768.707520 0.001241
2769.534912 0.006024
2770.361328 0.011481
2771.188721 -0.000838
2772.014648 -0.001255
2772.840576 -0.005244
2773.666260 0.002716
2774.490723 0.005239
2775.315430 0.005218
2776.139648 0.009629
2776.962891 0.007154
2777.786377 -0.002116
2778.608887 -0.009779
2779.431152 0.009986
2780.253418 -0.003596
2781.074951 0.002305
2781.896240 0.007541
2782.716797 0.001695
2783.536865 -0.002126
2784.356689 -0.001283
2785.176025 -0.000643
2785.994629 0.000000
2786.813721 0.009290
2787.631592 -0.001506
2788.449463 0.009660
2789.266602 0.002362
2790.083252 0.003426
2790.899902 0.006449
2791.715576 0.000215
2792.531250 0.004728
2793.346680 0.003656
2794.160889 0.015049
2794.975586 0.004125
2795.789795 -0.003923
2796.603027 0.000875
2797.416504 0.002409
2798.228760 0.006170
2799.040771 0.011013
2799.853027 0.010659
2800.664307 0.000222
2801.475342 0.001115
2802.286133 0.000894
2803.096191 0.003818
2803.906006 0.002474
2804.715576 -0.001351
2805.524414 0.012228
2806.333252 0.002490
2807.141602 0.000681
2807.948975 0.001137
2808.757080 -0.003661
2809.563477 0.002294
2810.370361 0.012071
2811.176758 0.008095
2811.981934 0.005173
2812.787598 -0.005694
2813.592773 0.003404
2814.397217 0.006136
2815.201416 0.010125
2816.005127 0.003935
2816.808594 -0.000232
2817.611816 0.001628
2818.414307 0.001637
2819.216553 -0.004470
2820.018311 0.003548
2820.819580 0.007091
2821.621338 0.011851
2822.421631 0.004050
2823.222412 0.005509
2824.022217 0.003620
2824.821533 0.000728
2825.620361 -0.010012
2826.419678 0.006356
2827.217773 0.006370
2828.016113 -0.007343
2828.813477 0.000495
2829.610596 -0.006474
2830.407715 0.009222
2831.204102 -0.003505
2831.999756 0.005781
2832.796143 -0.004532
2833.591553 0.011893
2834.385986 0.000508
2835.180908 0.001017
2835.975098 -0.001531
2836.769287 0.008917
2837.562500 0.006390
2838.355713 0.006394
2839.148438 0.006165
2839.940918 0.006206
2840.732422 -0.000259
2841.524170 0.005710
2842.315674 -0.002330
2843.106201 0.011381
2843.897217 -0.000779
2844.687256 -0.002590
2845.477295 0.004948
2846.266602 0.000260
2847.055420 0.010427
2847.844727 0.002352
2848.632813 -0.003418
2849.420654 0.000000
2850.208984 0.007401
2850.995605 0.008242
2851.783203 -0.000266
2852.569336 0.006919
2853.355469 0.002674
2854.141846 0.007774
2854.927246 -0.002683
2855.712158 0.012354
2856.497314 0.013947
2857.281494 -0.006185
2858.065186 0.000270
2858.849609 0.000000
2859.633057 0.009453
2860.416016 0.007610
2861.198975 -0.009800
2861.980957 -0.000547
2862.763184 0.009908
2863.544678 0.003587
2864.326172 0.010063
2865.107178 0.016031
2865.887695 -0.007908
2866.668213 -0.001706
2867.448486 0.002281
2868.228027 -0.006018
2869.007568 0.008609
2869.786377 0.016102
2870.565186 0.010393
2871.343506 0.006617
2872.121338 -0.002875
2872.898926 0.018397
2873.676270 -0.001150
2874.453369 0.008051
2875.230225 0.026354
2876.006348 0.003999
2876.782227 0.003114
2877.558350 0.009364
2878.333496 0.004532
2879.108398 0.019265
2879.883545 -0.004261
2880.657715 0.009600
2881.431641 0.009616
2882.205811 0.003674
2882.979004 0.004247
2883.752197 0.005099
2884.524658 0.003956
2885.297363 0.020150
2886.069580 -0.003389
2886.841309 0.011918
2887.612793 0.005716
2888.384766 0.000574
2889.155029 0.001732
2889.926025 0.010484
2890.696045 0.005551
2891.466064 0.005903
2892.236328 0.007705
2893.004639 0.000890
2893.773682 0.016692
2894.542725 0.019715
2895.311279 -0.002090
2896.079346 0.006844
2896.847412 -0.002690
2897.614990 0.011044
2898.382080 0.005677
2899.148926 0.011346
2899.915527 0.015218
2900.682129 0.008038
2901.447998 0.003298
2902.214111 0.005417
2902.979248 0.004525
2903.744385 0.005150
2904.509521 -0.005183
2905.274170 0.005854
2906.038086 0.002778
2906.802490 0.019597
2907.565674 0.003437
2908.328857 0.014208
2909.092773 -0.000317
2909.855225 0.012073
2910.617676 0.011134
2911.380127 0.006042
2912.142334 0.006042
2912.904297 0.011830
2913.665771 0.002890
2914.426270 -0.002574
2915.187500 -0.002573
spectrumdark 2048
-91.872429 2305.000000
-89.247223 2305.000000
-86.623901 2315.000000
-84.002464 2224.000000
-81.382912 2270.000000
-78.765251 2256.000000
-76.149467 2306.000000
-73.535561 2303.000000
-70.923538 2274.000000
-68.313393 2257.000000
-65.705109 2273.000000
-63.098701 2229.000000
-60.494167 2216.000000
-57.891499 2277.000000
-55.290691 2264.000000
-52.691753 2308.000000
-50.094677 2275.000000
-47.499454 2261.000000
-44.906090 2284.000000
-42.314587 2253.000000
-39.724937 2301.000000
-37.137135 2240.000000
-34.551178 2274.000000
-31.967075 2253.000000
-29.384817 2268.000000
-26.804396 2279.000000
-24.225826 2258.000000
-21.649099 2277.000000
-19.074198 2251.000000
-16.501135 2278.000000
-13.929913 2275.000000
-11.360521 2269.000000
-8.792953 2211.000000
-6.227214 2251.000000
-3.663308 2246.000000
-1.101227 2264.000000
1.459040 2266.000000
4.017487 2280.000000
6.574108 2251.000000
9.128913 2288.000000
11.681910 2258.000000
14.233093 2250.000000
16.782459 2277.000000
19.330017 2264.000000
21.875778 2249.000000
24.419729 2306.000000
26.961872 2246.000000
29.502214 2363.000000
32.040764 2309.000000
34.577511 2264.000000
37.112473 2250.000000
39.645626 2285.000000
42.176994 2279.000000
44.706573 2255.000000
47.234352 2237.000000
49.760361 2258.000000
52.284592 2298.000000
54.807034 2272.000000
57.327690 2247.000000
59.846558 2266.000000
62.363667 2290.000000
64.878998 2305.000000
67.392540 2280.000000
69.904327 2271.000000
72.414337 2269.000000
74.922600 2296.000000
77.429085 2243.000000
79.933792 2290.000000
82.436752 2222.000000
84.937965 2272.000000
87.437386 2274.000000
89.935066 2254.000000
92.431000 2277.000000
94.925179 2281.000000
97.417610 2236.000000
99.908279 2257.000000
102.397209 2274.000000
104.884399 2299.000000
107.369843 2222.000000
109.853539 2261.000000
112.335495 2231.000000
114.815727 2246.000000
117.294212 2279.000000
119.770966 2284.000000
122.245995 2274.000000
124.719276 2291.000000
127.190826 2277.000000
129.660675 2308.000000
132.128769 2250.000000
134.595154 2262.000000
137.059830 2294.000000
139.522781 2259.000000
141.984009 2258.000000
144.443512 2250.000000
146.901276 2233.000000
149.357376 2286.000000
151.811737 2294.000000
154.264420 2244.000000
156.715378 2269.000000
159.164627 2288.000000
161.612183 2281.000000
164.058014 2285.000000
166.502167 2261.000000
168.944595 2279.000000
171.385345 2262.000000
173.824417 2284.000000
176.261780 2271.000000
178.697449 2287.000000
181.131409 2274.000000
183.563736 2277.000000
185.994324 2282.000000
188.423248 2259.000000
190.850479 2299.000000
193.276047 2302.000000
195.699936 2259.000000
198.122147 2241.000000
200.542679 2251.000000
202.961517 2279.000000
205.378677 2233.000000
207.794205 2264.000000
210.208038 2267.000000
212.620239 2251.000000
215.030746 2298.000000
217.439606 2276.000000
219.846756 2221.000000
222.252289 2247.000000
224.656158 2279.000000
227.058365 2286.000000
229.458939 2282.000000
231.857849 2295.000000
234.255096 2240.000000
236.650711 2331.000000
239.044662 2302.000000
241.436935 2316.000000
243.827591 2306.000000
246.216614 2334.000000
248.604004 2243.000000
250.989746 2269.000000
253.373856 2282.000000
255.756317 2312.000000
258.137115 2314.000000
260.516327 2287.000000
262.893890 2247.000000
265.269806 2221.000000
267.644135 2285.000000
270.016815 2296.000000
272.387878 2242.000000
274.757324 2339.000000
277.125122 2274.000000
279.491302 2275.000000
281.855896 2218.000000
284.218842 2293.000000
286.580170 2291.000000
288.939911 2262.000000
291.298035 2290.000000
293.654541 2373.000000
296.009430 2271.000000
298.362701 2314.000000
300.714417 2317.000000
303.064514 2269.000000
305.413025 2246.000000
307.759888 2310.000000
310.105164 2272.000000
312.448853 2290.000000
314.790924 2292.000000
317.131439 2268.000000
319.470367 2281.000000
321.807678 2253.000000
324.143433 2237.000000
326.477539 2300.000000
328.810120 2253.000000
331.141113 2247.000000
333.470490 2303.000000
335.798309 2303.000000
338.124542 2262.000000
340.449188 2271.000000
342.772278 2280.000000
345.093781 2307.000000
347.413757 2243.000000
349.732117 2244.000000
352.048889 2332.000000
354.364105 2348.000000
356.677765 2292.000000
358.989868 2247.000000
361.300385 2269.000000
363.609344 2276.000000
365.916779 2293.000000
368.222656 2313.000000
370.526947 2344.000000
372.829651 2267.000000
375.130859 2237.000000
377.430511 2307.000000
379.728577 2248.000000
382.025116 2260.000000
384.320099 2231.000000
386.613556 2311.000000
388.905518 2231.000000
391.195831 2258.000000
393.484650 2292.000000
395.771942 2279.000000
398.057678 2271.000000
400.341797 2302.000000
402.624481 2340.000000
404.905609 2270.000000
407.185211 2364.000000
409.463287 2302.000000
411.739868 2332.000000
414.014862 2462.000000
416.288361 2585.000000
418.560333 2517.000000
420.830750 2476.000000
423.099701 2310.000000
425.367096 2246.000000
427.632965 2242.000000
429.897369 2307.000000
432.160217 2297.000000
434.421478 2261.000000
436.681335 2257.000000
438.939636 2225.000000
441.196442 2232.000000
443.451721 2214.000000
445.705536 2256.000000
447.957855 2216.000000
450.208649 2284.000000
452.457916 2229.000000
454.705719 2221.000000
456.951996 2284.000000
459.196777 2269.000000
461.440094 2257.000000
463.681885 2238.000000
465.922180 2211.000000
468.161011 2301.000000
470.398315 2222.000000
472.634125 2242.000000
474.868469 2276.000000
477.101349 2292.000000
479.332703 2282.000000
481.562592 2292.000000
483.791016 2288.000000
486.017975 2269.000000
488.243439 2285.000000
490.467407 2293.000000
492.689911 2292.000000
494.910950 2258.000000
497.130524 2295.000000
499.348602 2280.000000
501.565216 2328.000000
503.780365 2241.000000
505.994049 2230.000000
508.206268 2291.000000
510.416992 2264.000000
512.626282 2304.000000
514.834106 2294.000000
517.040527 2269.000000
519.245483 2292.000000
521.448914 2297.000000
523.650879 2286.000000
525.851440 2292.000000
528.050537 2315.000000
530.248291 2268.000000
532.444397 2322.000000
534.639160 2325.000000
536.832458 2286.000000
539.024353 2268.000000
541.214783 2264.000000
543.403687 2253.000000
545.591248 2251.000000
547.777344 2198.000000
549.961914 2229.000000
552.145203 2218.000000
554.326965 2228.000000
556.507324 2219.000000
558.686218 2245.000000
560.863708 2280.000000
563.039734 2274.000000
565.214355 2249.000000
567.387573 2326.000000
569.559448 2274.000000
571.729736 2276.000000
573.898682 2268.000000
576.066101 2291.000000
578.232178 2280.000000
580.396851 2294.000000
582.560120 2290.000000
584.721985 2262.000000
586.882385 2278.000000
589.041321 2273.000000
591.198975 2238.000000
593.355164 2212.000000
595.509888 2209.000000
597.663269 2309.000000
599.815247 2271.000000
601.965820 2273.000000
604.114929 2242.000000
606.262695 2287.000000
608.409058 2283.000000
610.553955 2271.000000
612.697449 2274.000000
614.839600 2261.000000
616.980408 2283.000000
619.119690 2239.000000
621.257751 2247.000000
623.394348 2265.000000
625.529419 2311.000000
627.663330 2311.000000
629.795715 2286.000000
631.926697 2367.000000
634.056396 2307.000000
636.184509 2266.000000
638.311523 2351.000000
640.436951 2301.000000
642.561157 2343.000000
644.683716 2251.000000
646.805115 2245.000000
648.925049 2260.000000
651.043640 2226.000000
653.160889 2260.000000
655.276733 2291.000000
657.391235 2262.000000
659.504395 2265.000000
661.616028 2286.000000
663.726440 2253.000000
665.835510 2267.000000
667.943176 2285.000000
670.049438 2286.000000
672.154297 2222.000000
674.257874 2266.000000
676.360168 2263.000000
678.460938 2227.000000
680.560364 2301.000000
682.658508 2273.000000
684.755249 2264.000000
686.850708 2274.000000
688.944885 2351.000000
691.037476 2279.000000
693.128906 2335.000000
695.218994 2318.000000
697.307617 2328.000000
699.394958 2204.000000
701.481018 2288.000000
703.565613 2300.000000
705.648926 2234.000000
707.730835 2277.000000
709.811523 2220.000000
711.890747 2277.000000
713.968628 2269.000000
716.045288 2277.000000
718.120605 2246.000000
720.194519 2278.000000
722.267212 2291.000000
724.338440 2242.000000
726.408386 2218.000000
728.477051 2224.000000
730.544373 2277.000000
732.610352 2251.000000
734.675049 2265.000000
736.738281 2273.000000
738.800293 2269.000000
740.861023 2292.000000
742.920349 2268.000000
744.978455 2282.000000
747.035095 2208.000000
749.090515 2238.000000
751.144653 2236.000000
753.197449 2306.000000
755.248962 2272.000000
757.299072 2216.000000
759.347961 2241.000000
761.395508 2250.000000
763.441711 2321.000000
765.486694 2246.000000
767.530334 2333.000000
769.572632 2215.000000
771.613708 2238.000000
773.653381 2262.000000
775.691833 2281.000000
777.728882 2270.000000
779.764648 2272.000000
781.799194 2202.000000
783.832458 2229.000000
785.864380 2267.000000
787.895020 2201.000000
789.924377 2210.000000
791.952515 2269.000000
793.979248 2287.000000
796.004761 2270.000000
798.028931 2255.000000
800.051819 2269.000000
802.073425 2284.000000
804.093811 2291.000000
806.112854 2309.000000
808.130615 2262.000000
810.147156 2188.000000
812.162415 2237.000000
814.176331 2271.000000
816.188904 2272.000000
818.200317 2222.000000
820.210388 2230.000000
822.219360 2296.000000
824.226807 2266.000000
826.233215 2305.000000
828.238220 2232.000000
830.241882 2216.000000
832.244446 2241.000000
834.245544 2213.000000
836.245605 2215.000000
838.244202 2228.000000
840.241699 2213.000000
842.237854 2274.000000
844.232849 2203.000000
846.226440 2239.000000
848.218811 2257.000000
850.209961 2276.000000
852.199890 2233.000000
854.188416 2218.000000
856.175842 2227.000000
858.161865 2271.000000
860.146790 2220.000000
862.130371 2232.000000
864.112732 2266.000000
866.093872 2226.000000
868.073669 2260.000000
870.052368 2190.000000
872.029663 2304.000000
874.005859 2208.000000
875.980713 2229.000000
877.954407 2222.000000
879.926758 2186.000000
881.897949 2238.000000
883.867798 2249.000000
885.836609 2255.000000
887.803955 2252.000000
889.770203 2226.000000
891.735168 2269.000000
893.698853 2287.000000
895.661438 2275.000000
897.622681 2252.000000
899.582764 2309.000000
901.541504 2232.000000
903.499146 2204.000000
905.455505 2264.000000
907.410767 2217.000000
909.364624 2214.000000
911.317383 2254.000000
913.268738 2229.000000
915.219055 2222.000000
917.168030 2236.000000
919.115906 2245.000000
921.062439 2228.000000
923.007751 2258.000000
924.951965 2264.000000
926.894958 2236.000000
928.836731 2262.000000
930.777100 2236.000000
932.716431 2193.000000
934.654480 2237.000000
936.591492 2214.000000
938.527100 2209.000000
940.461609 2238.000000
942.394775 2203.000000
944.326965 2224.000000
946.257751 2216.000000
948.187439 2228.000000
950.115845 2278.000000
952.043152 2270.000000
953.968994 2298.000000
955.893860 2285.000000
957.817566 2194.000000
959.739929 2306.000000
961.661316 2230.000000
963.581299 2306.000000
965.500122 2268.000000
967.417786 2245.000000
969.334351 2304.000000
971.249512 2256.000000
973.163696 2305.000000
975.076538 2254.000000
976.988281 2264.000000
978.898743 2261.000000
980.808167 2261.000000
982.716248 2223.000000
984.623169 2261.000000
986.528992 2222.000000
988.433533 2223.000000
990.337097 2300.000000
992.239258 2284.000000
994.140320 2255.000000
996.040161 2234.000000
997.938965 2228.000000
999.836426 2221.000000
1001.732910 2230.000000
1003.627869 2315.000000
1005.522034 2257.000000
1007.414795 2206.000000
1009.306519 2283.000000
1011.197021 2225.000000
1013.086243 2268.000000
1014.974487 2232.000000
1016.861389 2257.000000
1018.747314 2230.000000
1020.631775 2235.000000
1022.515381 2201.000000
1024.397705 2224.000000
1026.278931 2286.000000
1028.158813 2290.000000
1030.037720 2215.000000
1031.915405 2223.000000
1033.791992 2226.000000
1035.667358 2256.000000
1037.541504 2237.000000
1039.414429 2188.000000
1041.286377 2207.000000
1043.157104 2253.000000
1045.026611 2218.000000
1046.895264 2236.000000
1048.762329 2237.000000
1050.628662 2235.000000
1052.493530 2243.000000
1054.357422 2233.000000
1056.220093 2250.000000
1058.081665 2208.000000
1059.942017 2227.000000
1061.801270 2264.000000
1063.659302 2195.000000
1065.516357 2273.000000
1067.372192 2209.000000
1069.226929 2244.000000
1071.080200 2265.000000
1072.932739 2243.000000
1074.784058 2244.000000
1076.634155 2244.000000
1078.483154 2156.000000
1080.331055 2248.000000
1082.177734 2342.000000
1084.023315 2261.000000
1085.867798 2246.000000
1087.711060 2229.000000
1089.553223 2240.000000
1091.394409 2242.000000
1093.234253 2215.000000
1095.073242 2237.000000
1096.910889 2335.000000
1098.747314 2208.000000
1100.582886 2228.000000
1102.416992 2219.000000
1104.250244 2210.000000
1106.082275 2239.000000
1107.913086 2245.000000
1109.742920 2177.000000
1111.571655 2272.000000
1113.399292 2220.000000
1115.225708 2223.000000
1117.051025 2223.000000
1118.875244 2207.000000
1120.698364 2209.000000
1122.520264 2205.000000
1124.341431 2267.000000
1126.161011 2267.000000
1127.979736 2239.000000
1129.797241 2228.000000
1131.613647 2251.000000
1133.428955 2266.000000
1135.243164 2274.000000
1137.056274 2223.000000
1138.868408 2253.000000
1140.679321 2183.000000
1142.489014 2242.000000
1144.297729 2237.000000
1146.105225 2207.000000
1147.911987 2251.000000
1149.717285 2223.000000
1151.521484 2218.000000
1153.324585 2312.000000
1155.126709 2232.000000
1156.927734 2260.000000
1158.727661 2286.000000
1160.526367 2285.000000
1162.323975 2257.000000
1164.120728 2249.000000
1165.916138 2318.000000
1167.710571 2294.000000
1169.503906 2248.000000
1171.296143 2203.000000
1173.087280 2315.000000
1174.877441 2218.000000
1176.666260 2214.000000
1178.454224 2645.000000
1180.240845 2206.000000
1182.026611 2251.000000
1183.811279 2236.000000
1185.594849 2237.000000
1187.377319 2179.000000
1189.158569 2229.000000
1190.938843 2296.000000
1192.718018 2230.000000
1194.496094 2208.000000
1196.273315 2240.000000
1198.049194 2252.000000
1199.823853 2258.000000
1201.597900 2230.000000
1203.370605 2232.000000
1205.142212 2253.000000
1206.912842 2229.000000
1208.682495 2253.000000
1210.450806 2273.000000
1212.218262 2241.000000
1213.984497 2235.000000
1215.749756 2236.000000
1217.513916 2194.000000
1219.276855 2271.000000
1221.038940 2284.000000
1222.799805 2231.000000
1224.559814 2233.000000
1226.318726 2269.000000
1228.076294 2283.000000
1229.833130 2266.000000
1231.588745 2248.000000
1233.343262 2282.000000
1235.096802 2204.000000
1236.849243 2244.000000
1238.600708 2256.000000
1240.350830 2266.000000
1242.100220 2210.000000
1243.848389 2212.000000
1245.595581 2298.000000
1247.341553 2232.000000
1249.086670 2249.000000
1250.830566 2217.000000
1252.573486 2201.000000
1254.315430 2240.000000
1256.056274 2286.000000
1257.796021 2266.000000
1259.534790 2250.000000
1261.272461 2258.000000
1263.009033 2273.000000
1264.744629 2312.000000
1266.479248 2233.000000
1268.212646 2274.000000
1269.945068 2237.000000
1271.676636 2204.000000
1273.406738 2278.000000
1275.136108 2211.000000
1276.864502 2268.000000
1278.591553 2236.000000
1280.317871 2285.000000
1282.042847 2226.000000
1283.767090 2236.000000
1285.489990 2289.000000
1287.212158 2268.000000
1288.933105 2276.000000
1290.653198 2245.000000
1292.372070 2321.000000
1294.089966 2227.000000
1295.806763 2334.000000
1297.522583 2241.000000
1299.237183 2303.000000
1300.951050 2194.000000
1302.663696 2199.000000
1304.375366 2297.000000
1306.086182 2287.000000
1307.795776 2207.000000
1309.504395 2224.000000
1311.211914 2219.000000
1312.918457 2252.000000
1314.623901 2226.000000
1316.328491 2219.000000
1318.031860 2253.000000
1319.734375 2208.000000
1321.435791 2281.000000
1323.136230 2238.000000
1324.835449 2252.000000
1326.533936 2203.000000
1328.231323 2221.000000
1329.927490 2242.000000
1331.622803 2249.000000
1333.317017 2304.000000
1335.010376 2219.000000
1336.702637 2276.000000
1338.393799 2236.000000
1340.083984 2268.000000
1341.773315 2237.000000
1343.461426 2220.000000
1345.148682 2333.000000
1346.834717 2296.000000
1348.519897 2325.000000
1350.203857 2354.000000
1351.887085 2334.000000
1353.569092 2308.000000
1355.250244 2296.000000
1356.930542 2262.000000
1358.609619 2177.000000
1360.287598 2265.000000
1361.964600 2268.000000
1363.640869 2226.000000
1365.315918 2261.000000
1366.989746 2290.000000
1368.662964 2231.000000
1370.335083 2264.000000
1372.005981 2254.000000
1373.676270 2284.000000
1375.345215 2246.000000
1377.013184 2215.000000
1378.680176 2194.000000
1380.346558 2232.000000
1382.011475 2269.000000
1383.675537 2289.000000
1385.338623 2246.000000
1387.000488 2232.000000
1388.661743 2205.000000
1390.321899 2259.000000
1391.980835 2232.000000
1393.639038 2289.000000
1395.296143 2269.000000
1396.952148 2250.000000
1398.607300 2279.000000
1400.261475 2232.000000
1401.914795 2231.000000
1403.566650 2231.000000
1405.218018 2224.000000
1406.868042 2302.000000
1408.517456 2293.000000
1410.165527 2223.000000
1411.812622 2236.000000
1413.459106 2265.000000
1415.104248 2205.000000
1416.748657 2256.000000
1418.391724 2216.000000
1420.034180 2249.000000
1421.675537 2242.000000
1423.315796 2235.000000
1424.955078 2272.000000
1426.593506 2194.000000
1428.230835 2195.000000
1429.867310 2245.000000
1431.502808 2235.000000
1433.137207 2309.000000
1434.770752 2236.000000
1436.403198 2208.000000
1438.034790 2203.000000
1439.665527 2191.000000
1441.295166 2306.000000
1442.923584 2206.000000
1444.551270 2314.000000
1446.177979 2260.000000
1447.803711 2262.000000
1449.428345 2289.000000
1451.052246 2213.000000
1452.674927 2344.000000
1454.296875 2278.000000
1455.917725 2238.000000
1457.537598 2274.000000
1459.156494 2240.000000
1460.774414 2253.000000
1462.391357 2258.000000
1464.007568 2309.000000
1465.622681 2313.000000
1467.236694 2242.000000
1468.849976 2294.000000
1470.462036 2186.000000
1472.073242 2275.000000
1473.683594 2267.000000
1475.293091 2280.000000
1476.901123 2189.000000
1478.508667 2274.000000
1480.115112 2247.000000
1481.720581 2263.000000
1483.325073 2246.000000
1484.928711 2231.000000
1486.531006 2269.000000
1488.132813 2262.000000
1489.733643 2292.000000
1491.333252 2272.000000
1492.932007 2276.000000
1494.530029 2268.000000
1496.126709 2256.000000
1497.722656 2256.000000
1499.317749 2202.000000
1500.911621 2221.000000
1502.504883 2292.000000
1504.096924 2249.000000
1505.687988 2230.000000
1507.278320 2240.000000
1508.867554 2215.000000
1510.455933 2234.000000
1512.043457 2235.000000
1513.629761 2292.000000
1515.215210 2256.000000
1516.799927 2218.000000
1518.383667 2288.000000
1519.966064 2235.000000
1521.547852 2257.000000
1523.128784 2208.000000
1524.708740 2260.000000
1526.287476 2224.000000
1527.865356 2280.000000
1529.442627 2226.000000
1531.018555 2206.000000
1532.593628 2274.000000
1534.167969 2240.000000
1535.741211 2288.000000
1537.313843 2252.000000
1538.884888 2264.000000
1540.455322 2341.000000
1542.025024 2270.000000
1543.593628 2273.000000
1545.161377 2305.000000
1546.728149 2328.000000
1548.293823 2320.000000
1549.858521 2229.000000
1551.422607 2271.000000
1552.985718 2274.000000
1554.547852 2261.000000
1556.108887 2201.000000
1557.669189 2252.000000
1559.228394 2262.000000
1560.786987 2200.000000
1562.344360 2266.000000
1563.900879 2248.000000
1565.456421 2250.000000
1567.010986 2300.000000
1568.564819 2260.000000
1570.117676 2286.000000
1571.669556 2260.000000
1573.220581 2226.000000
1574.770508 2284.000000
1576.319580 2242.000000
1577.868042 2276.000000
1579.415039 2209.000000
1580.961548 2234.000000
1582.507080 2241.000000
1584.051758 2232.000000
1585.594971 2252.000000
1587.137817 2243.000000
1588.679565 2241.000000
1590.220459 2239.000000
1591.760254 2317.000000
1593.299438 2214.000000
1594.837402 2236.000000
1596.374512 2247.000000
1597.910889 2262.000000
1599.446289 2254.000000
1600.980835 2253.000000
1602.514160 2268.000000
1604.046875 2238.000000
1605.578735 2213.000000
1607.109497 2282.000000
1608.639282 2286.000000
1610.168335 2309.000000
1611.696411 2294.000000
1613.223389 2264.000000
1614.749878 2229.000000
1616.275146 2256.000000
1617.799683 2267.000000
1619.322876 2269.000000
1620.845825 2241.000000
1622.367554 2255.000000
1623.888306 2309.000000
1625.408081 2234.000000
1626.927368 2274.000000
1628.445313 2222.000000
1629.962646 2271.000000
1631.478760 2306.000000
1632.994263 2200.000000
1634.508911 2228.000000
1636.022339 2290.000000
1637.535034 2268.000000
1639.046875 2261.000000
1640.557861 2244.000000
1642.067871 2264.000000
1643.576782 2218.000000
1645.085083 2296.000000
1646.592407 2200.000000
1648.098755 2237.000000
1649.604126 2228.000000
1651.109009 2234.000000
1652.612793 2318.000000
1654.115601 2246.000000
1655.617432 2227.000000
1657.118652 2289.000000
1658.618896 2241.000000
1660.118042 2240.000000
1661.616333 2200.000000
1663.113892 2219.000000
1664.610352 2268.000000
1666.106079 2276.000000
1667.600830 2254.000000
1669.094849 2220.000000
1670.587891 2278.000000
1672.079956 2268.000000
1673.571411 2292.000000
1675.061646 2224.000000
1676.551147 2245.000000
1678.039795 2294.000000
1679.527466 2266.000000
1681.014526 2309.000000
1682.500244 2212.000000
1683.985352 2236.000000
1685.469727 2254.000000
1686.952637 2222.000000
1688.435181 2244.000000
1689.916626 2198.000000
1691.397339 2210.000000
1692.877075 2241.000000
1694.356079 2281.000000
1695.833984 2273.000000
1697.311279 2265.000000
1698.787231 2233.000000
1700.262817 2250.000000
1701.737183 2251.000000
1703.210938 2227.000000
1704.683594 2250.000000
1706.155640 2295.000000
1707.626587 2253.000000
1709.096436 2212.000000
1710.565796 2195.000000
1712.034302 2181.000000
1713.501709 2191.000000
1714.968384 2415.000000
1716.433838 2301.000000
1717.898926 2284.000000
1719.362915 2299.000000
1720.826050 2199.000000
1722.288208 2292.000000
1723.749756 2275.000000
1725.210327 2233.000000
1726.669678 2280.000000
1728.128662 2271.000000
1729.586548 2300.000000
1731.043701 2259.000000
1732.499634 2210.000000
1733.954956 2309.000000
1735.409546 2226.000000
1736.862915 2262.000000
1738.315674 2262.000000
1739.767578 2273.000000
1741.218506 2238.000000
1742.668457 2205.000000
1744.117920 2258.000000
1745.566162 2276.000000
1747.013916 2252.000000
1748.460327 2241.000000
1749.906250 2243.000000
1751.351196 2373.000000
1752.795288 2262.000000
1754.238403 2349.000000
1755.680664 2230.000000
1757.122192 2251.000000
1758.562866 2255.000000
1760.002563 2245.000000
1761.441528 2236.000000
1762.879639 2257.000000
1764.316772 2230.000000
1765.753174 2270.000000
1767.188721 2258.000000
1768.623291 2186.000000
1770.057007 2191.000000
1771.489868 2290.000000
1772.922119 2314.000000
1774.353394 2245.000000
1775.783447 2245.000000
1777.213013 2286.000000
1778.641968 2252.000000
1780.069580 2293.000000
1781.496338 2204.000000
1782.922607 2238.000000
1784.348022 2196.000000
1785.772095 2293.000000
1787.195801 2191.000000
1788.618530 2268.000000
1790.040405 2214.000000
1791.461304 2253.000000
1792.881592 2239.000000
1794.300903 2263.000000
1795.719360 2282.000000
1797.136841 2241.000000
1798.553711 2268.000000
1799.969604 2206.000000
1801.384521 2243.000000
1802.798828 2260.000000
1804.212280 2250.000000
1805.625000 2214.000000
1807.036499 2252.000000
1808.447388 2258.000000
1809.857422 2241.000000
1811.266724 2213.000000
1812.674683 2266.000000
1814.082397 2273.000000
1815.489136 2244.000000
1816.894775 2296.000000
1818.299683 2211.000000
1819.703735 2246.000000
1821.107178 2255.000000
1822.509521 2238.000000
1823.911255 2248.000000
1825.312134 2235.000000
1826.712036 2345.000000
1828.110962 2211.000000
1829.509277 2238.000000
1830.906616 2265.000000
1832.303345 2230.000000
1833.698975 2280.000000
1835.093994 2271.000000
1836.488159 2273.000000
1837.881348 2206.000000
1839.273682 2265.000000
1840.665405 2297.000000
1842.056152 2260.000000
1843.446167 2239.000000
1844.834961 2226.000000
1846.223389 2267.000000
1847.610962 2203.000000
1848.997314 2281.000000
1850.383057 2199.000000
1851.768188 2237.000000
1853.152222 2238.000000
1854.535400 2243.000000
1855.918091 2262.000000
1857.299438 2214.000000
1858.680420 2231.000000
1860.060181 2241.000000
1861.439453 2267.000000
1862.817871 2238.000000
1864.195435 2181.000000
1865.572021 2246.000000
1866.947754 2286.000000
1868.322754 2251.000000
1869.696777 2329.000000
1871.070190 2171.000000
1872.442871 2209.000000
1873.814575 2258.000000
1875.185425 2278.000000
1876.555542 2239.000000
1877.924927 2299.000000
1879.293457 2274.000000
1880.660767 2270.000000
1882.027710 2318.000000
1883.393555 2155.000000
1884.758911 2251.000000
1886.123169 2185.000000
1887.486572 2241.000000
1888.849365 2234.000000
1890.211182 2227.000000
1891.572388 2199.000000
1892.932617 2279.000000
1894.291992 2190.000000
1895.650513 2302.000000
1897.008301 2275.000000
1898.365356 2295.000000
1899.721680 2222.000000
1901.076904 2281.000000
1902.431396 2244.000000
1903.785278 2271.000000
1905.138306 2202.000000
1906.490112 2297.000000
1907.841431 2259.000000
1909.192139 2258.000000
1910.541748 2242.000000
1911.890381 2214.000000
1913.238647 2238.000000
1914.585815 2206.000000
1915.932129 2250.000000
1917.277710 2245.000000
1918.622681 2241.000000
1919.966797 2313.000000
1921.309814 2262.000000
1922.652222 2249.000000
1923.993774 2258.000000
1925.334839 2291.000000
1926.674561 2184.000000
1928.013794 2250.000000
1929.352173 2275.000000
1930.689819 2257.000000
1932.026367 2255.000000
1933.362183 2201.000000
1934.697388 2248.000000
1936.031616 2243.000000
1937.365234 2226.000000
1938.697876 2184.000000
1940.030029 2276.000000
1941.361084 2245.000000
1942.691528 2244.000000
1944.020996 2184.000000
1945.349854 2289.000000
1946.677368 2232.000000
1948.004517 2204.000000
1949.331055 2245.000000
1950.656494 2193.000000
1951.981079 2251.000000
1953.305176 2272.000000
1954.628174 2277.000000
1955.950439 2248.000000
1957.272095 2264.000000
1958.592529 2204.000000
1959.912720 2250.000000
1961.231689 2288.000000
1962.550171 2241.000000
1963.867798 2217.000000
1965.184692 2237.000000
1966.500488 2236.000000
1967.815552 2225.000000
1969.130005 2214.000000
1970.443604 2308.000000
1971.755981 2223.000000
1973.068359 2232.000000
1974.379517 2223.000000
1975.689819 2249.000000
1976.999390 2222.000000
1978.308350 2284.000000
1979.616455 2341.000000
1980.923462 2272.000000
1982.229858 2199.000000
1983.535767 2268.000000
1984.840698 2233.000000
1986.144531 2215.000000
1987.447998 2265.000000
1988.750488 2275.000000
1990.052246 2261.000000
1991.353149 2243.000000
1992.653198 2287.000000
1993.952515 2211.000000
1995.250977 2254.000000
1996.548950 2268.000000
1997.846069 2262.000000
1999.142212 2276.000000
2000.437500 2223.000000
2001.732178 2218.000000
2003.026123 2258.000000
2004.319214 2242.000000
2005.611572 2232.000000
2006.903076 2227.000000
2008.193726 2277.000000
2009.483765 2256.000000
2010.772827 2265.000000
2012.061279 2168.000000
2013.348877 2278.000000
2014.635864 2200.000000
2015.921631 2282.000000
2017.207153 2263.000000
2018.491821 2189.000000
2019.775146 2253.000000
2021.058105 2204.000000
2022.340454 2258.000000
2023.621582 2204.000000
2024.902222 2263.000000
2026.182007 2327.000000
2027.461304 2212.000000
2028.739502 2237.000000
2030.016968 2261.000000
2031.293701 2190.000000
2032.569702 2248.000000
2033.844849 2205.000000
2035.119263 2210.000000
2036.392822 2284.000000
2037.665771 2225.000000
2038.937622 2213.000000
2040.209106 2215.000000
2041.479614 2249.000000
2042.749634 2264.000000
2044.018311 2235.000000
2045.286621 2247.000000
2046.554199 2266.000000
2047.820679 2235.000000
2049.086426 2202.000000
2050.351563 2279.000000
2051.616211 2232.000000
2052.879883 2220.000000
2054.142334 2263.000000
2055.404541 2246.000000
2056.665771 2251.000000
2057.926270 2288.000000
2059.186035 2240.000000
2060.445068 2270.000000
2061.703369 2249.000000
2062.960693 2240.000000
2064.217529 2268.000000
2065.473389 2204.000000
2066.728516 2256.000000
2067.982910 2238.000000
2069.236816 2249.000000
2070.489502 2281.000000
2071.741943 2261.000000
2072.992920 2214.000000
2074.243408 2253.000000
2075.493408 2232.000000
2076.742432 2275.000000
2077.990723 2295.000000
2079.238281 2241.000000
2080.485107 2203.000000
2081.730957 2230.000000
2082.976318 2215.000000
2084.220947 2207.000000
2085.464600 2263.000000
2086.707275 2223.000000
2087.949463 2282.000000
2089.191406 2263.000000
2090.432129 2267.000000
2091.671631 2218.000000
2092.911133 2244.000000
2094.149414 2309.000000
2095.387207 2276.000000
2096.624268 2266.000000
2097.860107 2293.000000
2099.095703 2240.000000
2100.330322 2287.000000
2101.564209 2214.000000
2102.797607 2281.000000
2104.029785 2239.000000
2105.261230 2217.000000
2106.492432 2203.000000
2107.722656 2202.000000
2108.951904 2266.000000
2110.180420 2210.000000
2111.408203 2239.000000
2112.635498 2214.000000
2113.862061 2237.000000
2115.087402 2280.000000
2116.312256 2257.000000
2117.536377 2238.000000
2118.759521 2264.000000
2119.982422 2204.000000
2121.204590 2237.000000
2122.425781 2244.000000
2123.645752 2262.000000
2124.865479 2256.000000
2126.084473 2266.000000
2127.302979 2246.000000
2128.520020 2193.000000
2129.736572 2240.000000
2130.952393 2253.000000
2132.167725 2269.000000
2133.382324 2197.000000
2134.595947 2210.000000
2135.808838 2266.000000
2137.020996 2258.000000
2138.232178 2282.000000
2139.443115 2286.000000
2140.653320 2214.000000
2141.862305 2237.000000
2143.070557 2198.000000
2144.278564 2241.000000
2145.485596 2237.000000
2146.691650 2237.000000
2147.897217 2239.000000
2149.102051 2241.000000
2150.306152 2251.000000
2151.509033 2228.000000
2152.712158 2239.000000
2153.913818 2235.000000
2155.114746 2294.000000
2156.314941 2227.000000
2157.514648 2201.000000
2158.713623 2235.000000
2159.911377 2247.000000
2161.108887 2238.000000
2162.305664 2238.000000
2163.501709 2282.000000
2164.696533 2258.000000
2165.891113 2266.000000
2167.084961 2262.000000
2168.278076 2334.000000
2169.470215 2290.000000
2170.661621 2294.000000
2171.852783 2213.000000
2173.042725 2230.000000
2174.231934 2201.000000
2175.420410 2268.000000
2176.608154 2213.000000
2177.795166 2246.000000
2178.981934 2217.000000
2180.167480 2276.000000
2181.352539 2220.000000
2182.536377 2202.000000
2183.720215 2261.000000
2184.902832 2212.000000
2186.084961 2293.000000
2187.265625 2256.000000
2188.446533 2213.000000
2189.626709 2244.000000
2190.805664 2272.000000
2191.983887 2327.000000
2193.161865 2284.000000
2194.338623 2264.000000
2195.514404 2289.000000
2196.689941 2200.000000
2197.864746 2240.000000
2199.039063 2297.000000
2200.211914 2336.000000
2201.384521 2291.000000
2202.556396 2233.000000
2203.727783 2253.000000
2204.898193 2275.000000
2206.067871 2228.000000
2207.237061 2271.000000
2208.405029 2268.000000
2209.572510 2290.000000
2210.739258 2303.000000
2211.905518 2296.000000
2213.070557 2219.000000
2214.235107 2273.000000
2215.399170 2289.000000
2216.562500 2203.000000
2217.724854 2226.000000
2218.886475 2263.000000
2220.047852 2259.000000
2221.208008 2211.000000
2222.367676 2283.000000
2223.526611 2289.000000
2224.684814 2250.000000
2225.842285 2307.000000
2226.998779 2299.000000
2228.155029 2275.000000
2229.310059 2207.000000
2230.464844 2206.000000
2231.618408 2250.000000
2232.771729 2242.000000
2233.924072 2303.000000
2235.075684 2264.000000
2236.226807 2273.000000
2237.377197 2241.000000
2238.526855 2252.000000
2239.675537 2252.000000
2240.823975 2205.000000
2241.971680 2275.000000
2243.118164 2263.000000
2244.263916 2270.000000
2245.409668 2238.000000
2246.553955 2247.000000
2247.697998 2239.000000
2248.841309 2263.000000
2249.983643 2248.000000
2251.125732 2224.000000
2252.266357 2256.000000
2253.407227 2260.000000
2254.546631 2263.000000
2255.685547 2209.000000
2256.823975 2249.000000
2257.961426 2270.000000
2259.098145 2237.000000
2260.234375 2243.000000
2261.369629 2250.000000
2262.504395 2282.000000
2263.638428 2193.000000
2264.771973 2299.000000
2265.904297 2239.000000
2267.036377 2277.000000
2268.167725 2241.000000
2269.297852 2240.000000
2270.427734 2228.000000
2271.557373 2226.000000
2272.685303 2256.000000
2273.812988 2240.000000
2274.940186 2273.000000
2276.066406 2217.000000
2277.192139 2197.000000
2278.316650 2301.000000
2279.441162 2269.000000
2280.564697 2271.000000
2281.687500 2219.000000
2282.809570 2244.000000
2283.930908 2320.000000
2285.051758 2234.000000
2286.171387 2244.000000
2287.291016 2255.000000
2288.409424 2281.000000
2289.527344 2280.000000
2290.644775 2261.000000
2291.761230 2208.000000
2292.877197 2215.000000
2293.992432 2218.000000
2295.106689 2305.000000
2296.220459 2226.000000
2297.333740 2204.000000
2298.446289 2207.000000
2299.557373 2306.000000
2300.668701 2254.000000
2301.778809 2209.000000
2302.888428 2245.000000
2303.997314 2295.000000
2305.105957 2246.000000
2306.213135 2220.000000
2307.320068 2248.000000
2308.426270 2339.000000
2309.531738 2251.000000
2310.636719 2294.000000
2311.740479 2261.000000
2312.843994 2257.000000
2313.946777 2244.000000
2315.048828 2224.000000
2316.150146 2264.000000
2317.250732 2294.000000
2318.350830 2347.000000
2319.450195 2258.000000
2320.548584 2305.000000
2321.646484 2225.000000
2322.743896 2289.000000
2323.840088 2283.000000
2324.936279 2241.000000
2326.031494 2232.000000
2327.125977 2235.000000
2328.219727 2259.000000
2329.312988 2283.000000
2330.405273 2330.000000
2331.497314 2304.000000
2332.588135 2227.000000
2333.678711 2244.000000
2334.768555 2274.000000
2335.857910 2266.000000
2336.945801 2281.000000
2338.033691 2334.000000
2339.120605 2273.000000
2340.206787 2272.000000
2341.292725 2260.000000
2342.377686 2283.000000
2343.462158 2258.000000
2344.545410 2268.000000
2345.628662 2280.000000
2346.710693 2330.000000
2347.792236 2255.000000
2348.873291 2233.000000
2349.953857 2273.000000
2351.033203 2244.000000
2352.112305 2218.000000
2353.190430 2239.000000
2354.268066 2207.000000
2355.344971 2199.000000
2356.420898 2266.000000
2357.496582 2217.000000
2358.571289 2251.000000
2359.645752 2247.000000
2360.718994 2251.000000
2361.791992 2265.000000
2362.864258 2251.000000
2363.936035 2238.000000
2365.006592 2239.000000
2366.076904 2248.000000
2367.146729 2284.000000
2368.215576 2271.000000
2369.283447 2201.000000
2370.351074 2284.000000
2371.417969 2241.000000
2372.484131 2317.000000
2373.549561 2280.000000
2374.614258 2294.000000
2375.678711 2278.000000
2376.742188 2271.000000
2377.804932 2256.000000
2378.867188 2310.000000
2379.928955 2246.000000
2380.989502 2225.000000
2382.049805 2279.000000
2383.109863 2326.000000
2384.168457 2252.000000
2385.226563 2284.000000
2386.284424 2311.000000
2387.341064 2335.000000
2388.397461 2245.000000
2389.452637 2250.000000
2390.507813 2285.000000
2391.562012 2252.000000
2392.615479 2252.000000
2393.668701 2247.000000
2394.721191 2245.000000
2395.772705 2267.000000
2396.823242 2237.000000
2397.873779 2226.000000
2398.923584 2314.000000
2399.972412 2307.000000
2401.020752 2214.000000
2402.068359 2258.000000
2403.115723 2266.000000
2404.161865 2272.000000
2405.207520 2262.000000
2406.252930 2262.000000
2407.297607 2313.000000
2408.341064 2301.000000
2409.384277 2278.000000
2410.426514 2293.000000
2411.468506 2257.000000
2412.509521 2271.000000
2413.550049 2212.000000
2414.590332 2268.000000
2415.629150 2263.000000
2416.667480 2279.000000
2417.705811 2294.000000
2418.743408 2241.000000
2419.779785 2262.000000
2420.815430 2275.000000
2421.850830 2280.000000
2422.885742 2253.000000
2423.919922 2243.000000
2424.953125 2268.000000
2425.986084 2252.000000
2427.018066 2237.000000
2428.049561 2280.000000
2429.080566 2300.000000
2430.110352 2261.000000
2431.140137 2328.000000
2432.168701 2228.000000
2433.197021 2244.000000
2434.224854 2253.000000
2435.251953 2284.000000
2436.277832 2265.000000
2437.303711 2298.000000
2438.328857 2265.000000
2439.353271 2283.000000
2440.376709 2292.000000
2441.400146 2280.000000
2442.422363 2270.000000
2443.444580 2268.000000
2444.465576 2275.000000
2445.486328 2254.000000
2446.506104 2225.000000
2447.525146 2297.000000
2448.543945 2241.000000
2449.562256 2292.000000
2450.579590 2241.000000
2451.596436 2255.000000
2452.612061 2203.000000
2453.627930 2287.000000
2454.642822 2297.000000
2455.656738 2266.000000
2456.670654 2283.000000
2457.683838 2203.000000
2458.695557 2288.000000
2459.707275 2288.000000
2460.718750 2249.000000
2461.729004 2223.000000
2462.738525 2296.000000
2463.748047 2274.000000
2464.756592 2282.000000
2465.764648 2266.000000
2466.771729 2296.000000
2467.778320 2302.000000
2468.784668 2212.000000
2469.790039 2269.000000
2470.794434 2218.000000
2471.798828 2241.000000
2472.802490 2326.000000
2473.805420 2245.000000
2474.807373 2271.000000
2475.809082 2245.000000
2476.810303 2260.000000
2477.810547 2266.000000
2478.810547 2232.000000
2479.809570 2239.000000
2480.808350 2298.000000
2481.805908 2265.000000
2482.803223 2254.000000
2483.800293 2336.000000
2484.796387 2239.000000
2485.791504 2297.000000
2486.786133 2299.000000
2487.780518 2261.000000
2488.773682 2289.000000
2489.766602 2235.000000
2490.759277 2279.000000
2491.751221 2283.000000
2492.742188 2259.000000
2493.732666 2263.000000
2494.722900 2292.000000
2495.711670 2275.000000
2496.700684 2260.000000
2497.688965 2248.000000
2498.676025 2326.000000
2499.662842 2265.000000
2500.649414 2239.000000
2501.634521 2252.000000
2502.619385 2273.000000
2503.604004 2257.000000
2504.587646 2263.000000
2505.570801 2295.000000
2506.553467 2276.000000
2507.535156 2255.000000
2508.517090 2219.000000
2509.497314 2311.000000
2510.477295 2222.000000
2511.457031 2304.000000
2512.435791 2290.000000
2513.413818 2315.000000
2514.391846 2275.000000
2515.368652 2273.000000
2516.345459 2260.000000
2517.321289 2308.000000
2518.296143 2284.000000
2519.271240 2242.000000
2520.245117 2279.000000
2521.218262 2274.000000
2522.191162 2264.000000
2523.163574 2229.000000
2524.135010 2205.000000
2525.106201 2315.000000
2526.076416 2321.000000
2527.046631 2222.000000
2528.015625 2258.000000
2528.984131 2290.000000
2529.952393 2271.000000
2530.919678 2312.000000
2531.886475 2233.000000
2532.852783 2228.000000
2533.818115 2233.000000
2534.783691 2283.000000
2535.748047 2330.000000
2536.711670 2283.000000
2537.675293 2286.000000
2538.637695 2307.000000
2539.599609 2300.000000
2540.561279 2256.000000
2541.522217 2311.000000
2542.482422 2278.000000
2543.442139 2304.000000
2544.401367 2296.000000
2545.359863 2278.000000
2546.317627 2302.000000
2547.274902 2245.000000
2548.231934 2269.000000
2549.187988 2177.000000
2550.143066 2266.000000
2551.098389 2233.000000
2552.052490 2295.000000
2553.006348 2250.000000
2553.960205 2266.000000
2554.912354 2293.000000
2555.864746 2267.000000
2556.815674 2272.000000
2557.766602 2204.000000
2558.717285 2250.000000
2559.666992 2276.000000
2560.615967 2283.000000
2561.564697 2246.000000
2562.512207 2301.000000
2563.460205 2417.000000
2564.406982 2268.000000
2565.353027 2306.000000
2566.299072 2269.000000
2567.243652 2246.000000
2568.187988 2272.000000
2569.131836 2269.000000
2570.074951 2266.000000
2571.017822 2287.000000
2571.960205 2328.000000
2572.902100 2277.000000
2573.843262 2299.000000
2574.783203 2273.000000
2575.722900 2262.000000
2576.662354 2281.000000
2577.601074 2227.000000
2578.539307 2311.000000
2579.476807 2276.000000
2580.413818 2273.000000
2581.350098 2275.000000
2582.286133 2272.000000
2583.221191 2271.000000
2584.156494 2240.000000
2585.090332 2324.000000
2586.023926 2252.000000
2586.957275 2273.000000
2587.889404 2322.000000
2588.820801 2276.000000
2589.752686 2208.000000
2590.682861 2322.000000
2591.613770 2338.000000
2592.542969 2277.000000
2593.472168 2250.000000
2594.400879 2289.000000
2595.328613 2325.000000
2596.255859 2237.000000
2597.182861 2274.000000
2598.108887 2254.000000
2599.034180 2319.000000
2599.959473 2283.000000
2600.884033 2287.000000
2601.808350 2240.000000
2602.731689 2277.000000
2603.654541 2300.000000
2604.576904 2275.000000
2605.498535 2291.000000
2606.419189 2241.000000
2607.340332 2251.000000
2608.260254 2301.000000
2609.180420 2287.000000
2610.098877 2240.000000
2611.017090 2287.000000
2611.935547 2295.000000
2612.852539 2262.000000
2613.768799 2243.000000
2614.685547 2289.000000
2615.601318 2287.000000
2616.516113 2279.000000
2617.430908 2244.000000
2618.344971 2272.000000
2619.258545 2260.000000
2620.171387 2304.000000
2621.082764 2252.000000
2621.995361 2281.000000
2622.906494 2277.000000
2623.817139 2269.000000
2624.727539 2297.000000
2625.636963 2262.000000
2626.545654 2267.000000
2627.454346 2324.000000
2628.362549 2279.000000
2629.270508 2256.000000
2630.176758 2265.000000
2631.083252 2264.000000
2631.989258 2313.000000
2632.894287 2331.000000
2633.798584 2297.000000
2634.703369 2230.000000
2635.606689 2289.000000
2636.510254 2312.000000
2637.412354 2291.000000
2638.314209 2312.000000
2639.215820 2245.000000
2640.116943 2231.000000
2641.017334 2270.000000
2641.917480 2311.000000
2642.816406 2261.000000
2643.715332 2216.000000
2644.614014 2282.000000
2645.511475 2290.000000
2646.408936 2227.000000
2647.305176 2315.000000
2648.201416 2270.000000
2649.097168 2298.000000
2649.992432 2285.000000
2650.886475 2239.000000
2651.781006 2280.000000
2652.674316 2282.000000
2653.566895 2293.000000
2654.460205 2251.000000
2655.351807 2303.000000
2656.243408 2296.000000
2657.134033 2329.000000
2658.023926 2266.000000
2658.914307 2326.000000
2659.803223 2304.000000
2660.691895 2260.000000
2661.580811 2235.000000
2662.468018 2285.000000
2663.355713 2264.000000
2664.242188 2248.000000
2665.127930 2270.000000
2666.014404 2270.000000
2666.899170 2280.000000
2667.783203 2282.000000
2668.667725 2205.000000
2669.551270 2257.000000
2670.434082 2246.000000
2671.316895 2273.000000
2672.198730 2282.000000
2673.080566 2283.000000
2673.961670 2355.000000
2674.841553 2290.000000
2675.721924 2300.000000
2676.601074 2272.000000
2677.479980 2287.000000
2678.358643 2254.000000
2679.236816 2305.000000
2680.114502 2289.000000
2680.990967 2294.000000
2681.867188 2271.000000
2682.743408 2249.000000
2683.618896 2295.000000
2684.493652 2340.000000
2685.368408 2225.000000
2686.241699 2231.000000
2687.115234 2240.000000
2687.988037 2267.000000
2688.860107 2297.000000
2689.732422 2252.000000
2690.603271 2290.000000
2691.474365 2284.000000
2692.344727 2284.000000
2693.214600 2283.000000
2694.083740 2272.000000
2694.952881 2317.000000
2695.821045 2328.000000
2696.688721 2264.000000
2697.556396 2275.000000
2698.423096 2262.000000
2699.290039 2323.000000
2700.155273 2301.000000
2701.020264 2273.000000
2701.885986 2296.000000
2702.750244 2265.000000
2703.613525 2260.000000
2704.477539 2303.000000
2705.340332 2278.000000
2706.202637 2302.000000
2707.064453 2278.000000
2707.925781 2333.000000
2708.787354 2316.000000
2709.647217 2301.000000
2710.507080 2280.000000
2711.367188 2286.000000
2712.226074 2239.000000
2713.084229 2250.000000
2713.942383 2312.000000
2714.799805 2322.000000
2715.657227 2296.000000
2716.513672 2295.000000
2717.369385 2296.000000
2718.225586 2306.000000
2719.080566 2286.000000
2719.934814 2304.000000
2720.789307 2315.000000
2721.642822 2313.000000
2722.496582 2285.000000
2723.348877 2257.000000
2724.201416 2290.000000
2725.053223 2331.000000
2725.904541 2310.000000
2726.754883 2282.000000
2727.605957 2291.000000
2728.455322 2354.000000
2729.304443 2287.000000
2730.153809 2261.000000
2731.002441 2217.000000
2731.850586 2243.000000
2732.697998 2309.000000
2733.544678 2254.000000
2734.391602 2467.000000
2735.237549 2315.000000
2736.083008 2238.000000
2736.928467 2299.000000
2737.772949 2248.000000
2738.617188 2296.000000
2739.461182 2283.000000
2740.304443 2296.000000
2741.147705 2294.000000
2741.989990 2262.000000
2742.831787 2245.000000
2743.673584 2307.000000
2744.514160 2253.000000
2745.354736 2301.000000
2746.195068 2296.000000
2747.034424 2263.000000
2747.874268 2279.000000
2748.712646 2339.000000
2749.550537 2403.000000
2750.389160 2290.000000
2751.226318 2250.000000
2752.062988 2254.000000
2752.899658 2331.000000
2753.735596 2271.000000
2754.571045 2310.000000
2755.406250 2278.000000
2756.240723 2272.000000
2757.075195 2266.000000
2757.908936 2279.000000
2758.742188 2234.000000
2759.574951 2312.000000
2760.407471 2258.000000
2761.239258 2288.000000
2762.071045 2344.000000
2762.901855 2258.000000
2763.732910 2277.000000
2764.562744 2257.000000
2765.392822 2281.000000
2766.222168 2280.000000
2767.050537 2301.000000
2767.879150 2266.000000
2768.707520 2363.000000
2769.534912 2274.000000
2770.361328 2273.000000
2771.188721 2287.000000
2772.014648 2274.000000
2772.840576 2319.000000
2773.666260 2286.000000
2774.490723 2263.000000
2775.315430 2263.000000
2776.139648 2298.000000
2776.962891 2259.000000
2777.786377 2329.000000
2778.608887 2331.000000
2779.431152 2235.000000
2780.253418 2269.000000
2781.074951 2335.000000
2781.896240 2263.000000
2782.716797 2287.000000
2783.536865 2319.000000
2784.356689 2314.000000
2785.176025 2272.000000
2785.994629 2348.000000
2786.813721 2276.000000
2787.631592 2295.000000
2788.449463 2252.000000
2789.266602 2293.000000
2790.083252 2297.000000
2790.899902 2297.000000
2791.715576 2288.000000
2792.531250 2337.000000
2793.346680 2352.000000
2794.160889 2276.000000
2794.975586 2276.000000
2795.789795 2373.000000
2796.603027 2312.000000
2797.416504 2293.000000
2798.228760 2316.000000
2799.040771 2301.000000
2799.853027 2220.000000
2800.664307 2309.000000
2801.475342 2244.000000
2802.286133 2325.000000
2803.096191 2310.000000
2803.906006 2277.000000
2804.715576 2311.000000
2805.524414 2268.000000
2806.333252 2299.000000
2807.141602 2281.000000
2807.948975 2415.000000
2808.757080 2299.000000
2809.563477 2316.000000
2810.370361 2252.000000
2811.176758 2276.000000
2811.981934 2290.000000
2812.787598 2279.000000
2813.592773 2318.000000
2814.397217 2344.000000
2815.201416 2293.000000
2816.005127 2309.000000
2816.808594 2390.000000
2817.611816 2304.000000
2818.414307 2333.000000
2819.216553 2371.000000
2820.018311 2302.000000
2820.819580 2270.000000
2821.621338 2249.000000
2822.421631 2347.000000
2823.222412 2298.000000
2824.022217 2284.000000
2824.821533 2290.000000
2825.620361 2360.000000
2826.419678 2283.000000
2827.217773 2313.000000
2828.016113 2337.000000
2828.813477 2314.000000
2829.610596 2313.000000
2830.407715 2431.000000
2831.204102 2320.000000
2831.999756 2239.000000
2832.796143 2294.000000
2833.591553 2268.000000
2834.385986 2307.000000
2835.180908 2329.000000
2835.975098 2307.000000
2836.769287 2277.000000
2837.562500 2277.000000
2838.355713 2262.000000
2839.148438 2286.000000
2839.940918 2331.000000
2840.732422 2290.000000
2841.524170 2299.000000
2842.315674 2596.000000
2843.106201 2330.000000
2843.897217 2295.000000
2844.687256 2304.000000
2845.477295 2292.000000
2846.266602 2274.000000
2847.055420 2241.000000
2847.844727 2267.000000
2848.632813 2330.000000
2849.420654 2342.000000
2850.208984 2306.000000
2850.995605 2332.000000
2851.783203 2275.000000
2852.569336 2266.000000
2853.355469 2314.000000
2854.141846 2268.000000
2854.927246 2293.000000
2855.712158 2271.000000
2856.497314 2325.000000
2857.281494 2348.000000
2858.065186 2377.000000
2858.849609 2319.000000
2859.633057 2279.000000
2860.416016 2275.000000
2861.198975 2322.000000
2861.980957 2351.000000
2862.763184 2287.000000
2863.544678 2295.000000
2864.326172 2279.000000
2865.107178 2265.000000
2865.887695 2327.000000
2866.668213 2322.000000
2867.448486 2360.000000
2868.228027 2323.000000
2869.007568 2294.000000
2869.786377 2236.000000
2870.565186 2305.000000
2871.343506 2285.000000
2872.121338 2312.000000
2872.898926 2345.000000
2873.676270 2345.000000
2874.453369 2255.000000
2875.230225 2308.000000
2876.006348 2312.000000
2876.782227 2315.000000
2877.558350 2339.000000
2878.333496 2367.000000
2879.108398 2350.000000
2879.883545 2416.000000
2880.657715 2395.000000
2881.431641 2387.000000
2882.205811 2367.000000
2882.979004 2358.000000
2883.752197 2308.000000
2884.524658 2350.000000
2885.297363 2295.000000
2886.069580 2368.000000
2886.841309 2380.000000
2887.612793 2310.000000
2888.384766 2304.000000
2889.155029 2354.000000
2889.926025 2289.000000
2890.696045 2345.000000
2891.466064 2308.000000
2892.236328 2310.000000
2893.004639 2318.000000
2893.773682 2315.000000
2894.542725 2296.000000
2895.311279 2496.000000
2896.079346 2330.000000
2896.847412 2345.000000
2897.614990 2315.000000
2898.382080 2306.000000
2899.148926 2377.000000
2899.915527 2316.000000
2900.682129 2319.000000
2901.447998 2322.000000
2902.214111 2320.000000
2902.979248 2315.000000
2903.744385 2318.000000
2904.509521 2327.000000
2905.274170 2345.000000
2906.038086 2320.000000
2906.802490 2507.000000
2907.565674 2357.000000
2908.328857 2300.000000
2909.092773 2310.000000
2909.855225 2292.000000
2910.617676 2326.000000
2911.380127 2374.000000
2912.142334 2356.000000
2912.904297 2329.000000
2913.665771 2368.000000
2914.426270 2338.000000
2915.187500 2338.000000
