scanname Scan066
timestamp 2024-03-06 18:22:31
ccdbias 1039.911621
ccdgain 4.045375
sigmaread 10.387852
laserwavenum -0.576999
wavenumcorrection -0.250566
scancount 2
totalexposurems 3075
singleexposurems 3000
measurementstate Unknown
scanmode Auto
snr 67.059364 9.578011 7.561375
replacelist 0
peaks 16
521.738342 0.172919 0.000000 15.357991 0.001179
637.209961 0.096140 0.000000 0.095767 0.000009
666.376648 0.096513 0.000000 9.599319 0.000792
687.856384 0.093838 0.000000 11.944891 0.001039
703.910217 0.071472 0.000000 1.817515 0.000041
708.688843 0.094789 0.000000 7.271330 0.000667
809.039185 0.095880 0.000000 0.321733 0.000041
819.567200 0.095802 0.000000 0.135943 0.000009
840.115723 0.099974 0.000000 0.207772 0.000025
886.583374 0.102010 0.000000 0.198504 0.000014
933.800659 0.112034 0.000000 0.536186 0.000089
1003.100525 0.117244 0.000000 3.584529 0.000482
1029.766357 0.099403 0.000000 0.287402 0.000078
1340.536255 0.103347 0.000000 0.102948 0.000015
1395.923828 0.131202 0.000000 0.373237 0.000092
1600.980835 0.112816 0.000000 0.279152 0.000168
finalresult GLS_NoMatch 0
spectrum 2048
-92.108925 48.319492
-89.483719 48.563511
-86.860397 55.816757
-84.238960 53.291595
-81.619408 52.589455
-79.001747 54.845032
-76.385963 54.072800
-73.772057 56.606739
-71.160034 56.398369
-68.549889 50.934193
-65.941605 49.787083
-63.335197 48.504906
-60.730663 45.870766
-58.127995 42.012993
-55.527187 39.665783
-52.928249 38.042492
-50.331173 34.741016
-47.735950 32.505333
-45.142586 29.156225
-42.551083 26.515835
-39.961433 23.909580
-37.373631 20.928272
-34.787674 18.372923
-32.203571 16.264221
-29.621311 14.192552
-27.040890 12.251893
-24.462320 10.876156
-21.885593 9.408264
-19.310692 7.894220
-16.737629 5.970633
-14.166408 0.647953
-11.597016 0.222519
-9.029449 0.175143
-6.463709 0.178846
-3.899803 0.192907
-1.337722 0.205698
1.222546 0.211219
3.780992 0.203249
6.337613 0.263432
8.892418 0.884592
11.445415 1.172431
13.996598 1.231463
16.545965 1.200624
19.093523 1.179711
21.639284 1.208004
24.183235 1.155279
26.725378 1.233172
29.265720 1.204404
31.804268 1.071290
34.341015 1.133464
36.875977 1.228702
39.409130 1.023247
41.940498 1.134923
44.470078 1.131798
46.997856 1.044809
49.523865 0.986550
52.048096 1.087307
54.570538 0.967921
57.091194 1.085376
59.610062 0.960781
62.127171 0.745204
64.642502 1.004341
67.156044 0.895550
69.667831 0.868826
72.177841 0.962483
74.686104 0.770676
77.192589 0.826266
79.697296 0.912560
82.200256 0.844566
84.701469 0.729591
87.200890 0.678839
89.698570 0.841001
92.194504 0.736828
94.688683 0.672728
97.181114 0.764600
99.671783 0.793623
102.160713 0.655569
104.647903 0.675337
107.133347 0.635013
109.617043 0.669788
112.098999 0.494078
114.579231 0.628147
117.057716 0.543590
119.534470 0.610599
122.009499 0.585459
124.482780 0.408199
126.954330 0.471314
129.424179 0.472349
131.892273 0.409150
134.358658 0.376742
136.823334 0.365338
139.286285 0.357910
141.747513 0.342674
144.207016 0.365692
146.664780 0.337210
149.120880 0.328446
151.575241 0.319006
154.027924 0.311634
156.478882 0.307413
158.928131 0.300882
161.375687 0.293841
163.821518 0.284280
166.265671 0.275191
168.708099 0.267602
171.148849 0.266620
173.587921 0.258910
176.025284 0.254855
178.460953 0.252315
180.894913 0.256434
183.327240 0.253822
185.757828 0.257073
188.186752 0.262114
190.613983 0.261979
193.039551 0.265338
195.463440 0.269518
197.885651 0.275104
200.306183 0.275578
202.725021 0.277737
205.142181 0.284698
207.557709 0.282463
209.971542 0.284743
212.383743 0.288430
214.794250 0.288755
217.203110 0.286037
219.610260 0.291286
222.015793 0.289030
224.419662 0.288068
226.821869 0.289584
229.222443 0.286346
231.621353 0.285088
234.018600 0.281742
236.414215 0.278371
238.808167 0.273476
241.200439 0.267663
243.591095 0.265015
245.980118 0.259257
248.367508 0.253538
250.753250 0.247696
253.137360 0.244101
255.519821 0.238276
257.900635 0.231784
260.279846 0.227217
262.657410 0.222536
265.033325 0.220259
267.407654 0.214376
269.780334 0.207855
272.151398 0.202953
274.520844 0.196825
276.888641 0.193199
279.254822 0.186099
281.619415 0.183772
283.982361 0.179666
286.343689 0.175120
288.703430 0.170157
291.061554 0.166671
293.418060 0.164116
295.772949 0.160646
298.126221 0.156380
300.477936 0.155481
302.828033 0.154123
305.176544 0.153496
307.523407 0.148473
309.868683 0.149581
312.212372 0.147334
314.554443 0.145114
316.894958 0.142420
319.233887 0.141085
321.571198 0.142285
323.906952 0.139625
326.241058 0.137998
328.573639 0.138164
330.904633 0.135410
333.234009 0.134864
335.561829 0.132997
337.888062 0.134852
340.212708 0.133221
342.535797 0.131876
344.857300 0.130033
347.177277 0.128257
349.495636 0.127426
351.812408 0.125252
354.127625 0.125627
356.441284 0.124491
358.753387 0.123286
361.063904 0.120480
363.372864 0.120037
365.680298 0.118211
367.986176 0.122135
370.290466 0.118253
372.593170 0.119302
374.894379 0.118534
377.194031 0.116759
379.492096 0.117535
381.788635 0.116797
384.083618 0.117061
386.377075 0.115225
388.669037 0.115309
390.959351 0.115316
393.248169 0.112836
395.535461 0.116581
397.821198 0.113744
400.105316 0.114066
402.388000 0.113405
404.669128 0.114595
406.948730 0.111446
409.226807 0.112846
411.503387 0.113042
413.778381 0.111643
416.051880 0.110265
418.323853 0.109161
420.594269 0.111823
422.863220 0.112028
425.130615 0.110521
427.396484 0.111360
429.660889 0.109875
431.923737 0.110063
434.184998 0.107492
436.444855 0.107362
438.703156 0.106827
440.959961 0.109181
443.215240 0.106222
445.469055 0.107379
447.721375 0.106825
449.972168 0.105615
452.221436 0.109217
454.469238 0.106088
456.715515 0.106028
458.960297 0.106979
461.203613 0.104848
463.445404 0.105003
465.685699 0.104456
467.924530 0.103810
470.161835 0.104270
472.397644 0.104627
474.631989 0.105537
476.864868 0.103767
479.096222 0.104353
481.326111 0.105772
483.554535 0.104588
485.781494 0.103075
488.006958 0.103748
490.230927 0.104836
492.453430 0.103854
494.674469 0.103609
496.894043 0.103350
499.112122 0.104732
501.328735 0.105194
503.543884 0.105116
505.757568 0.104255
507.969788 0.105618
510.180511 0.107427
512.389771 0.108591
514.597595 0.117591
516.804016 0.137218
519.008972 0.161083
521.212402 0.176262
523.414368 0.174601
525.614929 0.152481
527.814026 0.128664
530.011780 0.112502
532.207886 0.105216
534.402649 0.104751
536.595947 0.100856
538.787842 0.101480
540.978271 0.097934
543.167175 0.098491
545.354736 0.097801
547.540833 0.099887
549.725403 0.098038
551.908691 0.096556
554.090454 0.096407
556.270813 0.095152
558.449707 0.097100
560.627197 0.095155
562.803223 0.096048
564.977844 0.094423
567.151062 0.096916
569.322937 0.096096
571.493225 0.096973
573.662170 0.095689
575.829590 0.095580
577.995667 0.096038
580.160339 0.095914
582.323608 0.095964
584.485474 0.096643
586.645874 0.095647
588.804810 0.097017
590.962463 0.095587
593.118652 0.093342
595.273376 0.093677
597.426758 0.096115
599.578735 0.095350
601.729309 0.095052
603.878418 0.095309
606.026184 0.096475
608.172546 0.096255
610.317444 0.094838
612.460938 0.095333
614.603088 0.096452
616.743896 0.097658
618.883179 0.096271
621.021240 0.096797
623.157837 0.097008
625.292908 0.094872
627.426819 0.096198
629.559204 0.095353
631.690186 0.095406
633.819885 0.096158
635.947998 0.095478
638.075012 0.095336
640.200439 0.094899
642.324646 0.096511
644.447205 0.097913
646.568604 0.096090
648.688538 0.093175
650.807129 0.095084
652.924377 0.093570
655.040222 0.092740
657.154724 0.094257
659.267883 0.090416
661.379517 0.091564
663.489929 0.092020
665.598999 0.093983
667.706665 0.090908
669.812927 0.089581
671.917786 0.079146
674.021362 0.043585
676.123657 0.022768
678.224426 0.016217
680.323853 0.031721
682.421997 0.067352
684.518738 0.085577
686.614197 0.088579
688.708374 0.090121
690.800964 0.086660
692.892395 0.067975
694.982483 0.040030
697.071106 0.029873
699.158447 0.034534
701.244507 0.054211
703.329102 0.080468
705.412415 0.089236
707.494324 0.091259
709.575012 0.091364
711.654236 0.091247
713.732117 0.091424
715.808777 0.091662
717.884094 0.091930
719.958008 0.091611
722.030701 0.090362
724.101929 0.089176
726.171875 0.092803
728.240540 0.089964
730.307861 0.089412
732.373840 0.088876
734.438538 0.090252
736.501770 0.090371
738.563782 0.089891
740.624512 0.089112
742.683838 0.089826
744.741943 0.089517
746.798584 0.090882
748.854004 0.090448
750.908142 0.090609
752.960938 0.092284
755.012451 0.091861
757.062561 0.092229
759.111450 0.091530
761.158997 0.091640
763.205200 0.093830
765.250183 0.092613
767.293823 0.093117
769.336121 0.092269
771.377197 0.091686
773.416870 0.090904
775.455322 0.090933
777.492371 0.091658
779.528137 0.090684
781.562683 0.092194
783.595947 0.090299
785.627869 0.092429
787.658508 0.091083
789.687866 0.092316
791.716003 0.089905
793.742737 0.090454
795.768250 0.088137
797.792419 0.091694
799.815308 0.091743
801.836914 0.094690
803.857300 0.094289
805.876343 0.095678
807.894104 0.095495
809.910645 0.096557
811.925903 0.094591
813.939819 0.094766
815.952393 0.094406
817.963806 0.094796
819.973877 0.095364
821.982849 0.096199
823.990295 0.094169
825.996704 0.095673
828.001709 0.096815
830.005371 0.097483
832.007935 0.097972
834.009033 0.096722
836.009094 0.098147
838.007690 0.101636
840.005188 0.101175
842.001343 0.100611
843.996338 0.098859
845.989929 0.099882
847.982300 0.098886
849.973450 0.096451
851.963379 0.098538
853.951904 0.097931
855.939331 0.098023
857.925354 0.099817
859.910278 0.097206
861.893860 0.098611
863.876221 0.096505
865.857361 0.098328
867.837158 0.099514
869.815857 0.101379
871.793152 0.102207
873.769348 0.099907
875.744202 0.100321
877.717896 0.099408
879.690247 0.102851
881.661438 0.104261
883.631287 0.101880
885.600098 0.099137
887.567444 0.101889
889.533691 0.101135
891.498657 0.101880
893.462341 0.102091
895.424927 0.101214
897.386169 0.099964
899.346252 0.100095
901.304993 0.100909
903.262634 0.096534
905.218994 0.097625
907.174255 0.096033
909.128113 0.095431
911.080872 0.095222
913.032227 0.096437
914.982544 0.098187
916.931519 0.097997
918.879395 0.100696
920.825928 0.102725
922.771240 0.103958
924.715454 0.104378
926.658447 0.108947
928.600220 0.107092
930.540588 0.113188
932.479919 0.111241
934.417969 0.111901
936.354980 0.111586
938.290588 0.110111
940.225098 0.108437
942.158264 0.106581
944.090454 0.105070
946.021240 0.104800
947.950928 0.105261
949.879333 0.104565
951.806641 0.102155
953.732483 0.101144
955.657349 0.101831
957.581055 0.100880
959.503418 0.099863
961.424805 0.098511
963.344788 0.099074
965.263611 0.096588
967.181274 0.096333
969.097839 0.093203
971.013000 0.093961
972.927185 0.091249
974.840027 0.092550
976.751770 0.093178
978.662231 0.091340
980.571655 0.090500
982.479736 0.090924
984.386658 0.089671
986.292480 0.090945
988.197021 0.093283
990.100586 0.094074
992.002747 0.095384
993.903809 0.095550
995.803650 0.097623
997.702454 0.103413
999.599915 0.111141
1001.496399 0.115027
1003.391357 0.118381
1005.285522 0.115860
1007.178284 0.107391
1009.070007 0.100742
1010.960510 0.096143
1012.849731 0.094221
1014.737976 0.091876
1016.624878 0.090482
1018.510803 0.092007
1020.395264 0.093799
1022.278870 0.095154
1024.161133 0.097196
1026.042480 0.098218
1027.922363 0.098633
1029.801270 0.100331
1031.678955 0.097431
1033.555542 0.099384
1035.430908 0.097451
1037.305054 0.094516
1039.177979 0.092439
1041.049927 0.094271
1042.920654 0.092615
1044.790161 0.090242
1046.658813 0.089490
1048.525879 0.088712
1050.392212 0.086820
1052.257080 0.087305
1054.120972 0.086901
1055.983643 0.086434
1057.845215 0.085514
1059.705566 0.085179
1061.564819 0.087067
1063.422852 0.086882
1065.279907 0.085258
1067.135742 0.087817
1068.990479 0.084102
1070.843750 0.085440
1072.696289 0.084324
1074.547607 0.083949
1076.397705 0.084812
1078.246704 0.085810
1080.094604 0.084423
1081.941284 0.086074
1083.786865 0.085298
1085.631348 0.084090
1087.474609 0.084384
1089.316772 0.083100
1091.157959 0.085487
1092.997803 0.084082
1094.836792 0.084875
1096.674438 0.080523
1098.510864 0.084087
1100.346436 0.084365
1102.180542 0.083874
1104.013794 0.083003
1105.845825 0.081351
1107.676636 0.084023
1109.506470 0.084903
1111.335205 0.086499
1113.162842 0.084939
1114.989258 0.087237
1116.814575 0.086408
1118.638794 0.086250
1120.461914 0.085951
1122.283813 0.088832
1124.104980 0.088312
1125.924561 0.086397
1127.743286 0.088584
1129.560791 0.087457
1131.377197 0.087217
1133.192505 0.087275
1135.006714 0.085779
1136.819824 0.090069
1138.631958 0.088757
1140.442871 0.089083
1142.252563 0.087448
1144.061279 0.087277
1145.868774 0.087714
1147.675537 0.090368
1149.480835 0.088057
1151.285034 0.088579
1153.088135 0.089389
1154.890259 0.087091
1156.691284 0.089014
1158.491211 0.087264
1160.289917 0.087261
1162.087524 0.088565
1163.884277 0.086796
1165.679688 0.086286
1167.474121 0.085469
1169.267456 0.087012
1171.059692 0.089440
1172.850830 0.084948
1174.640991 0.087263
1176.429810 0.087144
1178.217773 0.087566
1180.004395 0.088025
1181.790161 0.083714
1183.574829 0.087101
1185.358398 0.086140
1187.140869 0.087727
1188.922119 0.089539
1190.702393 0.087108
1192.481567 0.089031
1194.259644 0.089907
1196.036865 0.086884
1197.812744 0.087182
1199.587402 0.089824
1201.361450 0.089005
1203.134155 0.089888
1204.905762 0.086770
1206.676392 0.089954
1208.446045 0.090908
1210.214355 0.091749
1211.981812 0.090270
1213.748047 0.088638
1215.513306 0.090363
1217.277466 0.090590
1219.040405 0.090289
1220.802490 0.092124
1222.563354 0.090327
1224.323364 0.091003
1226.082275 0.091166
1227.839844 0.091819
1229.596680 0.092806
1231.352295 0.092590
1233.106812 0.094290
1234.860352 0.093289
1236.612793 0.096248
1238.364258 0.096308
1240.114380 0.094241
1241.863770 0.092257
1243.611938 0.092560
1245.359131 0.093161
1247.105103 0.091995
1248.850220 0.094239
1250.594116 0.094415
1252.337036 0.094718
1254.078979 0.093673
1255.819824 0.091357
1257.559570 0.092033
1259.298340 0.092377
1261.036011 0.093915
1262.772583 0.094187
1264.508179 0.093066
1266.242798 0.094106
1267.976196 0.096577
1269.708618 0.093528
1271.440186 0.092554
1273.170288 0.092666
1274.899658 0.095738
1276.628052 0.094584
1278.355103 0.092978
1280.081421 0.096007
1281.806396 0.094744
1283.530640 0.097112
1285.253540 0.096887
1286.975708 0.098165
1288.696655 0.098295
1290.416748 0.100828
1292.135620 0.096417
1293.853516 0.096236
1295.570313 0.099718
1297.286133 0.097298
1299.000732 0.099027
1300.714600 0.097375
1302.427246 0.099842
1304.138916 0.096988
1305.849731 0.098191
1307.559326 0.099379
1309.267944 0.099083
1310.975464 0.096569
1312.682007 0.099214
1314.387451 0.098941
1316.092041 0.098956
1317.795410 0.096832
1319.497925 0.096637
1321.199341 0.097133
1322.899780 0.098508
1324.598999 0.101441
1326.297485 0.099881
1327.994873 0.101559
1329.691040 0.100620
1331.386353 0.102643
1333.080566 0.100962
1334.773926 0.103945
1336.466187 0.103708
1338.157349 0.102166
1339.847534 0.104071
1341.536865 0.103732
1343.224976 0.102912
1344.912231 0.102755
1346.598267 0.102136
1348.283447 0.102454
1349.967407 0.102649
1351.650635 0.101795
1353.332642 0.102003
1355.013794 0.104843
1356.694092 0.109734
1358.373169 0.109077
1360.051147 0.111253
1361.728149 0.110558
1363.404419 0.111606
1365.079468 0.114138
1366.753296 0.113326
1368.426514 0.116623
1370.098633 0.117356
1371.769531 0.115477
1373.439819 0.120981
1375.108765 0.119250
1376.776733 0.121178
1378.443726 0.120137
1380.110107 0.124105
1381.775024 0.121502
1383.439087 0.122381
1385.102173 0.124807
1386.764038 0.127920
1388.425293 0.128482
1390.085449 0.126572
1391.744385 0.130266
1393.402588 0.131775
1395.059692 0.131972
1396.715698 0.131385
1398.370850 0.130446
1400.025024 0.127790
1401.678345 0.128766
1403.330200 0.125758
1404.981567 0.122967
1406.631592 0.121606
1408.281006 0.118651
1409.929077 0.116518
1411.576172 0.112685
1413.222656 0.109759
1414.867798 0.106680
1416.512207 0.105852
1418.155273 0.106001
1419.797729 0.105471
1421.439087 0.104191
1423.079346 0.104221
1424.718628 0.101350
1426.357056 0.101312
1427.994385 0.099228
1429.630859 0.100462
1431.266357 0.102280
1432.900757 0.098972
1434.534302 0.102294
1436.166748 0.103799
1437.798340 0.101624
1439.429077 0.100813
1441.058716 0.099616
1442.687134 0.100087
1444.314819 0.103073
1445.941528 0.101183
1447.567261 0.101130
1449.191895 0.099197
1450.815796 0.099246
1452.438477 0.103621
1454.060425 0.098541
1455.681274 0.099496
1457.301147 0.098458
1458.920044 0.096780
1460.537964 0.097399
1462.154907 0.098050
1463.771118 0.095785
1465.386230 0.094458
1467.000244 0.092682
1468.613525 0.093890
1470.225586 0.092499
1471.836792 0.094310
1473.447144 0.091382
1475.056641 0.090882
1476.664673 0.090449
1478.272217 0.090045
1479.878662 0.090801
1481.484131 0.090305
1483.088623 0.088183
1484.692261 0.089890
1486.294556 0.091390
1487.896362 0.090687
1489.497192 0.091815
1491.096802 0.089739
1492.695557 0.090969
1494.293579 0.088440
1495.890259 0.090547
1497.486206 0.088127
1499.081299 0.090243
1500.675171 0.090671
1502.268433 0.091990
1503.860474 0.091579
1505.451538 0.091154
1507.041870 0.089864
1508.631104 0.091712
1510.219482 0.090051
1511.807007 0.090513
1513.393311 0.090679
1514.978760 0.090742
1516.563477 0.091487
1518.147217 0.092815
1519.729614 0.088023
1521.311401 0.090951
1522.892334 0.092646
1524.472290 0.091557
1526.051025 0.091830
1527.628906 0.091259
1529.206177 0.093250
1530.782104 0.096644
1532.357178 0.091950
1533.931519 0.095677
1535.504761 0.093807
1537.077393 0.096634
1538.648438 0.094055
1540.218872 0.094840
1541.788574 0.095488
1543.357178 0.092861
1544.924927 0.097667
1546.491699 0.099050
1548.057373 0.097348
1549.622070 0.095501
1551.186157 0.098894
1552.749268 0.100377
1554.311401 0.101090
1555.872437 0.100347
1557.432739 0.098151
1558.991943 0.096722
1560.550537 0.098625
1562.107910 0.100086
1563.664429 0.099607
1565.219971 0.097867
1566.774536 0.100552
1568.328369 0.099725
1569.881226 0.099014
1571.433105 0.101889
1572.984131 0.102961
1574.534058 0.102580
1576.083130 0.102784
1577.631592 0.103579
1579.178589 0.105268
1580.725098 0.103782
1582.270630 0.106145
1583.815308 0.105681
1585.358521 0.103958
1586.901367 0.103604
1588.443115 0.104612
1589.984009 0.104381
1591.523804 0.103641
1593.062988 0.108218
1594.600952 0.109026
1596.138062 0.109575
1597.674438 0.110089
1599.209839 0.111328
1600.744385 0.115922
1602.277710 0.113963
1603.810425 0.110682
1605.342285 0.105624
1606.873047 0.107531
1608.402832 0.105447
1609.931885 0.098907
1611.459961 0.100609
1612.986938 0.099063
1614.513428 0.101585
1616.038696 0.098279
1617.563232 0.097296
1619.086426 0.096542
1620.609375 0.095725
1622.131104 0.091264
1623.651855 0.092508
1625.171631 0.095955
1626.690918 0.091598
1628.208862 0.093137
1629.726196 0.090584
1631.242310 0.090632
1632.757813 0.095945
1634.272461 0.094011
1635.785889 0.090221
1637.298584 0.090035
1638.810425 0.089143
1640.321411 0.091730
1641.831421 0.088674
1643.340332 0.087511
1644.848633 0.086090
1646.355957 0.082984
1647.862305 0.084355
1649.367676 0.083066
1650.872559 0.081303
1652.376343 0.081565
1653.879150 0.079460
1655.380981 0.082528
1656.882202 0.081301
1658.382446 0.079629
1659.881592 0.077090
1661.379883 0.080243
1662.877441 0.074486
1664.373901 0.078180
1665.869629 0.078697
1667.364380 0.075996
1668.858398 0.075912
1670.351440 0.077892
1671.843506 0.078184
1673.334961 0.076388
1674.825195 0.075772
1676.314697 0.076060
1677.803345 0.075634
1679.291016 0.071353
1680.778076 0.072718
1682.263794 0.074499
1683.748901 0.072355
1685.233276 0.072260
1686.716187 0.072369
1688.198730 0.074222
1689.680176 0.074519
1691.160889 0.071831
1692.640625 0.069792
1694.119629 0.069904
1695.597534 0.070969
1697.074829 0.068466
1698.550781 0.071167
1700.026367 0.073410
1701.500732 0.071007
1702.974487 0.071876
1704.447144 0.071185
1705.919189 0.071636
1707.390137 0.067226
1708.859985 0.069224
1710.329346 0.069155
1711.797852 0.070644
1713.265259 0.068147
1714.731934 0.066816
1716.197388 0.071125
1717.662476 0.069609
1719.126465 0.066455
1720.589600 0.071060
1722.051758 0.066750
1723.513306 0.064395
1724.973877 0.067588
1726.433228 0.067768
1727.892212 0.068253
1729.350098 0.067606
1730.807251 0.068055
1732.263184 0.067438
1733.718506 0.066246
1735.173096 0.067416
1736.626465 0.069148
1738.079224 0.065581
1739.531128 0.066388
1740.982056 0.065214
1742.432007 0.066331
1743.881470 0.066257
1745.329712 0.063938
1746.777466 0.065924
1748.223877 0.064236
1749.669800 0.063026
1751.114746 0.066265
1752.558838 0.066219
1754.001953 0.063533
1755.444214 0.063550
1756.885742 0.064439
1758.326416 0.063497
1759.766113 0.065408
1761.205078 0.062871
1762.643188 0.062443
1764.080322 0.062400
1765.516724 0.064777
1766.952271 0.064381
1768.386841 0.062333
1769.820557 0.065278
1771.253418 0.064729
1772.685669 0.060366
1774.116943 0.064814
1775.546997 0.063361
1776.976563 0.064486
1778.405518 0.063174
1779.833130 0.061538
1781.259888 0.061061
1782.686157 0.062669
1784.111572 0.065308
1785.535645 0.062828
1786.959351 0.061170
1788.382080 0.059656
1789.803955 0.057420
1791.224854 0.063481
1792.645142 0.062351
1794.064453 0.065122
1795.482910 0.059804
1796.900391 0.061911
1798.317261 0.061755
1799.733154 0.059725
1801.148071 0.058460
1802.562378 0.063776
1803.975830 0.062270
1805.388550 0.061293
1806.800049 0.059285
1808.210938 0.062991
1809.620972 0.059617
1811.030273 0.062639
1812.438232 0.062352
1813.845947 0.063109
1815.252686 0.060549
1816.658325 0.060278
1818.063232 0.063546
1819.467285 0.061014
1820.870728 0.060654
1822.273071 0.058725
1823.674805 0.059964
1825.075684 0.063914
1826.475586 0.060788
1827.874512 0.058988
1829.272827 0.062632
1830.670166 0.062766
1832.066895 0.059645
1833.462524 0.063038
1834.857544 0.057739
1836.251709 0.060473
1837.644897 0.060646
1839.037231 0.061937
1840.428955 0.059883
1841.819702 0.059094
1843.209717 0.061387
1844.598511 0.060074
1845.986938 0.056949
1847.374512 0.060769
1848.760864 0.062748
1850.146606 0.056465
1851.531738 0.062404
1852.915771 0.063421
1854.298950 0.062760
1855.681641 0.060062
1857.062988 0.060348
1858.443970 0.056427
1859.823730 0.061270
1861.203003 0.055549
1862.581421 0.058144
1863.958984 0.063312
1865.335571 0.062132
1866.711304 0.058256
1868.086304 0.064934
1869.460327 0.057677
1870.833740 0.059080
1872.206421 0.059542
1873.578125 0.052196
1874.948975 0.058217
1876.319092 0.060207
1877.688477 0.059723
1879.057007 0.057577
1880.424316 0.055783
1881.791260 0.058062
1883.157104 0.060403
1884.522461 0.059310
1885.886719 0.059426
1887.250122 0.059520
1888.612915 0.059664
1889.974731 0.059168
1891.335938 0.055974
1892.696167 0.059940
1894.055542 0.057426
1895.414063 0.057409
1896.771851 0.054766
1898.128906 0.056924
1899.485229 0.057744
1900.840454 0.058780
1902.194946 0.059700
1903.548828 0.056204
1904.901855 0.057015
1906.253662 0.056837
1907.604980 0.059644
1908.955688 0.058390
1910.305298 0.058493
1911.653931 0.059772
1913.002197 0.057089
1914.349365 0.056456
1915.695679 0.058348
1917.041260 0.053987
1918.386230 0.058202
1919.730347 0.054599
1921.073364 0.056491
1922.415771 0.056285
1923.757324 0.059733
1925.098389 0.054801
1926.438110 0.056333
1927.777344 0.058173
1929.115723 0.053181
1930.453369 0.051834
1931.789917 0.054731
1933.125732 0.056262
1934.460938 0.056747
1935.795166 0.057081
1937.128784 0.057060
1938.461426 0.055417
1939.793579 0.055739
1941.124634 0.056934
1942.455078 0.053320
1943.784546 0.057631
1945.113403 0.055615
1946.440918 0.055267
1947.768066 0.056760
1949.094604 0.055059
1950.420044 0.055366
1951.744629 0.056405
1953.068726 0.058352
1954.391724 0.056658
1955.713989 0.051165
1957.035645 0.054215
1958.356079 0.057389
1959.676270 0.052907
1960.995239 0.057016
1962.313721 0.054960
1963.631348 0.057548
1964.948242 0.056613
1966.264038 0.054881
1967.579102 0.054923
1968.893555 0.053854
1970.207153 0.054699
1971.519531 0.052538
1972.831909 0.054114
1974.143066 0.052312
1975.453369 0.056510
1976.762939 0.054906
1978.071899 0.053303
1979.380005 0.053414
1980.687012 0.051608
1981.993408 0.058881
1983.299316 0.055151
1984.604248 0.052152
1985.908081 0.051436
1987.211548 0.050078
1988.514038 0.053028
1989.815796 0.056448
1991.116699 0.055708
1992.416748 0.050810
1993.716064 0.051187
1995.014526 0.052295
1996.312500 0.055600
1997.609619 0.053960
1998.905762 0.054443
2000.201050 0.052692
2001.495728 0.048199
2002.789673 0.045244
2004.082764 0.051833
2005.375122 0.050191
2006.666626 0.051726
2007.957275 0.055371
2009.247314 0.053888
2010.536377 0.052227
2011.824829 0.052858
2013.112427 0.054525
2014.399414 0.051748
2015.685181 0.050600
2016.970703 0.049824
2018.255371 0.053710
2019.538696 0.055455
2020.821655 0.052226
2022.104004 0.055507
2023.385132 0.050467
2024.665771 0.052469
2025.945557 0.050144
2027.224854 0.051216
2028.503052 0.051480
2029.780518 0.051102
2031.057251 0.049703
2032.333252 0.051562
2033.608398 0.050508
2034.882813 0.051538
2036.156372 0.052715
2037.429321 0.050360
2038.701172 0.052966
2039.972656 0.052655
2041.243164 0.049478
2042.513184 0.052318
2043.781860 0.049788
2045.050171 0.055973
2046.317749 0.048647
2047.584229 0.050377
2048.849854 0.048132
2050.114990 0.048937
2051.379639 0.052413
2052.643311 0.051183
2053.905762 0.055006
2055.167969 0.049176
2056.429199 0.051891
2057.689697 0.048639
2058.949463 0.051223
2060.208496 0.050009
2061.466797 0.052138
2062.724121 0.051705
2063.980957 0.053728
2065.236816 0.056638
2066.491943 0.046595
2067.746338 0.049187
2069.000244 0.052246
2070.252930 0.050137
2071.505371 0.047958
2072.756348 0.050516
2074.006836 0.054279
2075.256836 0.046724
2076.505859 0.054071
2077.754150 0.045820
2079.001709 0.045238
2080.248535 0.048773
2081.494385 0.053057
2082.739746 0.048409
2083.984375 0.049505
2085.228027 0.050062
2086.470703 0.054397
2087.712891 0.050444
2088.954834 0.051845
2090.195557 0.049389
2091.435059 0.051063
2092.674561 0.051654
2093.912842 0.048093
2095.150635 0.046280
2096.387695 0.048032
2097.623535 0.045868
2098.859131 0.051650
2100.093750 0.051742
2101.327637 0.048882
2102.561035 0.048608
2103.793213 0.050332
2105.024658 0.052114
2106.255859 0.051662
2107.486084 0.054872
2108.715332 0.049463
2109.943848 0.049773
2111.171631 0.052273
2112.398926 0.052538
2113.625488 0.050578
2114.850830 0.050552
2116.075684 0.051900
2117.299805 0.050981
2118.522949 0.051911
2119.745850 0.052699
2120.968018 0.049925
2122.189209 0.050057
2123.409180 0.047048
2124.628906 0.053463
2125.847900 0.054805
2127.066406 0.052638
2128.283447 0.053070
2129.500000 0.051649
2130.715820 0.051032
2131.931152 0.054400
2133.145752 0.056983
2134.359375 0.052156
2135.572266 0.060233
2136.784424 0.051472
2137.995605 0.051845
2139.206543 0.050349
2140.416748 0.054854
2141.625732 0.054236
2142.833984 0.051986
2144.041992 0.055857
2145.249023 0.049419
2146.455078 0.053038
2147.660645 0.053192
2148.865479 0.050901
2150.069580 0.054966
2151.272461 0.050620
2152.475586 0.054600
2153.677246 0.051709
2154.878174 0.054876
2156.078369 0.056232
2157.278076 0.051595
2158.477051 0.055657
2159.674805 0.051865
2160.872314 0.052550
2162.069092 0.056595
2163.265137 0.054582
2164.459961 0.052283
2165.654541 0.053474
2166.848389 0.048683
2168.041504 0.051948
2169.233643 0.056631
2170.425049 0.050649
2171.616211 0.052886
2172.806152 0.055306
2173.995361 0.054930
2175.183838 0.052799
2176.371582 0.052853
2177.558594 0.055042
2178.745361 0.054428
2179.930908 0.054112
2181.115967 0.052667
2182.299805 0.054569
2183.483643 0.056414
2184.666260 0.051496
2185.848389 0.051030
2187.029053 0.051517
2188.209961 0.053467
2189.390137 0.052517
2190.569092 0.052862
2191.747314 0.055010
2192.925293 0.048235
2194.102051 0.047082
2195.277832 0.051072
2196.453369 0.048475
2197.628174 0.048947
2198.802490 0.049281
2199.975342 0.047006
2201.147949 0.046607
2202.319824 0.043580
2203.491211 0.046772
2204.661621 0.045953
2205.831299 0.049293
2207.000488 0.047470
2208.168457 0.046454
2209.335938 0.048590
2210.502686 0.043021
2211.668945 0.051072
2212.833984 0.045689
2213.998535 0.052917
2215.162598 0.048174
2216.325928 0.047310
2217.488281 0.045879
2218.649902 0.039194
2219.811279 0.048501
2220.971436 0.045467
2222.131104 0.046068
2223.290039 0.049088
2224.448242 0.044793
2225.605713 0.047524
2226.762207 0.043763
2227.918457 0.037795
2229.073486 0.048060
2230.228271 0.043445
2231.381836 0.048515
2232.535156 0.052569
2233.687500 0.041379
2234.839111 0.043197
2235.990234 0.048956
2237.140625 0.047225
2238.290283 0.054795
2239.438965 0.038466
2240.587402 0.046132
2241.735107 0.041804
2242.881592 0.042993
2244.027344 0.043122
2245.173096 0.045135
2246.317383 0.040942
2247.461426 0.039963
2248.604736 0.042310
2249.747070 0.042872
2250.889160 0.043530
2252.029785 0.045976
2253.170654 0.044730
2254.310059 0.043131
2255.448975 0.045021
2256.587402 0.042358
2257.724854 0.046803
2258.861572 0.041210
2259.997803 0.042441
2261.133057 0.038793
2262.267822 0.047410
2263.401855 0.043490
2264.535400 0.045342
2265.667725 0.043762
2266.799805 0.050131
2267.931152 0.041248
2269.061279 0.048016
2270.191162 0.042776
2271.320801 0.040503
2272.448730 0.040461
2273.576416 0.047016
2274.703613 0.049560
2275.829834 0.041720
2276.955566 0.044909
2278.080078 0.038872
2279.204590 0.047901
2280.328125 0.043086
2281.450928 0.047246
2282.572998 0.040796
2283.694336 0.053680
2284.815186 0.042847
2285.934814 0.044475
2287.054443 0.039848
2288.172852 0.041085
2289.290771 0.046512
2290.408203 0.038800
2291.524658 0.035433
2292.640625 0.046083
2293.755859 0.045643
2294.870117 0.040182
2295.983887 0.044825
2297.097168 0.042851
2298.209717 0.040725
2299.320801 0.045341
2300.432129 0.040168
2301.542236 0.040944
2302.651855 0.044715
2303.760742 0.044252
2304.869385 0.038058
2305.976563 0.042990
2307.083496 0.045291
2308.189697 0.041599
2309.295166 0.040649
2310.400146 0.035310
2311.503906 0.047759
2312.607422 0.043495
2313.710205 0.047123
2314.812256 0.043634
2315.913574 0.042679
2317.014160 0.043515
2318.114258 0.044931
2319.213623 0.037658
2320.312012 0.041984
2321.409912 0.041584
2322.507324 0.038887
2323.603516 0.035303
2324.699707 0.043334
2325.794922 0.044048
2326.889404 0.040376
2327.983154 0.042473
2329.076416 0.044796
2330.168701 0.044733
2331.260742 0.045315
2332.351563 0.042039
2333.442139 0.039852
2334.531982 0.042029
2335.621338 0.044112
2336.709229 0.047814
2337.797119 0.043054
2338.884033 0.037396
2339.970215 0.044414
2341.056152 0.036390
2342.141113 0.040860
2343.225586 0.038723
2344.308838 0.036110
2345.392090 0.039878
2346.474121 0.034752
2347.555664 0.044632
2348.636719 0.041412
2349.717285 0.041147
2350.796631 0.041101
2351.875732 0.037313
2352.953857 0.039907
2354.031494 0.040515
2355.108398 0.038536
2356.184326 0.038041
2357.260010 0.041772
2358.334717 0.040894
2359.409180 0.036640
2360.482422 0.039028
2361.555420 0.037797
2362.627686 0.044318
2363.699463 0.033525
2364.770020 0.046418
2365.840332 0.035965
2366.910156 0.036943
2367.979004 0.047067
2369.046875 0.039441
2370.114502 0.040486
2371.181396 0.039141
2372.247559 0.046988
2373.312988 0.037692
2374.377686 0.041325
2375.442139 0.040429
2376.505615 0.040877
2377.568359 0.038532
2378.630615 0.043381
2379.692383 0.044608
2380.752930 0.038737
2381.813232 0.035535
2382.873291 0.043525
2383.931885 0.040203
2384.989990 0.035569
2386.047852 0.039136
2387.104492 0.039172
2388.160889 0.042925
2389.216064 0.040437
2390.271240 0.046289
2391.325439 0.036700
2392.378906 0.034990
2393.432129 0.042091
2394.484619 0.044546
2395.536133 0.039080
2396.586670 0.029626
2397.637207 0.042134
2398.687012 0.039849
2399.735840 0.047948
2400.784180 0.038782
2401.831787 0.036095
2402.879150 0.042244
2403.925293 0.036903
2404.970947 0.032547
2406.016357 0.037965
2407.061035 0.044128
2408.104492 0.033903
2409.147705 0.035347
2410.189941 0.038378
2411.231934 0.036157
2412.272949 0.039406
2413.313477 0.039469
2414.353760 0.040116
2415.392578 0.043990
2416.430908 0.036032
2417.469238 0.043541
2418.506836 0.038751
2419.543213 0.042291
2420.578857 0.042120
2421.614258 0.039714
2422.649170 0.036709
2423.683350 0.035213
2424.716553 0.041290
2425.749512 0.035135
2426.781494 0.031254
2427.812988 0.043910
2428.843994 0.042871
2429.873779 0.033473
2430.903564 0.036218
2431.932129 0.037092
2432.960449 0.039345
2433.988281 0.043124
2435.015381 0.029526
2436.041260 0.042520
2437.067139 0.038210
2438.092285 0.037988
2439.116699 0.037765
2440.140137 0.029239
2441.163574 0.041278
2442.185791 0.040608
2443.208008 0.045353
2444.229004 0.034448
2445.249756 0.039022
2446.269531 0.035452
2447.288574 0.039781
2448.307373 0.034500
2449.325684 0.039274
2450.343018 0.038341
2451.359863 0.035987
2452.375488 0.040784
2453.391357 0.034545
2454.406250 0.036190
2455.420166 0.039741
2456.434082 0.035629
2457.447266 0.033602
2458.458984 0.037778
2459.470703 0.039335
2460.482178 0.035922
2461.492432 0.041870
2462.501953 0.041611
2463.511475 0.036220
2464.520020 0.034839
2465.528076 0.036124
2466.535156 0.025757
2467.541748 0.035587
2468.548096 0.037120
2469.553467 0.039977
2470.557861 0.041757
2471.562256 0.032282
2472.565918 0.034219
2473.568848 0.037929
2474.570801 0.037874
2475.572510 0.036505
2476.573730 0.034629
2477.573975 0.027491
2478.573975 0.037778
2479.572998 0.034312
2480.571777 0.032156
2481.569336 0.041890
2482.566650 0.034412
2483.563721 0.036247
2484.559814 0.037686
2485.554932 0.036516
2486.549561 0.029851
2487.543945 0.032889
2488.537109 0.045395
2489.530029 0.034850
2490.522705 0.043337
2491.514648 0.034363
2492.505615 0.035137
2493.496094 0.036660
2494.486328 0.035588
2495.475098 0.038674
2496.464111 0.037920
2497.452393 0.034440
2498.439453 0.034904
2499.426270 0.037201
2500.412842 0.033952
2501.397949 0.040520
2502.382813 0.036721
2503.367432 0.034471
2504.351074 0.030148
2505.334229 0.038924
2506.316895 0.037163
2507.298584 0.026594
2508.280518 0.037636
2509.260742 0.038456
2510.240723 0.033048
2511.220459 0.033069
2512.199219 0.026988
2513.177246 0.031229
2514.155273 0.030522
2515.132080 0.035659
2516.108887 0.040318
2517.084717 0.038881
2518.059570 0.025247
2519.034668 0.035591
2520.008545 0.027262
2520.981689 0.033972
2521.954590 0.038767
2522.927002 0.040786
2523.898438 0.039277
2524.869629 0.042334
2525.839844 0.034541
2526.810059 0.038861
2527.779053 0.040310
2528.747559 0.036618
2529.715820 0.033576
2530.683105 0.031545
2531.649902 0.029707
2532.616211 0.031902
2533.581543 0.035876
2534.547119 0.036576
2535.511475 0.034557
2536.475098 0.032295
2537.438721 0.026028
2538.401123 0.024133
2539.363037 0.042218
2540.324707 0.039364
2541.285645 0.036594
2542.245850 0.037304
2543.205566 0.039542
2544.164795 0.045899
2545.123291 0.036888
2546.081055 0.031319
2547.038330 0.030109
2547.995361 0.024271
2548.951416 0.027872
2549.906494 0.039439
2550.861816 0.035343
2551.815918 0.037743
2552.769775 0.035175
2553.723633 0.046201
2554.675781 0.037119
2555.628174 0.032639
2556.579102 0.032001
2557.530029 0.044062
2558.480713 0.030539
2559.430420 0.036212
2560.379395 0.034034
2561.328125 0.030010
2562.275635 0.031632
2563.223633 0.040848
2564.170410 0.039590
2565.116455 0.033718
2566.062500 0.026797
2567.007080 0.045533
2567.951416 0.034928
2568.895264 0.025990
2569.838379 0.032734
2570.781250 0.036017
2571.723633 0.031023
2572.665527 0.028134
2573.606689 0.031623
2574.546631 0.028327
2575.486328 0.038951
2576.425781 0.035875
2577.364502 0.025920
2578.302734 0.030578
2579.240234 0.032766
2580.177246 0.029331
2581.113525 0.034432
2582.049561 0.036491
2582.984619 0.028904
2583.919922 0.034985
2584.853760 0.028738
2585.787354 0.039153
2586.720703 0.042399
2587.652832 0.030872
2588.584229 0.031815
2589.516113 0.032675
2590.446289 0.034592
2591.377197 0.037253
2592.306396 0.033557
2593.235596 0.036191
2594.164307 0.037462
2595.092041 0.027744
2596.019287 0.027938
2596.946289 0.036460
2597.872314 0.036892
2598.797607 0.045183
2599.722900 0.032803
2600.647461 0.029383
2601.571777 0.040104
2602.495117 0.041233
2603.417969 0.034294
2604.340332 0.023882
2605.261963 0.027955
2606.182617 0.031240
2607.103760 0.024417
2608.023682 0.025010
2608.943848 0.029233
2609.862305 0.034063
2610.780518 0.031323
2611.698975 0.036247
2612.615967 0.034800
2613.532227 0.036523
2614.448975 0.034430
2615.364746 0.026516
2616.279541 0.027640
2617.194336 0.024738
2618.108398 0.032339
2619.021973 0.036125
2619.934814 0.030559
2620.846191 0.025188
2621.758789 0.035012
2622.669922 0.030540
2623.580566 0.032961
2624.490967 0.034032
2625.400391 0.039394
2626.309082 0.036699
2627.217773 0.024635
2628.125977 0.019477
2629.033936 0.033070
2629.940186 0.022904
2630.846680 0.030778
2631.752686 0.032956
2632.657715 0.030521
2633.562012 0.027188
2634.466797 0.029726
2635.370117 0.029656
2636.273682 0.049176
2637.175781 0.030490
2638.077637 0.032852
2638.979248 0.029705
2639.880371 0.016379
2640.780762 0.040410
2641.680908 0.024112
2642.579834 0.030288
2643.478760 0.020856
2644.377441 0.030333
2645.274902 0.031843
2646.172363 0.023045
2647.068604 0.031744
2647.964844 0.036293
2648.860596 0.037760
2649.755859 0.024128
2650.649902 0.030507
2651.544434 0.031582
2652.437744 0.026717
2653.330322 0.032701
2654.223633 0.030676
2655.115234 0.027864
2656.006836 0.037978
2656.897461 0.033818
2657.787354 0.025802
2658.677734 0.032796
2659.566650 0.022477
2660.455322 0.047126
2661.344238 0.032001
2662.231445 0.036862
2663.119141 0.028276
2664.005615 0.023049
2664.891357 0.023818
2665.777832 0.027072
2666.662598 0.027715
2667.546631 0.030162
2668.431152 0.037632
2669.314697 0.028470
2670.197510 0.034874
2671.080322 0.027172
2671.962158 0.013939
2672.843994 0.025459
2673.725098 0.028939
2674.604980 0.034961
2675.485352 0.012266
2676.364502 0.032120
2677.243408 0.029695
2678.122070 0.033226
2679.000244 0.034456
2679.877930 0.024658
2680.754395 0.034981
2681.630615 0.039496
2682.506836 0.035659
2683.382324 0.019873
2684.257080 0.027285
2685.131836 0.042052
2686.005127 0.025155
2686.878662 0.037046
2687.751465 0.011620
2688.623535 0.028568
2689.495850 0.027869
2690.366699 0.030299
2691.237793 0.022032
2692.108154 0.039545
2692.978027 0.018106
2693.847168 0.037698
2694.716309 0.025187
2695.584473 0.030236
2696.452148 0.035456
2697.319824 0.026581
2698.186523 0.034447
2699.053467 0.036163
2699.918701 0.017835
2700.783691 0.019267
2701.649414 0.028076
2702.513672 0.026885
2703.376953 0.027592
2704.240967 0.030934
2705.103760 0.018128
2705.966064 0.040844
2706.827881 0.040868
2707.689209 0.009124
2708.550781 0.020197
2709.410645 0.030215
2710.270508 0.027518
2711.130615 0.030610
2711.989502 0.028449
2712.847656 0.022136
2713.705811 0.016913
2714.563232 0.037492
2715.420654 0.024536
2716.277100 0.038567
2717.132813 0.029856
2717.989014 0.031860
2718.843994 0.022530
2719.698242 0.036706
2720.552734 0.028531
2721.406250 0.025093
2722.260010 0.025571
2723.112305 0.024659
2723.964844 0.029955
2724.816650 0.018354
2725.667969 0.024646
2726.518311 0.024768
2727.369385 0.023613
2728.218750 0.017144
2729.067871 0.034992
2729.917236 0.036369
2730.765869 0.024262
2731.614014 0.038202
2732.461426 0.021790
2733.308105 0.015397
2734.155029 0.022627
2735.000977 0.032381
2735.846436 0.030439
2736.691895 0.013572
2737.536377 0.030708
2738.380615 0.020255
2739.224609 0.026399
2740.067871 0.025881
2740.911133 0.034663
2741.753418 0.021341
2742.595215 0.020147
2743.437012 0.024524
2744.277588 0.029806
2745.118164 0.015641
2745.958496 0.023731
2746.797852 0.020945
2747.637695 0.038514
2748.476074 0.033884
2749.313965 0.002897
2750.152588 0.027101
2750.989746 0.033253
2751.826416 0.028793
2752.663086 0.020779
2753.499023 0.031304
2754.334473 0.028800
2755.169678 0.020142
2756.004150 0.026438
2756.838623 0.017610
2757.672363 0.031436
2758.505615 0.016537
2759.338379 0.016592
2760.170898 0.028793
2761.002686 0.026235
2761.834473 -0.006886
2762.665283 0.015565
2763.496338 0.018806
2764.326172 0.030012
2765.156250 0.029720
2765.985596 0.029175
2766.813965 0.026652
2767.642578 0.035515
2768.470947 0.025440
2769.298340 0.017657
2770.124756 0.029642
2770.952148 0.016544
2771.778076 0.035551
2772.604004 0.023285
2773.429688 0.023611
2774.254150 0.021583
2775.078857 0.031102
2775.903076 0.031191
2776.726318 0.024198
2777.549805 0.024122
2778.372314 0.036351
2779.194580 0.031021
2780.016846 0.030246
2780.838379 0.017184
2781.659668 0.027652
2782.480225 0.007415
2783.300293 0.024019
2784.120117 0.007913
2784.939453 0.041392
2785.758057 0.007928
2786.577148 0.024630
2787.395020 0.027318
2788.212891 0.020180
2789.030029 0.030280
2789.846680 0.012418
2790.663330 0.017196
2791.479004 0.032215
2792.294678 0.018912
2793.110107 0.009247
2793.924316 0.023863
2794.739014 0.026701
2795.553223 0.019179
2796.366455 0.020571
2797.179932 0.029341
2797.992188 0.026003
2798.804199 0.022246
2799.616455 0.031977
2800.427734 0.036176
2801.238770 0.020742
2802.049561 0.024129
2802.859619 0.037283
2803.669434 0.033735
2804.479004 0.019594
2805.287842 0.015172
2806.096680 0.024672
2806.905029 0.018398
2807.712402 0.030923
2808.520508 0.027689
2809.326904 0.030743
2810.133789 0.018676
2810.940186 0.030805
2811.745361 0.022491
2812.551025 0.024142
2813.356201 0.021788
2814.160645 0.038409
2814.964844 0.047634
2815.768555 0.016664
2816.572021 0.007665
2817.375244 0.037912
2818.177734 0.007016
2818.979980 0.005176
2819.781738 0.024362
2820.583008 0.022928
2821.384766 0.016354
2822.185059 0.015483
2822.985840 0.039523
2823.785645 0.028722
2824.584961 0.002427
2825.383789 0.030768
2826.183105 0.022003
2826.981201 0.031604
2827.779541 0.042588
2828.576904 0.027458
2829.374023 0.025148
2830.171143 0.015454
2830.967529 0.013017
2831.763184 0.032426
2832.559570 0.042803
2833.354980 0.024292
2834.149414 0.000000
2834.944336 0.013469
2835.738525 0.008676
2836.532715 0.024203
2837.325928 0.024537
2838.119141 0.018416
2838.911865 0.035706
2839.704346 0.041118
2840.495850 0.018899
2841.287598 0.009344
2842.079102 0.027958
2842.869629 0.022245
2843.660645 0.019992
2844.450684 0.030562
2845.240723 0.014583
2846.030029 0.029849
2846.818848 0.033626
2847.608154 0.026654
2848.396240 0.051540
2849.184082 0.032749
2849.972412 0.015858
2850.759033 -0.002659
2851.546631 0.038566
2852.332764 0.035128
2853.118896 0.019255
2853.905273 0.046377
2854.690674 0.035145
2855.475586 0.024708
2856.260742 0.033259
2857.044922 0.009412
2857.828613 0.021066
2858.613037 0.023556
2859.396484 0.008643
2860.179443 0.014948
2860.962402 0.049271
2861.744385 0.044871
2862.526611 0.001926
2863.308105 0.016557
2864.089600 0.043047
2864.870605 0.031781
2865.651123 0.032479
2866.431641 0.013365
2867.211914 0.017394
2867.991455 0.034103
2868.770996 0.016930
2869.549805 0.018690
2870.328613 0.023385
2871.106934 0.018988
2871.884766 0.033062
2872.662354 0.040531
2873.439697 0.018681
2874.216797 0.023577
2874.993652 0.032942
2875.769775 0.039704
2876.545654 0.010475
2877.321777 0.024687
2878.096924 0.044191
2878.871826 0.037113
2879.646973 0.019884
2880.421143 0.014964
2881.195068 0.047795
2881.969238 0.034763
2882.742432 0.033124
2883.515625 0.041640
2884.288086 0.049736
2885.060791 0.039164
2885.833008 0.018642
2886.604736 0.030364
2887.376221 0.025435
2888.148193 0.033011
2888.918457 0.020782
2889.689453 0.022716
2890.459473 0.026584
2891.229492 0.030991
2891.999756 0.047118
2892.768066 0.014239
2893.537109 0.019375
2894.306152 0.037639
2895.074707 0.036135
2895.842773 0.028567
2896.610840 0.028392
2897.378418 0.046267
2898.145508 0.037348
2898.912354 0.034336
2899.678955 0.023275
2900.445557 0.025007
2901.211426 0.034182
2901.977539 -0.005718
2902.742676 0.031070
2903.507813 0.008482
2904.272949 0.049085
2905.037598 0.029888
2905.801514 0.082409
2906.565918 0.021153
2907.329102 0.043737
2908.092285 0.023048
2908.856201 0.032319
2909.618652 0.049880
2910.381104 0.040084
2911.143555 0.036572
2911.905762 0.041656
2912.667725 0.040605
2913.429199 0.022803
2914.189697 -0.003861
2914.950928 -0.003860
spectrumdark 2048
-92.108925 4732.000000
-89.483719 4732.000000
-86.860397 5012.000000
-84.238960 4473.000000
-81.619408 4503.000000
-79.001747 4283.000000
-76.385963 4800.000000
-73.772057 4802.000000
-71.160034 4510.000000
-68.549889 4484.000000
-65.941605 4311.000000
-63.335197 4290.000000
-60.730663 4253.000000
-58.127995 4485.000000
-55.527187 4509.000000
-52.928249 4466.000000
-50.331173 4664.000000
-47.735950 4587.000000
-45.142586 4552.000000
-42.551083 4599.000000
-39.961433 4660.000000
-37.373631 4305.000000
-34.787674 4287.000000
-32.203571 4518.000000
-29.621311 4606.000000
-27.040890 4692.000000
-24.462320 4664.000000
-21.885593 4680.000000
-19.310692 4325.000000
-16.737629 4465.000000
-14.166408 4513.000000
-11.597016 4509.000000
-9.029449 4281.000000
-6.463709 4247.000000
-3.899803 4395.000000
-1.337722 4504.000000
1.222546 4639.000000
3.780992 4470.000000
6.337613 4487.000000
8.892418 4502.000000
11.445415 4394.000000
13.996598 4391.000000
16.545965 4661.000000
19.093523 4444.000000
21.639284 4250.000000
24.183235 4873.000000
26.725378 4183.000000
29.265720 5163.000000
31.804268 4953.000000
34.341015 4733.000000
36.875977 4335.000000
39.409130 4651.000000
41.940498 4615.000000
44.470078 4666.000000
46.997856 4350.000000
49.523865 4626.000000
52.048096 4771.000000
54.570538 4439.000000
57.091194 4301.000000
59.610062 4580.000000
62.127171 4857.000000
64.642502 4766.000000
67.156044 4692.000000
69.667831 4540.000000
72.177841 4382.000000
74.686104 4448.000000
77.192589 4433.000000
79.697296 4729.000000
82.200256 4298.000000
84.701469 4473.000000
87.200890 4652.000000
89.698570 4487.000000
92.194504 4782.000000
94.688683 4481.000000
97.181114 4266.000000
99.671783 4525.000000
102.160713 4682.000000
104.647903 4585.000000
107.133347 4123.000000
109.617043 4590.000000
112.098999 4383.000000
114.579231 4412.000000
117.057716 4523.000000
119.534470 4510.000000
122.009499 4670.000000
124.482780 4636.000000
126.954330 4542.000000
129.424179 4460.000000
131.892273 4570.000000
134.358658 4554.000000
136.823334 4646.000000
139.286285 4617.000000
141.747513 4421.000000
144.207016 4354.000000
146.664780 4454.000000
149.120880 4949.000000
151.575241 4667.000000
154.027924 4470.000000
156.478882 4696.000000
158.928131 4697.000000
161.375687 4535.000000
163.821518 4640.000000
166.265671 4492.000000
168.708099 4782.000000
171.148849 4544.000000
173.587921 4603.000000
176.025284 4860.000000
178.460953 4921.000000
180.894913 4441.000000
183.327240 4704.000000
185.757828 4547.000000
188.186752 4701.000000
190.613983 4710.000000
193.039551 4435.000000
195.463440 4337.000000
197.885651 4466.000000
200.306183 4654.000000
202.725021 4938.000000
205.142181 4578.000000
207.557709 4446.000000
209.971542 4709.000000
212.383743 4401.000000
214.794250 4730.000000
217.203110 4621.000000
219.610260 4174.000000
222.015793 4323.000000
224.419662 4443.000000
226.821869 4480.000000
229.222443 4695.000000
231.621353 4545.000000
234.018600 4479.000000
236.414215 4891.000000
238.808167 4912.000000
241.200439 4736.000000
243.591095 4695.000000
245.980118 4747.000000
248.367508 4439.000000
250.753250 4557.000000
253.137360 4660.000000
255.519821 4840.000000
257.900635 4731.000000
260.279846 4648.000000
262.657410 4636.000000
265.033325 4401.000000
267.407654 4692.000000
269.780334 4843.000000
272.151398 4576.000000
274.520844 4788.000000
276.888641 4390.000000
279.254822 4284.000000
281.619415 4211.000000
283.982361 4597.000000
286.343689 4514.000000
288.703430 4552.000000
291.061554 4628.000000
293.418060 4931.000000
295.772949 4667.000000
298.126221 4902.000000
300.477936 4757.000000
302.828033 4438.000000
305.176544 4479.000000
307.523407 5096.000000
309.868683 4621.000000
312.212372 4643.000000
314.554443 4598.000000
316.894958 4278.000000
319.233887 4521.000000
321.571198 4460.000000
323.906952 4243.000000
326.241058 4437.000000
328.573639 4485.000000
330.904633 4455.000000
333.234009 4765.000000
335.561829 4707.000000
337.888062 4587.000000
340.212708 4532.000000
342.535797 4494.000000
344.857300 4839.000000
347.177277 4498.000000
349.495636 4404.000000
351.812408 5094.000000
354.127625 5117.000000
356.441284 4556.000000
358.753387 4369.000000
361.063904 4693.000000
363.372864 4533.000000
365.680298 4723.000000
367.986176 4750.000000
370.290466 4862.000000
372.593170 4435.000000
374.894379 4534.000000
377.194031 4771.000000
379.492096 4461.000000
381.788635 4473.000000
384.083618 4548.000000
386.377075 4924.000000
388.669037 4472.000000
390.959351 4635.000000
393.248169 4659.000000
395.535461 4437.000000
397.821198 4709.000000
400.105316 4817.000000
402.388000 5076.000000
404.669128 4807.000000
406.948730 5315.000000
409.226807 4752.000000
411.503387 4830.000000
413.778381 5537.000000
416.051880 6439.000000
418.323853 6751.000000
420.594269 6506.000000
422.863220 5858.000000
425.130615 4895.000000
427.396484 4482.000000
429.660889 4811.000000
431.923737 4989.000000
434.184998 4473.000000
436.444855 4432.000000
438.703156 4418.000000
440.959961 4363.000000
443.215240 4266.000000
445.469055 4604.000000
447.721375 4138.000000
449.972168 4437.000000
452.221436 4443.000000
454.469238 4397.000000
456.715515 4738.000000
458.960297 4385.000000
461.203613 4574.000000
463.445404 4355.000000
465.685699 4335.000000
467.924530 4522.000000
470.161835 4528.000000
472.397644 4598.000000
474.631989 4315.000000
476.864868 4656.000000
479.096222 4754.000000
481.326111 4550.000000
483.554535 4748.000000
485.781494 4819.000000
488.006958 4773.000000
490.230927 4569.000000
492.453430 4573.000000
494.674469 4725.000000
496.894043 4798.000000
499.112122 4695.000000
501.328735 4767.000000
503.543884 4398.000000
505.757568 4562.000000
507.969788 4744.000000
510.180511 4575.000000
512.389771 4790.000000
514.597595 4485.000000
516.804016 4537.000000
519.008972 4625.000000
521.212402 4798.000000
523.414368 4353.000000
525.614929 4743.000000
527.814026 4790.000000
530.011780 4766.000000
532.207886 4873.000000
534.402649 4898.000000
536.595947 5022.000000
538.787842 4573.000000
540.978271 4553.000000
543.167175 4511.000000
545.354736 4414.000000
547.540833 4144.000000
549.725403 4298.000000
551.908691 4542.000000
554.090454 4251.000000
556.270813 4285.000000
558.449707 4630.000000
560.627197 4541.000000
562.803223 4525.000000
564.977844 4507.000000
567.151062 4607.000000
569.322937 4638.000000
571.493225 4418.000000
573.662170 4718.000000
575.829590 4742.000000
577.995667 4723.000000
580.160339 4725.000000
582.323608 4550.000000
584.485474 4569.000000
586.645874 4664.000000
588.804810 4746.000000
590.962463 4455.000000
593.118652 4285.000000
595.273376 4475.000000
597.426758 4746.000000
599.578735 4465.000000
601.729309 4399.000000
603.878418 4498.000000
606.026184 4927.000000
608.172546 4676.000000
610.317444 4611.000000
612.460938 4495.000000
614.603088 4645.000000
616.743896 4664.000000
618.883179 4590.000000
621.021240 4448.000000
623.157837 4308.000000
625.292908 4902.000000
627.426819 4732.000000
629.559204 4388.000000
631.690186 5517.000000
633.819885 4685.000000
635.947998 4296.000000
638.075012 5206.000000
640.200439 5021.000000
642.324646 5172.000000
644.447205 4675.000000
646.568604 4532.000000
648.688538 4733.000000
650.807129 4439.000000
652.924377 4781.000000
655.040222 4698.000000
657.154724 4277.000000
659.267883 4652.000000
661.379517 4956.000000
663.489929 4576.000000
665.598999 4489.000000
667.706665 4723.000000
669.812927 4534.000000
671.917786 4913.000000
674.021362 7321.000000
676.123657 8280.000000
678.224426 8563.000000
680.323853 8181.000000
682.421997 5950.000000
684.518738 4788.000000
686.614197 4766.000000
688.708374 5460.000000
690.800964 5120.000000
692.892395 6465.000000
694.982483 8350.000000
697.071106 9281.000000
699.158447 8573.000000
701.244507 7289.000000
703.329102 5476.000000
705.412415 4424.000000
707.494324 4751.000000
709.575012 4487.000000
711.654236 4638.000000
713.732117 4585.000000
715.808777 4693.000000
717.884094 4611.000000
719.958008 4638.000000
722.030701 4377.000000
724.101929 4686.000000
726.171875 4439.000000
728.240540 4403.000000
730.307861 5081.000000
732.373840 4500.000000
734.438538 4521.000000
736.501770 4743.000000
738.563782 4432.000000
740.624512 4819.000000
742.683838 4701.000000
744.741943 4715.000000
746.798584 4403.000000
748.854004 4550.000000
750.908142 4298.000000
752.960938 4856.000000
755.012451 4328.000000
757.062561 4412.000000
759.111450 4537.000000
761.158997 4493.000000
763.205200 4660.000000
765.250183 4462.000000
767.293823 5138.000000
769.336121 4639.000000
771.377197 4478.000000
773.416870 4609.000000
775.455322 4717.000000
777.492371 4657.000000
779.528137 4620.000000
781.562683 4452.000000
783.595947 4255.000000
785.627869 4651.000000
787.658508 4391.000000
789.687866 4241.000000
791.716003 4526.000000
793.742737 4566.000000
795.768250 4868.000000
797.792419 4519.000000
799.815308 4414.000000
801.836914 4756.000000
803.857300 4545.000000
805.876343 5144.000000
807.894104 4734.000000
809.910645 4400.000000
811.925903 4433.000000
813.939819 4824.000000
815.952393 4480.000000
817.963806 4537.000000
819.973877 4421.000000
821.982849 4696.000000
823.990295 4520.000000
825.996704 4612.000000
828.001709 4403.000000
830.005371 4494.000000
832.007935 4354.000000
834.009033 4478.000000
836.009094 4449.000000
838.007690 4547.000000
840.005188 4293.000000
842.001343 4353.000000
843.996338 4469.000000
845.989929 4459.000000
847.982300 4638.000000
849.973450 4803.000000
851.963379 4539.000000
853.951904 4483.000000
855.939331 4495.000000
857.925354 4437.000000
859.910278 4711.000000
861.893860 4308.000000
863.876221 4759.000000
865.857361 4543.000000
867.837158 4543.000000
869.815857 4484.000000
871.793152 5109.000000
873.769348 4699.000000
875.744202 4562.000000
877.717896 4702.000000
879.690247 4453.000000
881.661438 4490.000000
883.631287 4730.000000
885.600098 4680.000000
887.567444 4381.000000
889.533691 4423.000000
891.498657 4549.000000
893.462341 5222.000000
895.424927 4632.000000
897.386169 4431.000000
899.346252 4703.000000
901.304993 4479.000000
903.262634 4306.000000
905.218994 4648.000000
907.174255 4540.000000
909.128113 4703.000000
911.080872 4234.000000
913.032227 4257.000000
914.982544 4432.000000
916.931519 4561.000000
918.879395 4527.000000
920.825928 4205.000000
922.771240 4572.000000
924.715454 4501.000000
926.658447 4263.000000
928.600220 4663.000000
930.540588 4391.000000
932.479919 4565.000000
934.417969 4467.000000
936.354980 4536.000000
938.290588 4418.000000
940.225098 4526.000000
942.158264 4144.000000
944.090454 4532.000000
946.021240 4317.000000
947.950928 4285.000000
949.879333 4861.000000
951.806641 4657.000000
953.732483 4629.000000
955.657349 4643.000000
957.581055 4336.000000
959.503418 4767.000000
961.424805 4248.000000
963.344788 4866.000000
965.263611 4456.000000
967.181274 4425.000000
969.097839 4991.000000
971.013000 4502.000000
972.927185 4732.000000
974.840027 4442.000000
976.751770 4523.000000
978.662231 4467.000000
980.571655 4681.000000
982.479736 4492.000000
984.386658 4605.000000
986.292480 4467.000000
988.197021 4544.000000
990.100586 5003.000000
992.002747 4393.000000
993.903809 4583.000000
995.803650 4480.000000
997.702454 4448.000000
999.599915 4536.000000
1001.496399 4447.000000
1003.391357 5059.000000
1005.285522 4278.000000
1007.178284 4540.000000
1009.070007 4613.000000
1010.960510 4322.000000
1012.849731 4598.000000
1014.737976 4476.000000
1016.624878 4497.000000
1018.510803 4466.000000
1020.395264 4434.000000
1022.278870 4125.000000
1024.161133 4225.000000
1026.042480 4767.000000
1027.922363 4722.000000
1029.801270 4429.000000
1031.678955 4724.000000
1033.555542 4651.000000
1035.430908 4355.000000
1037.305054 4389.000000
1039.177979 4188.000000
1041.049927 4182.000000
1042.920654 4499.000000
1044.790161 4522.000000
1046.658813 4532.000000
1048.525879 4288.000000
1050.392212 4637.000000
1052.257080 4344.000000
1054.120972 4374.000000
1055.983643 4368.000000
1057.845215 4364.000000
1059.705566 4434.000000
1061.564819 4626.000000
1063.422852 4637.000000
1065.279907 4938.000000
1067.135742 4394.000000
1068.990479 4356.000000
1070.843750 4445.000000
1072.696289 4651.000000
1074.547607 4512.000000
1076.397705 4560.000000
1078.246704 4245.000000
1080.094604 4439.000000
1081.941284 5163.000000
1083.786865 4678.000000
1085.631348 4473.000000
1087.474609 4347.000000
1089.316772 4623.000000
1091.157959 4339.000000
1092.997803 4269.000000
1094.836792 4431.000000
1096.674438 5634.000000
1098.510864 4335.000000
1100.346436 4379.000000
1102.180542 4276.000000
1104.013794 4575.000000
1105.845825 4789.000000
1107.676636 4420.000000
1109.506470 4254.000000
1111.335205 4581.000000
1113.162842 4392.000000
1114.989258 4280.000000
1116.814575 4490.000000
1118.638794 4209.000000
1120.461914 4466.000000
1122.283813 4268.000000
1124.104980 4566.000000
1125.924561 4597.000000
1127.743286 4463.000000
1129.560791 4506.000000
1131.377197 4336.000000
1133.192505 4540.000000
1135.006714 4415.000000
1136.819824 4447.000000
1138.631958 4349.000000
1140.442871 4272.000000
1142.252563 4493.000000
1144.061279 4518.000000
1145.868774 4363.000000
1147.675537 4603.000000
1149.480835 4397.000000
1151.285034 4376.000000
1153.088135 4733.000000
1154.890259 4695.000000
1156.691284 4699.000000
1158.491211 4635.000000
1160.289917 4985.000000
1162.087524 4551.000000
1163.884277 4464.000000
1165.679688 4939.000000
1167.474121 4563.000000
1169.267456 4852.000000
1171.059692 4200.000000
1172.850830 5198.000000
1174.640991 4268.000000
1176.429810 4426.000000
1178.217773 8004.000000
1180.004395 4357.000000
1181.790161 4585.000000
1183.574829 4477.000000
1185.358398 4569.000000
1187.140869 4230.000000
1188.922119 4419.000000
1190.702393 4714.000000
1192.481567 4255.000000
1194.259644 4586.000000
1196.036865 4424.000000
1197.812744 4788.000000
1199.587402 4485.000000
1201.361450 4319.000000
1203.134155 4441.000000
1204.905762 4688.000000
1206.676392 4328.000000
1208.446045 4571.000000
1210.214355 4815.000000
1211.981812 4435.000000
1213.748047 4441.000000
1215.513306 4457.000000
1217.277466 4207.000000
1219.040405 4603.000000
1220.802490 4419.000000
1222.563354 4351.000000
1224.323364 4644.000000
1226.082275 4604.000000
1227.839844 4906.000000
1229.596680 4487.000000
1231.352295 4360.000000
1233.106812 4957.000000
1234.860352 4409.000000
1236.612793 4561.000000
1238.364258 4491.000000
1240.114380 4649.000000
1241.863770 4403.000000
1243.611938 4422.000000
1245.359131 4972.000000
1247.105103 4640.000000
1248.850220 4348.000000
1250.594116 4310.000000
1252.337036 4441.000000
1254.078979 4289.000000
1255.819824 4421.000000
1257.559570 4622.000000
1259.298340 4482.000000
1261.036011 4326.000000
1262.772583 4727.000000
1264.508179 4575.000000
1266.242798 4545.000000
1267.976196 4773.000000
1269.708618 4369.000000
1271.440186 4479.000000
1273.170288 4638.000000
1274.899658 4599.000000
1276.628052 4606.000000
1278.355103 4391.000000
1280.081421 4852.000000
1281.806396 4533.000000
1283.530640 4564.000000
1285.253540 4637.000000
1286.975708 4535.000000
1288.696655 4794.000000
1290.416748 4355.000000
1292.135620 4805.000000
1293.853516 4602.000000
1295.570313 4868.000000
1297.286133 4486.000000
1299.000732 4951.000000
1300.714600 4180.000000
1302.427246 4318.000000
1304.138916 4737.000000
1305.849731 5005.000000
1307.559326 4579.000000
1309.267944 4232.000000
1310.975464 4414.000000
1312.682007 4384.000000
1314.387451 4379.000000
1316.092041 4434.000000
1317.795410 4361.000000
1319.497925 4553.000000
1321.199341 4577.000000
1322.899780 4423.000000
1324.598999 4488.000000
1326.297485 4403.000000
1327.994873 4540.000000
1329.691040 4823.000000
1331.386353 4347.000000
1333.080566 4901.000000
1334.773926 4566.000000
1336.466187 4741.000000
1338.157349 4563.000000
1339.847534 4770.000000
1341.536865 4366.000000
1343.224976 4717.000000
1344.912231 4758.000000
1346.598267 4763.000000
1348.283447 5138.000000
1349.967407 5209.000000
1351.650635 4759.000000
1353.332642 4766.000000
1355.013794 4667.000000
1356.694092 4452.000000
1358.373169 4094.000000
1360.051147 4646.000000
1361.728149 4773.000000
1363.404419 4579.000000
1365.079468 4577.000000
1366.753296 4745.000000
1368.426514 4620.000000
1370.098633 4891.000000
1371.769531 4454.000000
1373.439819 4407.000000
1375.108765 4542.000000
1376.776733 4562.000000
1378.443726 4252.000000
1380.110107 4445.000000
1381.775024 4646.000000
1383.439087 4624.000000
1385.102173 4748.000000
1386.764038 4406.000000
1388.425293 4383.000000
1390.085449 4616.000000
1391.744385 4517.000000
1393.402588 4830.000000
1395.059692 4448.000000
1396.715698 4780.000000
1398.370850 4772.000000
1400.025024 4360.000000
1401.678345 4716.000000
1403.330200 4761.000000
1404.981567 4409.000000
1406.631592 4781.000000
1408.281006 4778.000000
1409.929077 4465.000000
1411.576172 4590.000000
1413.222656 4746.000000
1414.867798 4242.000000
1416.512207 4766.000000
1418.155273 4670.000000
1419.797729 4336.000000
1421.439087 4633.000000
1423.079346 4354.000000
1424.718628 4910.000000
1426.357056 4621.000000
1427.994385 4430.000000
1429.630859 4539.000000
1431.266357 4681.000000
1432.900757 5169.000000
1434.534302 4583.000000
1436.166748 4345.000000
1437.798340 4391.000000
1439.429077 4419.000000
1441.058716 4835.000000
1442.687134 4319.000000
1444.314819 4714.000000
1445.941528 4846.000000
1447.567261 4900.000000
1449.191895 4866.000000
1450.815796 4519.000000
1452.438477 5116.000000
1454.060425 4654.000000
1455.681274 4441.000000
1457.301147 4520.000000
1458.920044 4518.000000
1460.537964 4641.000000
1462.154907 4657.000000
1463.771118 4630.000000
1465.386230 4809.000000
1467.000244 4642.000000
1468.613525 4806.000000
1470.225586 4364.000000
1471.836792 4657.000000
1473.447144 4491.000000
1475.056641 4761.000000
1476.664673 4128.000000
1478.272217 4436.000000
1479.878662 4566.000000
1481.484131 4599.000000
1483.088623 4343.000000
1484.692261 4454.000000
1486.294556 4577.000000
1487.896362 4521.000000
1489.497192 4854.000000
1491.096802 4498.000000
1492.695557 4741.000000
1494.293579 4746.000000
1495.890259 4623.000000
1497.486206 4441.000000
1499.081299 4514.000000
1500.675171 4664.000000
1502.268433 4708.000000
1503.860474 4318.000000
1505.451538 4459.000000
1507.041870 4372.000000
1508.631104 4450.000000
1510.219482 4645.000000
1511.807007 4365.000000
1513.393311 4683.000000
1514.978760 4518.000000
1516.563477 4573.000000
1518.147217 4643.000000
1519.729614 4538.000000
1521.311401 4620.000000
1522.892334 4278.000000
1524.472290 4518.000000
1526.051025 4579.000000
1527.628906 4569.000000
1529.206177 4558.000000
1530.782104 4353.000000
1532.357178 4460.000000
1533.931519 4474.000000
1535.504761 4684.000000
1537.077393 4289.000000
1538.648438 4670.000000
1540.218872 4974.000000
1541.788574 4633.000000
1543.357178 4882.000000
1544.924927 4491.000000
1546.491699 4857.000000
1548.057373 4758.000000
1549.622070 4312.000000
1551.186157 4666.000000
1552.749268 4559.000000
1554.311401 4504.000000
1555.872437 4545.000000
1557.432739 4692.000000
1558.991943 4680.000000
1560.550537 4551.000000
1562.107910 4436.000000
1563.664429 4740.000000
1565.219971 4532.000000
1566.774536 4865.000000
1568.328369 4668.000000
1569.881226 4433.000000
1571.433105 4345.000000
1572.984131 4628.000000
1574.534058 4619.000000
1576.083130 4388.000000
1577.631592 4592.000000
1579.178589 4259.000000
1580.725098 4553.000000
1582.270630 4304.000000
1583.815308 4380.000000
1585.358521 4570.000000
1586.901367 4752.000000
1588.443115 4422.000000
1589.984009 4498.000000
1591.523804 4949.000000
1593.062988 4704.000000
1594.600952 4501.000000
1596.138062 4497.000000
1597.674438 4806.000000
1599.209839 4616.000000
1600.744385 4241.000000
1602.277710 4680.000000
1603.810425 4690.000000
1605.342285 4462.000000
1606.873047 4506.000000
1608.402832 4827.000000
1609.931885 4945.000000
1611.459961 4924.000000
1612.986938 4352.000000
1614.513428 4513.000000
1616.038696 4766.000000
1617.563232 4671.000000
1619.086426 4450.000000
1620.609375 4568.000000
1622.131104 4523.000000
1623.651855 4842.000000
1625.171631 4454.000000
1626.690918 4549.000000
1628.208862 4442.000000
1629.726196 4703.000000
1631.242310 4885.000000
1632.757813 4513.000000
1634.272461 4492.000000
1635.785889 4749.000000
1637.298584 4563.000000
1638.810425 4859.000000
1640.321411 4591.000000
1641.831421 4537.000000
1643.340332 4431.000000
1644.848633 4591.000000
1646.355957 4518.000000
1647.862305 4266.000000
1649.367676 4423.000000
1650.872559 4464.000000
1652.376343 4795.000000
1653.879150 4629.000000
1655.380981 4481.000000
1656.882202 4767.000000
1658.382446 4449.000000
1659.881592 4490.000000
1661.379883 4415.000000
1662.877441 4659.000000
1664.373901 4535.000000
1665.869629 4667.000000
1667.364380 4540.000000
1668.858398 4424.000000
1670.351440 4684.000000
1671.843506 4530.000000
1673.334961 4579.000000
1674.825195 4321.000000
1676.314697 4389.000000
1677.803345 4774.000000
1679.291016 4604.000000
1680.778076 4758.000000
1682.263794 4279.000000
1683.748901 4508.000000
1685.233276 4510.000000
1686.716187 4492.000000
1688.198730 4562.000000
1689.680176 4535.000000
1691.160889 4417.000000
1692.640625 4545.000000
1694.119629 4638.000000
1695.597534 4970.000000
1697.074829 4547.000000
1698.550781 4619.000000
1700.026367 4779.000000
1701.500732 4494.000000
1702.974487 4594.000000
1704.447144 4871.000000
1705.919189 4788.000000
1707.390137 4632.000000
1708.859985 4353.000000
1710.329346 4437.000000
1711.797852 4287.000000
1713.265259 4456.000000
1714.731934 6021.000000
1716.197388 4663.000000
1717.662476 4980.000000
1719.126465 4728.000000
1720.589600 4069.000000
1722.051758 4816.000000
1723.513306 4502.000000
1724.973877 4425.000000
1726.433228 5069.000000
1727.892212 4759.000000
1729.350098 5120.000000
1730.807251 4525.000000
1732.263184 4379.000000
1733.718506 5043.000000
1735.173096 4380.000000
1736.626465 4310.000000
1738.079224 4687.000000
1739.531128 4820.000000
1740.982056 4551.000000
1742.432007 4545.000000
1743.881470 4502.000000
1745.329712 4586.000000
1746.777466 4540.000000
1748.223877 4547.000000
1749.669800 4644.000000
1751.114746 5013.000000
1752.558838 4416.000000
1754.001953 5202.000000
1755.444214 4559.000000
1756.885742 4569.000000
1758.326416 4732.000000
1759.766113 4513.000000
1761.205078 4336.000000
1762.643188 4623.000000
1764.080322 4612.000000
1765.516724 4386.000000
1766.952271 4700.000000
1768.386841 4509.000000
1769.820557 4547.000000
1771.253418 4514.000000
1772.685669 4993.000000
1774.116943 4418.000000
1775.546997 4756.000000
1776.976563 4882.000000
1778.405518 4749.000000
1779.833130 4856.000000
1781.259888 4418.000000
1782.686157 4833.000000
1784.111572 4545.000000
1785.535645 5076.000000
1786.959351 4252.000000
1788.382080 4501.000000
1789.803955 4532.000000
1791.224854 4511.000000
1792.645142 4408.000000
1794.064453 4466.000000
1795.482910 4760.000000
1796.900391 4718.000000
1798.317261 4447.000000
1799.733154 4494.000000
1801.148071 4690.000000
1802.562378 4489.000000
1803.975830 4621.000000
1805.388550 4231.000000
1806.800049 4517.000000
1808.210938 4470.000000
1809.620972 4615.000000
1811.030273 4319.000000
1812.438232 4618.000000
1813.845947 4492.000000
1815.252686 4601.000000
1816.658325 4738.000000
1818.063232 4447.000000
1819.467285 4414.000000
1820.870728 4576.000000
1822.273071 4435.000000
1823.674805 4357.000000
1825.075684 4378.000000
1826.475586 4780.000000
1827.874512 4585.000000
1829.272827 4466.000000
1830.670166 4522.000000
1832.066895 4497.000000
1833.462524 4373.000000
1834.857544 4758.000000
1836.251709 4729.000000
1837.644897 4332.000000
1839.037231 4523.000000
1840.428955 4676.000000
1841.819702 4493.000000
1843.209717 4411.000000
1844.598511 4421.000000
1845.986938 4498.000000
1847.374512 4873.000000
1848.760864 4743.000000
1850.146606 4231.000000
1851.531738 4395.000000
1852.915771 4408.000000
1854.298950 4459.000000
1855.681641 4807.000000
1857.062988 4599.000000
1858.443970 4560.000000
1859.823730 4297.000000
1861.203003 4751.000000
1862.581421 4695.000000
1863.958984 4303.000000
1865.335571 4589.000000
1866.711304 4792.000000
1868.086304 4244.000000
1869.460327 4959.000000
1870.833740 4183.000000
1872.206421 4578.000000
1873.578125 4618.000000
1874.948975 4741.000000
1876.319092 4407.000000
1877.688477 5027.000000
1879.057007 4886.000000
1880.424316 4505.000000
1881.791260 5406.000000
1883.157104 4079.000000
1884.522461 4808.000000
1885.886719 4329.000000
1887.250122 4303.000000
1888.612915 4385.000000
1889.974731 4400.000000
1891.335938 4418.000000
1892.696167 4399.000000
1894.055542 4059.000000
1895.414063 4783.000000
1896.771851 4796.000000
1898.128906 4792.000000
1899.485229 4630.000000
1900.840454 4470.000000
1902.194946 4446.000000
1903.548828 4801.000000
1904.901855 4237.000000
1906.253662 4770.000000
1907.604980 4401.000000
1908.955688 4756.000000
1910.305298 4783.000000
1911.653931 4346.000000
1913.002197 4452.000000
1914.349365 4438.000000
1915.695679 4766.000000
1917.041260 4475.000000
1918.386230 4472.000000
1919.730347 5049.000000
1921.073364 4778.000000
1922.415771 4533.000000
1923.757324 4571.000000
1925.098389 4650.000000
1926.438110 4474.000000
1927.777344 4560.000000
1929.115723 4795.000000
1930.453369 4792.000000
1931.789917 4554.000000
1933.125732 4489.000000
1934.460938 4496.000000
1935.795166 4506.000000
1937.128784 4182.000000
1938.461426 4153.000000
1939.793579 4490.000000
1941.124634 4409.000000
1942.455078 4485.000000
1943.784546 4241.000000
1945.113403 4607.000000
1946.440918 4393.000000
1947.768066 4435.000000
1949.094604 4535.000000
1950.420044 4194.000000
1951.744629 4447.000000
1953.068726 4750.000000
1954.391724 4550.000000
1955.713989 4562.000000
1957.035645 4537.000000
1958.356079 4158.000000
1959.676270 4486.000000
1960.995239 4521.000000
1962.313721 4249.000000
1963.631348 4536.000000
1964.948242 4221.000000
1966.264038 4550.000000
1967.579102 4398.000000
1968.893555 4403.000000
1970.207153 4854.000000
1971.519531 4359.000000
1972.831909 4389.000000
1974.143066 4681.000000
1975.453369 4588.000000
1976.762939 4334.000000
1978.071899 4686.000000
1979.380005 4747.000000
1980.687012 4843.000000
1981.993408 4261.000000
1983.299316 4437.000000
1984.604248 4760.000000
1985.908081 4655.000000
1987.211548 4731.000000
1988.514038 4880.000000
1989.815796 4512.000000
1991.116699 4813.000000
1992.416748 4724.000000
1993.716064 4231.000000
1995.014526 4506.000000
1996.312500 4410.000000
1997.609619 4744.000000
1998.905762 4450.000000
2000.201050 4414.000000
2001.495728 4533.000000
2002.789673 4630.000000
2004.082764 4629.000000
2005.375122 4392.000000
2006.666626 4665.000000
2007.957275 4503.000000
2009.247314 4472.000000
2010.536377 4723.000000
2011.824829 4302.000000
2013.112427 4463.000000
2014.399414 4182.000000
2015.685181 5005.000000
2016.970703 4663.000000
2018.255371 4301.000000
2019.538696 4542.000000
2020.821655 4429.000000
2022.104004 4607.000000
2023.385132 4627.000000
2024.665771 4651.000000
2025.945557 5146.000000
2027.224854 4835.000000
2028.503052 4447.000000
2029.780518 4636.000000
2031.057251 4547.000000
2032.333252 4553.000000
2033.608398 4591.000000
2034.882813 4311.000000
2036.156372 4928.000000
2037.429321 4499.000000
2038.701172 4342.000000
2039.972656 4503.000000
2041.243164 4811.000000
2042.513184 4585.000000
2043.781860 4551.000000
2045.050171 4356.000000
2046.317749 4579.000000
2047.584229 4596.000000
2048.849854 4507.000000
2050.114990 4590.000000
2051.379639 4328.000000
2052.643311 4438.000000
2053.905762 4769.000000
2055.167969 4359.000000
2056.429199 4485.000000
2057.689697 4673.000000
2058.949463 4696.000000
2060.208496 4750.000000
2061.466797 4571.000000
2062.724121 4471.000000
2063.980957 4487.000000
2065.236816 4510.000000
2066.491943 4544.000000
2067.746338 4623.000000
2069.000244 4451.000000
2070.252930 4692.000000
2071.505371 4538.000000
2072.756348 4272.000000
2074.006836 4855.000000
2075.256836 4487.000000
2076.505859 4742.000000
2077.754150 4992.000000
2079.001709 4613.000000
2080.248535 4427.000000
2081.494385 4460.000000
2082.739746 4525.000000
2083.984375 4329.000000
2085.228027 4707.000000
2086.470703 4742.000000
2087.712891 4896.000000
2088.954834 4388.000000
2090.195557 4752.000000
2091.435059 4600.000000
2092.674561 4633.000000
2093.912842 4941.000000
2095.150635 4645.000000
2096.387695 4553.000000
2097.623535 4785.000000
2098.859131 4558.000000
2100.093750 4914.000000
2101.327637 4391.000000
2102.561035 4758.000000
2103.793213 4720.000000
2105.024658 4320.000000
2106.255859 4425.000000
2107.486084 4396.000000
2108.715332 4722.000000
2109.943848 4556.000000
2111.171631 4513.000000
2112.398926 4552.000000
2113.625488 4569.000000
2114.850830 4612.000000
2116.075684 4577.000000
2117.299805 4543.000000
2118.522949 4614.000000
2119.745850 4207.000000
2120.968018 4441.000000
2122.189209 4272.000000
2123.409180 4784.000000
2124.628906 4612.000000
2125.847900 4595.000000
2127.066406 4359.000000
2128.283447 4121.000000
2129.500000 4465.000000
2130.715820 4553.000000
2131.931152 4734.000000
2133.145752 4423.000000
2134.359375 4659.000000
2135.572266 4612.000000
2136.784424 4572.000000
2137.995605 4433.000000
2139.206543 4668.000000
2140.416748 4342.000000
2141.625732 4366.000000
2142.833984 4530.000000
2144.041992 4291.000000
2145.249023 4468.000000
2146.455078 4465.000000
2147.660645 4410.000000
2148.865479 4620.000000
2150.069580 4572.000000
2151.272461 4453.000000
2152.475586 4682.000000
2153.677246 4614.000000
2154.878174 4849.000000
2156.078369 4417.000000
2157.278076 4575.000000
2158.477051 4706.000000
2159.674805 4478.000000
2160.872314 4494.000000
2162.069092 4550.000000
2163.265137 4779.000000
2164.459961 4609.000000
2165.654541 4720.000000
2166.848389 4809.000000
2168.041504 4896.000000
2169.233643 4746.000000
2170.425049 4827.000000
2171.616211 4340.000000
2172.806152 4542.000000
2173.995361 4616.000000
2175.183838 4570.000000
2176.371582 4535.000000
2177.558594 4460.000000
2178.745361 4568.000000
2179.930908 4449.000000
2181.115967 4421.000000
2182.299805 4492.000000
2183.483643 4709.000000
2184.666260 4702.000000
2185.848389 4683.000000
2187.029053 4518.000000
2188.209961 4466.000000
2189.390137 4635.000000
2190.569092 4766.000000
2191.747314 5302.000000
2192.925293 4596.000000
2194.102051 4729.000000
2195.277832 4848.000000
2196.453369 4213.000000
2197.628174 4425.000000
2198.802490 4920.000000
2199.975342 5000.000000
2201.147949 4637.000000
2202.319824 4504.000000
2203.491211 4586.000000
2204.661621 4825.000000
2205.831299 4509.000000
2207.000488 4528.000000
2208.168457 4653.000000
2209.335938 4606.000000
2210.502686 5091.000000
2211.668945 5067.000000
2212.833984 4701.000000
2213.998535 4559.000000
2215.162598 5054.000000
2216.325928 4459.000000
2217.488281 4431.000000
2218.649902 4883.000000
2219.811279 4447.000000
2220.971436 4589.000000
2222.131104 4715.000000
2223.290039 4708.000000
2224.448242 4535.000000
2225.605713 4798.000000
2226.762207 4775.000000
2227.918457 4679.000000
2229.073486 4332.000000
2230.228271 4446.000000
2231.381836 4593.000000
2232.535156 4628.000000
2233.687500 4951.000000
2234.839111 4514.000000
2235.990234 4638.000000
2237.140625 4428.000000
2238.290283 4574.000000
2239.438965 4739.000000
2240.587402 4497.000000
2241.735107 4621.000000
2242.881592 4882.000000
2244.027344 4913.000000
2245.173096 4670.000000
2246.317383 4695.000000
2247.461426 4664.000000
2248.604736 4557.000000
2249.747070 4430.000000
2250.889160 4641.000000
2252.029785 4475.000000
2253.170654 4549.000000
2254.310059 4651.000000
2255.448975 4382.000000
2256.587402 4488.000000
2257.724854 4855.000000
2258.861572 4710.000000
2259.997803 4467.000000
2261.133057 4725.000000
2262.267822 4685.000000
2263.401855 4343.000000
2264.535400 4745.000000
2265.667725 4447.000000
2266.799805 4599.000000
2267.931152 4810.000000
2269.061279 4502.000000
2270.191162 4500.000000
2271.320801 4326.000000
2272.448730 4515.000000
2273.576416 4712.000000
2274.703613 4673.000000
2275.829834 4605.000000
2276.955566 4657.000000
2278.080078 5123.000000
2279.204590 4534.000000
2280.328125 4698.000000
2281.450928 4572.000000
2282.572998 4679.000000
2283.694336 4854.000000
2284.815186 4366.000000
2285.934814 4488.000000
2287.054443 4438.000000
2288.172852 4643.000000
2289.290771 4569.000000
2290.408203 4749.000000
2291.524658 4698.000000
2292.640625 4504.000000
2293.755859 4460.000000
2294.870117 4807.000000
2295.983887 4364.000000
2297.097168 4224.000000
2298.209717 4201.000000
2299.320801 4880.000000
2300.432129 4851.000000
2301.542236 4581.000000
2302.651855 4585.000000
2303.760742 4538.000000
2304.869385 4650.000000
2305.976563 4656.000000
2307.083496 4342.000000
2308.189697 4970.000000
2309.295166 4510.000000
2310.400146 4781.000000
2311.503906 4546.000000
2312.607422 4506.000000
2313.710205 4325.000000
2314.812256 4730.000000
2315.913574 4627.000000
2317.014160 4826.000000
2318.114258 5069.000000
2319.213623 4515.000000
2320.312012 4884.000000
2321.409912 4527.000000
2322.507324 4894.000000
2323.603516 4650.000000
2324.699707 4583.000000
2325.794922 4305.000000
2326.889404 4564.000000
2327.983154 4730.000000
2329.076416 4648.000000
2330.168701 4807.000000
2331.260742 4918.000000
2332.351563 4564.000000
2333.442139 4705.000000
2334.531982 4718.000000
2335.621338 4724.000000
2336.709229 4605.000000
2337.797119 4709.000000
2338.884033 5048.000000
2339.970215 4557.000000
2341.056152 4680.000000
2342.141113 4860.000000
2343.225586 4772.000000
2344.308838 4436.000000
2345.392090 4663.000000
2346.474121 5321.000000
2347.555664 4518.000000
2348.636719 4446.000000
2349.717285 4557.000000
2350.796631 4734.000000
2351.875732 4475.000000
2352.953857 4502.000000
2354.031494 4460.000000
2355.108398 4659.000000
2356.184326 4772.000000
2357.260010 4507.000000
2358.334717 4469.000000
2359.409180 4526.000000
2360.482422 4662.000000
2361.555420 4613.000000
2362.627686 4384.000000
2363.699463 4511.000000
2364.770020 4606.000000
2365.840332 4694.000000
2366.910156 4662.000000
2367.979004 4576.000000
2369.046875 4308.000000
2370.114502 4700.000000
2371.181396 4418.000000
2372.247559 4793.000000
2373.312988 4789.000000
2374.377686 4970.000000
2375.442139 4705.000000
2376.505615 4556.000000
2377.568359 4598.000000
2378.630615 4902.000000
2379.692383 4656.000000
2380.752930 4504.000000
2381.813232 4573.000000
2382.873291 4766.000000
2383.931885 4441.000000
2384.989990 4790.000000
2386.047852 4974.000000
2387.104492 4895.000000
2388.160889 4565.000000
2389.216064 4964.000000
2390.271240 4808.000000
2391.325439 4593.000000
2392.378906 4880.000000
2393.432129 4680.000000
2394.484619 4621.000000
2395.536133 4830.000000
2396.586670 4870.000000
2397.637207 4585.000000
2398.687012 4617.000000
2399.735840 4867.000000
2400.784180 4529.000000
2401.831787 4878.000000
2402.879150 4567.000000
2403.925293 4775.000000
2404.970947 4746.000000
2406.016357 5031.000000
2407.061035 4673.000000
2408.104492 4819.000000
2409.147705 4631.000000
2410.189941 4830.000000
2411.231934 4487.000000
2412.272949 5075.000000
2413.313477 4559.000000
2414.353760 4494.000000
2415.392578 4501.000000
2416.430908 4807.000000
2417.469238 4887.000000
2418.506836 4543.000000
2419.543213 4633.000000
2420.578857 4724.000000
2421.614258 4783.000000
2422.649170 4791.000000
2423.683350 4575.000000
2424.716553 4534.000000
2425.749512 4530.000000
2426.781494 4572.000000
2427.812988 4602.000000
2428.843994 4955.000000
2429.873779 4589.000000
2430.903564 4918.000000
2431.932129 4472.000000
2432.960449 4650.000000
2433.988281 4459.000000
2435.015381 4815.000000
2436.041260 4514.000000
2437.067139 4946.000000
2438.092285 4512.000000
2439.116699 5071.000000
2440.140137 4690.000000
2441.163574 4705.000000
2442.185791 4836.000000
2443.208008 4669.000000
2444.229004 4846.000000
2445.249756 4669.000000
2446.269531 4487.000000
2447.288574 4749.000000
2448.307373 4784.000000
2449.325684 5228.000000
2450.343018 4519.000000
2451.359863 4556.000000
2452.375488 4302.000000
2453.391357 4757.000000
2454.406250 4953.000000
2455.420166 4399.000000
2456.434082 4841.000000
2457.447266 4581.000000
2458.458984 4763.000000
2459.470703 4722.000000
2460.482178 4646.000000
2461.492432 4359.000000
2462.501953 4642.000000
2463.511475 5216.000000
2464.520020 4514.000000
2465.528076 4862.000000
2466.535156 4823.000000
2467.541748 4800.000000
2468.548096 4737.000000
2469.553467 4633.000000
2470.557861 4517.000000
2471.562256 4768.000000
2472.565918 5020.000000
2473.568848 4507.000000
2474.570801 4942.000000
2475.572510 4507.000000
2476.573730 4449.000000
2477.573975 4542.000000
2478.573975 4568.000000
2479.572998 4790.000000
2480.571777 5071.000000
2481.569336 4683.000000
2482.566650 4685.000000
2483.563721 5098.000000
2484.559814 4541.000000
2485.554932 4707.000000
2486.549561 5015.000000
2487.543945 4875.000000
2488.537109 4821.000000
2489.530029 4667.000000
2490.522705 5171.000000
2491.514648 4904.000000
2492.505615 4815.000000
2493.496094 4632.000000
2494.486328 4835.000000
2495.475098 4856.000000
2496.464111 4726.000000
2497.452393 4567.000000
2498.439453 4957.000000
2499.426270 4662.000000
2500.412842 4482.000000
2501.397949 4602.000000
2502.382813 4698.000000
2503.367432 4584.000000
2504.351074 4774.000000
2505.334229 4841.000000
2506.316895 4445.000000
2507.298584 4801.000000
2508.280518 4269.000000
2509.260742 4944.000000
2510.240723 4410.000000
2511.220459 5050.000000
2512.199219 5003.000000
2513.177246 5067.000000
2514.155273 5057.000000
2515.132080 4772.000000
2516.108887 4641.000000
2517.084717 5008.000000
2518.059570 4882.000000
2519.034668 4484.000000
2520.008545 4758.000000
2520.981689 4694.000000
2521.954590 4705.000000
2522.927002 4825.000000
2523.898438 4674.000000
2524.869629 4877.000000
2525.839844 4817.000000
2526.810059 4738.000000
2527.779053 4811.000000
2528.747559 5121.000000
2529.715820 4727.000000
2530.683105 5008.000000
2531.649902 4488.000000
2532.616211 4474.000000
2533.581543 4466.000000
2534.547119 5116.000000
2535.511475 4958.000000
2536.475098 4865.000000
2537.438721 4757.000000
2538.401123 5021.000000
2539.363037 4961.000000
2540.324707 4494.000000
2541.285645 5011.000000
2542.245850 4727.000000
2543.205566 4704.000000
2544.164795 5211.000000
2545.123291 4681.000000
2546.081055 5083.000000
2547.038330 4884.000000
2547.995361 4761.000000
2548.951416 4580.000000
2549.906494 4723.000000
2550.861816 4543.000000
2551.815918 4793.000000
2552.769775 4700.000000
2553.723633 4432.000000
2554.675781 4755.000000
2555.628174 4578.000000
2556.579102 4692.000000
2557.530029 4613.000000
2558.480713 4452.000000
2559.430420 4632.000000
2560.379395 4744.000000
2561.328125 4581.000000
2562.275635 4847.000000
2563.223633 5905.000000
2564.170410 5061.000000
2565.116455 4874.000000
2566.062500 4680.000000
2567.007080 4583.000000
2567.951416 4783.000000
2568.895264 5111.000000
2569.838379 4726.000000
2570.781250 4985.000000
2571.723633 4944.000000
2572.665527 4632.000000
2573.606689 5132.000000
2574.546631 4925.000000
2575.486328 4655.000000
2576.425781 4690.000000
2577.364502 4401.000000
2578.302734 5062.000000
2579.240234 4874.000000
2580.177246 4887.000000
2581.113525 4693.000000
2582.049561 4832.000000
2582.984619 4981.000000
2583.919922 4797.000000
2584.853760 4763.000000
2585.787354 4830.000000
2586.720703 4946.000000
2587.652832 5268.000000
2588.584229 5006.000000
2589.516113 4576.000000
2590.446289 4901.000000
2591.377197 5145.000000
2592.306396 4809.000000
2593.235596 4557.000000
2594.164307 4932.000000
2595.092041 5179.000000
2596.019287 4667.000000
2596.946289 4810.000000
2597.872314 4590.000000
2598.797607 4698.000000
2599.722900 4770.000000
2600.647461 4831.000000
2601.571777 4638.000000
2602.495117 4798.000000
2603.417969 4952.000000
2604.340332 4721.000000
2605.261963 4976.000000
2606.182617 4485.000000
2607.103760 4740.000000
2608.023682 4917.000000
2608.943848 4767.000000
2609.862305 4448.000000
2610.780518 4803.000000
2611.698975 4909.000000
2612.615967 4630.000000
2613.532227 4780.000000
2614.448975 4944.000000
2615.364746 4687.000000
2616.279541 4819.000000
2617.194336 4682.000000
2618.108398 4584.000000
2619.021973 4486.000000
2619.934814 4830.000000
2620.846191 4620.000000
2621.758789 4882.000000
2622.669922 4822.000000
2623.580566 4825.000000
2624.490967 4874.000000
2625.400391 4714.000000
2626.309082 4757.000000
2627.217773 5409.000000
2628.125977 4748.000000
2629.033936 4648.000000
2629.940186 4577.000000
2630.846680 4787.000000
2631.752686 5051.000000
2632.657715 4773.000000
2633.562012 4858.000000
2634.466797 4696.000000
2635.370117 4939.000000
2636.273682 4976.000000
2637.175781 4682.000000
2638.077637 5070.000000
2638.979248 4481.000000
2639.880371 4802.000000
2640.780762 4436.000000
2641.680908 4833.000000
2642.579834 4746.000000
2643.478760 4474.000000
2644.377441 4697.000000
2645.274902 4562.000000
2646.172363 4603.000000
2647.068604 4881.000000
2647.964844 4650.000000
2648.860596 4608.000000
2649.755859 4844.000000
2650.649902 4616.000000
2651.544434 4786.000000
2652.437744 4537.000000
2653.330322 4553.000000
2654.223633 4697.000000
2655.115234 5054.000000
2656.006836 4769.000000
2656.897461 4963.000000
2657.787354 4695.000000
2658.677734 5043.000000
2659.566650 4745.000000
2660.455322 4843.000000
2661.344238 4920.000000
2662.231445 5079.000000
2663.119141 4783.000000
2664.005615 4619.000000
2664.891357 4895.000000
2665.777832 4621.000000
2666.662598 4892.000000
2667.546631 4715.000000
2668.431152 4638.000000
2669.314697 4523.000000
2670.197510 4759.000000
2671.080322 4724.000000
2671.962158 4739.000000
2672.843994 4581.000000
2673.725098 5088.000000
2674.604980 4860.000000
2675.485352 4896.000000
2676.364502 4535.000000
2677.243408 4752.000000
2678.122070 4601.000000
2679.000244 4838.000000
2679.877930 4845.000000
2680.754395 4802.000000
2681.630615 4801.000000
2682.506836 4568.000000
2683.382324 5024.000000
2684.257080 5486.000000
2685.131836 4617.000000
2686.005127 4655.000000
2686.878662 4681.000000
2687.751465 4580.000000
2688.623535 5065.000000
2689.495850 4886.000000
2690.366699 4852.000000
2691.237793 4862.000000
2692.108154 4801.000000
2692.978027 4638.000000
2693.847168 4793.000000
2694.716309 5172.000000
2695.584473 4848.000000
2696.452148 4787.000000
2697.319824 4562.000000
2698.186523 4807.000000
2699.053467 4993.000000
2699.918701 4937.000000
2700.783691 4651.000000
2701.649414 4806.000000
2702.513672 4823.000000
2703.376953 4948.000000
2704.240967 5092.000000
2705.103760 4767.000000
2705.966064 4872.000000
2706.827881 4799.000000
2707.689209 4998.000000
2708.550781 4813.000000
2709.410645 5095.000000
2710.270508 4765.000000
2711.130615 4799.000000
2711.989502 4793.000000
2712.847656 4787.000000
2713.705811 5384.000000
2714.563232 4987.000000
2715.420654 4908.000000
2716.277100 4682.000000
2717.132813 4887.000000
2717.989014 4885.000000
2718.843994 4842.000000
2719.698242 4938.000000
2720.552734 5014.000000
2721.406250 5147.000000
2722.260010 4859.000000
2723.112305 4734.000000
2723.964844 4938.000000
2724.816650 5101.000000
2725.667969 4904.000000
2726.518311 4987.000000
2727.369385 4861.000000
2728.218750 5557.000000
2729.067871 4603.000000
2729.917236 4798.000000
2730.765869 4742.000000
2731.614014 4792.000000
2732.461426 5147.000000
2733.308105 4523.000000
2734.155029 5189.000000
2735.000977 5093.000000
2735.846436 4630.000000
2736.691895 5015.000000
2737.536377 4615.000000
2738.380615 4987.000000
2739.224609 4808.000000
2740.067871 5045.000000
2740.911133 4847.000000
2741.753418 4600.000000
2742.595215 4700.000000
2743.437012 4914.000000
2744.277588 4512.000000
2745.118164 5124.000000
2745.958496 4929.000000
2746.797852 4910.000000
2747.637695 4929.000000
2748.476074 5364.000000
2749.313965 5837.000000
2750.152588 4804.000000
2750.989746 4632.000000
2751.826416 4447.000000
2752.663086 4834.000000
2753.499023 4903.000000
2754.334473 5044.000000
2755.169678 4745.000000
2756.004150 4718.000000
2756.838623 4628.000000
2757.672363 5012.000000
2758.505615 4617.000000
2759.338379 4879.000000
2760.170898 4822.000000
2761.002686 4730.000000
2761.834473 5160.000000
2762.665283 4860.000000
2763.496338 5052.000000
2764.326172 4496.000000
2765.156250 4874.000000
2765.985596 4678.000000
2766.813965 4865.000000
2767.642578 4730.000000
2768.470947 5417.000000
2769.298340 4865.000000
2770.124756 4845.000000
2770.952148 5059.000000
2771.778076 4689.000000
2772.604004 4926.000000
2773.429688 4715.000000
2774.254150 4624.000000
2775.078857 4692.000000
2775.903076 4878.000000
2776.726318 4764.000000
2777.549805 5098.000000
2778.372314 4768.000000
2779.194580 4649.000000
2780.016846 4801.000000
2780.838379 5292.000000
2781.659668 4801.000000
2782.480225 5273.000000
2783.300293 5146.000000
2784.120117 5007.000000
2784.939453 4657.000000
2785.758057 5246.000000
2786.577148 5099.000000
2787.395020 4720.000000
2788.212891 4722.000000
2789.030029 4984.000000
2789.846680 5041.000000
2790.663330 4863.000000
2791.479004 4721.000000
2792.294678 5226.000000
2793.110107 5533.000000
2793.924316 5004.000000
2794.739014 4824.000000
2795.553223 5563.000000
2796.366455 5080.000000
2797.179932 4814.000000
2797.992188 4993.000000
2798.804199 5214.000000
2799.616455 4663.000000
2800.427734 4942.000000
2801.238770 4624.000000
2802.049561 5126.000000
2802.859619 4909.000000
2803.669434 5060.000000
2804.479004 5061.000000
2805.287842 4932.000000
2806.096680 5020.000000
2806.905029 4718.000000
2807.712402 6078.000000
2808.520508 4860.000000
2809.326904 5140.000000
2810.133789 4977.000000
2810.940186 4917.000000
2811.745361 5069.000000
2812.551025 4573.000000
2813.356201 5232.000000
2814.160645 5351.000000
2814.964844 4955.000000
2815.768555 5071.000000
2816.572021 5795.000000
2817.375244 4737.000000
2818.177734 5472.000000
2818.979980 5463.000000
2819.781738 4880.000000
2820.583008 4880.000000
2821.384766 4915.000000
2822.185059 5180.000000
2822.985840 4955.000000
2823.785645 5093.000000
2824.584961 4941.000000
2825.383789 5003.000000
2826.183105 4941.000000
2826.981201 5143.000000
2827.779541 5003.000000
2828.576904 5075.000000
2829.374023 4983.000000
2830.171143 6362.000000
2830.967529 5170.000000
2831.763184 4354.000000
2832.559570 4939.000000
2833.354980 4876.000000
2834.149414 4889.000000
2834.944336 5228.000000
2835.738525 4929.000000
2836.532715 4944.000000
2837.325928 4989.000000
2838.119141 4763.000000
2838.911865 4865.000000
2839.704346 5203.000000
2840.495850 4941.000000
2841.287598 5006.000000
2842.079102 7619.000000
2842.869629 5286.000000
2843.660645 5171.000000
2844.450684 4982.000000
2845.240723 4805.000000
2846.030029 4740.000000
2846.818848 4629.000000
2847.608154 4666.000000
2848.396240 4961.000000
2849.184082 5268.000000
2849.972412 5006.000000
2850.759033 5487.000000
2851.546631 4920.000000
2852.332764 4907.000000
2853.118896 5189.000000
2853.905273 4829.000000
2854.690674 4891.000000
2855.475586 4850.000000
2856.260742 5303.000000
2857.044922 5300.000000
2857.828613 5395.000000
2858.613037 5198.000000
2859.396484 5117.000000
2860.179443 4752.000000
2860.962402 4802.000000
2861.744385 5114.000000
2862.526611 5140.000000
2863.308105 4815.000000
2864.089600 4950.000000
2864.870605 4973.000000
2865.651123 5069.000000
2866.431641 5153.000000
2867.211914 5271.000000
2867.991455 5034.000000
2868.770996 5023.000000
2869.549805 4615.000000
2870.328613 5191.000000
2871.106934 4923.000000
2871.884766 4832.000000
2872.662354 5360.000000
2873.439697 5308.000000
2874.216797 4823.000000
2874.993652 5296.000000
2875.769775 4965.000000
2876.545654 5009.000000
2877.321777 5265.000000
2878.096924 5455.000000
2878.871826 5344.000000
2879.646973 5827.000000
2880.421143 5639.000000
2881.195068 5576.000000
2881.969238 5419.000000
2882.742432 5254.000000
2883.515625 5156.000000
2884.288086 5250.000000
2885.060791 5085.000000
2885.833008 5391.000000
2886.604736 5709.000000
2887.376221 5053.000000
2888.148193 5014.000000
2888.918457 5414.000000
2889.689453 4938.000000
2890.459473 4895.000000
2891.229492 5056.000000
2891.999756 5188.000000
2892.768066 5073.000000
2893.537109 5301.000000
2894.306152 5034.000000
2895.074707 6506.000000
2895.842773 5378.000000
2896.610840 5179.000000
2897.378418 5123.000000
2898.145508 5104.000000
2898.912354 5652.000000
2899.678955 5146.000000
2900.445557 5122.000000
2901.211426 4987.000000
2901.977539 5182.000000
2902.742676 4964.000000
2903.507813 4989.000000
2904.272949 5085.000000
2905.037598 5215.000000
2905.801514 4860.000000
2906.565918 7302.000000
2907.329102 5383.000000
2908.092285 5084.000000
2908.856201 4982.000000
2909.618652 4746.000000
2910.381104 5394.000000
2911.143555 5468.000000
2911.905762 5013.000000
2912.667725 4885.000000
2913.429199 5232.000000
2914.189697 5129.000000
2914.950928 5129.000000
