scanname Scan008
timestamp 2024-03-06 11:40:42
ccdbias 992.885742
ccdgain 4.045375
sigmaread 10.387852
laserwavenum -0.700101
wavenumcorrection -0.373669
scancount 1
totalexposurems 75
singleexposurems 75
measurementstate Unknown
scanmode Auto
snr 56.222458 24.449619 14.958529
replacelist 0
peaks 25
250.876358 0.058435 0.000000 0.292446 0.000004
289.155792 0.038838 0.000000 0.345570 0.000021
388.210938 0.039839 0.000000 1.133125 0.000062
445.718414 0.019803 0.000000 0.301661 0.000008
498.342377 0.017941 0.000000 0.308159 0.000012
646.171265 0.061597 0.000000 11.755486 0.000495
700.730530 0.014489 0.000000 0.146818 0.000008
751.007385 0.018634 0.000000 0.722834 0.000055
814.935303 0.062340 0.000000 2.599242 0.000173
860.699402 0.085466 0.000000 7.708722 0.000477
929.574036 0.017503 0.000000 0.253644 0.000017
1000.951416 0.024964 0.000000 1.026454 0.000089
1036.892090 0.017408 0.000000 0.173499 0.000006
1111.270386 0.093808 0.000000 10.344226 0.000793
1167.597168 0.074749 0.000000 1.903030 0.000213
1240.237427 0.121953 0.000000 1.222617 0.000217
1248.622437 0.123985 0.000000 1.787194 0.000181
1258.879517 0.118393 0.000000 1.054320 0.000129
1266.365845 0.118707 0.000000 1.304670 0.000101
1328.490723 0.151696 0.000000 4.870388 0.000669
1397.253540 0.035769 0.000000 0.612473 0.000077
1454.282471 0.026051 0.000000 0.499479 0.000045
1487.113647 0.029703 0.000000 0.298698 0.000061
1579.030884 0.055099 0.000000 1.465514 0.000269
1775.550293 0.010674 0.000000 0.040538 0.000010
finalresult GLS_NoMatch 0
spectrum 2048
-91.985825 -0.017154
-89.360619 -0.017240
-86.737297 0.034640
-84.115860 0.050931
-81.496307 0.023201
-78.878647 0.018135
-76.262863 0.016513
-73.648956 0.012447
-71.036934 -0.001100
-68.426788 0.016589
-65.818504 0.029172
-63.212093 0.015451
-60.607559 0.019613
-58.004890 0.033562
-55.404083 0.027984
-52.805145 0.032447
-50.208069 0.023921
-47.612846 0.027852
-45.019482 0.032021
-42.427979 0.033618
-39.838329 0.023699
-37.250526 0.023730
-34.664570 0.024949
-32.080467 0.025272
-29.498209 0.025283
-26.917788 0.032048
-24.339218 0.031773
-21.762491 0.035184
-19.187590 0.028228
-16.614527 0.034444
-14.043305 0.006517
-11.473914 0.004499
-8.906346 0.009823
-6.340607 0.024274
-3.776701 0.043388
-1.214620 0.056783
1.345648 0.057198
3.904094 0.040470
6.460715 0.027517
9.015520 0.026494
11.568517 0.026075
14.119700 0.025603
16.669067 0.027457
19.216625 0.027141
21.762386 0.040490
24.306337 0.028137
26.848480 0.016135
29.388823 0.045431
31.927370 0.025269
34.464119 0.029456
36.999081 0.001981
39.532234 0.029952
42.063602 0.015526
44.593182 0.030192
47.120960 0.021450
49.646969 0.038293
52.171200 -0.006415
54.693642 0.047681
57.214298 0.045122
59.733166 0.036953
62.250275 0.029251
64.765602 0.024048
67.279144 0.031885
69.790932 -0.007007
72.300941 0.072003
74.809204 0.008875
77.315689 -0.021422
79.820396 -0.019641
82.323357 0.033179
84.824570 0.069265
87.323990 0.012718
89.821671 0.018841
92.317604 -0.012369
94.811783 -0.013871
97.304214 0.026734
99.794884 0.028218
102.283813 0.070433
104.771004 0.044784
107.256447 0.064050
109.740143 0.058474
112.222099 0.015881
114.702332 0.011451
117.180817 0.019739
119.657570 0.060771
122.132599 0.055696
124.605881 0.061816
127.077431 0.078862
129.547287 0.080852
132.015381 0.097620
134.481766 0.120144
136.946442 0.103292
139.409393 0.104856
141.870621 0.104420
144.330124 0.107942
146.787888 0.104020
149.243988 0.102574
151.698349 0.104485
154.151031 0.098092
156.601990 0.097433
159.051239 0.094394
161.498795 0.090146
163.944626 0.087380
166.388779 0.085394
168.831207 0.080896
171.271957 0.079320
173.711029 0.075837
176.148392 0.074490
178.584061 0.071683
181.018021 0.068669
183.450348 0.068061
185.880936 0.065613
188.309860 0.064547
190.737091 0.064098
193.162659 0.063154
195.586548 0.062596
198.008759 0.062672
200.429291 0.061143
202.848129 0.062136
205.265289 0.060711
207.680817 0.060724
210.094650 0.060042
212.506851 0.059093
214.917358 0.060192
217.326218 0.058842
219.733368 0.057957
222.138901 0.057627
224.542770 0.056221
226.944977 0.057136
229.345551 0.055585
231.744461 0.055511
234.141708 0.054309
236.537323 0.054929
238.931274 0.053676
241.323547 0.053145
243.714203 0.052993
246.103226 0.051945
248.490616 0.049987
250.876358 0.050414
253.260468 0.048628
255.642929 0.046816
258.023712 0.047687
260.402924 0.046051
262.780487 0.044695
265.156403 0.043648
267.530731 0.042051
269.903412 0.041104
272.274475 0.041034
274.643921 0.039723
277.011719 0.038561
279.377899 0.038823
281.742493 0.038449
284.105438 0.038274
286.466766 0.038789
288.826508 0.038850
291.184631 0.038541
293.541138 0.038620
295.896027 0.037525
298.249298 0.037311
300.601013 0.036299
302.951111 0.034599
305.299622 0.033838
307.646484 0.032067
309.991760 0.030346
312.335449 0.028327
314.677521 0.027440
317.018036 0.026119
319.356964 0.025419
321.694275 0.024409
324.030029 0.023380
326.364136 0.022624
328.696716 0.022090
331.027710 0.021366
333.357086 0.020732
335.684906 0.020742
338.011139 0.020606
340.335785 0.020219
342.658875 0.019428
344.980377 0.019838
347.300354 0.019870
349.618713 0.019631
351.935486 0.019856
354.250702 0.020781
356.564362 0.021136
358.876465 0.020340
361.186981 0.021591
363.495941 0.022691
365.803375 0.022675
368.109253 0.024265
370.413544 0.025459
372.716248 0.027999
375.017456 0.030230
377.317108 0.033709
379.615173 0.034930
381.911713 0.038091
384.206696 0.038442
386.500153 0.039407
388.792114 0.040216
391.082428 0.039045
393.371246 0.038283
395.658539 0.037514
397.944275 0.036107
400.228394 0.035380
402.511078 0.034698
404.792206 0.032855
407.071808 0.031542
409.349884 0.029749
411.626465 0.028285
413.901459 0.026892
416.174957 0.025926
418.446930 0.025036
420.717346 0.022651
422.986298 0.022123
425.253693 0.021460
427.519562 0.020177
429.783966 0.019973
432.046814 0.019530
434.308075 0.019182
436.567932 0.019277
438.826233 0.019416
441.083038 0.019190
443.338318 0.019767
445.592133 0.020136
447.844452 0.019755
450.095245 0.019852
452.344513 0.019178
454.592316 0.019385
456.838593 0.018456
459.083374 0.018685
461.326691 0.017543
463.568481 0.017382
465.808777 0.017718
468.047607 0.017675
470.284912 0.017786
472.520721 0.016990
474.755066 0.016893
476.987946 0.017016
479.219299 0.016628
481.449188 0.016523
483.677612 0.016794
485.904572 0.016840
488.130035 0.016760
490.354004 0.016983
492.576508 0.017973
494.797546 0.017228
497.017120 0.017472
499.235199 0.018355
501.451813 0.018343
503.666962 0.017484
505.880646 0.017247
508.092865 0.016299
510.303589 0.016402
512.512878 0.016025
514.720703 0.016024
516.927124 0.015656
519.132080 0.015251
521.335510 0.015737
523.537476 0.015425
525.738037 0.014979
527.937134 0.015020
530.134888 0.014529
532.330994 0.014539
534.525757 0.014003
536.719055 0.014454
538.910950 0.014194
541.101379 0.014586
543.290283 0.015469
545.477844 0.014734
547.663940 0.014203
549.848511 0.014332
552.031799 0.013591
554.213562 0.013994
556.393921 0.014079
558.572815 0.013877
560.750305 0.013913
562.926331 0.013774
565.100952 0.014119
567.274170 0.013565
569.446045 0.013607
571.616333 0.013751
573.785278 0.013924
575.952698 0.014016
578.118774 0.014481
580.283447 0.014169
582.446716 0.013719
584.608582 0.013779
586.768982 0.013169
588.927917 0.013724
591.085571 0.013360
593.241760 0.013297
595.396484 0.013992
597.549866 0.013770
599.701843 0.014490
601.852417 0.014265
604.001526 0.014479
606.149292 0.014126
608.295654 0.014466
610.440552 0.014836
612.584045 0.015726
614.726196 0.015195
616.867004 0.015484
619.006287 0.016877
621.144348 0.017130
623.280945 0.018272
625.416016 0.019400
627.549927 0.021156
629.682312 0.023235
631.813293 0.025823
633.942993 0.027064
636.071106 0.029580
638.198120 0.036955
640.323547 0.044686
642.447754 0.054586
644.570313 0.060020
646.691711 0.062642
648.811646 0.057964
650.930237 0.049215
653.047485 0.038855
655.163330 0.029951
657.277832 0.022667
659.390991 0.019569
661.502625 0.016348
663.613037 0.015120
665.722107 0.014355
667.829773 0.014208
669.936035 0.013892
672.040894 0.013472
674.144470 0.013208
676.246765 0.013449
678.347534 0.013250
680.446960 0.012717
682.545105 0.013470
684.641846 0.013547
686.737305 0.013242
688.831482 0.013434
690.924072 0.013602
693.015503 0.013978
695.105591 0.013931
697.194214 0.013948
699.281555 0.014452
701.367615 0.015061
703.452209 0.014615
705.535522 0.014714
707.617432 0.013933
709.698120 0.013628
711.777344 0.013506
713.855225 0.014012
715.931885 0.013396
718.007202 0.013119
720.081116 0.013405
722.153809 0.012729
724.225037 0.012786
726.294983 0.012731
728.363647 0.012762
730.430969 0.013544
732.496948 0.012844
734.561646 0.012983
736.624878 0.013883
738.686890 0.014038
740.747620 0.013817
742.806946 0.015891
744.865051 0.016868
746.921692 0.017242
748.977112 0.018391
751.031250 0.018621
753.084045 0.018800
755.135559 0.017587
757.185669 0.016461
759.234558 0.015761
761.282104 0.015029
763.328308 0.015346
765.373291 0.015554
767.416931 0.016535
769.459229 0.016530
771.500305 0.015646
773.539978 0.016057
775.578430 0.017027
777.615479 0.018343
779.651245 0.018693
781.685791 0.019535
783.719055 0.020102
785.750977 0.022114
787.781616 0.023657
789.810974 0.024808
791.839111 0.026051
793.865845 0.029654
795.891357 0.031021
797.915527 0.033361
799.938416 0.036870
801.960022 0.041886
803.980408 0.045553
805.999451 0.049902
808.017212 0.054446
810.033752 0.057469
812.049011 0.061062
814.062927 0.062561
816.075500 0.061861
818.086914 0.060869
820.096985 0.057601
822.105957 0.054901
824.113403 0.051423
826.119812 0.049371
828.124817 0.047657
830.128479 0.046508
832.131042 0.047444
834.132141 0.047785
836.132202 0.048387
838.130798 0.050061
840.128296 0.051802
842.124451 0.053393
844.119446 0.055339
846.113037 0.057423
848.105408 0.060927
850.096558 0.065166
852.086487 0.069321
854.075012 0.072180
856.062439 0.078410
858.048462 0.081587
860.033386 0.085366
862.016968 0.085589
863.999329 0.080875
865.980469 0.071459
867.960266 0.058723
869.938965 0.045906
871.916260 0.034258
873.892456 0.028183
875.867310 0.023447
877.841003 0.020375
879.813354 0.019523
881.784546 0.018016
883.754395 0.018261
885.723206 0.018275
887.690552 0.017361
889.656799 0.017648
891.621765 0.017468
893.585449 0.016995
895.548035 0.016879
897.509277 0.016870
899.469360 0.016177
901.428101 0.015878
903.385742 0.014547
905.342102 0.015463
907.297363 0.015305
909.251221 0.015403
911.203979 0.015163
913.155334 0.015127
915.105652 0.015421
917.054626 0.014869
919.002502 0.016260
920.949036 0.015868
922.894348 0.016024
924.838562 0.017223
926.781555 0.017427
928.723328 0.017421
930.663696 0.017788
932.603027 0.017813
934.541077 0.017020
936.478088 0.016422
938.413696 0.016150
940.348206 0.016914
942.281372 0.015739
944.213562 0.016880
946.144348 0.015807
948.074036 0.015029
950.002441 0.015788
951.929749 0.015329
953.855591 0.016637
955.780457 0.014695
957.704163 0.015829
959.626526 0.015163
961.547913 0.015185
963.467896 0.014791
965.386719 0.015277
967.304382 0.014421
969.220947 0.015093
971.136108 0.014852
973.050293 0.014767
974.963135 0.015132
976.874878 0.015219
978.785339 0.016753
980.694763 0.015331
982.602844 0.016551
984.509766 0.016834
986.415588 0.018034
988.320129 0.018568
990.223694 0.020013
992.125854 0.021023
994.026917 0.021477
995.926758 0.023068
997.825562 0.023647
999.723022 0.024426
1001.619507 0.025576
1003.514465 0.024278
1005.408630 0.023302
1007.301392 0.021266
1009.193115 0.019924
1011.083618 0.017937
1012.972839 0.017730
1014.861084 0.015852
1016.747986 0.016130
1018.633911 0.014889
1020.518372 0.015876
1022.401978 0.016483
1024.284302 0.015675
1026.165527 0.017526
1028.045410 0.017836
1029.924316 0.017423
1031.802002 0.016216
1033.678589 0.017119
1035.553955 0.017017
1037.428101 0.017644
1039.301025 0.018448
1041.172974 0.016561
1043.043701 0.016813
1044.913208 0.016430
1046.781860 0.017219
1048.648926 0.016920
1050.515259 0.017531
1052.380127 0.016194
1054.244019 0.016580
1056.106689 0.016165
1057.968262 0.016450
1059.828613 0.016326
1061.687866 0.016795
1063.545898 0.016646
1065.402954 0.016838
1067.258789 0.017864
1069.113525 0.017561
1070.966797 0.018075
1072.819336 0.018850
1074.670654 0.019028
1076.520752 0.018577
1078.369751 0.019066
1080.217651 0.019659
1082.064331 0.020499
1083.909912 0.020542
1085.754395 0.021949
1087.597656 0.022288
1089.439819 0.022578
1091.281006 0.024720
1093.120850 0.027075
1094.959839 0.028321
1096.797485 0.030312
1098.633911 0.035895
1100.469482 0.041016
1102.303589 0.048107
1104.136841 0.061573
1105.968872 0.071760
1107.799683 0.083322
1109.629517 0.091981
1111.458252 0.095384
1113.285889 0.089785
1115.112305 0.080946
1116.937622 0.069100
1118.761841 0.059529
1120.584961 0.050338
1122.406860 0.042130
1124.228027 0.037377
1126.047607 0.035484
1127.866333 0.033359
1129.683838 0.032584
1131.500244 0.031945
1133.315552 0.032088
1135.129761 0.032212
1136.942871 0.033270
1138.755005 0.033478
1140.565918 0.036006
1142.375610 0.038810
1144.184326 0.040517
1145.991821 0.043167
1147.798584 0.047352
1149.603882 0.053019
1151.408081 0.057193
1153.211182 0.061837
1155.013306 0.066698
1156.814331 0.070090
1158.614258 0.073731
1160.412964 0.074833
1162.210571 0.074649
1164.007324 0.074098
1165.802734 0.072298
1167.597168 0.068069
1169.390503 0.064062
1171.182739 0.057148
1172.973877 0.050108
1174.764038 0.044485
1176.552856 0.040178
1178.340820 0.035688
1180.127441 0.032483
1181.913208 0.028427
1183.697876 0.028424
1185.481445 0.026581
1187.263916 0.026162
1189.045166 0.026357
1190.825439 0.025971
1192.604614 0.027710
1194.382690 0.027766
1196.159912 0.028565
1197.935791 0.028648
1199.710449 0.028480
1201.484497 0.029486
1203.257202 0.030090
1205.028809 0.030840
1206.799438 0.030481
1208.569092 0.031432
1210.337402 0.032262
1212.104858 0.031611
1213.871094 0.033569
1215.636353 0.034228
1217.400513 0.035245
1219.163452 0.038473
1220.925537 0.041791
1222.686401 0.045720
1224.446411 0.049759
1226.205322 0.056090
1227.962891 0.060566
1229.719727 0.068099
1231.475342 0.075884
1233.229858 0.083288
1234.983398 0.090050
1236.735840 0.098191
1238.487305 0.105072
1240.237427 0.111989
1241.986816 0.116163
1243.734985 0.119739
1245.482178 0.121080
1247.228149 0.122958
1248.973267 0.125528
1250.717163 0.123458
1252.460083 0.120757
1254.202026 0.122448
1255.942871 0.119308
1257.682617 0.118818
1259.421387 0.117814
1261.159058 0.118011
1262.895630 0.115495
1264.631226 0.113484
1266.365845 0.111652
1268.099243 0.107750
1269.831665 0.104458
1271.563232 0.096266
1273.293335 0.094621
1275.022705 0.088314
1276.751099 0.082665
1278.478149 0.078781
1280.204468 0.077050
1281.929443 0.072353
1283.653687 0.071106
1285.376587 0.068446
1287.098755 0.067528
1288.819702 0.064374
1290.539795 0.065532
1292.258667 0.061306
1293.976563 0.060576
1295.693359 0.057662
1297.409180 0.056176
1299.123779 0.054912
1300.837646 0.054304
1302.550293 0.054647
1304.261963 0.056122
1305.972778 0.060321
1307.682373 0.063695
1309.390991 0.068995
1311.098511 0.075171
1312.805054 0.084061
1314.510498 0.091783
1316.215088 0.099337
1317.918457 0.107265
1319.620972 0.117036
1321.322388 0.124542
1323.022827 0.134936
1324.722046 0.140833
1326.420532 0.150675
1328.117920 0.152067
1329.814087 0.150684
1331.509399 0.144402
1333.203613 0.135888
1334.896973 0.125312
1336.589233 0.112424
1338.280396 0.101542
1339.970581 0.090002
1341.659912 0.081435
1343.348022 0.070303
1345.035278 0.061627
1346.721313 0.055581
1348.406494 0.050633
1350.090454 0.045109
1351.773682 0.041586
1353.455688 0.037827
1355.136841 0.034788
1356.817139 0.033070
1358.496216 0.030961
1360.174194 0.030442
1361.851196 0.028966
1363.527466 0.029938
1365.202515 0.027877
1366.876343 0.028753
1368.549561 0.028267
1370.221680 0.027560
1371.892578 0.027353
1373.562866 0.028063
1375.231812 0.027668
1376.899780 0.027968
1378.566772 0.028179
1380.233154 0.030587
1381.898071 0.030299
1383.562134 0.029757
1385.225220 0.031335
1386.887085 0.031055
1388.548340 0.032809
1390.208496 0.033274
1391.867432 0.033378
1393.525635 0.034783
1395.182739 0.036054
1396.838745 0.035185
1398.493896 0.035822
1400.148071 0.034193
1401.801392 0.035258
1403.453247 0.032664
1405.104614 0.030906
1406.754639 0.030573
1408.404053 0.029433
1410.052124 0.029007
1411.699219 0.027797
1413.345703 0.026495
1414.990845 0.023953
1416.635254 0.025237
1418.278320 0.024779
1419.920776 0.024428
1421.562134 0.024475
1423.202393 0.024123
1424.841675 0.022909
1426.480103 0.023057
1428.117432 0.021954
1429.753906 0.022786
1431.389404 0.021734
1433.023804 0.021678
1434.657349 0.023158
1436.289795 0.023131
1437.921387 0.022812
1439.552124 0.023524
1441.181763 0.023420
1442.810181 0.023882
1444.437866 0.024408
1446.064575 0.024964
1447.690308 0.024306
1449.314941 0.024261
1450.938843 0.025778
1452.561523 0.026766
1454.183472 0.025782
1455.804321 0.025469
1457.424194 0.025687
1459.043091 0.025034
1460.661011 0.024120
1462.277954 0.023532
1463.894165 0.021768
1465.509277 0.022469
1467.123291 0.022238
1468.736572 0.022280
1470.348633 0.021460
1471.959839 0.021991
1473.570190 0.023583
1475.179688 0.024032
1476.787720 0.025531
1478.395264 0.026479
1480.001709 0.026520
1481.607178 0.027655
1483.211670 0.029483
1484.815308 0.028913
1486.417603 0.029108
1488.019409 0.030733
1489.620239 0.029284
1491.219849 0.027649
1492.818604 0.028242
1494.416626 0.027166
1496.013306 0.025892
1497.609253 0.026343
1499.204346 0.026087
1500.798218 0.026819
1502.391479 0.025969
1503.983521 0.025377
1505.574585 0.025302
1507.164917 0.024318
1508.754150 0.024717
1510.342529 0.023399
1511.930054 0.022534
1513.516357 0.022882
1515.101807 0.023033
1516.686523 0.023387
1518.270264 0.021667
1519.852661 0.022180
1521.434448 0.020514
1523.015381 0.019769
1524.595337 0.019304
1526.174072 0.020159
1527.751953 0.019236
1529.329224 0.018183
1530.905151 0.019495
1532.480225 0.019312
1534.054565 0.017833
1535.627808 0.018153
1537.200439 0.018955
1538.771484 0.018625
1540.341919 0.018981
1541.911621 0.018694
1543.480225 0.018900
1545.047974 0.020164
1546.614746 0.019836
1548.180420 0.020711
1549.745117 0.020189
1551.309204 0.021079
1552.872314 0.020872
1554.434448 0.021814
1555.995483 0.021728
1557.555786 0.023250
1559.114990 0.023217
1560.673584 0.024439
1562.230957 0.024757
1563.787476 0.027884
1565.343018 0.027651
1566.897583 0.031753
1568.451416 0.033435
1570.004272 0.037988
1571.556152 0.041033
1573.107178 0.045746
1574.657104 0.050197
1576.206177 0.052100
1577.754639 0.055377
1579.301636 0.054271
1580.848145 0.055333
1582.393677 0.051544
1583.938354 0.050631
1585.481567 0.045935
1587.024414 0.043286
1588.566162 0.042674
1590.107056 0.041554
1591.646851 0.038937
1593.186035 0.037797
1594.723999 0.034910
1596.261108 0.035529
1597.797485 0.035949
1599.332886 0.032932
1600.867432 0.030987
1602.400757 0.029980
1603.933472 0.029491
1605.465332 0.026473
1606.996094 0.025084
1608.525879 0.025327
1610.054932 0.023880
1611.583008 0.024011
1613.109985 0.022248
1614.636475 0.021876
1616.161743 0.020584
1617.686279 0.022511
1619.209473 0.019570
1620.732422 0.019200
1622.254150 0.019492
1623.774902 0.019141
1625.294678 0.018734
1626.813965 0.019174
1628.331909 0.017387
1629.849243 0.016826
1631.365356 0.018315
1632.880859 0.015378
1634.395508 0.017147
1635.908936 0.017010
1637.421631 0.015765
1638.933472 0.016758
1640.444458 0.016287
1641.954468 0.014610
1643.463379 0.015755
1644.971680 0.015317
1646.479004 0.014171
1647.985352 0.014330
1649.490723 0.014291
1650.995605 0.013368
1652.499390 0.014078
1654.002197 0.014447
1655.504028 0.013672
1657.005249 0.012492
1658.505493 0.013442
1660.004639 0.014543
1661.502930 0.012707
1663.000488 0.011780
1664.496948 0.012729
1665.992676 0.012927
1667.487427 0.011754
1668.981445 0.011600
1670.474487 0.012637
1671.966553 0.011759
1673.458008 0.012941
1674.948242 0.012238
1676.437744 0.012560
1677.926392 0.012262
1679.414063 0.011077
1680.901123 0.011898
1682.386841 0.012335
1683.871948 0.012515
1685.356323 0.012301
1686.839233 0.010293
1688.321777 0.011167
1689.803223 0.011551
1691.283936 0.011678
1692.763672 0.011708
1694.242676 0.010792
1695.720581 0.011681
1697.197876 0.011193
1698.673828 0.011278
1700.149414 0.013612
1701.623779 0.012201
1703.097534 0.012494
1704.570190 0.011058
1706.042236 0.011090
1707.513184 0.011859
1708.983032 0.012028
1710.452393 0.011676
1711.920898 0.010956
1713.388306 0.011705
1714.854980 0.011545
1716.320435 0.011162
1717.785522 0.011239
1719.249512 0.011659
1720.712646 0.011107
1722.174805 0.010709
1723.636353 0.011672
1725.096924 0.011203
1726.556274 0.011933
1728.015259 0.010534
1729.473145 0.010857
1730.930298 0.010703
1732.386230 0.010728
1733.841553 0.010536
1735.296143 0.010933
1736.749512 0.010484
1738.202271 0.013079
1739.654175 0.010618
1741.105103 0.011629
1742.555054 0.010412
1744.004517 0.011456
1745.452759 0.009436
1746.900513 0.011404
1748.346924 0.011600
1749.792847 0.012114
1751.237793 0.010132
1752.681885 0.010638
1754.125000 0.012224
1755.567261 0.010644
1757.008789 0.010004
1758.449463 0.010112
1759.889160 0.010377
1761.328125 0.009985
1762.766235 0.009248
1764.203369 0.009073
1765.639771 0.010703
1767.075317 0.008957
1768.509888 0.010047
1769.943604 0.010250
1771.376465 0.010030
1772.808716 0.011791
1774.239990 0.010964
1775.670044 0.010177
1777.099609 0.011238
1778.528564 0.010536
1779.956177 0.010048
1781.382935 0.011376
1782.809204 0.009539
1784.234619 0.008777
1785.658691 0.010290
1787.082397 0.008640
1788.505127 0.009929
1789.927002 0.009202
1791.347900 0.008749
1792.768188 0.009494
1794.187500 0.009372
1795.605957 0.010067
1797.023438 0.010213
1798.440308 0.009730
1799.856201 0.011738
1801.271118 0.009015
1802.685425 0.008066
1804.098877 0.009809
1805.511597 0.008960
1806.923096 0.009419
1808.333984 0.010045
1809.744019 0.010290
1811.153320 0.010082
1812.561279 0.009041
1813.968994 0.008887
1815.375732 0.009624
1816.781372 0.009325
1818.186279 0.009599
1819.590332 0.009432
1820.993774 0.009870
1822.396118 0.010674
1823.797852 0.009247
1825.198730 0.010606
1826.598633 0.009581
1827.997559 0.009153
1829.395874 0.009629
1830.793213 0.009255
1832.189941 0.009313
1833.585571 0.009915
1834.980591 0.010102
1836.374756 0.009237
1837.767944 0.010644
1839.160278 0.009138
1840.552002 0.010043
1841.942749 0.010714
1843.332764 0.007972
1844.721558 0.009317
1846.109985 0.009908
1847.497559 0.010432
1848.883911 0.010075
1850.269653 0.009829
1851.654785 0.009459
1853.038818 0.009294
1854.421997 0.010338
1855.804688 0.011294
1857.186035 0.010384
1858.567017 0.010446
1859.946777 0.010190
1861.326050 0.010705
1862.704468 0.008925
1864.082031 0.010899
1865.458618 0.010222
1866.834351 0.009969
1868.209351 0.010541
1869.583374 0.010503
1870.956787 0.011005
1872.329468 0.008793
1873.701172 0.009502
1875.072021 0.010276
1876.442139 0.010139
1877.811523 0.009575
1879.180054 0.009567
1880.547363 0.009765
1881.914307 0.009825
1883.280151 0.008998
1884.645508 0.009558
1886.009766 0.009605
1887.373169 0.009426
1888.735962 0.011011
1890.097778 0.009832
1891.458984 0.009794
1892.819214 0.010211
1894.178589 0.010171
1895.537109 0.011393
1896.894897 0.010058
1898.251953 0.010079
1899.608276 0.010378
1900.963501 0.009583
1902.317993 0.011111
1903.671875 0.008870
1905.024902 0.009950
1906.376709 0.010832
1907.728027 0.009300
1909.078735 0.011346
1910.428345 0.009457
1911.776978 0.010349
1913.125244 0.009413
1914.472412 0.010293
1915.818726 0.010653
1917.164307 0.008457
1918.509277 0.012062
1919.853394 0.010498
1921.196411 0.009826
1922.538818 0.010174
1923.880371 0.009041
1925.221436 0.010793
1926.561157 0.009710
1927.900391 0.009959
1929.238770 0.009398
1930.576416 0.009269
1931.912964 0.010593
1933.248779 0.010270
1934.583984 0.009834
1935.918213 0.008905
1937.251831 0.010796
1938.584473 0.011155
1939.916626 0.010490
1941.247681 0.010095
1942.578125 0.008827
1943.907593 0.009121
1945.236450 0.011260
1946.563965 0.010202
1947.891113 0.009254
1949.217651 0.010892
1950.543091 0.009721
1951.867676 0.009727
1953.191772 0.009118
1954.514771 0.009852
1955.837036 0.010271
1957.158691 0.009567
1958.479126 0.009509
1959.799316 0.010219
1961.118286 0.010087
1962.436768 0.010595
1963.754395 0.011481
1965.071289 0.009867
1966.387085 0.010741
1967.702148 0.009802
1969.016602 0.011551
1970.330200 0.010417
1971.642578 0.010231
1972.954956 0.010131
1974.266113 0.010591
1975.576416 0.011243
1976.885986 0.009060
1978.194946 0.010041
1979.503052 0.010532
1980.810059 0.011023
1982.116455 0.008304
1983.422363 0.008462
1984.727295 0.009468
1986.031128 0.011160
1987.334595 0.009323
1988.637085 0.010268
1989.938843 0.010370
1991.239746 0.009454
1992.539795 0.009280
1993.839111 0.009820
1995.137573 0.009141
1996.435547 0.009727
1997.732666 0.009564
1999.028809 0.008266
2000.324097 0.009437
2001.618774 0.008084
2002.912720 0.008277
2004.205811 0.009599
2005.498169 0.009847
2006.789673 0.011212
2008.080322 0.009403
2009.370361 0.009428
2010.659424 0.009684
2011.947876 0.009750
2013.235474 0.009186
2014.522461 0.008946
2015.808228 0.009213
2017.093750 0.008206
2018.378418 0.009565
2019.661743 0.009356
2020.944702 0.009274
2022.227051 0.009463
2023.508179 0.008476
2024.788818 0.009165
2026.068604 0.009766
2027.347900 0.009104
2028.626099 0.009701
2029.903564 0.008785
2031.180298 0.008731
2032.456299 0.009464
2033.731445 0.009028
2035.005859 0.010680
2036.279419 0.009023
2037.552368 0.009053
2038.824219 0.008580
2040.095703 0.009842
2041.366211 0.009626
2042.636230 0.010644
2043.904907 0.010138
2045.173218 0.008958
2046.440796 0.008817
2047.707275 0.009953
2048.973145 0.009791
2050.238281 0.010141
2051.502930 0.009373
2052.766602 0.010194
2054.029053 0.010190
2055.291260 0.012361
2056.552490 0.009293
2057.812988 0.010929
2059.072754 0.009145
2060.331787 0.008645
2061.590088 0.008708
2062.847412 0.011826
2064.104248 0.009939
2065.360107 0.010403
2066.615234 0.011898
2067.869629 0.009570
2069.123535 0.009499
2070.376221 0.010894
2071.628662 0.009201
2072.879639 0.008954
2074.130127 0.009168
2075.380127 0.008838
2076.629150 0.008833
2077.877441 0.011327
2079.125000 0.010180
2080.371826 0.009972
2081.617676 0.009282
2082.863037 0.008796
2084.107666 0.008855
2085.351318 0.009160
2086.593994 0.008768
2087.836182 0.010181
2089.078125 0.009484
2090.318848 0.009189
2091.558350 0.009321
2092.797852 0.008951
2094.036133 0.010567
2095.273926 0.009698
2096.510986 0.010636
2097.746826 0.009354
2098.982422 0.010498
2100.217041 0.010416
2101.450928 0.008817
2102.684326 0.009811
2103.916504 0.011154
2105.147949 0.010312
2106.379150 0.010058
2107.609375 0.008522
2108.838623 0.010309
2110.067139 0.007704
2111.294922 0.009996
2112.522217 0.011493
2113.748779 0.010214
2114.974121 0.009814
2116.198975 0.010050
2117.423096 0.010240
2118.646240 0.009028
2119.869141 0.010374
2121.091309 0.009168
2122.312500 0.009358
2123.532471 0.009498
2124.752197 0.009373
2125.971191 0.009783
2127.189697 0.011096
2128.406738 0.011364
2129.623291 0.010588
2130.839111 0.009681
2132.054443 0.008693
2133.269043 0.008728
2134.482666 0.010058
2135.695557 0.010500
2136.907715 0.010590
2138.118896 0.010392
2139.329834 0.009650
2140.540039 0.009171
2141.749023 0.010027
2142.957275 0.012610
2144.165283 0.008545
2145.372314 0.010950
2146.578369 0.010481
2147.783936 0.007558
2148.988770 0.008128
2150.192871 0.009457
2151.395752 0.009881
2152.598877 0.010516
2153.800537 0.010527
2155.001465 0.010326
2156.201660 0.009673
2157.401367 0.008267
2158.600342 0.008675
2159.798096 0.010373
2160.995605 0.011252
2162.192383 0.009132
2163.388428 0.009792
2164.583252 0.010104
2165.777832 0.008922
2166.971680 0.007348
2168.164795 0.009005
2169.356934 0.008125
2170.548340 0.008978
2171.739502 0.009082
2172.929443 0.008442
2174.118652 0.008864
2175.307129 0.007309
2176.494873 0.009477
2177.681885 0.009386
2178.868652 0.010089
2180.054199 0.007508
2181.239258 0.009599
2182.423096 0.008879
2183.606934 0.009229
2184.789551 0.007953
2185.971680 0.009630
2187.152344 0.008586
2188.333252 0.010969
2189.513428 0.009978
2190.692383 0.008350
2191.870605 0.011120
2193.048584 0.008337
2194.225342 0.009257
2195.401123 0.007391
2196.576660 0.008124
2197.751465 0.009482
2198.925781 0.007002
2200.098633 0.009147
2201.271240 0.007668
2202.443115 0.009234
2203.614502 0.009843
2204.784912 0.009692
2205.954590 0.007483
2207.123779 0.007716
2208.291748 0.008743
2209.459229 0.007676
2210.625977 0.010788
2211.792236 0.007435
2212.957275 0.008506
2214.121826 0.009505
2215.285889 0.009418
2216.449219 0.010605
2217.611572 0.009822
2218.773193 0.010131
2219.934570 0.009082
2221.094727 0.009068
2222.254395 0.009718
2223.413330 0.008770
2224.571533 0.009666
2225.729004 0.009632
2226.885498 0.008550
2228.041748 0.009132
2229.196777 0.008987
2230.351563 0.007305
2231.505127 0.007380
2232.658447 0.009640
2233.810791 0.008973
2234.962402 0.009391
2236.113525 0.009635
2237.263916 0.009419
2238.413574 0.008785
2239.562256 0.008476
2240.710693 0.010631
2241.858398 0.007571
2243.004883 0.008599
2244.150635 0.008069
2245.296387 0.008813
2246.440674 0.007450
2247.584717 0.011187
2248.728027 0.011681
2249.870361 0.006873
2251.012451 0.009934
2252.153076 0.007121
2253.293945 0.008653
2254.433350 0.010660
2255.572266 0.008327
2256.710693 0.009082
2257.848145 0.009588
2258.984863 0.011447
2260.121094 0.007658
2261.256348 0.008533
2262.391113 0.008903
2263.525146 0.008582
2264.658691 0.009419
2265.791016 0.010099
2266.923096 0.008600
2268.054443 0.006567
2269.184570 0.009174
2270.314453 0.009341
2271.444092 0.007209
2272.572021 0.009687
2273.699707 0.009033
2274.826904 0.011260
2275.953125 0.008908
2277.078857 0.008206
2278.203369 0.010072
2279.327881 0.009864
2280.451416 0.010790
2281.574219 0.010029
2282.696289 0.008636
2283.817627 0.008138
2284.938477 0.006805
2286.058105 0.010390
2287.177734 0.010204
2288.296143 0.009297
2289.414063 0.007927
2290.531494 0.010037
2291.647949 0.007690
2292.763916 0.009428
2293.879150 0.010882
2294.993408 0.009895
2296.107178 0.007546
2297.220459 0.007230
2298.333008 0.009711
2299.444092 0.008223
2300.555420 0.008607
2301.665527 0.009023
2302.775146 0.007503
2303.884033 0.010493
2304.992676 0.009247
2306.099854 0.008247
2307.206787 0.008401
2308.312988 0.010839
2309.418457 0.008434
2310.523438 0.009224
2311.627197 0.008786
2312.730713 0.010199
2313.833496 0.010162
2314.935547 0.008862
2316.036865 0.009652
2317.137451 0.007453
2318.237549 0.007801
2319.336914 0.007920
2320.435303 0.008352
2321.533203 0.009591
2322.630615 0.008214
2323.726807 0.006896
2324.822998 0.008966
2325.918213 0.008914
2327.012695 0.010951
2328.106445 0.009356
2329.199707 0.007355
2330.291992 0.008295
2331.384033 0.010697
2332.474854 0.006994
2333.565430 0.008045
2334.655273 0.008183
2335.744629 0.010168
2336.832520 0.008293
2337.920410 0.009601
2339.007324 0.010438
2340.093506 0.008958
2341.179443 0.006115
2342.264404 0.011750
2343.348877 0.008428
2344.432129 0.007738
2345.515381 0.007991
2346.597412 0.008002
2347.678955 0.009308
2348.760010 0.008836
2349.840576 0.009591
2350.919922 0.011943
2351.999023 0.010628
2353.077148 0.008402
2354.154785 0.007558
2355.231689 0.009771
2356.307617 0.007686
2357.383301 0.008774
2358.458008 0.010204
2359.532471 0.011376
2360.605713 0.010089
2361.678711 0.008512
2362.750977 0.009301
2363.822754 0.010570
2364.893311 0.009426
2365.963623 0.009051
2367.033447 0.008660
2368.102295 0.012007
2369.170166 0.008935
2370.237793 0.010829
2371.304688 0.008154
2372.370850 0.007695
2373.436279 0.008094
2374.500977 0.010352
2375.565430 0.011327
2376.628906 0.010862
2377.691650 0.008949
2378.753906 0.010722
2379.815674 0.006502
2380.876221 0.009580
2381.936523 0.011455
2382.996582 0.009375
2384.055176 0.011702
2385.113281 0.010570
2386.171143 0.011530
2387.227783 0.008658
2388.284180 0.010055
2389.339355 0.009475
2390.394531 0.009528
2391.448730 0.010655
2392.502197 0.009024
2393.555420 0.010437
2394.607910 0.009937
2395.659424 0.010094
2396.709961 0.009383
2397.760498 0.008323
2398.810303 0.010678
2399.859131 0.009537
2400.907471 0.012839
2401.955078 0.009508
2403.002441 0.008431
2404.048584 0.009711
2405.094238 0.011851
2406.139648 0.008584
2407.184326 0.009539
2408.227783 0.007783
2409.270996 0.008365
2410.313232 0.008739
2411.355225 0.009877
2412.396240 0.009988
2413.436768 0.008185
2414.477051 0.009321
2415.515869 0.010814
2416.554199 0.008301
2417.592529 0.009776
2418.630127 0.008867
2419.666504 0.011566
2420.702148 0.009825
2421.737549 0.008959
2422.772461 0.007919
2423.806641 0.008593
2424.839844 0.010722
2425.872803 0.010146
2426.904785 0.010732
2427.936279 0.011520
2428.967285 0.008668
2429.997070 0.010590
2431.026855 0.010591
2432.055420 0.008989
2433.083740 0.007526
2434.111572 0.007314
2435.138672 0.008734
2436.164551 0.011364
2437.190430 0.009671
2438.215576 0.010746
2439.239990 0.010033
2440.263428 0.008300
2441.286865 0.009824
2442.309082 0.010860
2443.331299 0.008675
2444.352295 0.011294
2445.373047 0.009403
2446.392822 0.007128
2447.411865 0.012854
2448.430664 0.008321
2449.448975 0.006717
2450.466309 0.011474
2451.483154 0.011252
2452.498779 0.004666
2453.514648 0.011110
2454.529541 0.009187
2455.543457 0.008708
2456.557373 0.010827
2457.570557 0.010396
2458.582275 0.008611
2459.593994 0.009811
2460.605469 0.008911
2461.615723 0.008077
2462.625244 0.010403
2463.634766 0.007577
2464.643311 0.008802
2465.651367 0.012597
2466.658447 0.008369
2467.665039 0.008943
2468.671387 0.010047
2469.676758 0.012114
2470.681152 0.010463
2471.685547 0.011228
2472.689209 0.007594
2473.692139 0.008020
2474.694092 0.006817
2475.695801 0.010214
2476.697021 0.008728
2477.697266 0.009703
2478.697266 0.009254
2479.696289 0.009462
2480.695068 0.010336
2481.692627 0.005418
2482.689941 0.009597
2483.687012 0.009451
2484.683105 0.008396
2485.678223 0.010307
2486.672852 0.008275
2487.667236 0.012801
2488.660400 0.011941
2489.653320 0.009234
2490.645996 0.008151
2491.637939 0.010060
2492.628906 0.008809
2493.619385 0.007707
2494.609619 0.010716
2495.598389 0.008781
2496.587402 0.009677
2497.575684 0.008881
2498.562744 0.009071
2499.549561 0.010883
2500.536133 0.010097
2501.521240 0.011947
2502.506104 0.008005
2503.490723 0.013165
2504.474365 0.005969
2505.457520 0.009756
2506.440186 0.009240
2507.421875 0.008559
2508.403809 0.009537
2509.384033 0.010534
2510.364014 0.010743
2511.343750 0.009756
2512.322510 0.008138
2513.300537 0.008093
2514.278564 0.011381
2515.255371 0.010531
2516.232178 0.008924
2517.208008 0.008769
2518.182861 0.008556
2519.157959 0.009745
2520.131836 0.010436
2521.104980 0.008895
2522.077881 0.012242
2523.050293 0.008848
2524.021729 0.010928
2524.992920 0.007344
2525.963135 0.008935
2526.933350 0.008892
2527.902344 0.009387
2528.870850 0.010731
2529.839111 0.010749
2530.806396 0.010626
2531.773193 0.011639
2532.739502 0.009147
2533.704834 0.010774
2534.670410 0.008671
2535.634766 0.009193
2536.598389 0.006481
2537.562012 0.009873
2538.524414 0.008194
2539.486328 0.011205
2540.447998 0.008660
2541.408936 0.009064
2542.369141 0.011373
2543.328857 0.008343
2544.288086 0.008973
2545.246582 0.010687
2546.204346 0.009823
2547.161621 0.009300
2548.118652 0.009102
2549.074707 0.007409
2550.029785 0.011100
2550.985107 0.005811
2551.939209 0.007596
2552.893066 0.010135
2553.846924 0.009312
2554.799072 0.008594
2555.751465 0.007412
2556.702393 0.008629
2557.653320 0.005899
2558.604004 0.010100
2559.553711 0.007098
2560.502686 0.010463
2561.451416 0.008163
2562.398926 0.008867
2563.346924 0.008170
2564.293701 0.007318
2565.239746 0.010319
2566.185791 0.003828
2567.130371 0.010545
2568.074707 0.011962
2569.018555 0.006587
2569.961670 0.012110
2570.904541 0.008083
2571.846924 0.010734
2572.788818 0.013129
2573.729980 0.010110
2574.669922 0.014810
2575.609619 0.011331
2576.549072 0.010267
2577.487793 0.009897
2578.426025 0.012184
2579.363525 0.006929
2580.300537 0.006597
2581.236816 0.009049
2582.172852 0.008331
2583.107910 0.009987
2584.043213 0.008687
2584.977051 0.013959
2585.910645 0.009317
2586.843994 0.008244
2587.776123 0.009626
2588.707520 0.008397
2589.639404 0.014917
2590.569580 0.013552
2591.500488 0.013211
2592.429688 0.012778
2593.358887 0.007550
2594.287598 0.009246
2595.215332 0.009650
2596.142578 0.008381
2597.069580 0.009633
2597.995605 0.009560
2598.920898 0.010987
2599.846191 0.010893
2600.770752 0.011253
2601.695068 0.012778
2602.618408 0.005981
2603.541260 0.009469
2604.463623 0.008217
2605.385254 0.015459
2606.305908 0.009682
2607.227051 0.014806
2608.146973 0.008206
2609.067139 0.009396
2609.985596 0.008385
2610.903809 0.008519
2611.822266 0.009885
2612.739258 0.007118
2613.655518 0.007807
2614.572266 0.009005
2615.488037 0.007329
2616.402832 0.009392
2617.317627 0.011428
2618.231689 0.011138
2619.145264 0.005527
2620.058105 0.009962
2620.969482 0.011511
2621.882080 0.011671
2622.793213 0.014452
2623.703857 0.005608
2624.614258 0.013257
2625.523682 0.008891
2626.432373 0.007560
2627.341064 0.007294
2628.249268 0.008426
2629.157227 0.009686
2630.063477 0.011522
2630.969971 0.007521
2631.875977 0.008621
2632.781006 0.010452
2633.685303 0.008829
2634.590088 0.006087
2635.493408 0.006102
2636.396973 0.009665
2637.299072 0.008976
2638.200928 0.007142
2639.102539 0.008854
2640.003662 0.011206
2640.904053 0.009060
2641.804199 0.012773
2642.703125 0.008038
2643.602051 0.011507
2644.500732 0.010445
2645.398193 0.005475
2646.295654 0.013683
2647.191895 0.008044
2648.088135 0.013054
2648.983887 0.008902
2649.879150 0.009910
2650.773193 0.010073
2651.667725 0.009188
2652.561035 0.007144
2653.453613 0.009710
2654.346924 0.010558
2655.238525 0.010378
2656.130127 0.008392
2657.020752 0.007277
2657.910645 0.009123
2658.801025 0.013605
2659.689941 0.006013
2660.578613 0.008827
2661.467529 0.007253
2662.354736 0.008606
2663.242432 0.010996
2664.128906 0.010308
2665.014648 0.005165
2665.901123 0.009597
2666.785889 0.012493
2667.669922 0.007793
2668.554443 0.006393
2669.437988 0.012056
2670.320801 0.008645
2671.203613 0.007974
2672.085449 0.011863
2672.967285 0.009735
2673.848389 0.012360
2674.728271 0.011805
2675.608643 0.011661
2676.487793 0.010352
2677.366699 0.010507
2678.245361 0.008614
2679.123535 0.011020
2680.001221 0.008583
2680.877686 0.009569
2681.753906 0.011172
2682.630127 0.003299
2683.505615 0.011672
2684.380371 0.012215
2685.255127 0.008634
2686.128418 0.011856
2687.001953 0.008215
2687.874756 0.005003
2688.746826 0.009577
2689.619141 0.012223
2690.489990 0.010973
2691.361084 0.004933
2692.231445 0.011582
2693.101318 0.009136
2693.970459 0.009008
2694.839600 0.012844
2695.707764 0.005847
2696.575439 0.013443
2697.443115 0.013795
2698.309814 0.003884
2699.176758 0.011322
2700.041992 0.009086
2700.906982 0.003380
2701.772705 0.008795
2702.636963 0.009300
2703.500244 0.009987
2704.364258 0.011664
2705.227051 0.014401
2706.089355 0.007457
2706.951172 0.004897
2707.812500 0.013686
2708.674072 0.008317
2709.533936 0.007130
2710.393799 0.007474
2711.253906 0.010543
2712.112793 0.007666
2712.970947 0.005789
2713.829102 0.012983
2714.686523 0.008862
2715.543945 0.006816
2716.400391 0.007338
2717.256104 0.007677
2718.112305 0.010904
2718.967285 0.012118
2719.821533 0.009561
2720.676025 0.011788
2721.529541 0.011859
2722.383301 0.014416
2723.235596 0.009829
2724.088135 0.006926
2724.939941 0.014026
2725.791260 0.014926
2726.641602 0.014477
2727.492676 0.014517
2728.342041 0.011371
2729.191162 0.013647
2730.040527 0.011190
2730.889160 0.008966
2731.737305 0.012267
2732.584717 0.010192
2733.431396 0.007079
2734.278320 0.007071
2735.124268 0.015217
2735.969727 0.009968
2736.815186 0.007143
2737.659668 0.013109
2738.503906 0.011032
2739.347900 0.010924
2740.191162 0.009545
2741.034424 0.007229
2741.876709 0.012168
2742.718506 0.013368
2743.560303 0.006980
2744.400879 0.010631
2745.241455 0.013924
2746.081787 0.004210
2746.921143 0.013451
2747.760986 0.013480
2748.599365 0.010649
2749.437256 0.012554
2750.275879 0.006969
2751.113037 0.013418
2751.949707 0.010185
2752.786377 0.004313
2753.622314 0.013585
2754.457764 0.008679
2755.292969 0.011454
2756.127441 0.005327
2756.961914 0.009497
2757.795654 0.005173
2758.628906 0.012752
2759.461670 0.008996
2760.294189 0.002013
2761.125977 0.010494
2761.957764 0.012152
2762.788574 0.007479
2763.619629 0.007886
2764.449463 0.004664
2765.279541 0.013232
2766.108887 0.011425
2766.937256 0.013736
2767.765869 0.001848
2768.594238 0.008687
2769.421631 0.014541
2770.248047 0.008350
2771.075439 0.009633
2771.901367 0.008574
2772.727295 0.004195
2773.552979 0.008358
2774.377441 0.016763
2775.202148 0.006680
2776.026367 0.013816
2776.849609 0.004840
2777.673096 0.006771
2778.495605 0.004252
2779.317871 0.008712
2780.140137 0.005711
2780.961670 0.009640
2781.782959 0.010265
2782.603516 0.015465
2783.423584 0.012541
2784.243408 0.008127
2785.062744 0.007721
2785.881348 0.008999
2786.700439 0.004753
2787.518311 0.006238
2788.336182 0.012666
2789.153320 0.007731
2789.969971 0.007922
2790.786621 0.020420
2791.602295 0.009020
2792.417969 0.009886
2793.233398 0.016559
2794.047607 0.010749
2794.862305 0.011722
2795.676514 0.012859
2796.489746 0.009629
2797.303223 0.008540
2798.115479 0.014324
2798.927490 0.022026
2799.739746 0.011991
2800.551025 0.009765
2801.362061 0.002230
2802.172852 0.012288
2802.982910 0.018641
2803.792725 0.011020
2804.602295 0.006531
2805.411133 0.020154
2806.219971 0.010638
2807.028320 0.008404
2807.835693 0.011369
2808.643799 0.009611
2809.450195 0.013077
2810.257080 0.008427
2811.063477 0.010568
2811.868652 0.009221
2812.674316 0.011160
2813.479492 0.012256
2814.283936 0.013864
2815.088135 0.002991
2815.891846 0.009489
2816.695313 0.013703
2817.498535 0.004652
2818.301025 0.015436
2819.103271 0.013880
2819.905029 0.012772
2820.706299 0.013710
2821.508057 0.012562
2822.308350 0.012149
2823.109131 0.016528
2823.908936 0.013516
2824.708252 0.016507
2825.507080 0.014163
2826.306396 0.004645
2827.104492 0.011515
2827.902832 0.008811
2828.700195 0.008658
2829.497314 0.012948
2830.294434 0.007228
2831.090820 0.008511
2831.886475 0.018853
2832.682861 0.013596
2833.478271 0.009110
2834.272705 0.013713
2835.067627 0.006353
2835.861816 0.025264
2836.656006 0.012484
2837.449219 0.005879
2838.242432 0.012022
2839.035156 0.006679
2839.827637 0.011120
2840.619141 0.015793
2841.410889 0.008047
2842.202393 0.012944
2842.992920 0.014485
2843.783936 0.013241
2844.573975 0.016058
2845.364014 0.015103
2846.153320 0.000000
2846.942139 0.012773
2847.731445 0.017247
2848.519531 0.019722
2849.307373 0.005018
2850.095703 0.017180
2850.882324 0.021003
2851.669922 0.013830
2852.456055 0.018363
2853.242188 0.014174
2854.028564 0.016621
2854.813965 0.013414
2855.598877 0.017188
2856.384033 0.019044
2857.168213 0.018017
2857.951904 0.012153
2858.736328 0.014350
2859.519775 0.023769
2860.302734 0.013589
2861.085693 0.016877
2861.867676 0.012586
2862.649902 0.011559
2863.431396 0.014625
2864.212891 0.011181
2864.993896 0.016875
2865.774414 0.014969
2866.554932 0.016778
2867.335205 0.021101
2868.114746 0.006878
2868.894287 0.014921
2869.673096 0.026741
2870.451904 0.016456
2871.230225 0.011508
2872.008057 0.016100
2872.785645 0.014948
2873.562988 0.013220
2874.340088 0.014376
2875.116943 0.020625
2875.893066 0.024279
2876.668945 0.013306
2877.445068 0.011067
2878.220215 0.021529
2878.995117 0.009916
2879.770264 0.012215
2880.544434 0.018635
2881.318359 0.014423
2882.092529 0.012153
2882.865723 0.012174
2883.638916 0.016146
2884.411377 0.011021
2885.184082 0.016460
2885.956299 0.009603
2886.728027 0.007662
2887.499512 0.013146
2888.271484 0.013204
2889.041748 0.023091
2889.812744 0.017765
2890.582764 0.011101
2891.352783 0.012987
2892.123047 0.013335
2892.891357 0.021358
2893.660400 0.014903
2894.429443 0.017624
2895.197998 0.011050
2895.966064 0.008630
2896.734131 0.016736
2897.501709 0.014626
2898.268799 0.020915
2899.035645 0.027170
2899.802246 0.010444
2900.568848 0.014587
2901.334717 0.020989
2902.100830 0.021667
2902.865967 0.022322
2903.631104 0.014237
2904.396240 0.023780
2905.160889 0.006162
2905.924805 0.012346
2906.689209 0.009954
2907.452393 0.018120
2908.215576 0.018944
2908.979492 0.017427
2909.741943 0.012708
2910.504395 0.017815
2911.266846 0.016537
2912.029053 0.025439
2912.791016 0.028775
2913.552490 0.017022
2914.312988 0.012547
2915.074219 0.012545
spectrumdark 2048
-91.985825 1073.000000
-89.360619 1073.000000
-86.737297 1051.000000
-84.115860 1034.000000
-81.496307 1046.000000
-78.878647 1043.000000
-76.262863 1055.000000
-73.648956 1070.000000
-71.036934 1052.000000
-68.426788 1056.000000
-65.818504 1035.000000
-63.212093 1043.000000
-60.607559 1052.000000
-58.004890 1040.000000
-55.404083 1040.000000
-52.805145 1047.000000
-50.208069 1035.000000
-47.612846 1053.000000
-45.019482 1044.000000
-42.427979 1040.000000
-39.838329 1058.000000
-37.250526 1055.000000
-34.664570 1026.000000
-32.080467 1064.000000
-29.498209 1041.000000
-26.917788 1064.000000
-24.339218 1042.000000
-21.762491 1041.000000
-19.187590 1045.000000
-16.614527 1035.000000
-14.043305 1049.000000
-11.473914 1053.000000
-8.906346 1054.000000
-6.340607 1046.000000
-3.776701 1034.000000
-1.214620 1038.000000
1.345648 1058.000000
3.904094 1045.000000
6.460715 1049.000000
9.015520 1029.000000
11.568517 1053.000000
14.119700 1033.000000
16.669067 1055.000000
19.216625 1062.000000
21.762386 1030.000000
24.306337 1066.000000
26.848480 1046.000000
29.388823 1043.000000
31.927370 1065.000000
34.464119 1056.000000
36.999081 1068.000000
39.532234 1040.000000
42.063602 1066.000000
44.593182 1066.000000
47.120960 1052.000000
49.646969 1056.000000
52.171200 1084.000000
54.693642 1049.000000
57.214298 1037.000000
59.733166 1045.000000
62.250275 1052.000000
64.765602 1052.000000
67.279144 1059.000000
69.790932 1054.000000
72.300941 1030.000000
74.809204 1041.000000
77.315689 1064.000000
79.820396 1074.000000
82.323357 1040.000000
84.824570 1037.000000
87.323990 1051.000000
89.821671 1057.000000
92.317604 1069.000000
94.811783 1049.000000
97.304214 1046.000000
99.794884 1046.000000
102.283813 1050.000000
104.771004 1047.000000
107.256447 1043.000000
109.740143 1029.000000
112.222099 1064.000000
114.702332 1052.000000
117.180817 1039.000000
119.657570 1046.000000
122.132599 1066.000000
124.605881 1044.000000
127.077431 1073.000000
129.547287 1062.000000
132.015381 1045.000000
134.481766 1036.000000
136.946442 1064.000000
139.409393 1050.000000
141.870621 1053.000000
144.330124 1051.000000
146.787888 1072.000000
149.243988 1065.000000
151.698349 1041.000000
154.151031 1046.000000
156.601990 1063.000000
159.051239 1060.000000
161.498795 1059.000000
163.944626 1054.000000
166.388779 1052.000000
168.831207 1067.000000
171.271957 1048.000000
173.711029 1051.000000
176.148392 1048.000000
178.584061 1060.000000
181.018021 1050.000000
183.450348 1057.000000
185.880936 1071.000000
188.309860 1064.000000
190.737091 1060.000000
193.162659 1053.000000
195.586548 1055.000000
198.008759 1067.000000
200.429291 1068.000000
202.848129 1069.000000
205.265289 1043.000000
207.680817 1083.000000
210.094650 1051.000000
212.506851 1061.000000
214.917358 1062.000000
217.326218 1043.000000
219.733368 1034.000000
222.138901 1058.000000
224.542770 1058.000000
226.944977 1065.000000
229.345551 1062.000000
231.744461 1061.000000
234.141708 1077.000000
236.537323 1049.000000
238.931274 1074.000000
241.323547 1068.000000
243.714203 1063.000000
246.103226 1066.000000
248.490616 1067.000000
250.876358 1060.000000
253.260468 1064.000000
255.642929 1063.000000
258.023712 1036.000000
260.402924 1071.000000
262.780487 1065.000000
265.156403 1068.000000
267.530731 1043.000000
269.903412 1069.000000
272.274475 1050.000000
274.643921 1054.000000
277.011719 1069.000000
279.377899 1047.000000
281.742493 1059.000000
284.105438 1060.000000
286.466766 1069.000000
288.826508 1026.000000
291.184631 1070.000000
293.541138 1067.000000
295.896027 1084.000000
298.249298 1083.000000
300.601013 1060.000000
302.951111 1052.000000
305.299622 1050.000000
307.646484 1064.000000
309.991760 1059.000000
312.335449 1061.000000
314.677521 1060.000000
317.018036 1056.000000
319.356964 1073.000000
321.694275 1050.000000
324.030029 1047.000000
326.364136 1041.000000
328.696716 1044.000000
331.027710 1054.000000
333.357086 1080.000000
335.684906 1058.000000
338.011139 1066.000000
340.335785 1048.000000
342.658875 1065.000000
344.980377 1048.000000
347.300354 1065.000000
349.618713 1048.000000
351.935486 1076.000000
354.250702 1050.000000
356.564362 1048.000000
358.876465 1047.000000
361.186981 1057.000000
363.495941 1057.000000
365.803375 1072.000000
368.109253 1049.000000
370.413544 1083.000000
372.716248 1075.000000
375.017456 1066.000000
377.317108 1037.000000
379.615173 1058.000000
381.911713 1022.000000
384.206696 1059.000000
386.500153 1065.000000
388.792114 1039.000000
391.082428 1044.000000
393.371246 1064.000000
395.658539 1050.000000
397.944275 1067.000000
400.228394 1078.000000
402.511078 1081.000000
404.792206 1089.000000
407.071808 1101.000000
409.349884 1054.000000
411.626465 1088.000000
413.901459 1166.000000
416.174957 1178.000000
418.446930 1210.000000
420.717346 1176.000000
422.986298 1113.000000
425.253693 1036.000000
427.519562 1040.000000
429.783966 1053.000000
432.046814 1057.000000
434.308075 1066.000000
436.567932 1064.000000
438.826233 1032.000000
441.083038 1058.000000
443.338318 1042.000000
445.592133 1036.000000
447.844452 1029.000000
450.095245 1033.000000
452.344513 1029.000000
454.592316 1029.000000
456.838593 1056.000000
459.083374 1043.000000
461.326691 1071.000000
463.568481 1070.000000
465.808777 1022.000000
468.047607 1052.000000
470.284912 1043.000000
472.520721 1051.000000
474.755066 1029.000000
476.987946 1072.000000
479.219299 1065.000000
481.449188 1058.000000
483.677612 1071.000000
485.904572 1051.000000
488.130035 1080.000000
490.354004 1066.000000
492.576508 1052.000000
494.797546 1071.000000
497.017120 1071.000000
499.235199 1061.000000
501.451813 1064.000000
503.666962 1065.000000
505.880646 1051.000000
508.092865 1074.000000
510.303589 1059.000000
512.512878 1048.000000
514.720703 1034.000000
516.927124 1051.000000
519.132080 1053.000000
521.335510 1067.000000
523.537476 1044.000000
525.738037 1061.000000
527.937134 1071.000000
530.134888 1062.000000
532.330994 1070.000000
534.525757 1085.000000
536.719055 1067.000000
538.910950 1070.000000
541.101379 1049.000000
543.290283 1036.000000
545.477844 1043.000000
547.663940 1034.000000
549.848511 1052.000000
552.031799 1051.000000
554.213562 1068.000000
556.393921 1027.000000
558.572815 1053.000000
560.750305 1036.000000
562.926331 1046.000000
565.100952 1049.000000
567.274170 1067.000000
569.446045 1059.000000
571.616333 1057.000000
573.785278 1057.000000
575.952698 1063.000000
578.118774 1046.000000
580.283447 1047.000000
582.446716 1059.000000
584.608582 1035.000000
586.768982 1070.000000
588.927917 1053.000000
591.085571 1059.000000
593.241760 1043.000000
595.396484 1035.000000
597.549866 1068.000000
599.701843 1055.000000
601.852417 1046.000000
604.001526 1043.000000
606.149292 1047.000000
608.295654 1061.000000
610.440552 1063.000000
612.584045 1061.000000
614.726196 1042.000000
616.867004 1054.000000
619.006287 1023.000000
621.144348 1058.000000
623.280945 1034.000000
625.416016 1069.000000
627.549927 1044.000000
629.682312 1046.000000
631.813293 1088.000000
633.942993 1076.000000
636.071106 1078.000000
638.198120 1076.000000
640.323547 1061.000000
642.447754 1068.000000
644.570313 1060.000000
646.691711 1037.000000
648.811646 1048.000000
650.930237 1043.000000
653.047485 1073.000000
655.163330 1041.000000
657.277832 1055.000000
659.390991 1041.000000
661.502625 1071.000000
663.613037 1035.000000
665.722107 1047.000000
667.829773 1054.000000
669.936035 1054.000000
672.040894 1063.000000
674.144470 1043.000000
676.246765 1023.000000
678.347534 1053.000000
680.446960 1056.000000
682.545105 1058.000000
684.641846 1042.000000
686.737305 1055.000000
688.831482 1071.000000
690.924072 1089.000000
693.015503 1081.000000
695.105591 1104.000000
697.194214 1106.000000
699.281555 1039.000000
701.367615 1059.000000
703.452209 1062.000000
705.535522 1021.000000
707.617432 1053.000000
709.698120 1046.000000
711.777344 1059.000000
713.855225 1053.000000
715.931885 1050.000000
718.007202 1043.000000
720.081116 1060.000000
722.153809 1059.000000
724.225037 1043.000000
726.294983 1036.000000
728.363647 1051.000000
730.430969 1053.000000
732.496948 1063.000000
734.561646 1050.000000
736.624878 1048.000000
738.686890 1047.000000
740.747620 1046.000000
742.806946 1046.000000
744.865051 1057.000000
746.921692 1045.000000
748.977112 1063.000000
751.031250 1045.000000
753.084045 1057.000000
755.135559 1038.000000
757.185669 1051.000000
759.234558 1055.000000
761.282104 1059.000000
763.328308 1055.000000
765.373291 1053.000000
767.416931 1058.000000
769.459229 1027.000000
771.500305 1054.000000
773.539978 1046.000000
775.578430 1051.000000
777.615479 1061.000000
779.651245 1054.000000
781.685791 1029.000000
783.719055 1037.000000
785.750977 1043.000000
787.781616 1030.000000
789.810974 1049.000000
791.839111 1050.000000
793.865845 1047.000000
795.891357 1043.000000
797.915527 1036.000000
799.938416 1067.000000
801.960022 1037.000000
803.980408 1034.000000
805.999451 1066.000000
808.017212 1041.000000
810.033752 1042.000000
812.049011 1046.000000
814.062927 1045.000000
816.075500 1048.000000
818.086914 1043.000000
820.096985 1037.000000
822.105957 1061.000000
824.113403 1046.000000
826.119812 1069.000000
828.124817 1027.000000
830.128479 1059.000000
832.131042 1035.000000
834.132141 1033.000000
836.132202 1039.000000
838.130798 1054.000000
840.128296 1031.000000
842.124451 1050.000000
844.119446 1038.000000
846.113037 1043.000000
848.105408 1061.000000
850.096558 1066.000000
852.086487 1053.000000
854.075012 1044.000000
856.062439 1023.000000
858.048462 1067.000000
860.033386 1037.000000
862.016968 1046.000000
863.999329 1045.000000
865.980469 1046.000000
867.960266 1050.000000
869.938965 1039.000000
871.916260 1084.000000
873.892456 1043.000000
875.867310 1017.000000
877.841003 1044.000000
879.813354 1039.000000
881.784546 1065.000000
883.754395 1038.000000
885.723206 1039.000000
887.690552 1044.000000
889.656799 1026.000000
891.621765 1046.000000
893.585449 1057.000000
895.548035 1058.000000
897.509277 1060.000000
899.469360 1056.000000
901.428101 1048.000000
903.385742 1051.000000
905.342102 1040.000000
907.297363 1048.000000
909.251221 1053.000000
911.203979 1037.000000
913.155334 1030.000000
915.105652 1036.000000
917.054626 1068.000000
919.002502 1054.000000
920.949036 1055.000000
922.894348 1056.000000
924.838562 1040.000000
926.781555 1028.000000
928.723328 1052.000000
930.663696 1042.000000
932.603027 1013.000000
934.541077 1048.000000
936.478088 1061.000000
938.413696 1048.000000
940.348206 1025.000000
942.281372 1039.000000
944.213562 1029.000000
946.144348 1046.000000
948.074036 1040.000000
950.002441 1058.000000
951.929749 1058.000000
953.855591 1023.000000
955.780457 1045.000000
957.704163 1028.000000
959.626526 1057.000000
961.547913 1036.000000
963.467896 1067.000000
965.386719 1058.000000
967.304382 1057.000000
969.220947 1035.000000
971.136108 1053.000000
973.050293 1054.000000
974.963135 1036.000000
976.874878 1050.000000
978.785339 1031.000000
980.694763 1070.000000
982.602844 1033.000000
984.509766 1021.000000
986.415588 1057.000000
988.320129 1047.000000
990.223694 1061.000000
992.125854 1047.000000
994.026917 1038.000000
995.926758 1026.000000
997.825562 1058.000000
999.723022 1043.000000
1001.619507 1030.000000
1003.514465 1052.000000
1005.408630 1020.000000
1007.301392 1044.000000
1009.193115 1063.000000
1011.083618 1052.000000
1012.972839 1041.000000
1014.861084 1045.000000
1016.747986 1044.000000
1018.633911 1047.000000
1020.518372 1044.000000
1022.401978 1019.000000
1024.284302 1050.000000
1026.165527 1048.000000
1028.045410 1054.000000
1029.924316 1032.000000
1031.802002 1066.000000
1033.678589 1052.000000
1035.553955 1036.000000
1037.428101 1044.000000
1039.301025 1016.000000
1041.172974 1045.000000
1043.043701 1037.000000
1044.913208 1045.000000
1046.781860 1041.000000
1048.648926 1048.000000
1050.515259 1030.000000
1052.380127 1038.000000
1054.244019 1055.000000
1056.106689 1062.000000
1057.968262 1029.000000
1059.828613 1033.000000
1061.687866 1064.000000
1063.545898 1046.000000
1065.402954 1057.000000
1067.258789 1035.000000
1069.113525 1046.000000
1070.966797 1036.000000
1072.819336 1036.000000
1074.670654 1035.000000
1076.520752 1039.000000
1078.369751 1025.000000
1080.217651 1044.000000
1082.064331 1064.000000
1083.909912 1050.000000
1085.754395 1027.000000
1087.597656 1042.000000
1089.439819 1060.000000
1091.281006 1041.000000
1093.120850 1012.000000
1094.959839 1063.000000
1096.797485 1076.000000
1098.633911 1029.000000
1100.469482 1031.000000
1102.303589 1041.000000
1104.136841 1051.000000
1105.968872 1049.000000
1107.799683 1050.000000
1109.629517 1030.000000
1111.458252 1047.000000
1113.285889 1034.000000
1115.112305 1019.000000
1116.937622 1048.000000
1118.761841 1033.000000
1120.584961 1031.000000
1122.406860 1052.000000
1124.228027 1063.000000
1126.047607 1036.000000
1127.866333 1043.000000
1129.683838 1022.000000
1131.500244 1036.000000
1133.315552 1058.000000
1135.129761 1057.000000
1136.942871 1034.000000
1138.755005 1037.000000
1140.565918 1033.000000
1142.375610 1045.000000
1144.184326 1039.000000
1145.991821 1041.000000
1147.798584 1039.000000
1149.603882 1031.000000
1151.408081 1043.000000
1153.211182 1054.000000
1155.013306 1038.000000
1156.814331 1039.000000
1158.614258 1047.000000
1160.412964 1050.000000
1162.210571 1076.000000
1164.007324 1029.000000
1165.802734 1050.000000
1167.597168 1039.000000
1169.390503 1049.000000
1171.182739 1033.000000
1172.973877 1067.000000
1174.764038 1048.000000
1176.552856 1022.000000
1178.340820 1158.000000
1180.127441 1030.000000
1181.913208 1075.000000
1183.697876 1032.000000
1185.481445 1048.000000
1187.263916 1053.000000
1189.045166 1040.000000
1190.825439 1034.000000
1192.604614 1033.000000
1194.382690 1064.000000
1196.159912 1026.000000
1197.935791 1028.000000
1199.710449 1065.000000
1201.484497 1030.000000
1203.257202 1048.000000
1205.028809 1020.000000
1206.799438 1037.000000
1208.569092 1042.000000
1210.337402 1037.000000
1212.104858 1057.000000
1213.871094 1052.000000
1215.636353 1039.000000
1217.400513 1049.000000
1219.163452 1047.000000
1220.925537 1038.000000
1222.686401 1036.000000
1224.446411 1050.000000
1226.205322 1054.000000
1227.962891 1087.000000
1229.719727 1033.000000
1231.475342 1060.000000
1233.229858 1048.000000
1234.983398 1056.000000
1236.735840 1038.000000
1238.487305 1047.000000
1240.237427 1045.000000
1241.986816 1017.000000
1243.734985 1033.000000
1245.482178 1080.000000
1247.228149 1054.000000
1248.973267 1038.000000
1250.717163 1026.000000
1252.460083 1039.000000
1254.202026 1040.000000
1255.942871 1048.000000
1257.682617 1040.000000
1259.421387 1048.000000
1261.159058 1034.000000
1262.895630 1036.000000
1264.631226 1053.000000
1266.365845 1037.000000
1268.099243 1065.000000
1269.831665 1032.000000
1271.563232 1049.000000
1273.293335 1051.000000
1275.022705 1035.000000
1276.751099 1054.000000
1278.478149 1032.000000
1280.204468 1058.000000
1281.929443 1050.000000
1283.653687 1034.000000
1285.376587 1068.000000
1287.098755 1052.000000
1288.819702 1053.000000
1290.539795 1033.000000
1292.258667 1073.000000
1293.976563 1036.000000
1295.693359 1053.000000
1297.409180 1050.000000
1299.123779 1059.000000
1300.837646 1046.000000
1302.550293 1017.000000
1304.261963 1042.000000
1305.972778 1049.000000
1307.682373 1043.000000
1309.390991 1040.000000
1311.098511 1043.000000
1312.805054 1044.000000
1314.510498 1046.000000
1316.215088 1027.000000
1317.918457 1040.000000
1319.620972 1031.000000
1321.322388 1044.000000
1323.022827 1069.000000
1324.722046 1042.000000
1326.420532 1029.000000
1328.117920 1038.000000
1329.814087 1053.000000
1331.509399 1071.000000
1333.203613 1056.000000
1334.896973 1039.000000
1336.589233 1048.000000
1338.280396 1042.000000
1339.970581 1054.000000
1341.659912 1036.000000
1343.348022 1051.000000
1345.035278 1068.000000
1346.721313 1069.000000
1348.406494 1061.000000
1350.090454 1064.000000
1351.773682 1066.000000
1353.455688 1053.000000
1355.136841 1079.000000
1356.817139 1031.000000
1358.496216 1041.000000
1360.174194 1044.000000
1361.851196 1059.000000
1363.527466 1030.000000
1365.202515 1074.000000
1366.876343 1050.000000
1368.549561 1032.000000
1370.221680 1047.000000
1371.892578 1032.000000
1373.562866 1060.000000
1375.231812 1032.000000
1376.899780 1048.000000
1378.566772 1039.000000
1380.233154 1033.000000
1381.898071 1025.000000
1383.562134 1052.000000
1385.225220 1037.000000
1386.887085 1046.000000
1388.548340 1026.000000
1390.208496 1063.000000
1391.867432 1041.000000
1393.525635 1067.000000
1395.182739 1037.000000
1396.838745 1045.000000
1398.493896 1043.000000
1400.148071 1043.000000
1401.801392 1046.000000
1403.453247 1027.000000
1405.104614 1042.000000
1406.754639 1055.000000
1408.404053 1050.000000
1410.052124 1033.000000
1411.699219 1039.000000
1413.345703 1041.000000
1414.990845 1054.000000
1416.635254 1032.000000
1418.278320 1042.000000
1419.920776 1034.000000
1421.562134 1046.000000
1423.202393 1040.000000
1424.841675 1049.000000
1426.480103 1024.000000
1428.117432 1029.000000
1429.753906 1040.000000
1431.389404 1052.000000
1433.023804 1075.000000
1434.657349 1044.000000
1436.289795 1022.000000
1437.921387 1037.000000
1439.552124 1048.000000
1441.181763 1058.000000
1442.810181 1044.000000
1444.437866 1036.000000
1446.064575 1031.000000
1447.690308 1056.000000
1449.314941 1085.000000
1450.938843 1025.000000
1452.561523 1060.000000
1454.183472 1059.000000
1455.804321 1048.000000
1457.424194 1051.000000
1459.043091 1042.000000
1460.661011 1061.000000
1462.277954 1054.000000
1463.894165 1061.000000
1465.509277 1043.000000
1467.123291 1029.000000
1468.736572 1047.000000
1470.348633 1052.000000
1471.959839 1058.000000
1473.570190 1039.000000
1475.179688 1075.000000
1476.787720 1007.000000
1478.395264 1045.000000
1480.001709 1044.000000
1481.607178 1034.000000
1483.211670 1058.000000
1484.815308 1039.000000
1486.417603 1046.000000
1488.019409 1017.000000
1489.620239 1057.000000
1491.219849 1076.000000
1492.818604 1058.000000
1494.416626 1065.000000
1496.013306 1079.000000
1497.609253 1042.000000
1499.204346 1052.000000
1500.798218 1033.000000
1502.391479 1055.000000
1503.983521 1066.000000
1505.574585 1049.000000
1507.164917 1049.000000
1508.754150 1030.000000
1510.342529 1034.000000
1511.930054 1040.000000
1513.516357 1058.000000
1515.101807 1034.000000
1516.686523 1036.000000
1518.270264 1048.000000
1519.852661 1033.000000
1521.434448 1049.000000
1523.015381 1049.000000
1524.595337 1061.000000
1526.174072 1024.000000
1527.751953 1047.000000
1529.329224 1039.000000
1530.905151 1027.000000
1532.480225 1050.000000
1534.054565 1041.000000
1535.627808 1051.000000
1537.200439 1035.000000
1538.771484 1058.000000
1540.341919 1077.000000
1541.911621 1071.000000
1543.480225 1063.000000
1545.047974 1055.000000
1546.614746 1061.000000
1548.180420 1058.000000
1549.745117 1070.000000
1551.309204 1062.000000
1552.872314 1051.000000
1554.434448 1043.000000
1555.995483 1021.000000
1557.555786 1036.000000
1559.114990 1069.000000
1560.673584 1031.000000
1562.230957 1034.000000
1563.787476 1035.000000
1565.343018 1048.000000
1566.897583 1058.000000
1568.451416 1043.000000
1570.004272 1036.000000
1571.556152 1059.000000
1573.107178 1045.000000
1574.657104 1036.000000
1576.206177 1031.000000
1577.754639 1044.000000
1579.301636 1046.000000
1580.848145 1051.000000
1582.393677 1036.000000
1583.938354 1030.000000
1585.481567 1049.000000
1587.024414 1049.000000
1588.566162 1031.000000
1590.107056 1032.000000
1591.646851 1069.000000
1593.186035 1043.000000
1594.723999 1042.000000
1596.261108 1070.000000
1597.797485 1033.000000
1599.332886 1038.000000
1600.867432 1043.000000
1602.400757 1021.000000
1603.933472 1021.000000
1605.465332 1050.000000
1606.996094 1041.000000
1608.525879 1034.000000
1610.054932 1046.000000
1611.583008 1035.000000
1613.109985 1037.000000
1614.636475 1038.000000
1616.161743 1052.000000
1617.686279 1032.000000
1619.209473 1062.000000
1620.732422 1043.000000
1622.254150 1061.000000
1623.774902 1068.000000
1625.294678 1033.000000
1626.813965 1037.000000
1628.331909 1055.000000
1629.849243 1027.000000
1631.365356 1061.000000
1632.880859 1058.000000
1634.395508 1026.000000
1635.908936 1047.000000
1637.421631 1051.000000
1638.933472 1046.000000
1640.444458 1033.000000
1641.954468 1061.000000
1643.463379 1031.000000
1644.971680 1063.000000
1646.479004 1048.000000
1647.985352 1022.000000
1649.490723 1027.000000
1650.995605 1038.000000
1652.499390 1023.000000
1654.002197 1052.000000
1655.504028 1021.000000
1657.005249 1062.000000
1658.505493 1036.000000
1660.004639 1031.000000
1661.502930 1037.000000
1663.000488 1046.000000
1664.496948 1041.000000
1665.992676 1025.000000
1667.487427 1046.000000
1668.981445 1043.000000
1670.474487 1056.000000
1671.966553 1043.000000
1673.458008 1051.000000
1674.948242 1044.000000
1676.437744 1050.000000
1677.926392 1033.000000
1679.414063 1042.000000
1680.901123 1046.000000
1682.386841 1029.000000
1683.871948 1037.000000
1685.356323 1019.000000
1686.839233 1057.000000
1688.321777 1040.000000
1689.803223 1039.000000
1691.283936 1030.000000
1692.763672 1038.000000
1694.242676 1050.000000
1695.720581 1057.000000
1697.197876 1046.000000
1698.673828 1036.000000
1700.149414 1024.000000
1701.623779 1032.000000
1703.097534 1034.000000
1704.570190 1041.000000
1706.042236 1056.000000
1707.513184 1033.000000
1708.983032 1029.000000
1710.452393 1044.000000
1711.920898 1046.000000
1713.388306 1036.000000
1714.854980 1086.000000
1716.320435 1047.000000
1717.785522 1041.000000
1719.249512 1024.000000
1720.712646 1025.000000
1722.174805 1073.000000
1723.636353 1042.000000
1725.096924 1034.000000
1726.556274 1033.000000
1728.015259 1047.000000
1729.473145 1071.000000
1730.930298 1052.000000
1732.386230 1053.000000
1733.841553 1066.000000
1735.296143 1031.000000
1736.749512 1046.000000
1738.202271 1013.000000
1739.654175 1066.000000
1741.105103 1032.000000
1742.555054 1054.000000
1744.004517 1040.000000
1745.452759 1070.000000
1746.900513 1045.000000
1748.346924 1029.000000
1749.792847 1041.000000
1751.237793 1068.000000
1752.681885 1061.000000
1754.125000 1051.000000
1755.567261 1031.000000
1757.008789 1071.000000
1758.449463 1045.000000
1759.889160 1042.000000
1761.328125 1050.000000
1762.766235 1059.000000
1764.203369 1062.000000
1765.639771 1046.000000
1767.075317 1052.000000
1768.509888 1020.000000
1769.943604 1043.000000
1771.376465 1052.000000
1772.808716 1057.000000
1774.239990 1021.000000
1775.670044 1041.000000
1777.099609 1058.000000
1778.528564 1052.000000
1779.956177 1046.000000
1781.382935 1031.000000
1782.809204 1062.000000
1784.234619 1044.000000
1785.658691 1049.000000
1787.082397 1041.000000
1788.505127 1046.000000
1789.927002 1053.000000
1791.347900 1061.000000
1792.768188 1042.000000
1794.187500 1047.000000
1795.605957 1060.000000
1797.023438 1043.000000
1798.440308 1043.000000
1799.856201 1017.000000
1801.271118 1042.000000
1802.685425 1072.000000
1804.098877 1042.000000
1805.511597 1042.000000
1806.923096 1047.000000
1808.333984 1060.000000
1809.744019 1032.000000
1811.153320 1021.000000
1812.561279 1057.000000
1813.968994 1059.000000
1815.375732 1052.000000
1816.781372 1061.000000
1818.186279 1030.000000
1819.590332 1043.000000
1820.993774 1043.000000
1822.396118 1056.000000
1823.797852 1058.000000
1825.198730 1037.000000
1826.598633 1054.000000
1827.997559 1059.000000
1829.395874 1037.000000
1830.793213 1045.000000
1832.189941 1055.000000
1833.585571 1033.000000
1834.980591 1039.000000
1836.374756 1050.000000
1837.767944 1034.000000
1839.160278 1058.000000
1840.552002 1063.000000
1841.942749 1026.000000
1843.332764 1049.000000
1844.721558 1048.000000
1846.109985 1048.000000
1847.497559 1023.000000
1848.883911 1036.000000
1850.269653 1031.000000
1851.654785 1037.000000
1853.038818 1049.000000
1854.421997 1047.000000
1855.804688 1037.000000
1857.186035 1034.000000
1858.567017 1042.000000
1859.946777 1015.000000
1861.326050 1031.000000
1862.704468 1050.000000
1864.082031 1029.000000
1865.458618 1041.000000
1866.834351 1062.000000
1868.209351 1011.000000
1869.583374 1065.000000
1870.956787 1015.000000
1872.329468 1038.000000
1873.701172 1048.000000
1875.072021 1043.000000
1876.442139 1047.000000
1877.811523 1066.000000
1879.180054 1048.000000
1880.547363 1044.000000
1881.914307 1074.000000
1883.280151 1047.000000
1884.645508 1040.000000
1886.009766 1036.000000
1887.373169 1049.000000
1888.735962 1028.000000
1890.097778 1026.000000
1891.458984 1024.000000
1892.819214 1037.000000
1894.178589 1046.000000
1895.537109 1032.000000
1896.894897 1032.000000
1898.251953 1040.000000
1899.608276 1026.000000
1900.963501 1045.000000
1902.317993 1036.000000
1903.671875 1072.000000
1905.024902 1025.000000
1906.376709 1065.000000
1907.728027 1039.000000
1909.078735 1033.000000
1910.428345 1061.000000
1911.776978 1034.000000
1913.125244 1042.000000
1914.472412 1026.000000
1915.818726 1039.000000
1917.164307 1046.000000
1918.509277 1037.000000
1919.853394 1056.000000
1921.196411 1044.000000
1922.538818 1030.000000
1923.880371 1053.000000
1925.221436 1043.000000
1926.561157 1056.000000
1927.900391 1036.000000
1929.238770 1056.000000
1930.576416 1043.000000
1931.912964 1047.000000
1933.248779 1029.000000
1934.583984 1041.000000
1935.918213 1072.000000
1937.251831 1042.000000
1938.584473 1015.000000
1939.916626 1050.000000
1941.247681 1054.000000
1942.578125 1053.000000
1943.907593 1040.000000
1945.236450 1039.000000
1946.563965 1048.000000
1947.891113 1037.000000
1949.217651 1047.000000
1950.543091 1029.000000
1951.867676 1051.000000
1953.191772 1056.000000
1954.514771 1034.000000
1955.837036 1046.000000
1957.158691 1046.000000
1958.479126 1038.000000
1959.799316 1041.000000
1961.118286 1069.000000
1962.436768 1037.000000
1963.754395 1037.000000
1965.071289 1045.000000
1966.387085 1063.000000
1967.702148 1059.000000
1969.016602 1022.000000
1970.330200 1062.000000
1971.642578 1043.000000
1972.954956 1035.000000
1974.266113 1043.000000
1975.576416 1037.000000
1976.885986 1048.000000
1978.194946 1035.000000
1979.503052 1034.000000
1980.810059 1038.000000
1982.116455 1071.000000
1983.422363 1060.000000
1984.727295 1050.000000
1986.031128 1032.000000
1987.334595 1025.000000
1988.637085 1043.000000
1989.938843 1053.000000
1991.239746 1048.000000
1992.539795 1057.000000
1993.839111 1031.000000
1995.137573 1062.000000
1996.435547 1039.000000
1997.732666 1057.000000
1999.028809 1054.000000
2000.324097 1035.000000
2001.618774 1036.000000
2002.912720 1047.000000
2004.205811 1043.000000
2005.498169 1052.000000
2006.789673 1019.000000
2008.080322 1061.000000
2009.370361 1035.000000
2010.659424 1051.000000
2011.947876 1032.000000
2013.235474 1050.000000
2014.522461 1027.000000
2015.808228 1059.000000
2017.093750 1035.000000
2018.378418 1020.000000
2019.661743 1057.000000
2020.944702 1031.000000
2022.227051 1038.000000
2023.508179 1030.000000
2024.788818 1029.000000
2026.068604 1050.000000
2027.347900 1051.000000
2028.626099 1025.000000
2029.903564 1032.000000
2031.180298 1050.000000
2032.456299 1045.000000
2033.731445 1039.000000
2035.005859 1026.000000
2036.279419 1049.000000
2037.552368 1040.000000
2038.824219 1038.000000
2040.095703 1027.000000
2041.366211 1044.000000
2042.636230 1022.000000
2043.904907 1032.000000
2045.173218 1029.000000
2046.440796 1050.000000
2047.707275 1024.000000
2048.973145 1033.000000
2050.238281 1045.000000
2051.502930 1030.000000
2052.766602 1033.000000
2054.029053 1032.000000
2055.291260 1019.000000
2056.552490 1019.000000
2057.812988 1049.000000
2059.072754 1063.000000
2060.331787 1065.000000
2061.590088 1058.000000
2062.847412 1038.000000
2064.104248 1039.000000
2065.360107 1038.000000
2066.615234 1035.000000
2067.869629 1053.000000
2069.123535 1041.000000
2070.376221 1046.000000
2071.628662 1029.000000
2072.879639 1042.000000
2074.130127 1051.000000
2075.380127 1042.000000
2076.629150 1048.000000
2077.877441 1042.000000
2079.125000 1041.000000
2080.371826 1034.000000
2081.617676 1044.000000
2082.863037 1048.000000
2084.107666 1040.000000
2085.351318 1047.000000
2086.593994 1052.000000
2087.836182 1064.000000
2089.078125 1045.000000
2090.318848 1036.000000
2091.558350 1022.000000
2092.797852 1036.000000
2094.036133 1069.000000
2095.273926 1062.000000
2096.510986 1021.000000
2097.746826 1053.000000
2098.982422 1032.000000
2100.217041 1039.000000
2101.450928 1024.000000
2102.684326 1046.000000
2103.916504 1026.000000
2105.147949 1032.000000
2106.379150 1039.000000
2107.609375 1041.000000
2108.838623 1045.000000
2110.067139 1053.000000
2111.294922 1032.000000
2112.522217 1018.000000
2113.748779 1034.000000
2114.974121 1043.000000
2116.198975 1042.000000
2117.423096 1041.000000
2118.646240 1064.000000
2119.869141 1024.000000
2121.091309 1046.000000
2122.312500 1045.000000
2123.532471 1055.000000
2124.752197 1056.000000
2125.971191 1052.000000
2127.189697 1037.000000
2128.406738 1030.000000
2129.623291 1039.000000
2130.839111 1061.000000
2132.054443 1057.000000
2133.269043 1034.000000
2134.482666 1028.000000
2135.695557 1022.000000
2136.907715 1050.000000
2138.118896 1066.000000
2139.329834 1052.000000
2140.540039 1028.000000
2141.749023 1049.000000
2142.957275 1033.000000
2144.165283 1053.000000
2145.372314 1033.000000
2146.578369 1032.000000
2147.783936 1059.000000
2148.988770 1062.000000
2150.192871 1039.000000
2151.395752 1030.000000
2152.598877 1040.000000
2153.800537 1047.000000
2155.001465 1041.000000
2156.201660 1039.000000
2157.401367 1049.000000
2158.600342 1048.000000
2159.798096 1027.000000
2160.995605 1027.000000
2162.192383 1042.000000
2163.388428 1054.000000
2164.583252 1032.000000
2165.777832 1059.000000
2166.971680 1059.000000
2168.164795 1053.000000
2169.356934 1052.000000
2170.548340 1064.000000
2171.739502 1043.000000
2172.929443 1038.000000
2174.118652 1050.000000
2175.307129 1053.000000
2176.494873 1053.000000
2177.681885 1046.000000
2178.868652 1040.000000
2180.054199 1057.000000
2181.239258 1059.000000
2182.423096 1031.000000
2183.606934 1053.000000
2184.789551 1041.000000
2185.971680 1039.000000
2187.152344 1039.000000
2188.333252 1034.000000
2189.513428 1055.000000
2190.692383 1063.000000
2191.870605 1035.000000
2193.048584 1050.000000
2194.225342 1040.000000
2195.401123 1059.000000
2196.576660 1042.000000
2197.751465 1026.000000
2198.925781 1064.000000
2200.098633 1045.000000
2201.271240 1074.000000
2202.443115 1041.000000
2203.614502 1028.000000
2204.784912 1048.000000
2205.954590 1055.000000
2207.123779 1045.000000
2208.291748 1051.000000
2209.459229 1069.000000
2210.625977 1053.000000
2211.792236 1079.000000
2212.957275 1047.000000
2214.121826 1055.000000
2215.285889 1063.000000
2216.449219 1019.000000
2217.611572 1018.000000
2218.773193 1031.000000
2219.934570 1051.000000
2221.094727 1042.000000
2222.254395 1046.000000
2223.413330 1052.000000
2224.571533 1042.000000
2225.729004 1043.000000
2226.885498 1061.000000
2228.041748 1053.000000
2229.196777 1045.000000
2230.351563 1064.000000
2231.505127 1047.000000
2232.658447 1022.000000
2233.810791 1027.000000
2234.962402 1051.000000
2236.113525 1040.000000
2237.263916 1039.000000
2238.413574 1037.000000
2239.562256 1058.000000
2240.710693 1027.000000
2241.858398 1049.000000
2243.004883 1038.000000
2244.150635 1071.000000
2245.296387 1037.000000
2246.440674 1063.000000
2247.584717 1039.000000
2248.728027 1025.000000
2249.870361 1046.000000
2251.012451 1026.000000
2252.153076 1058.000000
2253.293945 1059.000000
2254.433350 1038.000000
2255.572266 1048.000000
2256.710693 1041.000000
2257.848145 1060.000000
2258.984863 1019.000000
2260.121094 1041.000000
2261.256348 1053.000000
2262.391113 1039.000000
2263.525146 1049.000000
2264.658691 1058.000000
2265.791016 1031.000000
2266.923096 1051.000000
2268.054443 1067.000000
2269.184570 1035.000000
2270.314453 1041.000000
2271.444092 1066.000000
2272.572021 1023.000000
2273.699707 1051.000000
2274.826904 1034.000000
2275.953125 1059.000000
2277.078857 1041.000000
2278.203369 1055.000000
2279.327881 1046.000000
2280.451416 1036.000000
2281.574219 1035.000000
2282.696289 1031.000000
2283.817627 1059.000000
2284.938477 1065.000000
2286.058105 1016.000000
2287.177734 1039.000000
2288.296143 1043.000000
2289.414063 1054.000000
2290.531494 1039.000000
2291.647949 1045.000000
2292.763916 1039.000000
2293.879150 1023.000000
2294.993408 1061.000000
2296.107178 1047.000000
2297.220459 1043.000000
2298.333008 1027.000000
2299.444092 1070.000000
2300.555420 1051.000000
2301.665527 1031.000000
2302.775146 1055.000000
2303.884033 1039.000000
2304.992676 1045.000000
2306.099854 1047.000000
2307.206787 1042.000000
2308.312988 1054.000000
2309.418457 1051.000000
2310.523438 1054.000000
2311.627197 1054.000000
2312.730713 1033.000000
2313.833496 1029.000000
2314.935547 1038.000000
2316.036865 1041.000000
2317.137451 1056.000000
2318.237549 1074.000000
2319.336914 1051.000000
2320.435303 1060.000000
2321.533203 1030.000000
2322.630615 1069.000000
2323.726807 1060.000000
2324.822998 1050.000000
2325.918213 1045.000000
2327.012695 1029.000000
2328.106445 1038.000000
2329.199707 1053.000000
2330.291992 1057.000000
2331.384033 1030.000000
2332.474854 1059.000000
2333.565430 1057.000000
2334.655273 1051.000000
2335.744629 1038.000000
2336.832520 1049.000000
2337.920410 1050.000000
2339.007324 1051.000000
2340.093506 1039.000000
2341.179443 1068.000000
2342.264404 1030.000000
2343.348877 1041.000000
2344.432129 1055.000000
2345.515381 1059.000000
2346.597412 1069.000000
2347.678955 1060.000000
2348.760010 1046.000000
2349.840576 1035.000000
2350.919922 1035.000000
2351.999023 1027.000000
2353.077148 1057.000000
2354.154785 1037.000000
2355.231689 1030.000000
2356.307617 1051.000000
2357.383301 1031.000000
2358.458008 1047.000000
2359.532471 1043.000000
2360.605713 1049.000000
2361.678711 1055.000000
2362.750977 1030.000000
2363.822754 1039.000000
2364.893311 1030.000000
2365.963623 1042.000000
2367.033447 1055.000000
2368.102295 1041.000000
2369.170166 1031.000000
2370.237793 1033.000000
2371.304688 1049.000000
2372.370850 1067.000000
2373.436279 1067.000000
2374.500977 1054.000000
2375.565430 1054.000000
2376.628906 1043.000000
2377.691650 1046.000000
2378.753906 1046.000000
2379.815674 1049.000000
2380.876221 1036.000000
2381.936523 1023.000000
2382.996582 1053.000000
2384.055176 1032.000000
2385.113281 1055.000000
2386.171143 1045.000000
2387.227783 1066.000000
2388.284180 1047.000000
2389.339355 1056.000000
2390.394531 1054.000000
2391.448730 1038.000000
2392.502197 1053.000000
2393.555420 1038.000000
2394.607910 1056.000000
2395.659424 1077.000000
2396.709961 1040.000000
2397.760498 1062.000000
2398.810303 1025.000000
2399.859131 1068.000000
2400.907471 1023.000000
2401.955078 1052.000000
2403.002441 1060.000000
2404.048584 1054.000000
2405.094238 1037.000000
2406.139648 1054.000000
2407.184326 1049.000000
2408.227783 1073.000000
2409.270996 1048.000000
2410.313232 1050.000000
2411.355225 1045.000000
2412.396240 1042.000000
2413.436768 1043.000000
2414.477051 1057.000000
2415.515869 1041.000000
2416.554199 1042.000000
2417.592529 1052.000000
2418.630127 1047.000000
2419.666504 1035.000000
2420.702148 1047.000000
2421.737549 1045.000000
2422.772461 1068.000000
2423.806641 1046.000000
2424.839844 1047.000000
2425.872803 1039.000000
2426.904785 1042.000000
2427.936279 1048.000000
2428.967285 1052.000000
2429.997070 1035.000000
2431.026855 1046.000000
2432.055420 1033.000000
2433.083740 1057.000000
2434.111572 1068.000000
2435.138672 1078.000000
2436.164551 1048.000000
2437.190430 1042.000000
2438.215576 1023.000000
2439.239990 1036.000000
2440.263428 1060.000000
2441.286865 1069.000000
2442.309082 1045.000000
2443.331299 1039.000000
2444.352295 1037.000000
2445.373047 1065.000000
2446.392822 1031.000000
2447.411865 1039.000000
2448.430664 1046.000000
2449.448975 1062.000000
2450.466309 1023.000000
2451.483154 1046.000000
2452.498779 1047.000000
2453.514648 1044.000000
2454.529541 1045.000000
2455.543457 1039.000000
2456.557373 1045.000000
2457.570557 1027.000000
2458.582275 1053.000000
2459.593994 1054.000000
2460.605469 1050.000000
2461.615723 1054.000000
2462.625244 1059.000000
2463.634766 1058.000000
2464.643311 1049.000000
2465.651367 1032.000000
2466.658447 1072.000000
2467.665039 1047.000000
2468.671387 1044.000000
2469.676758 1018.000000
2470.681152 1049.000000
2471.685547 1036.000000
2472.689209 1066.000000
2473.692139 1060.000000
2474.694092 1073.000000
2475.695801 1042.000000
2476.697021 1041.000000
2477.697266 1049.000000
2478.697266 1049.000000
2479.696289 1043.000000
2480.695068 1033.000000
2481.692627 1075.000000
2482.689941 1055.000000
2483.687012 1063.000000
2484.683105 1046.000000
2485.678223 1050.000000
2486.672852 1074.000000
2487.667236 1018.000000
2488.660400 1031.000000
2489.653320 1040.000000
2490.645996 1061.000000
2491.637939 1048.000000
2492.628906 1060.000000
2493.619385 1046.000000
2494.609619 1049.000000
2495.598389 1050.000000
2496.587402 1049.000000
2497.575684 1044.000000
2498.562744 1057.000000
2499.549561 1047.000000
2500.536133 1029.000000
2501.521240 1035.000000
2502.506104 1057.000000
2503.490723 1039.000000
2504.474365 1055.000000
2505.457520 1039.000000
2506.440186 1039.000000
2507.421875 1043.000000
2508.403809 1035.000000
2509.384033 1058.000000
2510.364014 1034.000000
2511.343750 1058.000000
2512.322510 1055.000000
2513.300537 1066.000000
2514.278564 1041.000000
2515.255371 1025.000000
2516.232178 1073.000000
2517.208008 1070.000000
2518.182861 1060.000000
2519.157959 1039.000000
2520.131836 1047.000000
2521.104980 1042.000000
2522.077881 1044.000000
2523.050293 1041.000000
2524.021729 1038.000000
2524.992920 1082.000000
2525.963135 1057.000000
2526.933350 1040.000000
2527.902344 1046.000000
2528.870850 1053.000000
2529.839111 1036.000000
2530.806396 1054.000000
2531.773193 1029.000000
2532.739502 1040.000000
2533.704834 1023.000000
2534.670410 1060.000000
2535.634766 1045.000000
2536.598389 1055.000000
2537.562012 1057.000000
2538.524414 1059.000000
2539.486328 1037.000000
2540.447998 1059.000000
2541.408936 1046.000000
2542.369141 1014.000000
2543.328857 1059.000000
2544.288086 1074.000000
2545.246582 1055.000000
2546.204346 1044.000000
2547.161621 1048.000000
2548.118652 1050.000000
2549.074707 1045.000000
2550.029785 1038.000000
2550.985107 1057.000000
2551.939209 1060.000000
2552.893066 1052.000000
2553.846924 1050.000000
2554.799072 1053.000000
2555.751465 1046.000000
2556.702393 1045.000000
2557.653320 1073.000000
2558.604004 1041.000000
2559.553711 1059.000000
2560.502686 1029.000000
2561.451416 1051.000000
2562.398926 1063.000000
2563.346924 1091.000000
2564.293701 1047.000000
2565.239746 1054.000000
2566.185791 1074.000000
2567.130371 1031.000000
2568.074707 1047.000000
2569.018555 1074.000000
2569.961670 1052.000000
2570.904541 1068.000000
2571.846924 1047.000000
2572.788818 1026.000000
2573.729980 1049.000000
2574.669922 1033.000000
2575.609619 1057.000000
2576.549072 1050.000000
2577.487793 1032.000000
2578.426025 1059.000000
2579.363525 1067.000000
2580.300537 1074.000000
2581.236816 1049.000000
2582.172852 1061.000000
2583.107910 1054.000000
2584.043213 1055.000000
2584.977051 1041.000000
2585.910645 1022.000000
2586.843994 1051.000000
2587.776123 1073.000000
2588.707520 1067.000000
2589.639404 1030.000000
2590.569580 1033.000000
2591.500488 1059.000000
2592.429688 1055.000000
2593.358887 1058.000000
2594.287598 1068.000000
2595.215332 1063.000000
2596.142578 1055.000000
2597.069580 1038.000000
2597.995605 1029.000000
2598.920898 1033.000000
2599.846191 1055.000000
2600.770752 1042.000000
2601.695068 1033.000000
2602.618408 1067.000000
2603.541260 1047.000000
2604.463623 1055.000000
2605.385254 1049.000000
2606.305908 1042.000000
2607.227051 1051.000000
2608.146973 1051.000000
2609.067139 1055.000000
2609.985596 1043.000000
2610.903809 1045.000000
2611.822266 1047.000000
2612.739258 1058.000000
2613.655518 1067.000000
2614.572266 1075.000000
2615.488037 1042.000000
2616.402832 1050.000000
2617.317627 1048.000000
2618.231689 1042.000000
2619.145264 1062.000000
2620.058105 1033.000000
2620.969482 1040.000000
2621.882080 1056.000000
2622.793213 1041.000000
2623.703857 1053.000000
2624.614258 1046.000000
2625.523682 1037.000000
2626.432373 1065.000000
2627.341064 1090.000000
2628.249268 1039.000000
2629.157227 1056.000000
2630.063477 1022.000000
2630.969971 1055.000000
2631.875977 1056.000000
2632.781006 1058.000000
2633.685303 1057.000000
2634.590088 1068.000000
2635.493408 1059.000000
2636.396973 1057.000000
2637.299072 1040.000000
2638.200928 1054.000000
2639.102539 1040.000000
2640.003662 1035.000000
2640.904053 1035.000000
2641.804199 1053.000000
2642.703125 1049.000000
2643.602051 1040.000000
2644.500732 1046.000000
2645.398193 1067.000000
2646.295654 1018.000000
2647.191895 1063.000000
2648.088135 1033.000000
2648.983887 1044.000000
2649.879150 1070.000000
2650.773193 1061.000000
2651.667725 1047.000000
2652.561035 1051.000000
2653.453613 1029.000000
2654.346924 1048.000000
2655.238525 1058.000000
2656.130127 1067.000000
2657.020752 1055.000000
2657.910645 1046.000000
2658.801025 1045.000000
2659.689941 1056.000000
2660.578613 1059.000000
2661.467529 1054.000000
2662.354736 1048.000000
2663.242432 1039.000000
2664.128906 1036.000000
2665.014648 1078.000000
2665.901123 1040.000000
2666.785889 1053.000000
2667.669922 1046.000000
2668.554443 1049.000000
2669.437988 1017.000000
2670.320801 1040.000000
2671.203613 1066.000000
2672.085449 1044.000000
2672.967285 1046.000000
2673.848389 1046.000000
2674.728271 1048.000000
2675.608643 1036.000000
2676.487793 1045.000000
2677.366699 1057.000000
2678.245361 1052.000000
2679.123535 1049.000000
2680.001221 1052.000000
2680.877686 1054.000000
2681.753906 1038.000000
2682.630127 1072.000000
2683.505615 1051.000000
2684.380371 1053.000000
2685.255127 1048.000000
2686.128418 1028.000000
2687.001953 1052.000000
2687.874756 1055.000000
2688.746826 1054.000000
2689.619141 1049.000000
2690.489990 1061.000000
2691.361084 1068.000000
2692.231445 1050.000000
2693.101318 1052.000000
2693.970459 1051.000000
2694.839600 1047.000000
2695.707764 1057.000000
2696.575439 1052.000000
2697.443115 1032.000000
2698.309814 1055.000000
2699.176758 1054.000000
2700.041992 1067.000000
2700.906982 1065.000000
2701.772705 1053.000000
2702.636963 1038.000000
2703.500244 1052.000000
2704.364258 1058.000000
2705.227051 1046.000000
2706.089355 1066.000000
2706.951172 1069.000000
2707.812500 1045.000000
2708.674072 1053.000000
2709.533936 1057.000000
2710.393799 1060.000000
2711.253906 1047.000000
2712.112793 1055.000000
2712.970947 1055.000000
2713.829102 1058.000000
2714.686523 1060.000000
2715.543945 1047.000000
2716.400391 1054.000000
2717.256104 1066.000000
2718.112305 1052.000000
2718.967285 1053.000000
2719.821533 1050.000000
2720.676025 1041.000000
2721.529541 1049.000000
2722.383301 1044.000000
2723.235596 1059.000000
2724.088135 1060.000000
2724.939941 1047.000000
2725.791260 1046.000000
2726.641602 1037.000000
2727.492676 1030.000000
2728.342041 1068.000000
2729.191162 1039.000000
2730.040527 1040.000000
2730.889160 1026.000000
2731.737305 1048.000000
2732.584717 1060.000000
2733.431396 1062.000000
2734.278320 1080.000000
2735.124268 1049.000000
2735.969727 1041.000000
2736.815186 1064.000000
2737.659668 1048.000000
2738.503906 1048.000000
2739.347900 1035.000000
2740.191162 1058.000000
2741.034424 1049.000000
2741.876709 1037.000000
2742.718506 1052.000000
2743.560303 1054.000000
2744.400879 1033.000000
2745.241455 1039.000000
2746.081787 1062.000000
2746.921143 1052.000000
2747.760986 1049.000000
2748.599365 1071.000000
2749.437256 1067.000000
2750.275879 1053.000000
2751.113037 1016.000000
2751.949707 1038.000000
2752.786377 1074.000000
2753.622314 1035.000000
2754.457764 1059.000000
2755.292969 1033.000000
2756.127441 1065.000000
2756.961914 1033.000000
2757.795654 1070.000000
2758.628906 1042.000000
2759.461670 1058.000000
2760.294189 1070.000000
2761.125977 1051.000000
2761.957764 1052.000000
2762.788574 1052.000000
2763.619629 1052.000000
2764.449463 1053.000000
2765.279541 1046.000000
2766.108887 1032.000000
2766.937256 1044.000000
2767.765869 1061.000000
2768.594238 1066.000000
2769.421631 1036.000000
2770.248047 1053.000000
2771.075439 1048.000000
2771.901367 1059.000000
2772.727295 1064.000000
2773.552979 1041.000000
2774.377441 1031.000000
2775.202148 1052.000000
2776.026367 1055.000000
2776.849609 1049.000000
2777.673096 1042.000000
2778.495605 1078.000000
2779.317871 1044.000000
2780.140137 1043.000000
2780.961670 1067.000000
2781.782959 1036.000000
2782.603516 1048.000000
2783.423584 1048.000000
2784.243408 1055.000000
2785.062744 1050.000000
2785.881348 1057.000000
2786.700439 1072.000000
2787.518311 1053.000000
2788.336182 1035.000000
2789.153320 1057.000000
2789.969971 1070.000000
2790.786621 1037.000000
2791.602295 1042.000000
2792.417969 1058.000000
2793.233398 1046.000000
2794.047607 1048.000000
2794.862305 1050.000000
2795.676514 1065.000000
2796.489746 1060.000000
2797.303223 1056.000000
2798.115479 1056.000000
2798.927490 1021.000000
2799.739746 1023.000000
2800.551025 1072.000000
2801.362061 1061.000000
2802.172852 1056.000000
2802.982910 1043.000000
2803.792725 1054.000000
2804.602295 1068.000000
2805.411133 1030.000000
2806.219971 1060.000000
2807.028320 1063.000000
2807.835693 1076.000000
2808.643799 1052.000000
2809.450195 1049.000000
2810.257080 1069.000000
2811.063477 1062.000000
2811.868652 1060.000000
2812.674316 1048.000000
2813.479492 1063.000000
2814.283936 1067.000000
2815.088135 1077.000000
2815.891846 1057.000000
2816.695313 1056.000000
2817.498535 1082.000000
2818.301025 1050.000000
2819.103271 1062.000000
2819.905029 1042.000000
2820.706299 1049.000000
2821.508057 1040.000000
2822.308350 1065.000000
2823.109131 1049.000000
2823.908936 1057.000000
2824.708252 1054.000000
2825.507080 1052.000000
2826.306396 1066.000000
2827.104492 1066.000000
2827.902832 1075.000000
2828.700195 1081.000000
2829.497314 1052.000000
2830.294434 1105.000000
2831.090820 1064.000000
2831.886475 1015.000000
2832.682861 1054.000000
2833.478271 1048.000000
2834.272705 1047.000000
2835.067627 1068.000000
2835.861816 1018.000000
2836.656006 1032.000000
2837.449219 1073.000000
2838.242432 1059.000000
2839.035156 1069.000000
2839.827637 1060.000000
2840.619141 1037.000000
2841.410889 1082.000000
2842.202393 1062.000000
2842.992920 1071.000000
2843.783936 1036.000000
2844.573975 1039.000000
2845.364014 1060.000000
2846.153320 1073.000000
2846.942139 1046.000000
2847.731445 1028.000000
2848.519531 1047.000000
2849.307373 1085.000000
2850.095703 1030.000000
2850.882324 1056.000000
2851.669922 1053.000000
2852.456055 1051.000000
2853.242188 1071.000000
2854.028564 1045.000000
2854.813965 1060.000000
2855.598877 1062.000000
2856.384033 1050.000000
2857.168213 1050.000000
2857.951904 1062.000000
2858.736328 1064.000000
2859.519775 1033.000000
2860.302734 1048.000000
2861.085693 1053.000000
2861.867676 1068.000000
2862.649902 1068.000000
2863.431396 1038.000000
2864.212891 1064.000000
2864.993896 1051.000000
2865.774414 1060.000000
2866.554932 1045.000000
2867.335205 1052.000000
2868.114746 1080.000000
2868.894287 1067.000000
2869.673096 1033.000000
2870.451904 1067.000000
2871.230225 1065.000000
2872.008057 1057.000000
2872.785645 1075.000000
2873.562988 1059.000000
2874.340088 1054.000000
2875.116943 1046.000000
2875.893066 1046.000000
2876.668945 1071.000000
2877.445068 1083.000000
2878.220215 1077.000000
2878.995117 1101.000000
2879.770264 1092.000000
2880.544434 1091.000000
2881.318359 1090.000000
2882.092529 1095.000000
2882.865723 1086.000000
2883.638916 1057.000000
2884.411377 1083.000000
2885.184082 1065.000000
2885.956299 1083.000000
2886.728027 1092.000000
2887.499512 1062.000000
2888.271484 1047.000000
2889.041748 1058.000000
2889.812744 1050.000000
2890.582764 1073.000000
2891.352783 1072.000000
2892.123047 1078.000000
2892.891357 1045.000000
2893.660400 1069.000000
2894.429443 1055.000000
2895.197998 1128.000000
2895.966064 1093.000000
2896.734131 1083.000000
2897.501709 1058.000000
2898.268799 1051.000000
2899.035645 1072.000000
2899.802246 1074.000000
2900.568848 1058.000000
2901.334717 1052.000000
2902.100830 1055.000000
2902.865967 1060.000000
2903.631104 1080.000000
2904.396240 1073.000000
2905.160889 1084.000000
2905.924805 1067.000000
2906.689209 1136.000000
2907.452393 1076.000000
2908.215576 1082.000000
2908.979492 1053.000000
2909.741943 1074.000000
2910.504395 1065.000000
2911.266846 1088.000000
2912.029053 1056.000000
2912.791016 1043.000000
2913.552490 1080.000000
2914.312988 1075.000000
2915.074219 1075.000000
