186.297	231.111
188.898	218.222
191.499	218.667
194.097	211.111
196.695	194.889
199.293	194.222
201.889	185.556
204.485	184.667
207.08	178.667
209.673	175.333
212.267	168.222
214.859	165.333
217.45	154
220.04	156.889
222.631	156.667
225.218	149.556
227.807	151.778
230.394	145.556
232.979	144
235.565	148.667
238.149	140
240.733	139.778
243.314	134.889
245.897	139.333
248.477	138
251.057	143.111
253.637	134.889
256.215	140
258.793	136
261.368	128.444
263.945	133.111
266.519	138
269.093	127.778
271.666	130.444
274.237	127.111
276.809	131.556
279.379	126.222
281.949	134.667
284.518	128.444
287.086	133.333
289.653	131.778
292.218	129.556
294.784	128.667
297.348	132.222
299.913	124.667
302.475	131.778
305.036	132.222
307.598	129.111
310.157	132.222
312.716	134.889
315.276	138
317.833	135.111
320.389	138.222
322.944	133.333
325.5	134.444
328.054	135.111
330.607	132.667
333.159	134.444
335.711	133.333
338.262	143.333
340.811	142.222
343.36	142.444
345.909	139.778
348.456	150.889
351.002	150.889
353.547	158.667
356.092	160.222
358.637	161.778
361.18	180.444
363.722	189.778
366.263	210
368.803	229.333
371.342	277.556
373.881	318.667
376.419	366.667
378.957	411.333
381.493	400.889
384.028	359.111
386.563	287.333
389.096	236.667
391.629	206.444
394.161	190.889
396.692	178.222
399.222	179.111
401.752	162
404.28	179.556
406.808	178.889
409.335	176.222
411.861	167.111
414.386	159.556
416.911	156
419.434	150.222
421.957	144.889
424.479	149.778
427	145.556
429.52	142.444
432.038	141.556
434.557	139.111
437.075	135.778
439.592	132
442.108	142.222
444.623	139.333
447.138	137.556
449.652	135.333
452.163	134.222
454.675	137.556
457.186	136.444
459.697	131.333
462.206	136.889
464.714	135.333
467.222	137.333
469.729	134.889
472.235	136.222
474.739	132.222
477.244	136.222
479.748	136
482.251	134
484.752	131.111
487.253	131.333
489.754	134.222
492.252	133.111
494.751	133.556
497.249	135.556
499.745	131.333
502.241	134
504.737	130.222
507.231	137.556
509.725	128.222
512.218	129.333
514.709	136.667
517.201	131.333
519.69	130
522.18	136
524.669	132
527.156	137.778
529.644	137.111
532.129	132.667
534.615	132.222
537.099	132.444
539.583	134.889
542.065	129.333
544.548	136.444
547.028	134.222
549.509	131.111
551.988	139.333
554.468	141.556
556.945	129.778
559.423	135.333
561.899	130.444
564.373	138
566.849	133.111
569.322	134.889
571.796	136.222
574.268	134.889
576.739	137.333
579.21	137.556
581.679	136
584.148	132.222
586.617	137.778
589.084	142
591.55	134.889
594.016	145.778
596.481	153.333
598.944	167.111
601.409	195.111
603.871	206
606.332	195.333
608.792	188.667
611.253	171.333
613.712	157.778
616.17	165.111
618.628	148.889
621.084	149.556
623.541	150.667
625.996	149.556
628.45	152.222
630.903	148.444
633.356	149.556
635.807	156.667
638.26	155.333
640.71	155.778
643.159	171.333
645.608	180.889
648.056	212.444
650.503	264.222
652.949	297.556
655.394	287.111
657.839	237.778
660.282	200.222
662.725	165.333
665.168	154.444
667.61	147.333
670.051	151.556
672.491	142.222
674.93	140
677.368	139.111
679.804	132.667
682.241	136.444
684.677	142
687.112	133.333
689.547	137.111
691.98	135.556
694.413	140.222
696.845	139.333
699.276	136.222
701.707	134.889
704.136	136
706.565	139.778
708.992	137.556
711.419	138.889
713.846	135.333
716.271	131.556
718.696	136
721.121	130.889
723.543	134.222
725.965	132.444
728.387	137.778
730.808	134.667
733.227	131.111
735.647	131.778
738.065	137.333
740.483	135.778
742.899	137.778
745.316	146.444
747.731	144.667
750.146	141.556
752.559	148.889
754.972	148.444
757.385	135.333
759.795	136.889
762.206	138
764.616	135.778
767.025	134
769.433	132.667
771.84	130.889
774.247	130
776.653	132.444
779.058	125.333
781.462	126
783.865	130.889
786.268	127.333
788.669	130.222
791.071	125.111
793.471	128.222
795.871	125.778
798.269	123.556
800.668	128.889
803.064	134.444
805.462	128.889
807.857	126.667
810.252	129.333
812.646	130.444
815.04	132.444
817.432	128
819.823	129.111
822.215	127.333
824.604	126.667
826.995	124.889
829.383	125.111
831.77	121.556
834.158	127.333
836.544	124.222
838.929	122
841.315	120.889
843.698	124.444
846.081	124.222
848.465	120.889
850.846	122
853.227	129.333
855.606	126.222
857.987	127.778
860.365	126.889
862.743	130.889
865.119	127.111
867.495	126.667
869.872	130.222
872.246	128
874.62	127.778
876.993	136.667
879.365	130.667
881.738	133.111
884.109	137.111
886.479	134
888.848	140.222
891.217	134
893.584	136
895.951	138.667
898.317	132.444
900.683	132.222
903.048	133.333
905.412	137.778
907.776	145.111
910.139	148
912.5	157.556
914.861	201.556
917.221	347.556
919.581	468.667
921.94	419.778
924.296	308.889
926.653	231.556
929.01	176.444
931.366	159.333
933.721	149.333
936.075	137.333
938.428	137.333
940.781	139.778
943.133	132.889
945.484	136.889
947.835	134.667
950.183	137.111
952.532	132.444
954.88	127.778
957.228	135.333
959.575	133.556
961.921	134.444
964.265	133.778
966.609	138.222
968.953	138.889
971.296	142.222
973.637	148.889
975.979	164.444
978.32	222.667
980.66	262.222
982.998	254
985.337	295.556
987.675	604.222
990.01	1847.56
992.347	2580.89
994.683	1712.89
997.016	916.889
999.35	544.222
1001.68	327.111
1004.02	219.111
1006.35	188.444
1008.68	158.667
1011.01	158.222
1013.34	164.667
1015.67	172.222
1017.99	182
1020.32	206.222
1022.65	224.889
1024.97	266.889
1027.3	491.778
1029.62	1329.33
1031.94	2044
1034.27	1432.67
1036.59	622.222
1038.91	286.222
1041.23	200.222
1043.55	174.222
1045.87	165.111
1048.19	158.222
1050.5	160.889
1052.82	154
1055.14	152.889
1057.45	149.111
1059.77	142.444
1062.08	143.556
1064.39	152.667
1066.7	167.111
1069.02	171.333
1071.33	167.111
1073.64	160
1075.95	147.778
1078.25	136.667
1080.56	135.556
1082.87	133.556
1085.17	129.778
1087.48	125.556
1089.79	132.444
1092.09	125.556
1094.39	127.333
1096.69	126.222
1099	124
1101.3	132.667
1103.6	125.333
1105.9	129.556
1108.2	127.111
1110.49	127.333
1112.79	133.556
1115.09	134
1117.39	129.556
1119.68	130
1121.98	134.222
1124.27	136.889
1126.56	131.778
1128.85	132.667
1131.15	130.667
1133.44	137.333
1135.73	137.333
1138.02	139.778
1140.3	136.667
1142.59	136.222
1144.88	156.222
1147.17	159.333
1149.45	161.111
1151.74	152.889
1154.02	144.222
1156.31	137.333
1158.59	132.889
1160.87	133.556
1163.15	129.778
1165.43	126.222
1167.71	127.778
1169.99	132
1172.27	124.667
1174.55	125.333
1176.83	131.111
1179.1	129.778
1181.38	123.111
1183.65	126.889
1185.93	131.333
1188.2	129.778
1190.47	129.111
1192.74	128.889
1195.02	132.222
1197.29	134
1199.56	139.111
1201.82	144.444
1204.09	149.556
1206.36	162.222
1208.63	168.889
1210.89	188.444
1213.16	217.556
1215.42	257.556
1217.69	308.222
1219.95	300.667
1222.21	272.444
1224.48	233.333
1226.74	209.333
1229	203.111
1231.26	185.333
1233.52	168.667
1235.78	154.667
1238.03	145.333
1240.29	142.889
1242.55	136.889
1244.8	137.778
1247.06	129.333
1249.31	133.778
1251.56	130.889
1253.82	125.333
1256.07	134.444
1258.32	132.222
1260.57	127.556
1262.82	127.333
1265.07	122.222
1267.32	125.778
1269.57	126.444
1271.81	123.556
1274.06	126
1276.3	125.556
1278.55	123.778
1280.79	127.556
1283.04	125.333
1285.28	124.667
1287.52	123.111
1289.76	122.889
1292	124
1294.24	123.333
1296.48	123.778
1298.72	128.444
1300.96	123.556
1303.2	123.111
1305.43	124.667
1307.67	126.889
1309.9	127.556
1312.14	121.111
1314.37	123.556
1316.6	125.778
1318.84	127.111
1321.07	128.222
1323.3	131.333
1325.53	129.333
1327.76	130.222
1329.99	128.667
1332.21	130.889
1334.44	129.333
1336.67	131.778
1338.89	132.889
1341.12	131.778
1343.34	132.889
1345.57	137.333
1347.79	135.111
1350.01	142.222
1352.24	136.667
1354.46	142.222
1356.68	145.333
1358.9	142.667
1361.11	151.333
1363.33	151.778
1365.55	169.556
1367.77	178.889
1369.98	196
1372.2	218.889
1374.41	248.222
1376.63	237.778
1378.84	215.778
1381.05	200.889
1383.27	178.222
1385.48	175.333
1387.69	165.778
1389.9	160.444
1392.11	164.667
1394.31	156.889
1396.52	151.778
1398.73	154.222
1400.94	162
1403.14	155.333
1405.35	159.556
1407.55	161.556
1409.75	157.556
1411.96	164.667
1414.16	163.778
1416.36	160
1418.56	162.444
1420.76	168
1422.96	165.333
1425.16	161.333
1427.36	161.111
1429.56	157.556
1431.75	164.222
1433.95	164.889
1436.14	164.889
1438.34	164.667
1440.53	166.667
1442.73	170.222
1444.92	172
1447.11	166.889
1449.3	170.667
1451.49	170.444
1453.68	163.111
1455.87	159.111
1458.06	155.333
1460.25	162.667
1462.44	151.111
1464.62	156.444
1466.81	155.333
1468.99	149.111
1471.18	145.778
1473.36	144.889
1475.55	148.444
1477.73	152.667
1479.91	159.333
1482.09	177.333
1484.27	189.556
1486.45	173.778
1488.63	151.778
1490.81	148.444
1492.99	142.222
1495.16	143.778
1497.34	145.111
1499.51	140.222
1501.69	135.778
1503.86	142.667
1506.04	131.333
1508.21	137.111
1510.38	136.222
1512.55	133.556
1514.73	137.778
1516.9	135.778
1519.06	135.333
1521.23	132.667
1523.4	134.222
1525.57	132.222
1527.74	130.889
1529.9	139.556
1532.07	137.333
1534.23	140.667
1536.4	132.667
1538.56	139.111
1540.72	137.111
1542.89	138.444
1545.05	139.111
1547.21	141.778
1549.37	138
1551.53	142.444
1553.69	144.444
1555.84	147.556
1558	152.667
1560.16	157.111
1562.32	157.333
1564.47	174
1566.63	185.556
1568.78	197.778
1570.93	222
1573.09	252.222
1575.24	275.111
1577.39	255.778
1579.54	255.778
1581.69	269.111
1583.84	283.556
1585.99	252
1588.14	225.111
1590.29	202.667
1592.43	188.889
1594.58	185.556
1596.72	189.111
1598.87	193.333
1601.01	199.333
1603.16	186
1605.3	167.556
1607.44	151.333
1609.58	153.333
1611.72	148.444
1613.86	140.889
1616	136.444
1618.14	134.222
1620.28	136.444
1622.42	131.333
1624.56	132.222
1626.69	126
1628.83	130
1630.96	127.333
1633.1	130.667
1635.23	123.111
1637.36	125.556
1639.5	125.333
1641.63	126
1643.76	126.667
1645.89	130.444
1648.02	127.778
1650.15	125.333
1652.28	122
1654.4	122.667
1656.53	124
1658.66	124.667
1660.78	121.333
1662.91	121.556
1665.03	125.333
1667.16	124.444
1669.28	121.556
1671.4	122.889
1673.52	119.111
1675.65	119.111
1677.77	121.333
1679.89	121.556
1682.01	121.778
1684.12	120.667
1686.24	122.889
1688.36	122.444
1690.48	120.222
1692.59	121.111
1694.71	120.444
1696.82	118.889
1698.94	120.667
1701.05	119.111
1703.16	119.111
1705.27	124.667
1707.39	121.556
1709.5	121.111
1711.61	116.889
1713.72	120.889
1715.83	120.222
1717.93	122.667
1720.04	122.667
1722.15	115.333
1724.25	120.444
1726.36	120.444
1728.47	120.889
1730.57	123.556
1732.67	117.556
1734.78	121.333
1736.88	115.778
1738.98	123.111
1741.08	119.778
1743.18	120.222
1745.28	117.778
1747.38	117.556
1749.48	121.333
1751.58	119.556
1753.67	118
1755.77	120.667
1757.87	121.111
1759.96	121.333
1762.06	118.444
1764.15	122.889
1766.25	119.111
1768.34	121.556
1770.43	122.222
1772.52	118.222
1774.61	116.889
1776.7	118.222
1778.79	120.444
1780.88	127.778
1782.97	123.778
1785.06	122
1787.14	122.222
1789.23	116.444
1791.32	118.222
1793.4	119.333
1795.49	116
1797.57	127.111
1799.65	117.111
1801.74	122
1803.82	115.111
1805.9	123.556
1807.98	119.333
1810.06	122.444
1812.14	118.222
1814.22	116.222
1816.3	120
1818.38	121.333
1820.45	115.778
1822.53	124.889
1824.6	122
1826.68	124.889
1828.75	123.333
1830.83	120.444
1832.9	122.889
1834.97	122.222
1837.05	125.333
1839.12	119.556
1841.19	117.778
1843.26	123.111
1845.33	116.667
1847.4	115.778
1849.46	119.778
1851.53	121.333
1853.6	122.222
1855.66	116.889
1857.73	122.222
1859.79	122.222
1861.86	123.333
1863.92	120.889
1865.99	124.222
1868.05	122
1870.11	119.111
1872.17	117.778
1874.23	119.556
1876.29	118.667
1878.35	124
1880.41	119.111
1882.47	121.111
1884.53	120.444
1886.58	121.778
1888.64	122.889
1890.69	121.778
1892.75	118.889
1894.8	118
1896.86	115.556
1898.91	113.778
1900.96	121.333
1903.02	119.111
1905.07	122.667
1907.12	121.778
1909.17	121.333
1911.22	122
1913.27	121.778
1915.31	120
1917.36	121.111
1919.41	114.444
1921.45	120
1923.5	116.222
1925.55	119.556
1927.59	120.222
1929.63	124.889
1931.68	121.556
1933.72	119.333
1935.76	121.556
1937.8	124.222
1939.84	121.556
1941.88	122.667
1943.92	123.556
1945.96	118
1948	121.333
1950.04	120
1952.08	122
1954.11	122.444
1956.15	124.222
1958.18	122.444
1960.22	116.889
1962.25	122.222
1964.29	117.556
1966.32	123.111
1968.35	122
1970.38	119.778
1972.41	119.556
1974.44	119.556
1976.47	121.556
1978.5	122.667
1980.53	119.333
1982.56	120.222
1984.59	120.444
1986.61	118.667
1988.64	123.778
1990.66	122.444
1992.69	117.333
1994.71	119.556
1996.74	124.444
1998.76	120
2000.78	119.333
2002.8	123.333
2004.82	119.778
2006.85	115.556
2008.87	124.444
2010.88	119.333
2012.9	117.778
2014.92	118.889
2016.94	119.333
2018.96	121.333
2020.97	121.778
2022.99	123.556
2025	121.778
2027.02	121.556
2029.03	117.111
2031.05	119.111
2033.06	121.333
2035.07	120.222
2037.08	122.444
2039.09	116
2041.1	119.111
2043.11	118.222
2045.12	124
2047.13	122.889
2049.14	121.556
2051.15	124.889
2053.15	121.556
2055.16	120.889
2057.16	119.778
2059.17	121.556
2061.17	122.222
2063.18	120.667
2065.18	119.778
2067.18	120.444
2069.18	117.333
2071.19	119.556
2073.19	120.889
2075.19	122.667
2077.19	121.111
2079.19	118.889
2081.18	121.778
2083.18	121.556
2085.18	119.778
2087.17	117.111
2089.17	122.889
2091.17	121.333
2093.16	119.778
2095.16	123.333
2097.15	124.667
2099.14	119.778
2101.13	123.111
2103.13	123.111
2105.12	121.556
2107.11	121.111
2109.1	117.333
2111.09	113.556
2113.08	120.889
2115.06	124
2117.05	116.667
2119.04	118.889
2121.02	118.667
2123.01	118.667
2125	123.111
2126.98	122.889
2128.96	123.556
2130.95	121.111
2132.93	123.333
2134.91	119.111
2136.9	123.556
2138.88	124.222
2140.86	121.556
2142.84	118.667
2144.82	119.111
2146.8	122.667
2148.77	122.444
2150.75	120.222
2152.73	116.667
2154.7	118.444
2156.68	120
2158.65	122.667
2160.63	122.222
2162.6	117.333
2164.58	120.222
2166.55	118.667
2168.52	125.556
2170.49	124.222
2172.47	120.889
2174.44	123.556
2176.41	124
2178.38	120.222
2180.34	122.667
2182.31	122.667
2184.28	122.444
2186.25	122.667
2188.21	121.333
2190.18	123.556
2192.14	127.111
2194.11	127.556
2196.07	127.556
2198.04	128
2200	130.444
2201.96	131.778
2203.92	136
2205.89	136.667
2207.85	133.111
2209.81	125.333
2211.77	129.333
2213.72	135.111
2215.68	119.333
2217.64	132.222
2219.6	122.889
2221.55	130
2223.51	128
2225.47	131.333
2227.42	135.778
2229.37	133.556
2231.33	137.778
2233.28	139.556
2235.23	146.889
2237.19	155.111
2239.14	170.889
2241.09	193.556
2243.04	237.111
2244.99	295.778
2246.94	412.444
2248.89	569.556
2250.83	789.556
2252.78	1003.33
2254.73	931.333
2256.67	636
2258.62	371.333
2260.56	244.889
2262.51	200.667
2264.45	178.222
2266.4	164.444
2268.34	156.222
2270.28	148.889
2272.22	145.111
2274.16	145.556
2276.1	147.778
2278.04	147.778
2279.98	144.222
2281.92	148.889
2283.86	148.667
2285.8	156.889
2287.74	162.444
2289.67	180.667
2291.61	190.889
2293.54	197.556
2295.48	194.667
2297.41	178.667
2299.35	156.889
2301.28	150.667
2303.21	141.333
2305.14	131.111
2307.07	135.556
2309.01	125.556
2310.94	130.444
2312.86	128.222
2314.79	124
2316.72	123.111
2318.65	122.222
2320.58	122
2322.5	126
2324.43	127.556
2326.36	119.556
2328.28	120.889
2330.21	125.556
2332.13	120.444
2334.05	122.889
2335.98	124.222
2337.9	118
2339.82	123.556
2341.74	120.667
2343.66	122
2345.58	122.889
2347.5	121.556
2349.42	119.778
2351.34	124.889
2353.26	117.778
2355.17	124
2357.09	120.667
2359.01	118.222
2360.92	122.889
2362.84	122.889
2364.75	123.333
2366.67	121.333
2368.58	125.111
2370.49	128
2372.4	126
2374.32	131.556
2376.23	125.111
2378.14	132.222
2380.05	127.778
2381.96	126.444
2383.86	122.222
2385.77	119.333
2387.68	121.333
2389.59	120
2391.5	116.889
2393.4	121.333
2395.31	120
2397.21	116.889
2399.12	120.222
2401.02	117.778
2402.92	120.667
2404.83	121.111
2406.73	120.889
2408.63	118.889
2410.53	120.889
2412.43	118.667
2414.33	115.333
2416.23	119.778
2418.13	118.444
2420.03	118
2421.93	119.778
2423.82	116.889
2425.72	122.444
2427.61	120.444
2429.51	122.889
2431.4	115.556
2433.3	122.444
2435.19	126.667
2437.09	119.333
2438.98	122
2440.87	126.667
2442.76	126.667
2444.65	130.667
2446.55	123.556
2448.44	133.778
2450.32	129.333
2452.21	132
2454.1	138.667
