400,26765.8
401,26081.45
402,25427.11
403,24858.36
404,24361.84
405,23901.38
406,23442.25
407,22969.97
408,22488.69
409,22003.25
410,21519.19
411,21043.89
412,20584.98
413,20148.61
414,19730.45
415,19321.33
416,18912.44
417,18504.24
418,18108.5
419,17737.54
420,17399.37
421,17087.76
422,16793.52
423,16507.49
424,16219.07
425,15916.86
426,15589.92
427,15245.27
428,14917.47
429,14643.01
430,14446.38
431,14302.35
432,14172.8
433,14022.45
434,13848.43
435,13671.05
436,13510.81
437,13381.82
438,13286.71
439,13226.91
440,13200.52
441,13189.12
442,13169.29
443,13119.26
444,13039.2
445,12947.01
446,12860.8
447,12790.06
448,12727.15
449,12662.44
450,12587.57
451,12500.54
452,12401.5
453,12290.94
454,12175.48
455,12066.92
456,11977.07
457,11912.24
458,11867.34
459,11835.93
460,11811.06
461,11782.69
462,11739.81
463,11672.57
464,11589.57
465,11515.26
466,11474.18
467,11474.99
468,11493.97
469,11503.7
470,11481.04
471,11424.59
472,11340.15
473,11233.63
474,11113.96
475,10992.52
476,10880.6
477,10788
478,10721.93
479,10689.21
480,10691.54
481,10706.54
482,10704.84
483,10659.99
484,10580.3
485,10498.94
486,10448.93
487,10442.07
488,10455.67
489,10464.14
490,10449.12
491,10420.38
492,10394.57
493,10386.81
494,10398.23
495,10421.59
496,10449.56
497,10471.48
498,10472.25
499,10436.63
500,10356.65
501,10246.62
502,10125
503,10008.24
504,9898.609
505,9791.759
506,9683.287
507,9567.501
508,9437.382
509,9285.942
510,9112.821
511,8932.754
512,8762.427
513,8615.857
514,8493.265
515,8390.213
516,8302.341
517,8225.876
518,8157.489
519,8093.905
520,8032.054
521,7969.183
522,7902.591
523,7830.206
524,7752.137
525,7669
526,7581.48
527,7490.994
528,7399.32
529,7308.368
530,7223.908
531,7155.909
532,7114.416
533,7102.696
534,7108.495
535,7117.504
536,7116.801
537,7100.067
538,7063.166
539,7002.825
540,6926.537
541,6849.214
542,6785.598
543,6742.213
544,6714.018
545,6695.146
546,6680.321
547,6665.919
548,6648.65
549,6625.482
550,6594.888
551,6555.975
552,6508.095
553,6454.734
554,6402.822
555,6359.264
556,6326.06
557,6297.067
558,6265.43
559,6226.985
560,6186.837
561,6152.059
562,6128.493
563,6112.957
564,6098.132
565,6077.02
566,6048.072
567,6014.701
568,5980.487
569,5949.964
570,5929.401
571,5925.194
572,5939.083
573,5956.013
574,5957.238
575,5927.191
576,5874.025
577,5816.894
578,5774.296
579,5753.745
580,5752.882
581,5768.964
582,5795.013
583,5816.796
584,5819.474
585,5795.17
586,5759.292
587,5732.047
588,5729.663
589,5741.486
590,5745.501
591,5721.468
592,5675.927
593,5636.916
594,5632.447
595,5666.922
596,5709.792
597,5727.899
598,5702.569
599,5655.604
600,5615.738
601,5606.304
602,5621.293
603,5644.555
604,5661.278
605,5671.413
606,5684.509
607,5709.873
608,5745.835
609,5777.878
610,5790.901
611,5780.192
612,5763.097
613,5759.675
614,5784.525
615,5830.515
616,5885.07
617,5936.979
618,5985.254
619,6033.75
620,6086.407
621,6148.524
622,6226.548
623,6326.853
624,6452.438
625,6601.33
626,6771.169
627,6958.889
628,7159.527
629,7367.838
630,7582.328
631,7819.755
632,8102.383
633,8451.926
634,8885.98
635,9419.854
636,10068.86
637,10850.53
638,11784.48
639,12889.64
640,14138.74
641,15430.88
642,16659.03
643,17728.36
644,18577.06
645,19149.2
646,19397.2
647,19314.2
648,18906
649,18182.98
650,17198.39
651,16028.57
652,14749.24
653,13426.87
654,12119.55
655,10884.57
656,9764.503
657,8780.234
658,7950.766
659,7282.113
660,6748
661,6317.304
662,5963.311
663,5677.897
664,5457.972
665,5299.462
666,5190.706
667,5116.593
668,5062.275
669,5016.165
670,4969.128
671,4912.362
672,4845.008
673,4775.7
674,4713.592
675,4665.932
676,4636.358
677,4628.081
678,4640.529
679,4661.182
680,4675.208
681,4671.035
682,4654.24
683,4636.023
684,4626.496
685,4625.979
686,4629.577
687,4632.804
688,4638.78
689,4656.987
690,4696.784
691,4756.407
692,4819.744
693,4869.847
694,4899.515
695,4921.053
696,4949.059
697,4990.901
698,5031.017
699,5049.325
700,5031.181
701,4989.657
702,4946.664
703,4921.268
704,4908.896
705,4893.155
706,4858.759
707,4807.585
708,4754.535
709,4714.442
710,4691.374
711,4677.208
712,4663.214
713,4643.673
714,4617.933
715,4585.836
716,4549.649
717,4517.823
718,4499.769
719,4500.973
720,4511.507
721,4517.667
722,4509.048
723,4495.265
724,4493.456
725,4518.293
726,4560.572
727,4597.706
728,4608.287
729,4592.252
730,4566.904
731,4549.715
732,4548.292
733,4558.713
734,4576.419
735,4597.528
736,4619.293
737,4639.092
738,4657.951
739,4685.746
740,4733.667
741,4810.114
742,4913.548
743,5040.223
744,5184.721
745,5332.824
746,5467.43
747,5573.426
748,5651.323
749,5709.015
750,5753.62
751,5782.407
752,5786.093
753,5755.893
754,5695.183
755,5618.534
756,5540.803
757,5472.103
758,5416.552
759,5377.814
760,5353.555
761,5331.024
762,5296.462
763,5246.412
764,5202.173
765,5188.687
766,5220.699
767,5278.688
768,5335.939
769,5371.541
770,5391.973
771,5411.782
772,5444.771
773,5499.73
774,5583.418
775,5700.825
776,5840.202
777,5980.572
778,6102.41
779,6208.104
780,6316.134
781,6444.758
782,6598.978
783,6770.973
784,6952.577
785,7142.451
786,7347.906
787,7576.772
788,7833.582
789,8117.406
790,8426.79
791,8757.73
792,9100.69
793,9445.409
794,9791.243
795,10165.1
796,10598.83
797,11109.9
798,11661.08
799,12202.13
800,12695.81
801,13170.33
802,13674.48
803,14247.82
804,14868.52
805,15489.64
806,16069.04
807,16608.08
808,17130.93
809,17658.94
810,18177.06
811,18646.13
812,19027.34
813,19296.07
814,19439.48
815,19445.36
816,19309.79
817,19037.3
818,18633.46
819,18126.63
820,17574.17
821,17035.13
822,16546.34
823,16109.86
824,15724.65
825,15388.27
826,15095.54
827,14840.96
828,14623.22
829,14450.98
830,14334.4
831,14280.24
832,14285.3
833,14344.52
834,14451.69
835,14596.48
836,14767.58
837,14955.82
838,15161.76
839,15388.67
840,15640.02
841,15920.23
842,16234.09
843,16585.99
844,16977.64
845,17409.67
846,17881.85
847,18387.13
848,18915.04
849,19456.28
850,20013.78
851,20597.61
852,21216.51
853,21860.61
854,22507.28
855,23133.8
856,23721.37
857,24254.3
858,24715.14
859,25050.44
860,25173.29
861,24997.23
862,24485.31
863,23653.5
864,22521.15
865,21132.13
866,19560.43
867,17882.05
868,16173.63
869,14512.56
870,12976.12
871,11616.45
872,10445.55
873,9471.747
874,8690.392
875,8073.371
876,7590.055
877,7212.045
878,6915.588
879,6677.459
880,6481.465
881,6327.638
882,6218.279
883,6151.453
884,6114.277
885,6092.085
886,6072.063
887,6046.821
888,6009.93
889,5958.967
890,5904.484
891,5859.68
892,5832.206
893,5809.698
894,5775.268
895,5717.659
896,5648.125
897,5583.546
898,5536.094
899,5497.228
900,5452.72
901,5393.219
902,5332.863
903,5292.846
904,5288.849
905,5307.546
906,5326.156
907,5326.155
908,5313.451
909,5302.539
910,5305.606
911,5320.417
912,5339.301
913,5356.401
914,5377.945
915,5415.041
916,5476.08
917,5550.186
918,5618.221
919,5664.076
920,5694.779
921,5727.805
922,5778.438
923,5843.914
924,5912.915
925,5974.998
926,6027.659
927,6072.308
928,6110.073
929,6139.302
930,6156.912
931,6160.4
932,6152.677
933,6139.534
934,6125.86
935,6107.735
936,6076.411
937,6024.689
938,5960.945
939,5902.281
940,5863.939
941,5841.452
942,5819.116
943,5782.817
944,5736.14
945,5692.899
946,5665.721
947,5653.549
948,5647.34
949,5638.54
950,5624.797
951,5607.388
952,5588.081
953,5573.202
954,5571.743
955,5591.024
956,5620.841
957,5640.775
958,5632.484
959,5600.215
960,5561.233
961,5531.284
962,5509.136
963,5483.92
964,5446.691
965,5408.281
966,5390.558
967,5411.523
968,5451.626
969,5470.867
970,5435.263
971,5367.655
972,5320.943
973,5340.813
974,5407.226
975,5466.523
976,5472.388
977,5442.286
978,5425.08
979,5463.465
980,5549.229
981,5650.165
982,5738.224
983,5817.801
984,5907.856
985,6025.524
986,6174.424
987,6352.431
988,6555.627
989,6768.615
990,6971.36
991,7148.828
992,7316.755
993,7502.488
994,7726.694
995,7971.797
996,8206.766
997,8403.282
998,8547.763
999,8631.374
1000,8648.049
1001,8605.047
1002,8513.651
1003,8382.34
1004,8207.108
1005,7980.495
1006,7698.8
1007,7387.38
1008,7085.185
1009,6826.958
1010,6617.817
1011,6450.62
1012,6317.724
1013,6208.876
1014,6112.848
1015,6021.125
1016,5939.182
1017,5876.957
1018,5842.782
1019,5837.773
1020,5861.071
1021,5908.436
1022,5962.926
1023,6004.554
1024,6020.562
1025,6021.523
1026,6022.725
1027,6036.171
1028,6064.824
1029,6110.109
1030,6168.14
1031,6222.793
1032,6256.249
1033,6260.654
1034,6247.617
1035,6230.957
1036,6219.236
1037,6212.366
1038,6209.45
1039,6209.751
1040,6212.753
1041,6217.992
1042,6226.225
1043,6239.621
1044,6260.072
1045,6281.806
1046,6291.679
1047,6277.471
1048,6246.677
1049,6222.478
1050,6226.198
1051,6251.456
1052,6273.802
1053,6271.659
1054,6252.617
1055,6239.707
1056,6252.335
1057,6283.426
1058,6314.659
1059,6330.848
1060,6334.059
1061,6332.135
1062,6331.845
1063,6335.373
1064,6343.714
1065,6358.721
1066,6384.994
1067,6427.679
1068,6487.706
1069,6555.526
1070,6620.01
1071,6673.946
1072,6717.68
1073,6752.488
1074,6783.576
1075,6821.994
1076,6878.941
1077,6954.688
1078,7036.865
1079,7113.159
1080,7186.377
1081,7272.84
1082,7388.022
1083,7530.147
1084,7685.61
1085,7841.188
1086,7989.387
1087,8125.664
1088,8249.503
1089,8385.411
1090,8567.588
1091,8822.159
1092,9138.591
1093,9496.026
1094,9887.662
1095,10352.08
1096,10937.06
1097,11676.17
1098,12569.77
1099,13613.53
1100,14808.41
1101,16164.25
1102,17691.15
1103,19376.79
1104,21180.96
1105,23058.64
1106,24906.67
1107,26569.01
1108,27893.88
1109,28807.07
1110,29285.34
1111,29309.38
1112,28883.79
1113,28024.36
1114,26764.34
1115,25227.66
1116,23568.01
1117,21915.17
1118,20313.13
1119,18786.96
1120,17364.58
1121,16080.6
1122,14970.33
1123,14041.4
1124,13255.32
1125,12569.96
1126,11969.31
1127,11467.7
1128,11080.07
1129,10803.26
1130,10619.39
1131,10510.59
1132,10463.04
1133,10465.17
1134,10509.15
1135,10609.62
1136,10789.59
1137,11061.64
1138,11397.98
1139,11761.06
1140,12132.28
1141,12540.38
1142,13021.1
1143,13584.57
1144,14198.73
1145,14828.51
1146,15465.33
1147,16129.79
1148,16842.11
1149,17595.27
1150,18362.36
1151,19119.63
1152,19872.71
1153,20641.31
1154,21432.77
1155,22194.01
1156,22853.61
1157,23371.13
1158,23798.71
1159,24205.4
1160,24614.54
1161,24963.85
1162,25182.72
1163,25238.5
1164,25144.16
1165,24915.41
1166,24568.28
1167,24119.06
1168,23580.21
1169,22932.76
1170,22142.48
1171,21193.52
1172,20157.08
1173,19130.06
1174,18175.24
1175,17260.09
1176,16336.07
1177,15393.64
1178,14489.25
1179,13684.17
1180,12998.24
1181,12407.83
1182,11888.57
1183,11431.55
1184,11037.91
1185,10710.41
1186,10461.3
1187,10306.46
1188,10248.73
1189,10244.38
1190,10239.55
1191,10213.87
1192,10215.79
1193,10300.55
1194,10465.96
1195,10639.62
1196,10750.32
1197,10804.71
1198,10866.49
1199,10989.53
1200,11148.31
1201,11283.32
1202,11355.46
1203,11404.25
1204,11487.83
1205,11633.24
1206,11801.58
1207,11946.33
1208,12050.07
1209,12130.98
1210,12209.58
1211,12308.26
1212,12450.79
1213,12658.17
1214,12933.14
1215,13271.11
1216,13665.96
1217,14106.35
1218,14580.02
1219,15092.76
1220,15684.13
1221,16395.94
1222,17233.31
1223,18162.86
1224,19153.53
1225,20217.21
1226,21391.18
1227,22700.11
1228,24103.24
1229,25539.08
1230,26970.62
1231,28424.68
1232,29937.71
1233,31514.35
1234,33114.52
1235,34695.07
1236,36217.3
1237,37645.9
1238,38950.63
1239,40134.84
1240,41215.75
1241,42202.77
1242,43079.15
1243,43822.96
1244,44429.37
1245,44922.76
1246,45329.34
1247,45654.24
1248,45883.29
1249,46005.34
1250,46039.08
1251,46017.5
1252,45964.39
1253,45867.86
1254,45707.68
1255,45478.81
1256,45204.88
1257,44911.42
1258,44596
1259,44228.83
1260,43782.58
1261,43261.02
1262,42683.56
1263,42061
1264,41370.21
1265,40579.89
1266,39678.5
1267,38691.35
1268,37646.45
1269,36542.71
1270,35351.3
1271,34050.51
1272,32683.66
1273,31325.16
1274,30030.75
1275,28788.97
1276,27573.76
1277,26386.23
1278,25273.29
1279,24283.53
1280,23418.45
1281,22640.15
1282,21915.85
1283,21254.87
1284,20683.6
1285,20213.01
1286,19808.93
1287,19429.63
1288,19064.3
1289,18744.61
1290,18501.51
1291,18319.69
1292,18152.93
1293,17967.11
1294,17790.68
1295,17671.2
1296,17635.43
1297,17665
1298,17736.32
1299,17841.84
1300,17990.38
1301,18193.12
1302,18474.06
1303,18863.38
1304,19382.51
1305,20023.88
1306,20774.14
1307,21630.87
1308,22607.72
1309,23719.71
1310,24982.96
1311,26414.33
1312,28026.79
1313,29814.57
1314,31766.22
1315,33863.98
1316,36077.37
1317,38375.3
1318,40745.79
1319,43194.42
1320,45713.74
1321,48205.02
1322,50532.29
1323,52599.54
1324,54417.97
1325,56013.47
1326,57315.8
1327,58142.56
1328,58326.29
1329,57885.23
1330,56933.63
1331,55565.3
1332,53802.9
1333,51655.32
1334,49182.33
1335,46515.08
1336,43782.83
1337,41036.43
1338,38278.72
1339,35534.2
1340,32915.71
1341,30556.53
1342,28490.39
1343,26592.26
1344,24733.93
1345,22926.76
1346,21277.78
1347,19871.15
1348,18682.32
1349,17657
1350,16750.39
1351,15934.21
1352,15184.21
1353,14509.71
1354,13944.3
1355,13507.91
1356,13155.33
1357,12822.98
1358,12478.98
1359,12146.84
1360,11854.66
1361,11616
1362,11433.88
1363,11305.41
1364,11202.19
1365,11088.92
1366,10952.79
1367,10818.85
1368,10714.35
1369,10647.93
1370,10615.45
1371,10608.9
1372,10605.21
1373,10577.85
1374,10525.31
1375,10484.48
1376,10492.09
1377,10548.04
1378,10629.7
1379,10714.87
1380,10784.13
1381,10819.34
1382,10829.64
1383,10860.3
1384,10952.28
1385,11087.32
1386,11216.71
1387,11309.3
1388,11385.7
1389,11474.9
1390,11581.04
1391,11681.41
1392,11754.57
1393,11796.42
1394,11809.96
1395,11800.94
1396,11781.34
1397,11763.08
1398,11743.55
1399,11707.96
1400,11642.4
1401,11539.03
1402,11392.03
1403,11207.96
1404,11013.67
1405,10835.45
1406,10672.4
1407,10507.08
1408,10325.05
1409,10122.64
1410,9899.049
1411,9673.064
1412,9486.132
1413,9370.234
1414,9284.511
1415,9158.039
1416,8961.581
1417,8756.257
1418,8611.161
1419,8537.926
1420,8503.713
1421,8475.996
1422,8428.333
1423,8336.586
1424,8208.291
1425,8094.51
1426,8041.897
1427,8036.118
1428,8033.382
1429,8004.716
1430,7957.666
1431,7905.357
1432,7862.937
1433,7847.247
1434,7868.4
1435,7906.687
1436,7934.658
1437,7945.881
1438,7963.383
1439,8008.648
1440,8073.467
1441,8135.48
1442,8186.427
1443,8251.075
1444,8355.852
1445,8481.092
1446,8571.165
1447,8589.383
1448,8576.886
1449,8592.661
1450,8655.533
1451,8735.094
1452,8800.448
1453,8837.124
1454,8837.299
1455,8799.818
1456,8736.136
1457,8658.937
1458,8579.103
1459,8506.386
1460,8446.272
1461,8391.817
1462,8333.997
1463,8267.719
1464,8191.511
1465,8108.045
1466,8038.132
1467,8007.342
1468,8027.017
1469,8089.546
1470,8185.484
1471,8301.748
1472,8423.849
1473,8548.844
1474,8695.675
1475,8883.223
1476,9104.499
1477,9337.156
1478,9564.597
1479,9786.056
1480,10002.2
1481,10194.72
1482,10329.89
1483,10383.75
1484,10370.12
1485,10311.59
1486,10230.41
1487,10148.46
1488,10078.03
1489,9982.861
1490,9812.663
1491,9573.333
1492,9349.022
1493,9215.283
1494,9150.626
1495,9093.691
1496,9011.927
1497,8923.9
1498,8850.588
1499,8787.898
1500,8718.647
1501,8634.483
1502,8546.783
1503,8467.627
1504,8386.774
1505,8279.665
1506,8138.102
1507,7998.655
1508,7902.624
1509,7851.061
1510,7814.172
1511,7770.826
1512,7730.374
1513,7707.46
1514,7701.003
1515,7695.923
1516,7676.747
1517,7628.331
1518,7536.551
1519,7409.274
1520,7276.516
1521,7163.603
1522,7071.604
1523,6994.919
1524,6923.43
1525,6841.979
1526,6741.614
1527,6644.106
1528,6579.557
1529,6552.781
1530,6538.165
1531,6513.118
1532,6479.723
1533,6447.829
1534,6423.505
1535,6408.035
1536,6402.375
1537,6407.434
1538,6424.03
1539,6450.383
1540,6481.333
1541,6511.986
1542,6540.155
1543,6564.784
1544,6592.993
1545,6642.611
1546,6725.495
1547,6817.346
1548,6882.517
1549,6916.137
1550,6952.816
1551,7021.465
1552,7107.846
1553,7184.497
1554,7250.524
1555,7337.636
1556,7470.23
1557,7627.317
1558,7775.448
1559,7921.271
1560,8117.373
1561,8401.667
1562,8735.692
1563,9061.919
1564,9376.541
1565,9731.817
1566,10171.82
1567,10697.99
1568,11301.61
1569,11981.14
1570,12741.65
1571,13569.65
1572,14387.48
1573,15107.64
1574,15702.62
1575,16193.35
1576,16583.41
1577,16822.59
1578,16855.38
1579,16679.2
1580,16327.66
1581,15830.8
1582,15208.7
1583,14485.34
1584,13736.8
1585,13067.91
1586,12523.48
1587,12033.34
1588,11526.5
1589,11021.47
1590,10576.41
1591,10217.44
1592,9922.007
1593,9665.744
1594,9436.535
1595,9226.337
1596,9021.357
1597,8801.033
1598,8554.079
1599,8309.076
1600,8102.546
1601,7926.846
1602,7734.887
1603,7497.296
1604,7241.667
1605,7004.542
1606,6803.086
1607,6641.56
1608,6514.761
1609,6397.824
1610,6268.67
1611,6147.058
1612,6071.989
1613,6049.882
1614,6037.963
1615,5996.427
1616,5922.044
1617,5823.863
1618,5720.651
1619,5641.374
1620,5602.462
1621,5575.947
1622,5527.368
1623,5462.013
1624,5413.548
1625,5397.372
1626,5387.17
1627,5355.393
1628,5308.375
1629,5268.018
1630,5237.992
1631,5195.741
1632,5126.912
1633,5065.11
1634,5055.122
1635,5084.792
1636,5089.672
1637,5031.572
1638,4951.283
1639,4898.525
1640,4875.454
1641,4857.117
1642,4831.832
1643,4810.754
1644,4800.935
1645,4775.191
1646,4697.185
1647,4588.046
1648,4527.133
1649,4556.493
1650,4597.606
1651,4559.754
1652,4461.862
1653,4387.614
1654,4372.185
1655,4367.013
1656,4327.613
1657,4274.133
1658,4246.43
1659,4248.848
1660,4251.558
1661,4233.573
1662,4202.115
1663,4168.737
1664,4140.548
1665,4122.172
1666,4111.673
1667,4097.523
1668,4071.776
1669,4045.383
1670,4033.379
1671,4034.464
1672,4034.531
1673,4024.419
1674,4006.318
1675,3984.116
1676,3963.192
1677,3949.555
1678,3950.043
1679,3972.387
1680,4014.116
1681,4041.874
1682,4021.798
1683,3969.972
1684,3929.414
1685,3919.329
1686,3924.16
1687,3930.068
1688,3941.122
1689,3964.225
1690,3984.107
1691,3970.232
1692,3921.409
1693,3890.225
1694,3919.447
1695,3972.53
1696,3990.419
1697,3962.615
1698,3919.733
1699,3886.488
1700,3872.009
1701,3881.046
1702,3904.016
1703,3926.458
1704,3945.384
1705,3968.873
1706,3995.385
1707,3998.722
1708,3956.806
1709,3901.16
1710,3883.918
1711,3910.926
1712,3939.567
1713,3939.871
1714,3920.895
1715,3895.953
1716,3863.585
1717,3816.55
1718,3765.855
1719,3742.065
1720,3760.08
1721,3790.987
1722,3803.298
1723,3797.953
1724,3789.351
1725,3777.081
1726,3745.287
1727,3691.497
1728,3648.52
1729,3647.509
1730,3672.941
1731,3691.559
1732,3694.217
1733,3694.885
1734,3699.77
1735,3695.569
1736,3672.344
1737,3654.595
1738,3676.351
1739,3726.013
1740,3754.048
1741,3737.772
1742,3707.884
1743,3695.846
1744,3708.631
1745,3744.365
1746,3779.492
1747,3776.05
1748,3728.929
1749,3683.932
1750,3677.973
1751,3700.259
1752,3729.518
1753,3747.099
1754,3736.402
1755,3701.647
1756,3671.557
1757,3663.218
1758,3659.316
1759,3640.674
1760,3611.858
1761,3586.269
1762,3569.467
1763,3560.234
1764,3555.879
1765,3551.404
1766,3543.281
1767,3535.235
1768,3532.162
1769,3531.28
1770,3525.388
1771,3511.832
1772,3493.681
1773,3474.99
1774,3461.497
1775,3457.981
1776,3461.653
1777,3466.999
1778,3470.588
1779,3470.699
1780,3468.409
1781,3469.293
1782,3474.104
1783,3465.154
1784,3425.542
1785,3377.233
1786,3359.03
1787,3368.459
1788,3362.884
1789,3330.927
1790,3325.99
1791,3385.25
1792,3446.085
1793,3430.863
1794,3367.728
1795,3340.417
1796,3361.87
1797,3367.785
1798,3328.527
1799,3297.115
1800,3319.4
1801,3361.12
1802,3370.698
1803,3347.329
1804,3318.802
1805,3303.382
1806,3308.494
1807,3334.608
1808,3368.667
1809,3397.226
1810,3412.608
1811,3409.418
1812,3389.07
1813,3356.854
1814,3323.313
1815,3304.164
1816,3306.166
1817,3318.757
1818,3329.973
1819,3329.816
1820,3312.067
1821,3295.489
1822,3307.781
1823,3335.173
1824,3329.775
1825,3289.781
1826,3285.321
1827,3350.958
1828,3402.584
1829,3357.819
1830,3260.737
1831,3194.424
1832,3189.157
1833,3240.725
1834,3319.458
1835,3367.816
1836,3362.878
1837,3354.356
1838,3377.497
1839,3381.334
1840,3311.696
1841,3234.002
1842,3255.947
1843,3346.161
1844,3370.001
1845,3301.474
1846,3259.937
1847,3309.478
1848,3365.929
1849,3355.057
1850,3328.09
1851,3354.339
1852,3395.209
1853,3369.182
1854,3297.3
1855,3279.12
1856,3336.266
1857,3385.973
1858,3378.091
1859,3349.823
1860,3340.027
1861,3349.146
1862,3367.878
1863,3383.153
1864,3382.089
1865,3374.666
1866,3385.85
1867,3415.702
1868,3436.112
1869,3433.737
1870,3424.874
1871,3424.867
1872,3436.586
1873,3457.523
1874,3469.582
1875,3453.235
1876,3420.949
1877,3400.832
1878,3400.508
1879,3410.378
1880,3419.983
1881,3418.51
1882,3406.992
1883,3410.757
1884,3445.323
1885,3483.992
1886,3497.136
1887,3486.354
1888,3464.953
1889,3457.368
1890,3490.99
1891,3545.385
1892,3562.833
1893,3535.083
1894,3515.264
1895,3524.657
1896,3519.002
1897,3474.026
1898,3441.96
1899,3469.925
1900,3522.896
1901,3548.456
1902,3531.307
1903,3475.058
1904,3419.321
1905,3423.366
1906,3483.695
1907,3539.409
1908,3566.091
1909,3590.776
1910,3617.043
1911,3596.083
1912,3506.594
1913,3422.873
1914,3412.801
1915,3444.573
1916,3467.716
1917,3481.529
1918,3502.061
1919,3519.202
1920,3510.089
1921,3482.383
1922,3467.112
1923,3472.919
1924,3483.337
1925,3486.718
1926,3480.712
1927,3471.253
1928,3480.023
1929,3517.474
1930,3555.14
1931,3565.956
1932,3558.52
1933,3549.351
1934,3547.043
1935,3556.155
1936,3571.426
1937,3582.704
1938,3579.977
1939,3554.817
1940,3526.322
1941,3536.367
1942,3574.975
1943,3571.631
1944,3515.531
1945,3492.367
1946,3542.261
1947,3597.115
1948,3606.541
1949,3601.789
1950,3618.066
1951,3657.279
1952,3704.541
1953,3701.018
1954,3598.487
1955,3493.079
1956,3513.666
1957,3606.993
1958,3642.42
1959,3617.931
1960,3607.711
1961,3630.143
1962,3659.486
1963,3669.504
1964,3635.799
1965,3572.962
1966,3541.089
1967,3568.15
1968,3631.319
1969,3696.564
1970,3717.27
1971,3674.001
1972,3609.589
1973,3567.186
1974,3568.615
1975,3611.554
1976,3626.392
1977,3564.064
1978,3512.227
1979,3557.427
1980,3615.867
1981,3578.541
1982,3490.067
1983,3439.184
1984,3433.34
1985,3446.391
1986,3463.199
1987,3473.63
1988,3461.973
1989,3412.915
1990,3357.022
1991,3352.021
1992,3396.617
1993,3444.84
1994,3476.362
1995,3494.107
1996,3494.548
1997,3467.553
1998,3419.037
1999,3373.328
2000,3362.333
2001,3424.752
2002,3538.154
2003,3596.219
2004,3549.673
2005,3445.775
2006,3343.173
2007,3305.301
2008,3341.035
2009,3358.907
2010,3316.967
2011,3293.01
2012,3326.319
2013,3342.853
2014,3305.978
2015,3299.776
2016,3370.715
2017,3429.646
2018,3411.233
2019,3367.747
2020,3346.044
2021,3324.253
2022,3287.702
2023,3277.613
2024,3313.774
2025,3319.041
2026,3248.241
2027,3216.996
2028,3309.158
2029,3399.141
2030,3379.193
2031,3346.447
2032,3389.452
2033,3419.756
2034,3363.165
2035,3326.109
2036,3396.883
2037,3464.427
2038,3425.675
2039,3356.184
2040,3343.24
2041,3380.759
2042,3435.806
2043,3452.572
2044,3396.486
2045,3319.788
2046,3275.727
2047,3262.606
2048,3266.638
2049,3270.734
2050,3268.103
2051,3284.636
2052,3330.883
2053,3356.575
2054,3330.169
2055,3299.619
2056,3308.559
2057,3355.691
2058,3411.457
2059,3396.303
2060,3285.861
2061,3193.788
2062,3196.743
2063,3257.17
2064,3321.083
2065,3330.571
2066,3271.131
2067,3203.929
2068,3169.206
2069,3162.017
2070,3168.889
2071,3170.453
2072,3171.346
2073,3205.816
2074,3246.664
2075,3198.125
2076,3087.647
2077,3066.814
2078,3134.606
2079,3151.977
2080,3108.433
2081,3095.578
2082,3116.962
2083,3116.128
2084,3090.496
2085,3070.084
2086,3070.044
2087,3093.669
2088,3116.432
2089,3105.609
2090,3057.185
2091,2988.782
2092,2972.371
2093,3060.373
2094,3144.808
2095,3119.986
2096,3041.524
2097,2981.926
2098,2959.117
2099,2976.535
2100,3026.215
2101,3083.376
2102,3094.752
2103,3050.62
2104,3014.181
2105,3003.168
2106,2970
2107,2911.389
2108,2873.758
2109,2879.404
2110,2925.66
2111,2979.024
2112,2989.996
2113,2951.675
2114,2886.435
2115,2858.068
2116,2920.915
2117,2987.169
2118,2960.633
2119,2897.851
2120,2864.239
2121,2837.504
2122,2797.061
2123,2763.429
2124,2751.893
2125,2758.446
2126,2765.454
2127,2741.738
2128,2700.793
2129,2698.809
2130,2741.458
2131,2792.857
2132,2803.8
2133,2734.001
2134,2654.343
2135,2654.905
2136,2688.251
2137,2683.884
2138,2637.934
2139,2575.9
2140,2559.4
2141,2593.656
2142,2576.194
2143,2489.094
2144,2434.238
2145,2446.947
2146,2492.829
2147,2533.692
2148,2534.513
2149,2492.098
2150,2424.01
2151,2377.456
2152,2386.963
2153,2408.319
2154,2391.413
2155,2314.365
2156,2217.271
2157,2228.812
2158,2315.079
2159,2266.266
2160,2133.198
2161,2147.445
2162,2264.943
2163,2311.857
2164,2227.136
2165,2037.351
2166,1940.959
2167,2041.796
2168,2130.963
2169,2096.037
2170,2040.682
2171,2001.799
2172,1935.585
2173,1888.191
2174,1945.676
2175,2017.929
2176,1984.14
2177,1936.249
2178,1963.308
2179,1985.345
2180,1948.84
2181,1893.863
2182,1827.148
2183,1715.898
2184,1625.352
2185,1664.01
2186,1738.73
2187,1722.442
2188,1726.544
2189,1800.333
2190,1680.309
2191,1364.494
2192,1309.698
2193,1540.789
2194,1661.959
2195,1612.721
2196,1525.525
2197,1442.676
2198,1373.551
2199,1326.361
2200,1330.978
2201,1453.249
2202,1618.866
2203,1613.287
2204,1496.912
2205,1479.68
2206,1501.947
2207,1452.06
2208,1412.802
2209,1436.175
2210,1431.825
2211,1365.493
2212,1288.704
2213,1283.131
2214,1407.513
2215,1477.262
2216,1331.548
2217,1181.851
2218,1180.765
2219,1241.489
2220,1237.782
2221,1061.12
2222,923.743
2223,1103.331
2224,1305.823
2225,1256.28
2226,1171.715
2227,1184.829
2228,1206.749
2229,1166.157
2230,1041.828
2231,975.4407
2232,1078.009
2233,1135.839
2234,1043.547
2235,993.2881
2236,1015.756
2237,981.9907
2238,924.7722
2239,925.4823
2240,925.2814
2241,887.8307
2242,888.0142
2243,924.4363
2244,912.738
2245,864.2994
2246,831.9624
2247,812.9589
2248,795.1813
2249,778.666
2250,774.3066
2251,794.3929
2252,773.0517
2253,663.0642
2254,668.0009
2255,840.6187
2256,829.2531
2257,658.6946
2258,708.2785
2259,860.5197
2260,856.2507
2261,824.349
2262,833.114
2263,716.5786
2264,550.1447
2265,577.3832
2266,714.4505
2267,777.7497
2268,679.5145
2269,495.4629
2270,470.2047
2271,565.2307
2272,603.642
2273,638.1325
2274,685.8856
2275,570.506
2276,388.0798
2277,446.1212
2278,545.8744
2279,440.8678
2280,418.0694
2281,567.8995
2282,607.5687
2283,528.0167
2284,477.1248
2285,474.0834
2286,469.5428
2287,365.988
2288,265.8758
2289,381.4049
2290,581.511
2291,672.3735
2292,611.4208
2293,475.304
2294,419.5848
2295,437.9076
2296,457.9998
2297,435.9736
2298,399.8507
2299,440.3087
2300,475.1723
