400,35417.58
401,35289.21
402,35147.42
403,35010.68
404,34887.98
405,34785.05
406,34707.04
407,34649.1
408,34597.07
409,34536.7
410,34458.75
411,34366.54
412,34265.28
413,34160.7
414,34063.23
415,33985.35
416,33939.06
417,33924.73
418,33928.45
419,33935.66
420,33936.09
421,33933.84
422,33935.94
423,33948.59
424,33969.9
425,33993.13
426,34011.6
427,34018.5
428,34006.76
429,33969.4
430,33902.1
431,33811.63
432,33707.61
433,33598.68
434,33481.23
435,33342.95
436,33171.61
437,32969.73
438,32766.38
439,32593.07
440,32471.16
441,32372.63
442,32254.33
443,32076.11
444,31837.94
445,31572.14
446,31311.49
447,31077.47
448,30869.21
449,30683.17
450,30515.5
451,30360.45
452,30211.66
453,30062.92
454,29909.59
455,29748.32
456,29575.88
457,29393.43
458,29211.35
459,29041.04
460,28890.85
461,28752.68
462,28612.79
463,28458.44
464,28292.56
465,28131.42
466,27991.46
467,27876.81
468,27766.41
469,27636.34
470,27469.56
471,27284.83
472,27112.58
473,26981.13
474,26889.99
475,26815.41
476,26733.32
477,26627.84
478,26498.27
479,26345.57
480,26173.5
481,25999.05
482,25843
483,25724.12
484,25637.34
485,25560.5
486,25471.53
487,25363.93
488,25256.49
489,25170.14
490,25116.16
491,25068.25
492,24991.05
493,24854.12
494,24675.56
495,24502.25
496,24380.18
497,24321.68
498,24294.32
499,24262.94
500,24200.8
501,24106.71
502,23984.38
503,23839.13
504,23689.22
505,23558.8
506,23470.79
507,23424.12
508,23392.88
509,23350.38
510,23280.73
511,23192.59
512,23097.89
513,23006.82
514,22920.39
515,22836.54
516,22753.49
517,22673.2
518,22600.49
519,22540.08
520,22489.96
521,22437.34
522,22368.53
523,22274.84
524,22165.23
525,22052.64
526,21948.61
527,21853.75
528,21763.07
529,21671.85
530,21583.45
531,21509.95
532,21463.71
533,21446.28
534,21434.47
535,21401.85
536,21328.36
537,21226.28
538,21118.19
539,21025.2
540,20951.47
541,20889.48
542,20831.6
543,20772.41
544,20709.65
545,20641.29
546,20566.94
547,20491.03
548,20418.83
549,20354.51
550,20295.1
551,20234.73
552,20168.09
553,20098.7
554,20037.41
555,19995.07
556,19970.96
557,19945.1
558,19895.88
559,19810.58
560,19707.09
561,19609.78
562,19539.85
563,19495.48
564,19464.32
565,19434.25
566,19396.73
567,19346.55
568,19278.71
569,19194.22
570,19104.71
571,19022.8
572,18958.21
573,18910.29
574,18876.08
575,18851.71
576,18826.21
577,18785.32
578,18715.9
579,18623.88
580,18532.4
581,18464.83
582,18430.63
583,18415.64
584,18403.46
585,18380.28
586,18340.64
587,18280.89
588,18199.1
589,18105.37
590,18014.85
591,17941.98
592,17891.38
593,17859.72
594,17843.42
595,17832.71
596,17808.7
597,17751.88
598,17654.77
599,17543.41
600,17449.61
601,17398.52
602,17379.27
603,17368.52
604,17344.63
605,17304.28
606,17256.08
607,17208.64
608,17164.95
609,17121.5
610,17074.43
611,17022.23
612,16968.34
613,16916.82
614,16871.18
615,16832.74
616,16802.27
617,16779.74
618,16758.89
619,16730.49
620,16686.12
621,16630.78
622,16580.73
623,16552.25
624,16547.55
625,16548.13
626,16533.94
627,16493.17
628,16435.51
629,16374.12
630,16320.42
631,16277.76
632,16247.02
633,16228.43
634,16216.48
635,16202.51
636,16178.31
637,16145.57
638,16115.19
639,16098.23
640,16095.19
641,16089.82
642,16064.41
643,16009.73
644,15939.94
645,15873.17
646,15823.88
647,15788.55
648,15758.1
649,15724.5
650,15689.45
651,15659.92
652,15642.34
653,15633.19
654,15619.89
655,15589.8
656,15541.21
657,15488.64
658,15447.84
659,15426.23
660,15410.52
661,15384.32
662,15336.51
663,15278.68
664,15228.51
665,15200.58
666,15186.63
667,15167.87
668,15127.09
669,15069.19
670,15015.6
671,14987.46
672,14986.53
673,14991.34
674,14979.24
675,14943
676,14904.88
677,14890.41
678,14912.58
679,14944.86
680,14953.03
681,14910.91
682,14834.57
683,14753.92
684,14696.04
685,14662.75
686,14642.37
687,14623.57
688,14602.6
689,14582
690,14564.44
691,14549.32
692,14531.8
693,14506.86
694,14473.72
695,14440.2
696,14415.13
697,14402.86
698,14393.67
699,14375.03
700,14337.82
701,14290.31
702,14246.31
703,14218.06
704,14204.69
705,14198.81
706,14193.3
707,14186
708,14178.45
709,14172.07
710,14162.03
711,14136.4
712,14083.12
713,14006.8
714,13940.27
715,13918.99
716,13957.27
717,14015.55
718,14045.8
719,14015.32
720,13951.3
721,13895.64
722,13882.67
723,13900.86
724,13921.43
725,13918.45
726,13893.57
727,13863.9
728,13845.91
729,13843.18
730,13848.75
731,13855.41
732,13856.86
733,13847.86
734,13823.33
735,13784.8
736,13744.89
737,13717.27
738,13710.34
739,13719.85
740,13739.63
741,13762.87
742,13780.27
743,13782.05
744,13760.64
745,13720.27
746,13669.08
747,13615.45
748,13570.01
749,13544.41
750,13548.62
751,13572.03
752,13590.41
753,13580.5
754,13544.19
755,13506.45
756,13492.57
757,13507.28
758,13529.37
759,13536.15
760,13518.38
761,13490.22
762,13468.17
763,13461.85
764,13464.4
765,13466.53
766,13462.38
767,13457.64
768,13460.41
769,13475.87
770,13495.54
771,13506.86
772,13499.38
773,13476.38
774,13446.76
775,13418.97
776,13396.97
777,13382.24
778,13376.24
779,13380.14
780,13394.89
781,13421.11
782,13451.48
783,13471
784,13464.71
785,13430.11
786,13380.47
787,13330.07
788,13289.84
789,13265.21
790,13261.06
791,13276.02
792,13295.25
793,13302.09
794,13288.87
795,13273.67
796,13279.14
797,13319.39
798,13375.84
799,13422.14
800,13437.78
801,13431.7
802,13422.04
803,13423.73
804,13430.07
805,13425.56
806,13397.15
807,13354.08
808,13317.27
809,13305.69
810,13313.28
811,13317.43
812,13296.76
813,13256.36
814,13223.23
815,13224.03
816,13260.01
817,13306.23
818,13336.91
819,13341.14
820,13327.03
821,13303.88
822,13279.77
823,13260.85
824,13253.05
825,13257.79
826,13267.63
827,13274.14
828,13272.83
829,13268.58
830,13267.64
831,13273.35
832,13280.33
833,13281.63
834,13273.12
835,13261.09
836,13254.19
837,13259.38
838,13275.87
839,13300.67
840,13331.14
841,13366.37
842,13406.02
843,13448.79
844,13486.5
845,13508.18
846,13505.46
847,13491.96
848,13492.23
849,13528.09
850,13592.67
851,13662.23
852,13714.33
853,13745.69
854,13766.29
855,13786.11
856,13811.19
857,13844.38
858,13888.68
859,13950.96
860,14041.73
861,14171.02
862,14332.52
863,14502.46
864,14656.95
865,14799.17
866,14965.51
867,15194.11
868,15506.69
869,15901.93
870,16376.93
871,16936.86
872,17599.79
873,18385.04
874,19315.03
875,20417.82
876,21721.87
877,23220.81
878,24837.14
879,26484.46
880,28074.78
881,29516.89
882,30718.83
883,31591.63
884,32054.44
885,32027.52
886,31479.21
887,30517.31
888,29275.04
889,27869.36
890,26363.97
891,24811.95
892,23271.16
893,21816.07
894,20525.09
895,19453.1
896,18560.94
897,17785.97
898,17079.97
899,16458.25
900,15953.57
901,15587.16
902,15324.7
903,15115.22
904,14915.93
905,14727.33
906,14564.02
907,14436.9
908,14335.92
909,14243.59
910,14145.13
911,14042.17
912,13942.59
913,13854.22
914,13784.24
915,13739.62
916,13724.32
917,13721.29
918,13704.45
919,13652.08
920,13575.56
921,13501.25
922,13452.58
923,13428.67
924,13417.14
925,13406.37
926,13391.8
927,13372.4
928,13347.96
929,13325.31
930,13314.89
931,13325.21
932,13346.55
933,13359.49
934,13346.67
935,13311.01
936,13266.58
937,13227.14
938,13202.13
939,13198.59
940,13221.34
941,13253.45
942,13265.59
943,13232.05
944,13165.9
945,13102.57
946,13074.74
947,13082.99
948,13109.21
949,13135.65
950,13151.44
951,13149.67
952,13124.93
953,13086.9
954,13054.06
955,13043.11
956,13051.15
957,13063.83
958,13068.18
959,13066.58
960,13070.26
961,13088.57
962,13110.9
963,13115.29
964,13083.35
965,13032.64
966,13000.82
967,13020.4
968,13073.41
969,13114.37
970,13103.34
971,13053.34
972,13005.41
973,12995.79
974,13016.06
975,13034.95
976,13025.32
977,12995.94
978,12973.26
979,12979.94
980,13007.46
981,13032.6
982,13035.58
983,13023.12
984,13013.88
985,13023.83
986,13049.7
987,13080
988,13104.29
989,13119.25
990,13124.43
991,13119.92
992,13109.38
993,13097.74
994,13090.18
995,13092.92
996,13112.6
997,13152.3
998,13196.69
999,13224.35
1000,13220.33
1001,13200.83
1002,13191.45
1003,13210.8
1004,13246.39
1005,13277.12
1006,13285.18
1007,13278.4
1008,13276.6
1009,13296.53
1010,13333.45
1011,13373.7
1012,13405.51
1013,13428.38
1014,13445.98
1015,13463.02
1016,13489.64
1017,13537.73
1018,13612.82
1019,13692.37
1020,13746.09
1021,13755.05
1022,13743.5
1023,13745.94
1024,13785.92
1025,13851.48
1026,13923.53
1027,13990.62
1028,14062.09
1029,14150.85
1030,14261.2
1031,14377.61
1032,14481.79
1033,14565.62
1034,14640.91
1035,14721.88
1036,14825.81
1037,14975.09
1038,15191.9
1039,15465.25
1040,15738.36
1041,15952.85
1042,16106.96
1043,16264.41
1044,16489.89
1045,16786.91
1046,17100.2
1047,17374.8
1048,17600.83
1049,17804.24
1050,18008.96
1051,18203.16
1052,18351.61
1053,18422.48
1054,18418.83
1055,18362.23
1056,18272.98
1057,18161.41
1058,18033.61
1059,17893.06
1060,17729.26
1061,17526.98
1062,17279.2
1063,17013.01
1064,16764.47
1065,16560.26
1066,16396.79
1067,16264.38
1068,16157.68
1069,16082.08
1070,16044.53
1071,16043.42
1072,16060.72
1073,16076.64
1074,16082.46
1075,16085.86
1076,16095.98
1077,16124.42
1078,16185.6
1079,16292.77
1080,16433.41
1081,16571.89
1082,16675.47
1083,16758.98
1084,16869.85
1085,17050.2
1086,17288.92
1087,17547.28
1088,17792.88
1089,18035.01
1090,18299.04
1091,18600.28
1092,18908.35
1093,19180.03
1094,19386.87
1095,19548.41
1096,19693.84
1097,19831.22
1098,19919.4
1099,19910.5
1100,19787.31
1101,19584.7
1102,19342.17
1103,19081.5
1104,18802.39
1105,18503.42
1106,18187.74
1107,17862.61
1108,17535.67
1109,17217.22
1110,16919.31
1111,16654.03
1112,16433.43
1113,16269.59
1114,16167.3
1115,16093.36
1116,16002.07
1117,15863.45
1118,15703.3
1119,15559.81
1120,15455.1
1121,15372.38
1122,15289.26
1123,15195.42
1124,15100.83
1125,15017.09
1126,14948
1127,14888.23
1128,14831.49
1129,14764.62
1130,14668.88
1131,14529.37
1132,14369.45
1133,14233.82
1134,14158.63
1135,14127.14
1136,14102.92
1137,14056.67
1138,13986.99
1139,13899.25
1140,13802.66
1141,13716.07
1142,13659.6
1143,13638.71
1144,13634.59
1145,13626.35
1146,13598.86
1147,13543.31
1148,13453.42
1149,13353.57
1150,13290.67
1151,13302.6
1152,13351.03
1153,13360.97
1154,13279.29
1155,13159.97
1156,13089.51
1157,13118.67
1158,13191.51
1159,13232.54
1160,13206.51
1161,13153.68
1162,13121.67
1163,13125.48
1164,13140.95
1165,13142.87
1166,13125.67
1167,13098.87
1168,13071.81
1169,13048.77
1170,13031.59
1171,13020.76
1172,13010.54
1173,12993.36
1174,12966.9
1175,12943.49
1176,12937.88
1177,12951.79
1178,12964.96
1179,12955.86
1180,12925.35
1181,12897.82
1182,12896.18
1183,12913.04
1184,12921.4
1185,12899.29
1186,12858.76
1187,12825.06
1188,12816.73
1189,12828.24
1190,12848.75
1191,12867.71
1192,12875.22
1193,12861.8
1194,12829.93
1195,12796.73
1196,12779.04
1197,12777.74
1198,12781.92
1199,12781.43
1200,12773.43
1201,12758.17
1202,12737.61
1203,12719.97
1204,12714.96
1205,12724.77
1206,12735.61
1207,12732.17
1208,12715.93
1209,12709
1210,12732.43
1211,12776.4
1212,12809.15
1213,12803.67
1214,12767.42
1215,12721.67
1216,12686.32
1217,12676.32
1218,12705.42
1219,12768.75
1220,12826.77
1221,12837.82
1222,12803.45
1223,12770.54
1224,12782.31
1225,12821.24
1226,12834.03
1227,12782.4
1228,12706.91
1229,12673.03
1230,12714.65
1231,12783.27
1232,12817.9
1233,12798.51
1234,12762.52
1235,12749.47
1236,12764.9
1237,12788.1
1238,12800.49
1239,12802.26
1240,12801.35
1241,12804.52
1242,12814.43
1243,12832.81
1244,12856.56
1245,12874.28
1246,12874.54
1247,12861.7
1248,12854.54
1249,12869.63
1250,12901.63
1251,12934.63
1252,12955.11
1253,12958.92
1254,12944.3
1255,12923.38
1256,12934.52
1257,13016.63
1258,13156.87
1259,13291.74
1260,13363.46
1261,13381.56
1262,13389.53
1263,13421.64
1264,13475.18
1265,13538.55
1266,13609.01
1267,13700.5
1268,13827.81
1269,13985.37
1270,14148.18
1271,14293.2
1272,14419.06
1273,14534.74
1274,14643.18
1275,14725.53
1276,14758.41
1277,14740.17
1278,14705.88
1279,14691.79
1280,14693.99
1281,14674.93
1282,14601.63
1283,14478.15
1284,14323.58
1285,14157.6
1286,14001.42
1287,13876.2
1288,13787
1289,13716.8
1290,13647.68
1291,13570.39
1292,13481.47
1293,13378.51
1294,13263.81
1295,13141.13
1296,13021.22
1297,12929.98
1298,12893.83
1299,12904.09
1300,12916.33
1301,12889.97
1302,12828.2
1303,12755.1
1304,12691.86
1305,12649.58
1306,12636.98
1307,12645.53
1308,12641.32
1309,12592.49
1310,12519.05
1311,12476.54
1312,12504.15
1313,12558.81
1314,12572.94
1315,12518.22
1316,12446.01
1317,12414.75
1318,12430.86
1319,12452.91
1320,12443.85
1321,12407.76
1322,12365.55
1323,12332.72
1324,12310.27
1325,12296.72
1326,12288.5
1327,12279.62
1328,12264.63
1329,12243.96
1330,12221.08
1331,12197.88
1332,12170.94
1333,12135.97
1334,12100.86
1335,12090.54
1336,12126.73
1337,12182.2
1338,12199.79
1339,12144.63
1340,12072.07
1341,12058.92
1342,12123.63
1343,12191.59
1344,12186.74
1345,12120.06
1346,12062.21
1347,12065.89
1348,12099.73
1349,12109.62
1350,12070.7
1351,12008.54
1352,11952.77
1353,11920.75
1354,11920.97
1355,11956.95
1356,12010.3
1357,12056.49
1358,12081.45
1359,12089.46
1360,12086.38
1361,12073.81
1362,12050.37
1363,12017.27
1364,11988.01
1365,11979.35
1366,11995.17
1367,12017.68
1368,12028.54
1369,12029.11
1370,12034.24
1371,12052.08
1372,12062.19
1373,12037.35
1374,11984.91
1375,11965.34
1376,12035.31
1377,12161.61
1378,12256.05
1379,12259.16
1380,12216.75
1381,12197.02
1382,12226.47
1383,12276.45
1384,12316.23
1385,12330.27
1386,12310.87
1387,12261.27
1388,12216.2
1389,12214.64
1390,12258.05
1391,12307.3
1392,12326.24
1393,12312.01
1394,12275.31
1395,12229.81
1396,12195.67
1397,12192.69
1398,12219.1
1399,12255.12
1400,12284.04
1401,12306.78
1402,12329.47
1403,12353.89
1404,12374.72
1405,12386.7
1406,12392.38
1407,12399.14
1408,12412.07
1409,12428.54
1410,12444.47
1411,12460.46
1412,12482.49
1413,12515.04
1414,12550.32
1415,12575.52
1416,12587.31
1417,12603.04
1418,12641.45
1419,12702.12
1420,12769.77
1421,12830.21
1422,12875.22
1423,12898.43
1424,12904.58
1425,12913.78
1426,12945.3
1427,13002.76
1428,13082.18
1429,13174.53
1430,13258.59
1431,13313.14
1432,13348.05
1433,13399.25
1434,13493.18
1435,13611.06
1436,13722.15
1437,13817.87
1438,13920.65
1439,14053.4
1440,14224.7
1441,14436.16
1442,14675.79
1443,14899.95
1444,15065.5
1445,15205.77
1446,15413.74
1447,15747.28
1448,16120.83
1449,16416.11
1450,16594.5
1451,16715.07
1452,16834.85
1453,16958.89
1454,17071.33
1455,17154.17
1456,17185.45
1457,17145.04
1458,17038.18
1459,16885.85
1460,16702.46
1461,16482.49
1462,16217.55
1463,15915.49
1464,15599.04
1465,15289.59
1466,14999.94
1467,14740.17
1468,14511.46
1469,14302.99
1470,14105.01
1471,13920.55
1472,13757.92
1473,13618.71
1474,13491.72
1475,13365.6
1476,13242.31
1477,13131.72
1478,13044.45
1479,12992.92
1480,12987.77
1481,13006.27
1482,12998.67
1483,12932.61
1484,12842.98
1485,12778.7
1486,12747.1
1487,12710.78
1488,12636.96
1489,12527.13
1490,12393.58
1491,12246.81
1492,12094.87
1493,11945.02
1494,11800.68
1495,11663.72
1496,11538.56
1497,11434.2
1498,11357.13
1499,11287.3
1500,11190.91
1501,11057.84
1502,10930.41
1503,10852.88
1504,10810.91
1505,10752.48
1506,10651.78
1507,10555.11
1508,10516.38
1509,10523.76
1510,10515.01
1511,10450.44
1512,10367.15
1513,10314.92
1514,10291.83
1515,10249.91
1516,10158.69
1517,10059.69
1518,10008.99
1519,10007.19
1520,9999.02
1521,9941.364
1522,9853.845
1523,9772.401
1524,9719.208
1525,9701.094
1526,9716.83
1527,9730.665
1528,9698.046
1529,9620.992
1530,9557.541
1531,9553.66
1532,9576.685
1533,9570.006
1534,9518.975
1535,9462.12
1536,9432.922
1537,9419.468
1538,9395.207
1539,9353.737
1540,9314.934
1541,9295.419
1542,9284.451
1543,9262.438
1544,9227.014
1545,9198.378
1546,9190.926
1547,9179.488
1548,9126.641
1549,9035.04
1550,8958.754
1551,8943.24
1552,8971.628
1553,9007.05
1554,9020.575
1555,8993.022
1556,8914.899
1557,8821.076
1558,8758.857
1559,8743.905
1560,8755.646
1561,8772.98
1562,8781.268
1563,8768.243
1564,8735.987
1565,8701.554
1566,8677.912
1567,8659.128
1568,8634.939
1569,8601.611
1570,8561.464
1571,8518.329
1572,8480.403
1573,8456.111
1574,8442.81
1575,8428.925
1576,8406.466
1577,8378.442
1578,8349.896
1579,8326.912
1580,8316.246
1581,8315.391
1582,8299.94
1583,8246.856
1584,8176.954
1585,8135.482
1586,8139.652
1587,8152.759
1588,8138.557
1589,8108.979
1590,8097.218
1591,8114.247
1592,8137.315
1593,8143.489
1594,8124.379
1595,8077.158
1596,8015.323
1597,7971.525
1598,7967.482
1599,7975.294
1600,7956.471
1601,7914.144
1602,7888.645
1603,7901.052
1604,7911.169
1605,7872.922
1606,7806.257
1607,7774.64
1608,7805.982
1609,7850.898
1610,7856.504
1611,7820.237
1612,7763.437
1613,7709.328
1614,7683.751
1615,7702.058
1616,7723.756
1617,7692.476
1618,7608.712
1619,7532.669
1620,7509.678
1621,7524.73
1622,7550.263
1623,7562.741
1624,7541.6
1625,7484.609
1626,7429.891
1627,7414.048
1628,7419.705
1629,7404.74
1630,7358.782
1631,7317.103
1632,7308.358
1633,7313.706
1634,7301.793
1635,7269.313
1636,7238.719
1637,7223.8
1638,7211.407
1639,7185.144
1640,7142.878
1641,7090.729
1642,7040.045
1643,7010.826
1644,7017.198
1645,7036.845
1646,7036.355
1647,7011.595
1648,6988.107
1649,6982.921
1650,6983.359
1651,6972.541
1652,6948.098
1653,6916.374
1654,6887.894
1655,6880.083
1656,6903.232
1657,6926.225
1658,6906.576
1659,6851.478
1660,6815.895
1661,6827.086
1662,6830.547
1663,6767.949
1664,6672.629
1665,6625.497
1666,6651.515
1667,6692.935
1668,6699.328
1669,6680.763
1670,6662.578
1671,6651.829
1672,6641.2
1673,6623.955
1674,6595.418
1675,6554.316
1676,6519.806
1677,6518.027
1678,6541.668
1679,6546.843
1680,6507.556
1681,6457.371
1682,6435.969
1683,6435.42
1684,6422.13
1685,6386.693
1686,6354.988
1687,6347.36
1688,6350.673
1689,6345.315
1690,6337.714
1691,6352.285
1692,6385.58
1693,6382.946
1694,6303.308
1695,6202.74
1696,6163.874
1697,6192.232
1698,6228.104
1699,6232.123
1700,6213.424
1701,6187.404
1702,6169.065
1703,6172.098
1704,6185
1705,6171.956
1706,6117.35
1707,6057.423
1708,6030.334
1709,6034.003
1710,6049.733
1711,6064.917
1712,6073.373
1713,6068.873
1714,6044.284
1715,5995.89
1716,5945.693
1717,5925.804
1718,5937.53
1719,5949.141
1720,5940.735
1721,5927.868
1722,5927.899
1723,5929.942
1724,5911.825
1725,5875.006
1726,5845.583
1727,5839.814
1728,5846.438
1729,5851.872
1730,5855.083
1731,5859.726
1732,5861.216
1733,5847.108
1734,5817.034
1735,5798.416
1736,5813.936
1737,5837.481
1738,5828.053
1739,5785.949
1740,5745.889
1741,5728.632
1742,5726.325
1743,5729.153
1744,5733.154
1745,5736.27
1746,5738.935
1747,5743.222
1748,5746.739
1749,5740.176
1750,5719.649
1751,5702.967
1752,5709.74
1753,5731.195
1754,5743.744
1755,5737.485
1756,5718.822
1757,5692.402
1758,5655.78
1759,5610.066
1760,5586.22
1761,5623.518
1762,5701.466
1763,5748.542
1764,5734.566
1765,5708.695
1766,5713.36
1767,5726.574
1768,5713.735
1769,5685.254
1770,5677.257
1771,5693.546
1772,5697.371
1773,5668.057
1774,5634.494
1775,5625.877
1776,5623.319
1777,5592.964
1778,5551.366
1779,5554.749
1780,5615.208
1781,5670.772
1782,5670.005
1783,5622.783
1784,5554.464
1785,5506.359
1786,5524.595
1787,5591.617
1788,5627.975
1789,5595.516
1790,5542.428
1791,5516.06
1792,5517.857
1793,5537.331
1794,5564.807
1795,5591.077
1796,5607.436
1797,5605.787
1798,5585.564
1799,5562.303
1800,5551.1
1801,5555.695
1802,5574.937
1803,5590.687
1804,5576.47
1805,5542.854
1806,5540.921
1807,5588.951
1808,5631.534
1809,5621.867
1810,5590.412
1811,5582.377
1812,5588.249
1813,5571.094
1814,5537.435
1815,5537.442
1816,5581.407
1817,5600.838
1818,5547.176
1819,5477.619
1820,5462.112
1821,5483.072
1822,5486.105
1823,5466.517
1824,5461.194
1825,5485.673
1826,5520.899
1827,5544.897
1828,5535.734
1829,5481.203
1830,5423.093
1831,5416.424
1832,5454.165
1833,5490.536
1834,5501.824
1835,5489.985
1836,5461.4
1837,5428.57
1838,5404.625
1839,5402.219
1840,5429.462
1841,5462.933
1842,5468.241
1843,5450.5
1844,5444.232
1845,5456.544
1846,5457.755
1847,5432.448
1848,5403.355
1849,5392.713
1850,5398.93
1851,5413.163
1852,5418.035
1853,5394.564
1854,5359.75
1855,5357.696
1856,5390.037
1857,5402.127
1858,5368.885
1859,5338.674
1860,5349.262
1861,5360.201
1862,5324.404
1863,5277.476
1864,5283.904
1865,5335.966
1866,5376.894
1867,5381.568
1868,5361.607
1869,5335.086
1870,5328.231
1871,5350.787
1872,5360.03
1873,5320.172
1874,5281.985
1875,5313.105
1876,5383.618
1877,5415.778
1878,5391.441
1879,5342.406
1880,5295.882
1881,5270.986
1882,5272.266
1883,5275.503
1884,5264.06
1885,5257.945
1886,5276.181
1887,5291.792
1888,5268.497
1889,5225.363
1890,5208.196
1891,5221.172
1892,5235.109
1893,5238.594
1894,5243.023
1895,5255.062
1896,5270.082
1897,5278.765
1898,5262.006
1899,5211.411
1900,5173.481
1901,5195.975
1902,5229.67
1903,5194.116
1904,5122.112
1905,5113.416
1906,5171.11
1907,5209.231
1908,5192.407
1909,5157.317
1910,5133.805
1911,5128.641
1912,5141.12
1913,5156.716
1914,5158.243
1915,5127.792
1916,5055.806
1917,4987.096
1918,4981.491
1919,5037.373
1920,5118.438
1921,5185.952
1922,5201.015
1923,5165.402
1924,5125.089
1925,5107.876
1926,5110.578
1927,5122.498
1928,5122.621
1929,5098.764
1930,5068.626
1931,5052.308
1932,5056.967
1933,5079.377
1934,5075.124
1935,4998.853
1936,4923.116
1937,4966.444
1938,5089.141
1939,5150.929
1940,5119.445
1941,5059.399
1942,5020.274
1943,5029.201
1944,5079.978
1945,5117.358
1946,5105.789
1947,5057.868
1948,4995.818
1949,4951.986
1950,4949.608
1951,4973.825
1952,5003.682
1953,5028.992
1954,5042.954
1955,5040.634
1956,5019.769
1957,4994.22
1958,4983.545
1959,4983.103
1960,4974.712
1961,4962.305
1962,4965.756
1963,4976.155
1964,4957.708
1965,4912.806
1966,4889.737
1967,4903.62
1968,4917.558
1969,4909.856
1970,4893.298
1971,4882.846
1972,4890.379
1973,4912.238
1974,4904.438
1975,4846.513
1976,4816.496
1977,4878.839
1978,4963.598
1979,4984.818
1980,4941.539
1981,4862.916
1982,4804.259
1983,4816.456
1984,4851.762
1985,4832.737
1986,4790.034
1987,4799.848
1988,4845.663
1989,4861.654
1990,4847.554
1991,4844.245
1992,4838.506
1993,4779.314
1994,4701.055
1995,4709.047
1996,4794.849
1997,4837.794
1998,4802.87
1999,4754.928
2000,4727.608
2001,4709.375
2002,4693.43
2003,4683.324
2004,4679.918
2005,4678.902
2006,4681.813
2007,4700.466
2008,4725.477
2009,4707.278
2010,4640.39
2011,4615.283
2012,4672.367
2013,4719.846
2014,4698.425
2015,4664.087
2016,4659.729
2017,4655.321
2018,4624.984
2019,4583.167
2020,4553.32
2021,4565.494
2022,4626.104
2023,4668.868
2024,4644.108
2025,4594.04
2026,4566.316
2027,4569.726
2028,4596.396
2029,4609.05
2030,4580.185
2031,4535.685
2032,4507.407
2033,4509.016
2034,4535.44
2035,4530.239
2036,4460.613
2037,4414.795
2038,4460.226
2039,4500.553
2040,4452.912
2041,4403.431
2042,4431.088
2043,4467.273
2044,4447.778
2045,4426.636
2046,4456.118
2047,4503.838
2048,4523.617
2049,4479.612
2050,4373.032
2051,4309.562
2052,4358.972
2053,4433.341
2054,4454.061
2055,4442.99
2056,4429.641
2057,4420.398
2058,4408.493
2059,4364.657
2060,4294.184
2061,4285.506
2062,4360.294
2063,4381.314
2064,4293.568
2065,4233.416
2066,4273.835
2067,4341.336
2068,4372.699
2069,4344.799
2070,4272.533
2071,4219.071
2072,4202.703
2073,4180.079
2074,4145.413
2075,4139.927
2076,4171.763
2077,4212.712
2078,4248.38
2079,4277.943
2080,4289.339
2081,4262.978
2082,4206.214
2083,4146.765
2084,4122.628
2085,4167.457
2086,4219.199
2087,4186.121
2088,4140.355
2089,4194.243
2090,4239.792
2091,4134.907
2092,4005.85
2093,4012.193
2094,4080.957
2095,4108.772
2096,4106.247
2097,4100.158
2098,4091.365
2099,4078.632
2100,4066.591
2101,4043.101
2102,3963.059
2103,3847.495
2104,3824.534
2105,3892.677
2106,3877.845
2107,3783.713
2108,3801.042
2109,3916.485
2110,3947.597
2111,3862.612
2112,3736.685
2113,3648.484
2114,3660.761
2115,3718.942
2116,3739.857
2117,3752.403
2118,3792.369
2119,3776.905
2120,3665.708
2121,3634.401
2122,3761.263
2123,3812.624
2124,3686.924
2125,3583.71
2126,3584.053
2127,3576.535
2128,3545.009
2129,3575.178
2130,3638.688
2131,3628.916
2132,3565.319
2133,3532.769
2134,3558.689
2135,3629.118
2136,3648.278
2137,3550.135
2138,3459.26
2139,3475.59
2140,3535.197
2141,3553.568
2142,3457.641
2143,3309.052
2144,3328.069
2145,3469.177
2146,3455.566
2147,3331.152
2148,3325.145
2149,3386.185
2150,3365.857
2151,3311.836
2152,3297.864
2153,3264.117
2154,3192.809
2155,3233.168
2156,3388.163
2157,3391.392
2158,3221.689
2159,3146.415
2160,3177.944
2161,3139.128
2162,3050.861
2163,3020.538
2164,3032.101
2165,3038.928
2166,3042.857
2167,3049.356
2168,3046.893
2169,3039.751
2170,3058.297
2171,3081.854
2172,3042.361
2173,2966.774
2174,2934.988
2175,2927.77
2176,2897.094
2177,2864.395
2178,2858.491
2179,2875.476
2180,2902.209
2181,2919.209
2182,2906.979
2183,2849.88
2184,2773.751
2185,2726.119
2186,2699.016
2187,2669.029
2188,2652.617
2189,2667.722
2190,2708.649
2191,2744.222
2192,2713.417
2193,2634.571
2194,2594.836
2195,2578.191
2196,2530.159
2197,2534.366
2198,2637.417
2199,2610.919
2200,2380.997
2201,2260.443
2202,2349.557
2203,2467.334
2204,2512.244
2205,2463.58
2206,2408.855
2207,2428.96
2208,2433.824
2209,2371.895
2210,2337.599
2211,2326.249
2212,2217.532
2213,2101.436
2214,2164.398
2215,2297.036
2216,2331.954
2217,2277.856
2218,2177.608
2219,2072.374
2220,2017.409
2221,2066.117
2222,2113.726
2223,2020.489
2224,1916.28
2225,1925.117
2226,1947.249
2227,1930.386
2228,1932.501
2229,1958.038
2230,1966.164
2231,1929.208
2232,1849.745
2233,1810.945
2234,1845.303
2235,1871.124
2236,1865.82
2237,1864.903
2238,1837.752
2239,1754.107
2240,1720.508
2241,1785.745
2242,1819.329
2243,1771.819
2244,1697.267
2245,1620.541
2246,1557.196
2247,1561.561
2248,1641.283
2249,1688.134
2250,1649.516
2251,1552.496
2252,1474.057
2253,1488.652
2254,1556.142
2255,1605.045
2256,1565.404
2257,1466.876
2258,1420.965
2259,1410.215
2260,1382.681
2261,1394.04
2262,1455.225
2263,1466.4
2264,1414.081
2265,1361.313
2266,1345.206
2267,1345.928
2268,1220.358
2269,1032.048
2270,1105.199
2271,1300.486
2272,1274.654
2273,1162.532
2274,1133.128
2275,1144.565
2276,1180.641
2277,1252.747
2278,1221.676
2279,1009.132
2280,915.2813
2281,1046.006
2282,1162.057
2283,1145.954
2284,1001.709
2285,864.1542
2286,839.2971
2287,913.9316
2288,1012.344
2289,1029.731
2290,932.3035
2291,770.6794
2292,724.962
2293,807.8813
2294,854.7545
2295,807.3038
2296,699.3792
2297,676.7161
2298,747.2615
2299,744.8533
2300,678.3643
