400,59062.1
401,58807.27
402,58577.83
403,58408.71
404,58287.65
405,58184.02
406,58068.12
407,57925.58
408,57758.44
409,57569.52
410,57364.8
411,57159.76
412,56971.42
413,56814.31
414,56681.69
415,56555.38
416,56417.51
417,56257.74
418,56076.33
419,55874.34
420,55654.7
421,55427.8
422,55205.79
423,54999.83
424,54810.76
425,54632.28
426,54458.07
427,54283.93
428,54109.35
429,53934.19
430,53757.83
431,53577.19
432,53388.44
433,53188.45
434,52984.35
435,52791.6
436,52625.66
437,52492.05
438,52375.84
439,52259.75
440,52128.11
441,51973.67
442,51792.19
443,51580.41
444,51353.24
445,51142.13
446,50978.66
447,50872.75
448,50785.22
449,50670.53
450,50492.24
451,50268.57
452,50038.66
453,49840.02
454,49683.62
455,49554.96
456,49438.7
457,49320.23
458,49186.46
459,49024.67
460,48826.04
461,48605.8
462,48388.51
463,48197.66
464,48040.18
465,47907.29
466,47789.63
467,47675.98
468,47550.57
469,47397.18
470,47204.34
471,46988.56
472,46776.54
473,46593.64
474,46446.18
475,46323.48
476,46214.36
477,46108.18
478,45995.19
479,45865.88
480,45713.87
481,45549.04
482,45386.55
483,45240.32
484,45107.44
485,44971.84
486,44817.43
487,44640.81
488,44461.15
489,44299.7
490,44170.62
491,44057.52
492,43935.88
493,43784.21
494,43613.76
495,43456.91
496,43345.46
497,43281.72
498,43225.5
499,43133.77
500,42980.36
501,42795.02
502,42618.94
503,42487.91
504,42395.36
505,42313.43
506,42215.12
507,42092.32
508,41957.79
509,41825.18
510,41703.96
511,41593.44
512,41491.41
513,41394.91
514,41296.44
515,41186.93
516,41058.3
517,40916.69
518,40779.66
519,40664.7
520,40574.77
521,40488.16
522,40380.95
523,40238.48
524,40080.89
525,39936.56
526,39830.76
527,39762.95
528,39718.51
529,39682.86
530,39640.7
531,39575.88
532,39472.42
533,39326.75
534,39164.98
535,39017.36
536,38907.33
537,38822.7
538,38739.34
539,38635.14
540,38512.08
541,38389.41
542,38286.31
543,38207.8
544,38138.33
545,38060.91
546,37963.07
547,37846.07
548,37713.78
549,37571.64
550,37436.17
551,37328.46
552,37267.66
553,37241.95
554,37213.14
555,37142.84
556,37016.18
557,36857.84
558,36696.14
559,36554.57
560,36440.18
561,36356.37
562,36304.96
563,36275.92
564,36253.77
565,36223.33
566,36173.49
567,36096.85
568,35986.35
569,35847.1
570,35705.79
571,35591.12
572,35520.95
573,35474.46
574,35422.24
575,35339.25
576,35232.5
577,35123.78
578,35033.8
579,34964.09
580,34899.05
581,34822.8
582,34730.19
583,34634.14
584,34549.21
585,34484.46
586,34431.03
587,34376.43
588,34309.68
589,34229.42
590,34138.3
591,34039.42
592,33942.9
593,33864.35
594,33818.98
595,33801.03
596,33774.57
597,33701.59
598,33565.53
599,33407.88
600,33279.57
601,33219.59
602,33204.28
603,33189.22
604,33134.48
605,33047.11
606,32963.45
607,32918.79
608,32912.58
609,32904.18
610,32851.18
611,32737.49
612,32599.78
613,32480.91
614,32412.7
615,32385.77
616,32381.03
617,32380.23
618,32370.56
619,32341.7
620,32284.32
621,32203.64
622,32116.43
623,32039.45
624,31978.56
625,31924.71
626,31867.78
627,31805.64
628,31755.55
629,31737.57
630,31764.37
631,31815.59
632,31861.71
633,31876.46
634,31859.89
635,31825.34
636,31785.71
637,31745.16
638,31700.32
639,31647.66
640,31587.25
641,31524.51
642,31465.2
643,31409.97
644,31346.51
645,31260.58
646,31144.68
647,31021.47
648,30921.94
649,30872.3
650,30860.71
651,30856.81
652,30831.56
653,30778.1
654,30707.61
655,30631.66
656,30559.53
657,30497.41
658,30451.25
659,30422.17
660,30400.68
661,30375.92
662,30339.71
663,30293.94
664,30242.84
665,30190.38
666,30138.73
667,30089.32
668,30043.57
669,30002.64
670,29967.53
671,29939.1
672,29915.37
673,29891.38
674,29862.11
675,29827.53
676,29796.05
677,29776.83
678,29772.28
679,29766.63
680,29741.12
681,29683.61
682,29611.67
683,29551.12
684,29523.74
685,29520.82
686,29519.76
687,29499.28
688,29456.42
689,29401.35
690,29344.42
691,29293.01
692,29251.23
693,29222.99
694,29208.16
695,29199.81
696,29190.37
697,29174.51
698,29152.74
699,29126.56
700,29096.96
701,29062.86
702,29022.66
703,28975.69
704,28927.77
705,28887.39
706,28862.21
707,28850.03
708,28842.43
709,28831.2
710,28813.54
711,28791.8
712,28768.51
713,28746.09
714,28726.79
715,28712.83
716,28704.74
717,28699.58
718,28693.97
719,28684.85
720,28670.12
721,28647.87
722,28618.59
723,28594.35
724,28590.66
725,28619.73
726,28669.27
727,28715.88
728,28737.95
729,28735.18
730,28721.29
731,28709.9
732,28706.8
733,28710.49
734,28719.11
735,28728.68
736,28732.41
737,28723.38
738,28703.49
739,28691.41
740,28707.7
741,28759.79
742,28818.95
743,28850.31
744,28829.67
745,28775.73
746,28717.96
747,28681.6
748,28666.99
749,28665.36
750,28668.39
751,28671.68
752,28672.85
753,28669.51
754,28658.99
755,28638.42
756,28605.39
757,28567.77
758,28543.56
759,28550.71
760,28586.93
761,28622.89
762,28627.63
763,28591.13
764,28541.51
765,28510.94
766,28517.88
767,28546.75
768,28576.72
769,28592.34
770,28596.71
771,28596.91
772,28599.27
773,28606.29
774,28619.32
775,28639.33
776,28664.41
777,28691.48
778,28718.27
779,28749.85
780,28795.31
781,28862.63
782,28943.29
783,29016.89
784,29063.7
785,29083.44
786,29094.19
787,29114.54
788,29155.24
789,29217.38
790,29301.38
791,29401.6
792,29502.77
793,29588.8
794,29653.34
795,29709.88
796,29774.37
797,29851.78
798,29917.96
799,29943.95
800,29913.13
801,29852.11
802,29796.91
803,29774.16
804,29767.75
805,29749.43
806,29697.49
807,29629.26
808,29576.44
809,29565.46
810,29581.73
811,29591.5
812,29564.71
813,29511.5
814,29465.57
815,29458.71
816,29491.45
817,29541.51
818,29586.89
819,29621.93
820,29655.65
821,29697.37
822,29750.96
823,29814.31
824,29884.85
825,29956.48
826,30018.32
827,30059.34
828,30083.25
829,30117.85
830,30193
831,30315.99
832,30449.34
833,30550.34
834,30591.91
835,30584.61
836,30544.56
837,30485.26
838,30412.43
839,30330.4
840,30243.04
841,30152.52
842,30060.7
843,29970.56
844,29890.08
845,29828.54
846,29793
847,29778.66
848,29776.87
849,29780.17
850,29788.33
851,29803.89
852,29828.22
853,29853.53
854,29867.98
855,29861.58
856,29841.95
857,29826.01
858,29828.83
859,29844.13
860,29852.59
861,29835.91
862,29792.12
863,29730.77
864,29661.77
865,29596.65
866,29548.27
867,29528.54
868,29529.34
869,29524.32
870,29487.58
871,29423.19
872,29366
873,29351.34
874,29381.83
875,29422.29
876,29436.04
877,29413.31
878,29379.26
879,29361.18
880,29372.51
881,29406.66
882,29455.45
883,29507.3
884,29545.29
885,29552.08
886,29523.51
887,29478.69
888,29439.12
889,29418.1
890,29412.97
891,29419.15
892,29430.6
893,29438.12
894,29432.09
895,29409.72
896,29384.27
897,29371.3
898,29378.21
899,29391.54
900,29394.51
901,29378.17
902,29355.29
903,29342.42
904,29349.99
905,29370.11
906,29391.45
907,29406.14
908,29417.48
909,29430.99
910,29450.44
911,29473.43
912,29496.24
913,29516.39
914,29536.04
915,29558.41
916,29585.18
917,29612.08
918,29633.41
919,29645.44
920,29652.59
921,29661.37
922,29675.85
923,29689.49
924,29692.93
925,29680.52
926,29663.25
927,29656.78
928,29672.9
929,29705.13
930,29741.73
931,29772.7
932,29796.46
933,29813.91
934,29827.09
935,29843.41
936,29871.93
937,29917.9
938,29967.38
939,30000.39
940,30002.27
941,29985.36
942,29970.59
943,29975.4
944,29999.09
945,30035.2
946,30077.19
947,30118.37
948,30151.97
949,30172.44
950,30180.43
951,30178.6
952,30170.8
953,30166.89
954,30178.67
955,30213.04
956,30252.2
957,30270.46
958,30248.98
959,30202.97
960,30158.21
961,30135.45
962,30130.54
963,30131.79
964,30128.89
965,30118.25
966,30098.22
967,30068.6
968,30035.72
969,30007.78
970,29991.21
971,29984.55
972,29984.13
973,29986.95
974,29992.7
975,30001.84
976,30014.04
977,30025.94
978,30033.38
979,30033.63
980,30029.48
981,30025.07
982,30025.19
983,30037.01
984,30068.3
985,30120.1
986,30170.66
987,30193.31
988,30176.45
989,30156.4
990,30179.09
991,30268.73
992,30384.9
993,30475.23
994,30508.98
995,30515.29
996,30533.55
997,30587.57
998,30661.44
999,30733.03
1000,30788.16
1001,30831.38
1002,30869.86
1003,30905.88
1004,30931.21
1005,30936.19
1006,30916.51
1007,30887.23
1008,30867.95
1009,30870.41
1010,30881.25
1011,30882.04
1012,30859.88
1013,30817.44
1014,30760.14
1015,30699
1016,30658.7
1017,30665.91
1018,30727.83
1019,30810.2
1020,30873.57
1021,30896.84
1022,30892.68
1023,30877.46
1024,30866.79
1025,30875.23
1026,30916.8
1027,30985.97
1028,31050.66
1029,31077.84
1030,31066.13
1031,31050.93
1032,31068.27
1033,31119.68
1034,31172.54
1035,31194.5
1036,31183.7
1037,31163.68
1038,31157.43
1039,31169.71
1040,31192.49
1041,31217.98
1042,31244.05
1043,31271.79
1044,31300.98
1045,31320.52
1046,31314.19
1047,31272.06
1048,31224.67
1049,31218.31
1050,31285.11
1051,31385.86
1052,31459.09
1053,31462.17
1054,31427.13
1055,31404.41
1056,31428.18
1057,31482.18
1058,31540.36
1059,31582.07
1060,31599.87
1061,31588.38
1062,31555.04
1063,31531.82
1064,31553
1065,31620.12
1066,31685.4
1067,31698.3
1068,31655.62
1069,31610.57
1070,31617.12
1071,31675.76
1072,31737.07
1073,31753.19
1074,31726.34
1075,31695.2
1076,31694.92
1077,31717.9
1078,31732.52
1079,31712.71
1080,31673.68
1081,31648.22
1082,31661.54
1083,31699.62
1084,31736.02
1085,31751.59
1086,31754.64
1087,31759.81
1088,31774.22
1089,31784.47
1090,31773.77
1091,31733.82
1092,31673.38
1093,31603.27
1094,31538.85
1095,31502.09
1096,31514.57
1097,31572.31
1098,31643.37
1099,31695.42
1100,31714.37
1101,31700.81
1102,31657.57
1103,31605.79
1104,31577.47
1105,31598.38
1106,31650.05
1107,31695.25
1108,31706.8
1109,31705.34
1110,31725.65
1111,31790.51
1112,31883.58
1113,31980.63
1114,32065.17
1115,32138.24
1116,32203.21
1117,32261.35
1118,32310.67
1119,32348.85
1120,32373.02
1121,32379.71
1122,32365.98
1123,32337.79
1124,32308.01
1125,32287.52
1126,32267.27
1127,32227.4
1128,32154.32
1129,32072.05
1130,32018.38
1131,32017.39
1132,32040.81
1133,32047.77
1134,32015.39
1135,31965.89
1136,31928.26
1137,31916.38
1138,31918.92
1139,31922.39
1140,31920.46
1141,31914.9
1142,31907.87
1143,31900.58
1144,31893.56
1145,31886.3
1146,31869.61
1147,31829.94
1148,31761.1
1149,31695.13
1150,31676.4
1151,31726.24
1152,31792.17
1153,31807.11
1154,31743.93
1155,31656.28
1156,31606.61
1157,31613.88
1158,31640.27
1159,31646.04
1160,31625.65
1161,31602.51
1162,31597.96
1163,31605.57
1164,31603.83
1165,31577.66
1166,31547.65
1167,31546.32
1168,31592.44
1169,31660.39
1170,31715.74
1171,31741.18
1172,31752.69
1173,31770.1
1174,31810.95
1175,31890.04
1176,32020.74
1177,32197.37
1178,32399.79
1179,32607.73
1180,32802.89
1181,32967.87
1182,33093.72
1183,33208.41
1184,33349.93
1185,33526.91
1186,33674.16
1187,33716.05
1188,33637.89
1189,33516.24
1190,33431.77
1191,33397.5
1192,33365.1
1193,33289.82
1194,33181.24
1195,33078.44
1196,33013.74
1197,32984.21
1198,32975.91
1199,32974.74
1200,32966.03
1201,32935.3
1202,32883.73
1203,32837.35
1204,32822.98
1205,32838.49
1206,32854.88
1207,32845.06
1208,32809.43
1209,32763.19
1210,32718
1211,32667.7
1212,32600.88
1213,32510.27
1214,32399.26
1215,32273.16
1216,32146.21
1217,32045.55
1218,31996.94
1219,31987.05
1220,31970.71
1221,31907.75
1222,31803.28
1223,31683.04
1224,31571.26
1225,31485.86
1226,31443.18
1227,31444.15
1228,31458.51
1229,31453.18
1230,31423.57
1231,31396.73
1232,31398.16
1233,31418.11
1234,31425.22
1235,31395.68
1236,31346.79
1237,31309.15
1238,31304.64
1239,31332.4
1240,31387.66
1241,31454.57
1242,31502.12
1243,31500.45
1244,31452.71
1245,31386.53
1246,31328.21
1247,31291.8
1248,31286.62
1249,31313.26
1250,31345.82
1251,31353.71
1252,31328
1253,31293.28
1254,31275.52
1255,31276.63
1256,31278.91
1257,31267.43
1258,31250.13
1259,31244.45
1260,31257.36
1261,31262.26
1262,31226.37
1263,31149.95
1264,31085.22
1265,31085.68
1266,31151.09
1267,31237.83
1268,31305.28
1269,31340.86
1270,31343.3
1271,31319.75
1272,31302.58
1273,31328.22
1274,31401.81
1275,31483.05
1276,31531.36
1277,31551.29
1278,31580.21
1279,31647.53
1280,31733.57
1281,31801.55
1282,31827.76
1283,31821.49
1284,31797.04
1285,31762.41
1286,31718.13
1287,31664.24
1288,31601
1289,31528.75
1290,31451.17
1291,31386.34
1292,31356.03
1293,31358.81
1294,31348.58
1295,31276.88
1296,31151.08
1297,31029.86
1298,30964.41
1299,30939.11
1300,30909.54
1301,30846.25
1302,30764.65
1303,30688.21
1304,30628.35
1305,30580.19
1306,30537.43
1307,30490.56
1308,30428.08
1309,30344.62
1310,30262.13
1311,30209.91
1312,30196.32
1313,30190.04
1314,30157.21
1315,30097.04
1316,30037.38
1317,30001.88
1318,29982.38
1319,29958.48
1320,29917.46
1321,29866.01
1322,29813.87
1323,29771.41
1324,29749.72
1325,29757.55
1326,29783.97
1327,29808.28
1328,29814.54
1329,29802.38
1330,29774.69
1331,29738.74
1332,29707.8
1333,29694.01
1334,29692.8
1335,29689.62
1336,29673.96
1337,29651.81
1338,29633.1
1339,29624.46
1340,29627.37
1341,29642.14
1342,29660.6
1343,29668.75
1344,29653.36
1345,29605.08
1346,29515.83
1347,29397.52
1348,29296.7
1349,29259.02
1350,29269.25
1351,29267.4
1352,29208.89
1353,29126.37
1354,29074.81
1355,29076
1356,29091.89
1357,29080.68
1358,29037.07
1359,28983.03
1360,28935.26
1361,28882.46
1362,28805.38
1363,28706.97
1364,28629.42
1365,28614.96
1366,28651.62
1367,28688.37
1368,28685.1
1369,28653.89
1370,28621.03
1371,28602.38
1372,28596.72
1373,28600.71
1374,28604.39
1375,28593.48
1376,28558.19
1377,28506.47
1378,28450.56
1379,28399.28
1380,28356.55
1381,28325.34
1382,28302.83
1383,28282.87
1384,28261.54
1385,28242.15
1386,28229.31
1387,28222.45
1388,28214.78
1389,28199.31
1390,28169.97
1391,28121.2
1392,28052.38
1393,27975.63
1394,27904.91
1395,27851.66
1396,27825.01
1397,27829.74
1398,27847.09
1399,27850.25
1400,27824.15
1401,27775.92
1402,27715.51
1403,27657.47
1404,27619.57
1405,27610.3
1406,27601.56
1407,27557.16
1408,27474.69
1409,27397.46
1410,27365.83
1411,27369.36
1412,27372.52
1413,27352.02
1414,27316.78
1415,27280.43
1416,27247.46
1417,27213.94
1418,27178.25
1419,27152.14
1420,27151.4
1421,27174.07
1422,27188.8
1423,27165.11
1424,27111.06
1425,27057.5
1426,27030.1
1427,27037.92
1428,27085.97
1429,27157.21
1430,27211.84
1431,27217.76
1432,27192.06
1433,27168.89
1434,27171.03
1435,27201.22
1436,27259.11
1437,27332.65
1438,27402.79
1439,27456.11
1440,27496.46
1441,27531.02
1442,27568.09
1443,27617.1
1444,27686.29
1445,27777.51
1446,27890.26
1447,28008.7
1448,28092.65
1449,28106.46
1450,28074.84
1451,28054.5
1452,28074.25
1453,28091.87
1454,28057.64
1455,27981.43
1456,27922.02
1457,27921.48
1458,27948.48
1459,27954.06
1460,27920.63
1461,27869.24
1462,27820.43
1463,27776.38
1464,27732.05
1465,27680.77
1466,27613.06
1467,27522.16
1468,27432
1469,27384.33
1470,27392.73
1471,27395.48
1472,27322.96
1473,27180.13
1474,27033.51
1475,26933.3
1476,26859.54
1477,26776.09
1478,26670.03
1479,26554.75
1480,26441.83
1481,26324.82
1482,26191.43
1483,26046.16
1484,25919.35
1485,25837.88
1486,25785.12
1487,25724.17
1488,25634.31
1489,25527.79
1490,25419.93
1491,25315.99
1492,25215.05
1493,25118.4
1494,25033.48
1495,24967.99
1496,24918.42
1497,24872.57
1498,24822.39
1499,24774.86
1500,24739.53
1501,24713.09
1502,24679.8
1503,24626.91
1504,24556.51
1505,24474.93
1506,24396.08
1507,24342.69
1508,24331.54
1509,24345.51
1510,24356.71
1511,24346.47
1512,24308.84
1513,24242.6
1514,24170.34
1515,24123.53
1516,24110.49
1517,24103.13
1518,24074.38
1519,24028.04
1520,23981.51
1521,23943.36
1522,23906.37
1523,23864.12
1524,23830.18
1525,23827.75
1526,23854.48
1527,23857.9
1528,23789.16
1529,23685.19
1530,23628.74
1531,23655.2
1532,23699.82
1533,23692.91
1534,23639.41
1535,23586.62
1536,23561.53
1537,23545.46
1538,23515.75
1539,23470.44
1540,23419.75
1541,23371.94
1542,23330.53
1543,23297.81
1544,23270.02
1545,23239.8
1546,23201.62
1547,23154.08
1548,23097.05
1549,23037.44
1550,22986.22
1551,22948.17
1552,22914.59
1553,22875.97
1554,22831.41
1555,22784.86
1556,22741.33
1557,22707.96
1558,22690.62
1559,22681.73
1560,22666.79
1561,22638.61
1562,22603.81
1563,22570.25
1564,22543.57
1565,22528.36
1566,22522.95
1567,22515.29
1568,22494.31
1569,22462.78
1570,22429.13
1571,22397.3
1572,22364.48
1573,22328.9
1574,22297.96
1575,22281.92
1576,22276.87
1577,22260.81
1578,22218.03
1579,22168.5
1580,22141.68
1581,22135.14
1582,22112.37
1583,22049.57
1584,21978.66
1585,21942.75
1586,21943.37
1587,21945.55
1588,21924.07
1589,21887.06
1590,21848.88
1591,21822.12
1592,21818.14
1593,21836.36
1594,21848.23
1595,21826.21
1596,21789.52
1597,21782.58
1598,21822.18
1599,21875.11
1600,21908.4
1601,21925.04
1602,21942.72
1603,21977.06
1604,22040.91
1605,22143.26
1606,22276.07
1607,22426.36
1608,22583.98
1609,22741.55
1610,22888.89
1611,23006.24
1612,23073.91
1613,23099.14
1614,23108.16
1615,23108.59
1616,23065.27
1617,22944.06
1618,22767
1619,22583.35
1620,22419.12
1621,22264.3
1622,22106.54
1623,21936.96
1624,21748.79
1625,21559.62
1626,21412.16
1627,21330.91
1628,21276.52
1629,21200.1
1630,21097.9
1631,20996.93
1632,20913.38
1633,20840.09
1634,20768.17
1635,20697.31
1636,20630.89
1637,20571.45
1638,20520.45
1639,20478.56
1640,20443.68
1641,20412.74
1642,20379.07
1643,20333.14
1644,20274.39
1645,20223.83
1646,20201.58
1647,20195.04
1648,20176.16
1649,20134.74
1650,20085.73
1651,20042.91
1652,20006.86
1653,19974.62
1654,19945.04
1655,19918.39
1656,19895.13
1657,19875.95
1658,19861.36
1659,19850.24
1660,19840.54
1661,19825.37
1662,19791.43
1663,19730.27
1664,19653.75
1665,19578.52
1666,19520.11
1667,19493.1
1668,19498.91
1669,19512.91
1670,19510.09
1671,19481.67
1672,19425.62
1673,19357.12
1674,19309.18
1675,19299.38
1676,19298.16
1677,19272.58
1678,19236.66
1679,19228.82
1680,19246.45
1681,19227.83
1682,19132.65
1683,19026.48
1684,18994.33
1685,19020.43
1686,19017.14
1687,18945.04
1688,18858.13
1689,18810.3
1690,18799.02
1691,18802.95
1692,18803.92
1693,18786.7
1694,18746.61
1695,18703.63
1696,18677.05
1697,18657.55
1698,18624.82
1699,18581.17
1700,18553.21
1701,18553
1702,18548.78
1703,18507.59
1704,18447.61
1705,18410.51
1706,18398.81
1707,18367.6
1708,18293.57
1709,18229.77
1710,18233.96
1711,18273.57
1712,18270.01
1713,18205.55
1714,18141.51
1715,18123.33
1716,18126.84
1717,18117.29
1718,18094.32
1719,18075.85
1720,18062.48
1721,18031.91
1722,17973.76
1723,17921.7
1724,17911.57
1725,17917.43
1726,17882.04
1727,17800.19
1728,17732.31
1729,17717.87
1730,17719.55
1731,17692.56
1732,17650.69
1733,17635.04
1734,17648.57
1735,17650.55
1736,17617.39
1737,17578.09
1738,17563.58
1739,17557.16
1740,17523.54
1741,17464.67
1742,17419.13
1743,17407.88
1744,17408.82
1745,17398.53
1746,17379
1747,17360.31
1748,17341.13
1749,17311.02
1750,17266.71
1751,17218.12
1752,17177.3
1753,17159.49
1754,17177.2
1755,17203.73
1756,17189.22
1757,17127.57
1758,17072.13
1759,17058.81
1760,17057.83
1761,17033.32
1762,16996.36
1763,16977.6
1764,16977.2
1765,16965.8
1766,16929.71
1767,16890.41
1768,16868.33
1769,16857.61
1770,16845.35
1771,16828.96
1772,16812.61
1773,16798.12
1774,16783.94
1775,16771.14
1776,16769.28
1777,16784.96
1778,16793.96
1779,16761.18
1780,16688.77
1781,16611.51
1782,16556.13
1783,16533.03
1784,16541.52
1785,16544.61
1786,16503.94
1787,16446.81
1788,16432.67
1789,16465.82
1790,16492.28
1791,16480.03
1792,16449.41
1793,16422.9
1794,16402.35
1795,16384.62
1796,16375.4
1797,16384.72
1798,16398.83
1799,16376.66
1800,16303.48
1801,16227.76
1802,16193.76
1803,16183.93
1804,16166.26
1805,16148.96
1806,16162.97
1807,16197.14
1808,16192.13
1809,16124.97
1810,16058.62
1811,16049.56
1812,16074.31
1813,16090.04
1814,16081.95
1815,16051.16
1816,16008.99
1817,15977.05
1818,15966.84
1819,15969.53
1820,15975.42
1821,15980.32
1822,15979.73
1823,15956.78
1824,15891.65
1825,15812.65
1826,15788.04
1827,15832.62
1828,15877.26
1829,15871.25
1830,15836.99
1831,15805.79
1832,15786.71
1833,15780.23
1834,15776.6
1835,15760.23
1836,15735.15
1837,15727.25
1838,15743.42
1839,15750.72
1840,15724.99
1841,15691.05
1842,15679.6
1843,15684.83
1844,15685.96
1845,15667.52
1846,15618.71
1847,15555.19
1848,15525.78
1849,15547.99
1850,15566.11
1851,15534.74
1852,15487.15
1853,15470.24
1854,15489.71
1855,15531.86
1856,15563.96
1857,15540.6
1858,15470.63
1859,15430.15
1860,15454.83
1861,15488.02
1862,15478.71
1863,15437.4
1864,15388.24
1865,15354.9
1866,15357.25
1867,15372.48
1868,15352.51
1869,15305.62
1870,15298.6
1871,15347.17
1872,15376.69
1873,15341.21
1874,15297.99
1875,15303.61
1876,15329.4
1877,15327.74
1878,15297.75
1879,15260.62
1880,15234.72
1881,15235.45
1882,15255.17
1883,15259.45
1884,15237.31
1885,15223.79
1886,15238.64
1887,15242.67
1888,15202.24
1889,15160.65
1890,15172.76
1891,15205.75
1892,15191.59
1893,15140.67
1894,15117.69
1895,15132.66
1896,15135.96
1897,15109.92
1898,15093.14
1899,15105.26
1900,15107.1
1901,15069.25
1902,15032.28
1903,15040.87
1904,15066.85
1905,15061.53
1906,15032.37
1907,15015.47
1908,15016.9
1909,15019.09
1910,15017.4
1911,15022.5
1912,15031.78
1913,15019.5
1914,14979.08
1915,14954.77
1916,14975.83
1917,14993.15
1918,14956.78
1919,14901.84
1920,14882.69
1921,14889.83
1922,14886.55
1923,14866.9
1924,14844.95
1925,14830.46
1926,14828.75
1927,14836.2
1928,14838.36
1929,14829.64
1930,14820.74
1931,14818.82
1932,14818.83
1933,14812.01
1934,14783.07
1935,14726.13
1936,14684.71
1937,14703.41
1938,14741.84
1939,14734.24
1940,14692.44
1941,14666.88
1942,14668.74
1943,14681.34
1944,14694.55
1945,14704.82
1946,14706.82
1947,14692.83
1948,14661.38
1949,14621.17
1950,14586.57
1951,14581.71
1952,14614.56
1953,14646.72
1954,14645.13
1955,14622.59
1956,14599.6
1957,14585.99
1958,14585.47
1959,14583.33
1960,14561.23
1961,14525.53
1962,14493.67
1963,14476.67
1964,14480.23
1965,14489.32
1966,14475.7
1967,14449.48
1968,14453.78
1969,14485.63
1970,14491.11
1971,14455.17
1972,14417.7
1973,14397.7
1974,14374.58
1975,14348.05
1976,14363.95
1977,14430.21
1978,14453.5
1979,14376.99
1980,14287.97
1981,14267.01
1982,14285.91
1983,14299.87
1984,14290.56
1985,14254.79
1986,14230.28
1987,14253.6
1988,14283.63
1989,14264.13
1990,14224.09
1991,14218.66
1992,14229.26
1993,14209.02
1994,14177.45
1995,14185.15
1996,14222.92
1997,14246.01
1998,14234.16
1999,14186.4
2000,14129.94
2001,14111.14
2002,14128.78
2003,14141.16
2004,14134.39
2005,14122.5
2006,14117.52
2007,14127.61
2008,14143.76
2009,14138.02
2010,14103.75
2011,14062.02
2012,14031.11
2013,14022.86
2014,14034.56
2015,14043.44
2016,14043.05
2017,14054.26
2018,14078.44
2019,14081.51
2020,14046.11
2021,13989.51
2022,13941.51
2023,13947.83
2024,14003.65
2025,14006.57
2026,13924.22
2027,13881.58
2028,13941.02
2029,14002.67
2030,13997.41
2031,13959.69
2032,13921.57
2033,13883.45
2034,13850.15
2035,13844.08
2036,13868.37
2037,13880.49
2038,13855.67
2039,13819.47
2040,13799.34
2041,13812.8
2042,13855.74
2043,13881.64
2044,13863.65
2045,13825.86
2046,13788.21
2047,13750.08
2048,13713.65
2049,13690.98
2050,13684.32
2051,13675.85
2052,13662.78
2053,13672.5
2054,13703.43
2055,13700.47
2056,13646.92
2057,13595.28
2058,13581.06
2059,13604.36
2060,13642.47
2061,13645.69
2062,13600.44
2063,13543.03
2064,13508.55
2065,13524.93
2066,13575
2067,13594.11
2068,13568.86
2069,13539.84
2070,13532.06
2071,13551.71
2072,13567.05
2073,13520.82
2074,13436.22
2075,13391.01
2076,13382.22
2077,13358.06
2078,13331.96
2079,13347.98
2080,13373.99
2081,13351.01
2082,13318.96
2083,13343.52
2084,13367.46
2085,13310.75
2086,13231.45
2087,13211.47
2088,13230.26
2089,13248.06
2090,13262.82
2091,13278.05
2092,13286.66
2093,13281.17
2094,13258.73
2095,13218.9
2096,13164.92
2097,13107.52
2098,13069.72
2099,13058.65
2100,13055.55
2101,13046.74
2102,13028.31
2103,13014.63
2104,13035.05
2105,13065.7
2106,13043.22
2107,12977.83
2108,12927.46
2109,12918.56
2110,12950.24
2111,12952.94
2112,12858.43
2113,12769.34
2114,12796.99
2115,12844.59
2116,12813.8
2117,12776.51
2118,12786.28
2119,12768.62
2120,12687.73
2121,12616.5
2122,12598.67
2123,12617.51
2124,12637.56
2125,12611.13
2126,12552.39
2127,12524.03
2128,12526.42
2129,12522.11
2130,12507.06
2131,12492.27
2132,12479.13
2133,12467.83
2134,12468.13
2135,12477.7
2136,12451.12
2137,12381.16
2138,12358.97
2139,12406.3
2140,12418.28
2141,12354.05
2142,12259.19
2143,12187.45
2144,12186.11
2145,12202.36
2146,12144.1
2147,12064.1
2148,12050.84
2149,12070.38
2150,12067.35
2151,12032.61
2152,11977.87
2153,11939.89
2154,11928.5
2155,11909.57
2156,11887.3
2157,11904.03
2158,11921.65
2159,11858.73
2160,11772.51
2161,11761.04
2162,11769.17
2163,11724.78
2164,11671.55
2165,11641.78
2166,11588.35
2167,11507.85
2168,11474.17
2169,11488.81
2170,11481.22
2171,11453.05
2172,11447.68
2173,11452.11
2174,11433.24
2175,11377.48
2176,11291.44
2177,11221.29
2178,11188.67
2179,11162.88
2180,11125.84
2181,11079.62
2182,11036.57
2183,11013.45
2184,11011.24
2185,11019.46
2186,11008.68
2187,10963.28
2188,10915.53
2189,10880.64
2190,10836.51
2191,10789.22
2192,10771.07
2193,10765.41
2194,10732.96
2195,10680.4
2196,10623.88
2197,10554.94
2198,10484.61
2199,10469.54
2200,10495.92
2201,10467.65
2202,10379.11
2203,10286.31
2204,10203.7
2205,10132.65
2206,10092.13
2207,10079.95
2208,10042.5
2209,9977.198
2210,9946.398
2211,9941.655
2212,9906.823
2213,9825.368
2214,9713.644
2215,9644.802
2216,9640.896
2217,9604.035
2218,9513.082
2219,9440.194
2220,9391.426
2221,9335.236
2222,9276.412
2223,9229.859
2224,9203.311
2225,9190.74
2226,9167.653
2227,9120.95
2228,9048.418
2229,8946.464
2230,8826.517
2231,8759.647
2232,8769.632
2233,8762.105
2234,8706.985
2235,8652.085
2236,8599.278
2237,8528.153
2238,8446.232
2239,8368.761
2240,8309.386
2241,8266.567
2242,8222.198
2243,8173.301
2244,8125.448
2245,8075.892
2246,8015.508
2247,7927.14
2248,7822.473
2249,7745.291
2250,7682.829
2251,7597.956
2252,7517.868
2253,7476.978
2254,7478.434
2255,7493.373
2256,7465.113
2257,7379.275
2258,7258.284
2259,7172.973
2260,7150.47
2261,7105.921
2262,7025.964
2263,6970.847
2264,6912.8
2265,6805.1
2266,6688.862
2267,6596.203
2268,6514.125
2269,6431.111
2270,6347.251
2271,6305.021
2272,6308.75
2273,6233.145
2274,6071.446
2275,5965.553
2276,5936.301
2277,5925.588
2278,5847.142
2279,5701.769
2280,5635.247
2281,5625.191
2282,5536.637
2283,5392.835
2284,5261.469
2285,5183.188
2286,5165.269
2287,5178.425
2288,5148.125
2289,5027.646
2290,4913.747
2291,4853.899
2292,4795.759
2293,4682.604
2294,4498.218
2295,4373.166
2296,4355.034
2297,4314.699
2298,4215.46
2299,4090.831
2300,3957.037
